#RESNUM RES     VL-XT     VSL2B       VL3  IUPred-S  IUPred-L  PONDRFIT  FITERROR       MDP  MDPERROR   ANCHOR2
 000001   M  0.011394  0.747207  0.138341    0.7388    0.0320    0.9400    0.0330    0.4115    0.3824    0.3801
 000002   S  0.019181  0.668248  0.136203    0.6255    0.0506    0.8510    0.0470    0.3691    0.3330    0.3895
 000003   I  0.013226  0.588638  0.133848    0.5084    0.0780    0.8230    0.0650    0.3353    0.3008    0.3973
 000004   E  0.015402  0.453277  0.131389    0.4703    0.1184    0.7780    0.0900    0.3059    0.2650    0.4057
 000005   W  0.026845  0.330385  0.130613    0.4203    0.1611    0.9070    0.0800    0.3075    0.2897    0.4142
 000006   Y  0.035790  0.209830  0.129606    0.3806    0.1852    0.9450    0.0430    0.2927    0.3010    0.4334
 000007   A  0.046480  0.132193  0.128051    0.3456    0.1881    0.8760    0.0960    0.2647    0.2797    0.3982
 000008   V  0.064477  0.100522  0.127445    0.2963    0.2064    0.7930    0.1350    0.2434    0.2489    0.3650
 000009   H  0.082799  0.098969  0.127554    0.2167    0.2064    0.5890    0.1000    0.1989    0.1737    0.3421
 000010   T  0.108093  0.118732  0.126219    0.1698    0.2436    0.5380    0.1430    0.1963    0.1518    0.3149
 000011   L  0.103996  0.194660  0.126071    0.1150    0.1914    0.5340    0.1880    0.1898    0.1503    0.2877
 000012   V  0.114105  0.300312  0.129853    0.1380    0.2364    0.5670    0.1320    0.2260    0.1589    0.2634
 000013   G  0.133914  0.406303  0.132915    0.0789    0.2258    0.6280    0.0530    0.2456    0.1940    0.2427
 000014   Q  0.144488  0.514436  0.136413    0.1380    0.3019    0.5470    0.1360    0.2743    0.1766    0.2221
 000015   E  0.141722  0.625488  0.145081    0.1292    0.2064    0.5150    0.1670    0.2696    0.2010    0.2048
 000016   E  0.141635  0.680859  0.153828    0.1766    0.2817    0.4960    0.1850    0.2962    0.2028    0.1892
 000017   K  0.130855  0.674172  0.165028    0.1667    0.3426    0.4760    0.2100    0.2984    0.1991    0.1830
 000018   A  0.124429  0.696184  0.180733    0.1805    0.2715    0.4280    0.1840    0.2835    0.1991    0.1817
 000019   K  0.145924  0.676934  0.195946    0.2209    0.3392    0.3520    0.1230    0.2891    0.1783    0.1819
 000020   A  0.208831  0.627560  0.211515    0.1416    0.2609    0.2990    0.1250    0.2563    0.1618    0.1821
 000021   N  0.251262  0.600694  0.223927    0.1495    0.2541    0.2410    0.0870    0.2493    0.1495    0.1823
 000022   L  0.241757  0.563734  0.233805    0.1532    0.3392    0.1760    0.0430    0.2457    0.1434    0.1818
 000023   E  0.238884  0.490341  0.241109    0.2167    0.3983    0.1530    0.0600    0.2495    0.1230    0.1810
 000024   K  0.232691  0.419158  0.253115    0.2255    0.3117    0.1500    0.0600    0.2232    0.0936    0.1797
 000025   R  0.220821  0.373975  0.266598    0.2209    0.2129    0.1500    0.0560    0.1965    0.0816    0.1792
 000026   I  0.212358  0.319147  0.280448    0.1456    0.2064    0.1200    0.0510    0.1673    0.0838    0.1818
 000027   K  0.199147  0.267474  0.292171    0.0935    0.1399    0.0950    0.0420    0.1326    0.0923    0.1849
 000028   A  0.149481  0.242946  0.307359    0.0965    0.0985    0.0890    0.0360    0.1127    0.0977    0.1897
 000029   F  0.094159  0.221216  0.321762    0.0789    0.0690    0.1010    0.0420    0.0941    0.1072    0.1965
 000030   G  0.048834  0.199188  0.327908    0.0526    0.0870    0.1300    0.0580    0.0862    0.1123    0.2022
 000031   L  0.057802  0.182667  0.331536    0.0395    0.1092    0.1720    0.0920    0.0935    0.1119    0.2075
 000032   Q  0.043323  0.181881  0.336374    0.0478    0.1070    0.2140    0.1030    0.0990    0.1171    0.2183
 000033   D  0.070111  0.170563  0.338809    0.0884    0.1759    0.2290    0.1140    0.1223    0.1059    0.2332
 000034   K  0.124321  0.169820  0.343790    0.0789    0.1162    0.2370    0.1090    0.1211    0.1059    0.2474
 000035   I  0.185242  0.141691  0.349164    0.0858    0.0817    0.2400    0.1090    0.1224    0.1100    0.2634
 000036   F  0.270274  0.152749  0.353948    0.0542    0.0929    0.2420    0.0980    0.1353    0.1198    0.2780
 000037   Q  0.355304  0.152618  0.358940    0.0567    0.0948    0.2190    0.0720    0.1464    0.1322    0.2822
 000038   V  0.435423  0.146803  0.363393    0.0621    0.0967    0.2280    0.0750    0.1615    0.1497    0.2924
 000039   L  0.509846  0.170897  0.367242    0.0405    0.1206    0.2310    0.0740    0.1789    0.1685    0.2996
 000040   I  0.550972  0.187432  0.372213    0.0677    0.1969    0.2390    0.0830    0.2071    0.1666    0.2985
 000041   P  0.630950  0.226462  0.384352    0.0701    0.1969    0.2340    0.0790    0.2265    0.1888    0.2965
 000042   T  0.687040  0.268035  0.401859    0.1178    0.2645    0.2260    0.0700    0.2606    0.1930    0.2936
 000043   E  0.720269  0.309175  0.417140    0.1205    0.2503    0.2100    0.0530    0.2683    0.2056    0.2846
 000044   E  0.751440  0.342598  0.433452    0.1041    0.2503    0.2340    0.0570    0.2804    0.2173    0.2713
 000045   V  0.760274  0.388058  0.453295    0.0991    0.1969    0.2390    0.0800    0.2805    0.2285    0.2591
 000046   V  0.776393  0.431120  0.468122    0.1667    0.2094    0.2410    0.0950    0.3041    0.2229    0.2482
 000047   E  0.789507  0.460618  0.474530    0.1732    0.2988    0.2360    0.0940    0.3263    0.2187    0.2385
 000048   L  0.791211  0.501244  0.484091    0.1178    0.2849    0.2390    0.0740    0.3224    0.2339    0.2338
 000049   R  0.817838  0.530505  0.485189    0.1532    0.3392    0.2080    0.0640    0.3415    0.2368    0.2225
 000050   E  0.835617  0.540220  0.479372    0.1921    0.3392    0.1800    0.0450    0.3479    0.2396    0.2107
 000051   G  0.817291  0.544668  0.474118    0.2483    0.3249    0.2050    0.0480    0.3566    0.2225    0.2074
 000052   G  0.791635  0.604358  0.474234    0.1532    0.3249    0.1820    0.0370    0.3426    0.2414    0.2096
 000053   K  0.724717  0.556270  0.472472    0.0991    0.3182    0.1710    0.0380    0.3115    0.2315    0.2114
 000054   K  0.637165  0.580818  0.476787    0.1178    0.2258    0.1610    0.0440    0.2872    0.2210    0.2172
 000055   E  0.546513  0.587003  0.476126    0.1240    0.1528    0.1540    0.0380    0.2607    0.2146    0.2291
 000056   V  0.445244  0.534851  0.467114    0.1349    0.1323    0.1420    0.0280    0.2315    0.1917    0.2452
 000057   V  0.361151  0.464875  0.457454    0.1602    0.1229    0.1250    0.0250    0.2056    0.1684    0.2670
 000058   R  0.273342  0.421769  0.450415    0.1117    0.1184    0.1120    0.0270    0.1729    0.1630    0.2905
 000059   K  0.172344  0.349018  0.438704    0.1322    0.1528    0.1230    0.0300    0.1549    0.1414    0.3157
 000060   K  0.106828  0.289114  0.428271    0.1416    0.1643    0.1480    0.0480    0.1416    0.1327    0.3537
 000061   L  0.048483  0.230883  0.423200    0.1117    0.1028    0.1720    0.0680    0.1110    0.1412    0.3962
 000062   F  0.027389  0.198301  0.419919    0.1205    0.1028    0.2410    0.1040    0.1150    0.1435    0.4321
 000063   P  0.030834  0.167355  0.416214    0.0744    0.1070    0.2530    0.1290    0.1054    0.1464    0.4050
 000064   G  0.037298  0.138365  0.415988    0.0858    0.1206    0.3590    0.2160    0.1236    0.1582    0.3791
 000065   Y  0.043774  0.113557  0.412975    0.1041    0.1323    0.4220    0.2180    0.1360    0.1677    0.3597
 000066   L  0.070359  0.125644  0.411663    0.1018    0.1323    0.3510    0.1820    0.1302    0.1486    0.3475
 000067   F  0.141435  0.134983  0.410161    0.1532    0.2094    0.2840    0.1550    0.1538    0.1199    0.3423
 000068   I  0.163054  0.159975  0.410659    0.2209    0.2849    0.2330    0.1070    0.1770    0.1094    0.3463
 000069   Q  0.229950  0.202681  0.409478    0.2700    0.3053    0.2090    0.0660    0.2029    0.0987    0.3529
 000070   M  0.267749  0.251998  0.408645    0.2913    0.2884    0.2530    0.0930    0.2254    0.0868    0.3585
 000071   D  0.294951  0.316592  0.410013    0.3263    0.2164    0.2810    0.1160    0.2392    0.0896    0.3695
 000072   L  0.375012  0.375387  0.408363    0.3668    0.2988    0.2980    0.1430    0.2857    0.0796    0.3805
 000073   G  0.452709  0.410198  0.407277    0.3668    0.3249    0.3260    0.1640    0.3135    0.0823    0.3921
 000074   D  0.543189  0.484684  0.408166    0.3578    0.2328    0.3730    0.1710    0.3320    0.1197    0.3995
 000075   E  0.618411  0.553431  0.408976    0.2865    0.2258    0.4060    0.1790    0.3484    0.1532    0.4085
 000076   E  0.649420  0.521211  0.403813    0.2865    0.3117    0.4090    0.1830    0.3630    0.1410    0.4180
 000077   E  0.727837  0.490268  0.392156    0.3263    0.3948    0.3320    0.1400    0.3785    0.1527    0.4260
 000078   P  0.756789  0.495445  0.388278    0.4037    0.5211    0.2340    0.0950    0.4018    0.1719    0.4305
 000079   N  0.812913  0.471631  0.383002    0.4781    0.6269    0.2130    0.0620    0.4337    0.1983    0.4313
 000080   E  0.878049  0.450709  0.380209    0.4918    0.5176    0.1950    0.0620    0.4223    0.2143    0.4294
 000081   A  0.880913  0.455893  0.379916    0.5331    0.5665    0.1890    0.0730    0.4376    0.2189    0.4274
 000082   W  0.874476  0.422348  0.374976    0.4458    0.5533    0.1530    0.0510    0.4082    0.2259    0.4238
 000083   E  0.847678  0.362261  0.363325    0.5296    0.5296    0.1340    0.0430    0.4005    0.2263    0.4275
 000084   V  0.761945  0.322688  0.354718    0.5331    0.4582    0.1530    0.0520    0.3714    0.1986    0.4258
 000085   V  0.669517  0.281408  0.342101    0.4513    0.4476    0.1640    0.0480    0.3357    0.1682    0.4245
 000086   R  0.580887  0.237483  0.328475    0.3847    0.4119    0.1770    0.0550    0.2987    0.1410    0.4233
 000087   G  0.486605  0.238754  0.324801    0.3847    0.4051    0.1850    0.0550    0.2834    0.1153    0.4190
 000088   T  0.389748  0.251280  0.331587    0.3578    0.3631    0.1890    0.0580    0.2585    0.0896    0.4149
 000089   P  0.336338  0.246764  0.334242    0.3399    0.3286    0.1760    0.0500    0.2380    0.0831    0.4100
 000090   G  0.256910  0.253643  0.342346    0.3146    0.3460    0.1690    0.0450    0.2234    0.0842    0.4067
 000091   I  0.201259  0.280508  0.354811    0.2865    0.2680    0.1690    0.0460    0.2009    0.0846    0.4037
 000092   T  0.208949  0.300114  0.365517    0.3399    0.3182    0.1660    0.0460    0.2222    0.0940    0.4027
 000093   G  0.273805  0.299287  0.375185    0.3630    0.3249    0.1750    0.0540    0.2393    0.0914    0.4023
 000094   F  0.347343  0.295744  0.383120    0.3668    0.3149    0.2080    0.0840    0.2554    0.0862    0.3980
 000095   V  0.413365  0.292240  0.386644    0.3578    0.4087    0.2040    0.0830    0.2793    0.0985    0.3995
 000096   G  0.450772  0.300824  0.387736    0.4282    0.4901    0.1960    0.0740    0.3110    0.1188    0.4009
 000097   A  0.479646  0.317079  0.392610    0.4651    0.5055    0.1980    0.0760    0.3276    0.1257    0.4015
 000098   G  0.466659  0.348637  0.401222    0.4749    0.4330    0.2040    0.0810    0.3212    0.1142    0.4031
 000099   M  0.477890  0.364452  0.407835    0.4749    0.4186    0.2260    0.1010    0.3270    0.1089    0.4042
 000100   R  0.496814  0.389671  0.420951    0.3806    0.3983    0.2150    0.0830    0.3133    0.1100    0.4096
 000101   P  0.499893  0.427218  0.436163    0.3762    0.3182    0.2280    0.0880    0.3083    0.1142    0.4121
 000102   V  0.505379  0.457048  0.445252    0.4556    0.3286    0.2510    0.0890    0.3329    0.1152    0.4145
 000103   P  0.508692  0.471621  0.454823    0.3806    0.3286    0.2490    0.0870    0.3232    0.1173    0.4134
 000104   L  0.513406  0.484093  0.455868    0.3053    0.2609    0.2770    0.1030    0.3068    0.1286    0.4120
 000105   S  0.550230  0.496239  0.454089    0.3885    0.3599    0.2580    0.1130    0.3422    0.1219    0.4129
 000106   P  0.596959  0.494699  0.451541    0.3717    0.4256    0.2370    0.1060    0.3544    0.1336    0.4113
 000107   D  0.651007  0.484039  0.448961    0.3668    0.3494    0.2270    0.1010    0.3464    0.1511    0.4092
 000108   E  0.692658  0.470707  0.455679    0.3939    0.2988    0.2190    0.0850    0.3458    0.1676    0.4059
 000109   V  0.728325  0.439781  0.456731    0.3184    0.3019    0.2050    0.0750    0.3322    0.1832    0.3991
 000110   R  0.731623  0.391566  0.455296    0.2820    0.3215    0.1910    0.0700    0.3196    0.1877    0.3912
 000111   H  0.734550  0.354519  0.454176    0.3005    0.3182    0.1800    0.0620    0.3147    0.1896    0.3810
 000112   I  0.732246  0.335618  0.450345    0.2786    0.3019    0.1660    0.0530    0.3025    0.1944    0.3745
 000113   L  0.729465  0.357161  0.447339    0.3399    0.3426    0.1510    0.0420    0.3200    0.1892    0.3703
 000114   E  0.705881  0.342845  0.448244    0.3263    0.3426    0.1400    0.0340    0.3096    0.1859    0.3706
 000115   V  0.639194  0.359300  0.452493    0.3668    0.4087    0.1380    0.0320    0.3186    0.1661    0.3717
 000116   S  0.567189  0.383898  0.453270    0.3939    0.3840    0.1420    0.0280    0.3119    0.1478    0.3740
 000117   G  0.501235  0.387975  0.456625    0.3668    0.3599    0.1610    0.0290    0.2961    0.1315    0.3768
 000118   L  0.421321  0.427551  0.466567    0.3225    0.2849    0.1830    0.0440    0.2732    0.1251    0.3814
 000119   L  0.388986  0.473716  0.463100    0.3311    0.2503    0.2030    0.0540    0.2745    0.1273    0.3906
 000120   G  0.360866  0.519243  0.460235    0.3359    0.2224    0.2110    0.0570    0.2749    0.1367    0.4041
 000121   K  0.333413  0.563663  0.456524    0.3096    0.2224    0.2290    0.0630    0.2764    0.1441    0.4147
 000122   K  0.317239  0.561533  0.450194    0.2167    0.2258    0.2360    0.0670    0.2596    0.1496    0.4238
 000123   E  0.317206  0.545824  0.448303    0.2786    0.3053    0.2320    0.0710    0.2799    0.1313    0.4301
 000124   A  0.406174  0.557520  0.452010    0.3578    0.3910    0.2290    0.0820    0.3236    0.1243    0.4337
 000125   P  0.493975  0.547289  0.462730    0.3535    0.3840    0.2030    0.0770    0.3304    0.1359    0.4319
 000126   K  0.594224  0.508971  0.475244    0.4333    0.3872    0.1980    0.0740    0.3536    0.1463    0.4288
 000127   A  0.688081  0.497541  0.490696    0.4420    0.3807    0.1750    0.0630    0.3639    0.1737    0.4278
 000128   Q  0.721866  0.479818  0.497509    0.3717    0.3149    0.1300    0.0410    0.3363    0.1998    0.4262
 000129   V  0.738676  0.458736  0.496003    0.4420    0.3249    0.1120    0.0260    0.3461    0.2056    0.4263
 000130   A  0.699510  0.444233  0.494665    0.4420    0.4051    0.1020    0.0220    0.3487    0.1942    0.4290
 000131   F  0.653909  0.426079  0.487382    0.3762    0.4051    0.0980    0.0200    0.3265    0.1844    0.4333
 000132   R  0.621088  0.420475  0.472619    0.3806    0.4441    0.0990    0.0250    0.3275    0.1754    0.4321
 000133   E  0.536119  0.426472  0.459833    0.3847    0.3529    0.1040    0.0330    0.3007    0.1555    0.4301
 000134   G  0.450291  0.423104  0.443273    0.4037    0.3215    0.1140    0.0380    0.2854    0.1389    0.4302
 000135   D  0.363812  0.409653  0.430212    0.3491    0.3599    0.1280    0.0460    0.2684    0.1225    0.4304
 000136   Q  0.277198  0.392758  0.420220    0.2913    0.2364    0.1460    0.0430    0.2239    0.1160    0.4306
 000137   V  0.205627  0.369210  0.413636    0.3096    0.2541    0.1610    0.0430    0.2166    0.1121    0.4329
 000138   R  0.143940  0.329725  0.409820    0.2558    0.2849    0.1660    0.0440    0.1967    0.1141    0.4295
 000139   V  0.174350  0.297757  0.399162    0.2432    0.2884    0.1670    0.0450    0.1951    0.1036    0.4249
 000140   V  0.174813  0.305524  0.396402    0.3096    0.2884    0.1640    0.0440    0.2071    0.1045    0.4209
 000141   S  0.172479  0.308029  0.388049    0.3359    0.3215    0.1620    0.0430    0.2166    0.1064    0.4173
 000142   G  0.174542  0.299803  0.382203    0.3491    0.4292    0.1620    0.0480    0.2357    0.1191    0.4134
 000143   P  0.211736  0.320937  0.380805    0.3491    0.3529    0.1580    0.0500    0.2321    0.1034    0.4073
 000144   F  0.227951  0.328774  0.382816    0.3491    0.3529    0.1670    0.0540    0.2376    0.1002    0.4017
 000145   A  0.270056  0.322924  0.386251    0.2700    0.3774    0.1610    0.0580    0.2336    0.0999    0.4023
 000146   D  0.325295  0.317718  0.389188    0.2602    0.3807    0.1510    0.0540    0.2392    0.1035    0.4037
 000147   F  0.378225  0.322766  0.393181    0.2786    0.3704    0.1500    0.0560    0.2500    0.1061    0.4061
 000148   T  0.393174  0.314135  0.396305    0.3578    0.4409    0.1420    0.0500    0.2746    0.1173    0.4155
 000149   G  0.431728  0.316926  0.388193    0.3535    0.4369    0.1490    0.0520    0.2814    0.1169    0.4258
 000150   T  0.461699  0.339963  0.384550    0.4203    0.4330    0.1530    0.0550    0.3013    0.1209    0.4297
 000151   V  0.511947  0.356180  0.386148    0.4703    0.4901    0.1510    0.0540    0.3298    0.1382    0.4182
 000152   T  0.526895  0.367859  0.383954    0.3939    0.4220    0.1480    0.0530    0.3098    0.1302    0.4069
 000153   E  0.516779  0.400822  0.382702    0.3806    0.3872    0.1920    0.0650    0.3130    0.1145    0.3957
 000154   I  0.480232  0.443878  0.380110    0.2820    0.2988    0.2430    0.0720    0.2912    0.1076    0.3888
 000155   N  0.432824  0.458161  0.373438    0.3311    0.4017    0.2630    0.0900    0.3145    0.0900    0.3822
 000156   P  0.412673  0.465272  0.360455    0.2913    0.3529    0.2750    0.1000    0.2996    0.0889    0.3797
 000157   E  0.436257  0.487246  0.350166    0.2820    0.2503    0.3100    0.1240    0.2943    0.1023    0.3776
 000158   R  0.467402  0.455465  0.339650    0.2865    0.3494    0.3120    0.1330    0.3117    0.0892    0.3800
 000159   G  0.510229  0.413028  0.329063    0.2041    0.3356    0.2960    0.1310    0.2932    0.1099    0.3860
 000160   K  0.503972  0.361943  0.327813    0.1998    0.3460    0.2770    0.1260    0.2815    0.1072    0.3918
 000161   V  0.528138  0.322058  0.327720    0.1998    0.3460    0.2610    0.1160    0.2762    0.1149    0.3998
 000162   K  0.596759  0.269809  0.327116    0.2786    0.4409    0.2180    0.0900    0.3006    0.1393    0.4082
 000163   V  0.665082  0.227478  0.329016    0.2748    0.3704    0.1900    0.0660    0.2879    0.1654    0.4204
 000164   M  0.680877  0.207370  0.329323    0.2865    0.3704    0.1700    0.0490    0.2859    0.1754    0.4330
 000165   V  0.670819  0.177125  0.330347    0.2913    0.3807    0.1510    0.0410    0.2785    0.1797    0.4317
 000166   T  0.622577  0.168142  0.328482    0.2913    0.3807    0.1480    0.0450    0.2684    0.1667    0.4268
 000167   I  0.567785  0.166198  0.323593    0.1921    0.2609    0.1560    0.0500    0.2239    0.1519    0.4226
 000168   F  0.521908  0.180894  0.315960    0.1878    0.2470    0.1630    0.0520    0.2168    0.1347    0.4182
 000169   G  0.505439  0.191856  0.307959    0.1205    0.2575    0.1700    0.0580    0.2075    0.1358    0.4199
 000170   R  0.480503  0.222053  0.305804    0.1178    0.1942    0.1940    0.0630    0.2014    0.1267    0.4233
 000171   E  0.472817  0.253953  0.301117    0.1292    0.1476    0.2230    0.0870    0.2044    0.1246    0.4253
 000172   T  0.437024  0.264781  0.300916    0.1322    0.1969    0.3010    0.1400    0.2220    0.1074    0.4277
 000173   P  0.437056  0.276877  0.299907    0.0935    0.1852    0.3510    0.1790    0.2240    0.1216    0.4325
 000174   V  0.453778  0.295883  0.299936    0.1322    0.2364    0.4490    0.2110    0.2613    0.1241    0.4270
 000175   E  0.457172  0.294436  0.298493    0.1240    0.2399    0.5680    0.1480    0.2806    0.1531    0.4196
 000176   L  0.469048  0.291055  0.296259    0.2167    0.2849    0.5410    0.1240    0.3005    0.1250    0.4176
 000177   D  0.465164  0.329332  0.293830    0.2602    0.2470    0.5020    0.1330    0.3007    0.1104    0.4126
 000178   F  0.465524  0.367352  0.293483    0.3762    0.3053    0.4800    0.0870    0.3324    0.0865    0.4065
 000179   S  0.440129  0.424769  0.292577    0.5084    0.3910    0.4080    0.0790    0.3620    0.0809    0.3944
 000180   Q  0.426062  0.504466  0.296303    0.5473    0.3599    0.4860    0.0820    0.3872    0.0996    0.3904
 000181   V  0.363123  0.599293  0.299031    0.5900    0.3392    0.5460    0.0690    0.4062    0.1344    0.3875
 000182   V  0.398080  0.646606  0.299112    0.6219    0.2884    0.6360    0.0650    0.4319    0.1650    0.3822
 000183   K  0.362132  0.687271  0.300041    0.6650    0.2292    0.7100    0.0760    0.4423    0.2056    0.3748
 000184   A  0.605837  0.762051  0.296506    0.6789    0.1424    0.7810    0.0710    0.4950    0.2459    0.3712
