#RESNUM RES     VL-XT     VSL2B       VL3  IUPred-S  IUPred-L  PONDRFIT  FITERROR       MDP  MDPERROR   ANCHOR2
 000001   M  0.812496  0.824023  0.296769    0.6516    0.1251    0.9750    0.0140    0.5647    0.3081    0.3875
 000002   R  0.663833  0.776538  0.289733    0.5296    0.1323    0.9480    0.0110    0.5084    0.2826    0.3888
 000003   K  0.688152  0.703231  0.283732    0.4825    0.1007    0.9350    0.0150    0.4850    0.2828    0.3909
 000004   A  0.595425  0.611141  0.276300    0.3992    0.0780    0.8970    0.0390    0.4301    0.2666    0.3859
 000005   L  0.564214  0.515283  0.270287    0.2748    0.0618    0.8170    0.0650    0.3721    0.2487    0.3776
 000006   G  0.515245  0.397307  0.265992    0.1635    0.0676    0.7160    0.0650    0.3099    0.2223    0.3703
 000007   L  0.463245  0.303997  0.262737    0.0813    0.0888    0.5970    0.0730    0.2557    0.1915    0.3567
 000008   G  0.407249  0.229344  0.261422    0.0490    0.0662    0.4980    0.1160    0.2082    0.1694    0.3498
 000009   L  0.363789  0.164604  0.258389    0.0363    0.0851    0.4540    0.0830    0.1840    0.1542    0.3400
 000010   L  0.323208  0.140018  0.257331    0.0150    0.1048    0.3300    0.0990    0.1521    0.1246    0.3377
 000011   L  0.269336  0.142884  0.255639    0.0102    0.1373    0.4880    0.1130    0.1747    0.1546    0.3465
 000012   G  0.221978  0.141900  0.255366    0.0144    0.1611    0.3850    0.1060    0.1540    0.1209    0.3589
 000013   A  0.176642  0.147278  0.256769    0.0144    0.1162    0.3540    0.1010    0.1347    0.1152    0.3662
 000014   L  0.137324  0.139788  0.258375    0.0141    0.1162    0.3230    0.0810    0.1217    0.1091    0.3716
 000015   L  0.100269  0.150582  0.260195    0.0121    0.1611    0.3080    0.1020    0.1220    0.1069    0.3811
 000016   L  0.083034  0.148084  0.265688    0.0259    0.2164    0.2780    0.1200    0.1252    0.1029    0.3928
 000017   A  0.072292  0.177484  0.263047    0.0336    0.1671    0.2670    0.1050    0.1197    0.0980    0.4064
 000018   G  0.070040  0.209376  0.262401    0.0677    0.2258    0.3000    0.1160    0.1455    0.0999    0.4194
 000019   C  0.089663  0.242628  0.264345    0.0464    0.1554    0.3180    0.1340    0.1420    0.1065    0.4295
 000020   G  0.130599  0.284469  0.271993    0.0789    0.2129    0.2830    0.1200    0.1651    0.0918    0.4272
 000021   Q  0.191402  0.317863  0.278121    0.0723    0.2470    0.2480    0.0990    0.1794    0.0911    0.4198
 000022   D  0.275270  0.351138  0.286194    0.1178    0.3426    0.2560    0.1050    0.2239    0.0905    0.4171
 000023   T  0.369111  0.377658  0.294568    0.0991    0.3426    0.3390    0.1050    0.2545    0.1071    0.4166
 000024   V  0.463737  0.401058  0.304858    0.1495    0.3807    0.3830    0.1170    0.2964    0.1120    0.4151
 000025   K  0.548645  0.422915  0.316804    0.2122    0.4441    0.3440    0.1360    0.3287    0.1187    0.4133
 000026   P  0.645752  0.443457  0.329667    0.2963    0.4801    0.3250    0.1570    0.3651    0.1327    0.4132
 000027   S  0.731851  0.444537  0.342580    0.3762    0.5533    0.3520    0.1610    0.4096    0.1498    0.4134
 000028   V  0.793589  0.438481  0.353342    0.3806    0.5176    0.3430    0.1600    0.4123    0.1665    0.4145
 000029   T  0.858130  0.437642  0.363095    0.3762    0.5342    0.3640    0.1530    0.4283    0.1858    0.4158
 000030   I  0.895664  0.436495  0.371998    0.3939    0.6269    0.3640    0.1390    0.4528    0.2019    0.4164
 000031   T  0.912353  0.447034  0.382218    0.4037    0.6531    0.3040    0.1300    0.4534    0.2162    0.4173
 000032   A  0.920456  0.475274  0.391444    0.4037    0.6531    0.2990    0.1230    0.4586    0.2177    0.4198
 000033   P  0.923413  0.496702  0.401158    0.4078    0.5456    0.3140    0.1180    0.4479    0.2080    0.4217
 000034   Q  0.932300  0.525089  0.411221    0.4037    0.5456    0.3690    0.1220    0.4626    0.2026    0.4245
 000035   N  0.928595  0.528663  0.422969    0.4203    0.5456    0.3950    0.1410    0.4696    0.1958    0.4295
 000036   G  0.925362  0.538030  0.434043    0.4149    0.5533    0.4070    0.1550    0.4730    0.1935    0.4325
 000037   A  0.933190  0.537808  0.445534    0.3263    0.5098    0.4040    0.1470    0.4518    0.2084    0.4260
 000038   T  0.933152  0.545205  0.457367    0.3225    0.5139    0.4050    0.1370    0.4533    0.2089    0.4205
 000039   V  0.937671  0.548709  0.466731    0.3992    0.5493    0.3690    0.1230    0.4674    0.2036    0.4146
 000040   N  0.914015  0.567531  0.478450    0.3992    0.5493    0.3370    0.1150    0.4612    0.2015    0.4091
 000041   Q  0.866095  0.560711  0.490984    0.4651    0.6755    0.3160    0.1070    0.4806    0.1916    0.4035
 000042   D  0.809526  0.576316  0.503140    0.4749    0.6906    0.3180    0.1130    0.4783    0.1782    0.4006
 000043   T  0.749690  0.556967  0.514813    0.5253    0.6531    0.3180    0.1160    0.4672    0.1582    0.3967
 000044   L  0.675856  0.556481  0.524871    0.5008    0.6136    0.3060    0.1100    0.4421    0.1449    0.3936
 000045   T  0.595181  0.578606  0.533272    0.4513    0.5419    0.2840    0.0970    0.4085    0.1382    0.3899
 000046   V  0.516670  0.596291  0.539932    0.4600    0.5382    0.2940    0.0940    0.4009    0.1321    0.3879
 000047   Q  0.435938  0.614362  0.540398    0.4116    0.5493    0.2900    0.0810    0.3836    0.1400    0.3849
 000048   G  0.355468  0.616164  0.533073    0.4513    0.5176    0.3110    0.0830    0.3752    0.1375    0.3843
 000049   T  0.295075  0.609038  0.525510    0.4703    0.5176    0.3310    0.0870    0.3705    0.1413    0.3877
 000050   A  0.255879  0.616349  0.518174    0.4749    0.4979    0.3850    0.1000    0.3716    0.1423    0.3908
 000051   Q  0.247973  0.599566  0.510525    0.4600    0.4864    0.3920    0.1020    0.3643    0.1385    0.3985
 000052   D  0.253066  0.582299  0.500363    0.4037    0.4149    0.4580    0.1260    0.3520    0.1308    0.4087
 000053   N  0.286127  0.555060  0.488904    0.3885    0.4149    0.4900    0.1390    0.3558    0.1190    0.4202
 000054   V  0.317925  0.530792  0.477566    0.3311    0.4220    0.5150    0.1550    0.3529    0.1155    0.4338
 000055   R  0.341815  0.497878  0.467593    0.3885    0.4901    0.4260    0.1190    0.3574    0.0961    0.4444
 000056   V  0.387900  0.490342  0.460115    0.4078    0.4901    0.4090    0.1430    0.3642    0.0870    0.4552
 000057   N  0.430030  0.438712  0.454266    0.4600    0.5807    0.3830    0.1450    0.3820    0.0968    0.4608
 000058   R  0.483757  0.438954  0.448829    0.4600    0.5854    0.4390    0.1450    0.4011    0.0907    0.4672
 000059   V  0.542492  0.464818  0.442875    0.4749    0.6136    0.4220    0.1410    0.4197    0.0986    0.4685
 000060   T  0.584109  0.465337  0.439160    0.4825    0.5382    0.4620    0.1450    0.4221    0.0887    0.4672
 000061   Y  0.630511  0.508386  0.435534    0.5229    0.6183    0.5020    0.1240    0.4637    0.0996    0.4671
 000062   Q  0.666024  0.520245  0.429741    0.4600    0.5176    0.5130    0.1150    0.4462    0.1032    0.4631
 000063   L  0.711957  0.534847  0.421932    0.4781    0.5017    0.5490    0.0920    0.4626    0.1142    0.4615
 000064   N  0.761649  0.530767  0.412731    0.3885    0.5254    0.5590    0.0890    0.4608    0.1394    0.4560
 000065   N  0.792806  0.535177  0.403821    0.4333    0.5951    0.5450    0.0740    0.4835    0.1434    0.4513
 000066   G  0.830303  0.543337  0.396755    0.4556    0.5854    0.5860    0.0800    0.5001    0.1518    0.4481
 000067   Q  0.832455  0.553037  0.394442    0.5084    0.6620    0.5360    0.0950    0.5154    0.1520    0.4448
 000068   E  0.832394  0.547103  0.389417    0.4967    0.5665    0.5180    0.1090    0.4934    0.1497    0.4447
 000069   Q  0.811195  0.581029  0.386441    0.4918    0.5707    0.4670    0.1170    0.4870    0.1481    0.4439
 000070   E  0.786964  0.565036  0.383116    0.4825    0.5342    0.4000    0.1180    0.4615    0.1485    0.4458
 000071   V  0.747043  0.546161  0.378802    0.4967    0.4979    0.3730    0.0990    0.4435    0.1400    0.4518
 000072   P  0.704789  0.522346  0.372808    0.4918    0.4831    0.2950    0.0780    0.4162    0.1421    0.4552
 000073   I  0.648743  0.494016  0.364201    0.4703    0.4831    0.3000    0.0750    0.3994    0.1254    0.4616
 000074   T  0.602970  0.447020  0.353882    0.4749    0.4831    0.2320    0.0610    0.3734    0.1296    0.4632
 000075   P  0.503344  0.410573  0.341134    0.4600    0.4725    0.2060    0.0740    0.3421    0.1155    0.4712
 000076   G  0.432543  0.370062  0.330290    0.3939    0.3948    0.1810    0.0690    0.2954    0.0986    0.4776
 000077   T  0.354987  0.351874  0.320878    0.3806    0.4292    0.1510    0.0610    0.2780    0.1021    0.4868
 000078   S  0.298920  0.315236  0.312095    0.3225    0.4292    0.1350    0.0540    0.2502    0.1008    0.4959
 000079   V  0.234009  0.300515  0.308453    0.3359    0.4087    0.1200    0.0470    0.2331    0.1037    0.5043
 000080   N  0.176901  0.265190  0.304701    0.3399    0.4087    0.1160    0.0360    0.2177    0.1105    0.5134
 000081   F  0.119625  0.261691  0.300949    0.3263    0.4017    0.1180    0.0280    0.2046    0.1161    0.5194
 000082   A  0.073144  0.229742  0.297881    0.3939    0.4619    0.1270    0.0290    0.2143    0.1462    0.5179
 000083   F  0.016668  0.233489  0.294342    0.3630    0.3426    0.1440    0.0490    0.1833    0.1303    0.5166
 000084   T  0.011660  0.210828  0.288109    0.4333    0.4292    0.1530    0.0630    0.2063    0.1574    0.5084
 000085   L  0.006270  0.222297  0.281036    0.3717    0.3704    0.1560    0.0670    0.1879    0.1360    0.5010
 000086   T  0.005161  0.251010  0.274538    0.3311    0.3426    0.1690    0.0660    0.1831    0.1239    0.4883
 000087   L  0.003679  0.283851  0.265800    0.2700    0.3182    0.2120    0.0660    0.1813    0.1131    0.4794
 000088   P  0.007912  0.308891  0.260577    0.2786    0.2399    0.3000    0.1370    0.1892    0.1119    0.4673
 000089   Q  0.013311  0.341794  0.261311    0.2483    0.2575    0.3940    0.1880    0.2092    0.1270    0.4572
 000090   G  0.115511  0.358524  0.260607    0.2385    0.3426    0.3170    0.1050    0.2287    0.0927    0.4502
 000091   Q  0.199828  0.363033  0.259430    0.2432    0.3286    0.2390    0.1020    0.2290    0.0707    0.4462
 000092   N  0.300355  0.355831  0.256514    0.3359    0.4186    0.1860    0.0920    0.2661    0.0856    0.4432
 000093   T  0.400879  0.346787  0.256644    0.3578    0.4582    0.1740    0.0840    0.2897    0.1025    0.4438
 000094   I  0.507168  0.326807  0.257046    0.4203    0.5456    0.1490    0.0650    0.3248    0.1453    0.4450
 000095   T  0.610678  0.318475  0.257770    0.4333    0.5419    0.1380    0.0540    0.3404    0.1686    0.4470
 000096   V  0.708034  0.318967  0.255985    0.4825    0.6322    0.1960    0.0810    0.3897    0.1954    0.4481
 000097   H  0.799497  0.341682  0.251439    0.4879    0.5951    0.2390    0.0820    0.4106    0.2044    0.4489
 000098   A  0.878812  0.371962  0.242532    0.5374    0.6806    0.3480    0.1190    0.4694    0.2209    0.4474
 000099   Y  0.861675  0.416561  0.236700    0.4825    0.5620    0.3680    0.1400    0.4485    0.1988    0.4466
 000100   D  0.811404  0.489806  0.233020    0.4781    0.5620    0.3360    0.1020    0.4463    0.1858    0.4446
 000101   P  0.747544  0.552292  0.229776    0.4282    0.5017    0.4470    0.1290    0.4461    0.1593    0.4410
 000102   S  0.722649  0.588511  0.229186    0.4333    0.5017    0.4800    0.1310    0.4543    0.1549    0.4378
 000103   G  0.709307  0.630512  0.230215    0.3847    0.4119    0.4480    0.1620    0.4308    0.1635    0.4347
 000104   N  0.710862  0.580514  0.235812    0.3847    0.4220    0.4440    0.1750    0.4237    0.1551    0.4326
 000105   K  0.713283  0.591238  0.243022    0.3847    0.5456    0.4100    0.1540    0.4409    0.1587    0.4309
 000106   G  0.720806  0.594202  0.253492    0.4078    0.5456    0.3510    0.1430    0.4366    0.1629    0.4303
 000107   T  0.742122  0.546260  0.259072    0.4879    0.5901    0.3080    0.1290    0.4458    0.1705    0.4293
 000108   A  0.743810  0.496285  0.259471    0.4879    0.5139    0.2740    0.0990    0.4192    0.1692    0.4289
 000109   S  0.797004  0.454832  0.261944    0.4825    0.5577    0.2660    0.0770    0.4264    0.1877    0.4292
 000110   V  0.847725  0.409909  0.264957    0.5008    0.6661    0.2810    0.0780    0.4509    0.2127    0.4300
 000111   Q  0.809496  0.382645  0.267760    0.5043    0.5620    0.2770    0.0750    0.4226    0.1926    0.4307
 000112   V  0.802689  0.368050  0.268866    0.4703    0.5211    0.2850    0.0820    0.4079    0.1865    0.4321
 000113   T  0.758722  0.369441  0.267593    0.4116    0.5254    0.2350    0.0830    0.3834    0.1814    0.4331
 000114   Y  0.719624  0.373366  0.268018    0.4116    0.4476    0.2380    0.1160    0.3650    0.1635    0.4341
 000115   D  0.676333  0.381553  0.268715    0.4037    0.3840    0.2160    0.1240    0.3436    0.1524    0.4347
 000116   P  0.618136  0.363931  0.269904    0.3399    0.3356    0.2090    0.1070    0.3111    0.1357    0.4355
 000117   Q  0.589955  0.337052  0.270195    0.2865    0.3460    0.2360    0.1110    0.2992    0.1247    0.4365
 000118   A  0.563471  0.312998  0.270287    0.2385    0.3667    0.2270    0.1120    0.2848    0.1230    0.4383
 000119   V  0.551190  0.274531  0.268243    0.2820    0.4051    0.2070    0.1060    0.2866    0.1231    0.4403
 000120   H  0.605291  0.249143  0.262226    0.2963    0.3840    0.1610    0.0830    0.2827    0.1476    0.4419
 000121   T  0.614605  0.235800  0.263733    0.3491    0.4409    0.1520    0.0720    0.2987    0.1578    0.4422
 000122   L  0.657938  0.233348  0.260770    0.3005    0.4330    0.1570    0.0730    0.2970    0.1701    0.4430
 000123   S  0.697242  0.236853  0.261684    0.3456    0.5254    0.1380    0.0590    0.3239    0.1942    0.4425
 000124   G  0.740497  0.248425  0.263113    0.3491    0.4652    0.1320    0.0530    0.3226    0.2004    0.4422
 000125   Y  0.795663  0.270891  0.262209    0.4458    0.5139    0.1380    0.0530    0.3607    0.2188    0.4407
 000126   V  0.837167  0.284333  0.264778    0.3762    0.4979    0.1430    0.0510    0.3564    0.2275    0.4390
 000127   V  0.868783  0.304903  0.264124    0.3184    0.4619    0.1610    0.0530    0.3525    0.2333    0.4361
 000128   R  0.869005  0.346136  0.266337    0.3096    0.4619    0.1700    0.0550    0.3594    0.2301    0.4340
 000129   E  0.858651  0.372201  0.266776    0.3359    0.4149    0.1900    0.0610    0.3619    0.2195    0.4316
 000130   N  0.840601  0.395222  0.262901    0.3847    0.4619    0.2290    0.0790    0.3852    0.2053    0.4314
 000131   A  0.813529  0.411927  0.257065    0.3053    0.3840    0.2460    0.0830    0.3601    0.1982    0.4312
 000132   G  0.800670  0.464812  0.255732    0.3053    0.3087    0.2540    0.0880    0.3557    0.1979    0.4312
 000133   G  0.791965  0.463558  0.255237    0.2913    0.3740    0.2590    0.0950    0.3633    0.1922    0.4308
 000134   P  0.778668  0.447523  0.252594    0.2122    0.3774    0.2630    0.0860    0.3465    0.1965    0.4302
 000135   V  0.757668  0.452110  0.244868    0.2255    0.3774    0.2550    0.0770    0.3445    0.1895    0.4298
 000136   A  0.764534  0.438659  0.237572    0.2913    0.4220    0.2230    0.0630    0.3566    0.1887    0.4297
 000137   S  0.788737  0.419447  0.228389    0.3399    0.4087    0.2240    0.0620    0.3635    0.1933    0.4295
 000138   S  0.806899  0.409712  0.222132    0.3630    0.4087    0.2160    0.0680    0.3674    0.2003    0.4279
 000139   T  0.826655  0.395765  0.219727    0.2820    0.3740    0.2160    0.0670    0.3491    0.2121    0.4254
 000140   L  0.843696  0.376038  0.214621    0.2080    0.3529    0.1940    0.0640    0.3290    0.2287    0.4215
 000141   K  0.831972  0.345932  0.212445    0.1732    0.3460    0.1810    0.0610    0.3130    0.2305    0.4185
 000142   L  0.831487  0.323732  0.212728    0.2041    0.3740    0.1670    0.0620    0.3168    0.2288    0.4148
 000143   Y  0.803267  0.304408  0.214190    0.2041    0.3774    0.1460    0.0560    0.3058    0.2225    0.4143
 000144   R  0.774396  0.287021  0.214437    0.2080    0.3460    0.1360    0.0530    0.2920    0.2133    0.4155
 000145   G  0.725851  0.289832  0.213977    0.1766    0.3117    0.1200    0.0510    0.2707    0.2016    0.4186
 000146   G  0.627331  0.285857  0.217342    0.1958    0.3807    0.1080    0.0510    0.2663    0.1714    0.4213
 000147   A  0.530091  0.280360  0.219636    0.2255    0.4087    0.1090    0.0540    0.2589    0.1424    0.4230
 000148   L  0.434206  0.289368  0.222062    0.2333    0.4087    0.1130    0.0530    0.2464    0.1170    0.4242
 000149   V  0.341722  0.316730  0.224686    0.2333    0.3149    0.1350    0.0670    0.2236    0.0805    0.4272
 000150   A  0.267523  0.366735  0.227759    0.2385    0.3149    0.1530    0.0810    0.2235    0.0775    0.4301
 000151   T  0.173204  0.398115  0.228438    0.2167    0.2918    0.1830    0.0930    0.2105    0.0860    0.4333
 000152   T  0.111344  0.427336  0.221473    0.2209    0.3019    0.2130    0.0930    0.2125    0.1037    0.4330
 000153   T  0.061034  0.445129  0.218395    0.2080    0.3807    0.2520    0.0840    0.2245    0.1297    0.4316
 000154   T  0.010817  0.480857  0.213366    0.2865    0.3840    0.2950    0.0940    0.2428    0.1505    0.4308
 000155   A  0.010972  0.498885  0.209391    0.2786    0.3494    0.3400    0.1100    0.2463    0.1533    0.4315
 000156   S  0.010455  0.493268  0.213092    0.2122    0.3774    0.3180    0.1150    0.2353    0.1556    0.4327
 000157   D  0.012952  0.514877  0.212756    0.1844    0.3774    0.3070    0.1100    0.2328    0.1618    0.4335
 000158   G  0.013475  0.483963  0.216011    0.2483    0.4051    0.3090    0.1120    0.2434    0.1539    0.4330
 000159   S  0.028538  0.479402  0.217681    0.3096    0.3910    0.2960    0.0980    0.2507    0.1460    0.4319
 000160   F  0.044629  0.426808  0.217715    0.3717    0.4541    0.2740    0.0800    0.2618    0.1446    0.4293
 000161   T  0.061457  0.393789  0.221237    0.3184    0.4087    0.2210    0.0750    0.2339    0.1247    0.4278
 000162   F  0.072682  0.366740  0.220036    0.3263    0.4256    0.2330    0.0760    0.2374    0.1208    0.4245
 000163   T  0.086541  0.342275  0.214921    0.2602    0.3910    0.2110    0.0800    0.2152    0.1046    0.4231
 000164   N  0.090508  0.330021  0.206486    0.2820    0.3948    0.2180    0.0920    0.2192    0.1031    0.4216
 000165   L  0.093669  0.300996  0.198158    0.2531    0.3840    0.2380    0.1060    0.2116    0.0951    0.4195
 000166   A  0.093385  0.305694  0.197328    0.2963    0.4441    0.2410    0.1110    0.2302    0.1124    0.4205
 000167   P  0.118185  0.297127  0.194846    0.2913    0.4441    0.2430    0.1110    0.2323    0.1057    0.4204
 000168   G  0.138744  0.302151  0.193540    0.3146    0.3910    0.2580    0.1030    0.2340    0.0886    0.4219
 000169   T  0.225061  0.318765  0.192657    0.3184    0.3599    0.2680    0.0920    0.2483    0.0663    0.4211
 000170   Y  0.305606  0.344153  0.193226    0.2865    0.3631    0.2810    0.0800    0.2634    0.0633    0.4207
 000171   R  0.387586  0.381061  0.197588    0.3399    0.4541    0.2890    0.0780    0.3086    0.0879    0.4212
 000172   L  0.473209  0.428612  0.198532    0.3456    0.3807    0.3050    0.0730    0.3221    0.0946    0.4216
 000173   E  0.563647  0.468429  0.196239    0.4282    0.4186    0.3020    0.0800    0.3635    0.1225    0.4235
 000174   A  0.649556  0.470463  0.194752    0.3578    0.4369    0.3450    0.1060    0.3766    0.1423    0.4247
 000175   Q  0.732792  0.484905  0.196175    0.2865    0.4256    0.3120    0.1190    0.3736    0.1766    0.4248
 000176   K  0.797967  0.484924  0.204201    0.3762    0.4186    0.2990    0.1110    0.3962    0.1899    0.4254
 000177   P  0.854845  0.478784  0.212622    0.4116    0.4541    0.3020    0.1000    0.4170    0.2049    0.4230
 000178   G  0.845581  0.450595  0.225126    0.3096    0.3704    0.3070    0.0790    0.3805    0.2065    0.4219
 000179   M  0.843288  0.419795  0.232163    0.3225    0.4017    0.2960    0.0830    0.3805    0.2036    0.4201
 000180   A  0.850555  0.396472  0.236707    0.2558    0.4186    0.2440    0.0690    0.3609    0.2178    0.4207
 000181   G  0.846600  0.374970  0.237059    0.3717    0.4652    0.2140    0.0660    0.3787    0.2136    0.4206
 000182   S  0.846094  0.363074  0.238241    0.3806    0.4256    0.2330    0.0750    0.3747    0.2097    0.4196
 000183   L  0.855298  0.360582  0.242850    0.4149    0.4979    0.2100    0.0660    0.3898    0.2175    0.4179
 000184   V  0.858140  0.355077  0.247613    0.3630    0.3983    0.1880    0.0650    0.3605    0.2204    0.4175
 000185   E  0.854561  0.357599  0.251547    0.4037    0.4292    0.1760    0.0620    0.3701    0.2204    0.4175
 000186   G  0.829260  0.351742  0.251794    0.3184    0.3529    0.1810    0.0630    0.3388    0.2137    0.4193
 000187   I  0.816777  0.340969  0.248558    0.3263    0.3053    0.1900    0.0630    0.3298    0.2098    0.4196
 000188   R  0.800085  0.326214  0.247196    0.2385    0.2884    0.1890    0.0610    0.3069    0.2106    0.4198
 000189   V  0.747410  0.316900  0.247186    0.1766    0.2783    0.1770    0.0520    0.2826    0.2004    0.4197
 000190   P  0.728031  0.302307  0.249285    0.2209    0.3494    0.1530    0.0490    0.2924    0.1912    0.4205
 000191   E  0.712436  0.298484  0.252073    0.2483    0.3494    0.1370    0.0480    0.2909    0.1863    0.4200
 000192   M  0.643224  0.274385  0.254132    0.2786    0.2609    0.1340    0.0480    0.2651    0.1636    0.4199
 000193   A  0.581965  0.296956  0.257869    0.2483    0.2752    0.1290    0.0510    0.2552    0.1443    0.4202
 000194   S  0.530838  0.279593  0.263521    0.2432    0.3117    0.1290    0.0540    0.2490    0.1285    0.4206
 000195   I  0.487817  0.283607  0.270471    0.3311    0.3667    0.1280    0.0570    0.2662    0.1175    0.4209
 000196   T  0.438647  0.297261  0.276718    0.2748    0.3182    0.1260    0.0540    0.2424    0.1026    0.4215
 000197   L  0.391804  0.305988  0.277330    0.2748    0.3215    0.1250    0.0500    0.2365    0.0929    0.4215
 000198   V  0.373256  0.298198  0.278457    0.3146    0.3983    0.1250    0.0450    0.2516    0.0994    0.4230
 000199   Q  0.324396  0.314528  0.281007    0.3005    0.3983    0.1170    0.0300    0.2425    0.0972    0.4247
 000200   K  0.259541  0.329443  0.284633    0.3668    0.4864    0.1120    0.0310    0.2590    0.1229    0.4264
 000201   P  0.233740  0.362880  0.286820    0.3359    0.4864    0.1310    0.0440    0.2584    0.1200    0.4258
 000202   A  0.210375  0.375850  0.286684    0.3535    0.4685    0.1610    0.0530    0.2615    0.1139    0.4249
 000203   F  0.177565  0.395204  0.287727    0.4203    0.4330    0.1750    0.0570    0.2669    0.1186    0.4238
 000204   D  0.162622  0.423487  0.289867    0.4513    0.3910    0.1610    0.0590    0.2650    0.1275    0.4245
 000205   A  0.145360  0.455369  0.291942    0.3717    0.3149    0.1810    0.0590    0.2447    0.1167    0.4259
 000206   T  0.129016  0.467864  0.295574    0.3762    0.3948    0.2350    0.0650    0.2672    0.1220    0.4274
 000207   A  0.133908  0.464243  0.292670    0.2913    0.4017    0.2590    0.0710    0.2584    0.1160    0.4286
 000208   T  0.114910  0.450684  0.286604    0.3491    0.4831    0.2390    0.0840    0.2729    0.1341    0.4307
 000209   T  0.120357  0.437287  0.278269    0.4203    0.5419    0.2140    0.0810    0.2890    0.1513    0.4312
 000210   T  0.214226  0.421843  0.272694    0.4149    0.5419    0.1800    0.0610    0.2955    0.1362    0.4318
 000211   P  0.309243  0.403104  0.268619    0.4333    0.4652    0.1810    0.0610    0.2986    0.1093    0.4330
 000212   P  0.406175  0.396198  0.266336    0.4037    0.4619    0.1850    0.0670    0.3088    0.1055    0.4306
 000213   T  0.499249  0.377068  0.266506    0.3535    0.4119    0.1520    0.0530    0.2989    0.1189    0.4266
 000214   L  0.580549  0.344322  0.266155    0.4703    0.5342    0.1440    0.0440    0.3456    0.1598    0.4225
 000215   L  0.598356  0.315909  0.263697    0.3762    0.5211    0.1120    0.0300    0.3207    0.1668    0.4201
 000216   I  0.596951  0.298620  0.260349    0.4333    0.5533    0.1060    0.0290    0.3314    0.1766    0.4157
 000217   T  0.642391  0.302708  0.256039    0.4379    0.4619    0.1080    0.0370    0.3255    0.1753    0.4112
 000218   Q  0.655726  0.314524  0.251299    0.4781    0.3948    0.1220    0.0440    0.3275    0.1747    0.4069
 000219   D  0.571056  0.309624  0.245716    0.4037    0.3948    0.1220    0.0450    0.3002    0.1460    0.4068
 000220   G  0.495472  0.298781  0.239802    0.3184    0.4017    0.1130    0.0450    0.2713    0.1266    0.4047
 000221   N  0.405907  0.292921  0.230992    0.3184    0.3392    0.1070    0.0430    0.2439    0.1019    0.4036
 000222   I  0.316304  0.291342  0.224373    0.2963    0.2328    0.1040    0.0320    0.2068    0.0803    0.4045
 000223   P  0.235271  0.276431  0.217561    0.1878    0.2292    0.0980    0.0280    0.1711    0.0664    0.4073
 000224   L  0.217318  0.259133  0.210715    0.1205    0.1424    0.1100    0.0390    0.1415    0.0656    0.4103
 000225   E  0.197247  0.251413  0.202457    0.2041    0.2064    0.0930    0.0310    0.1586    0.0588    0.4155
 000226   G  0.156092  0.216303  0.192776    0.1844    0.2164    0.0800    0.0240    0.1422    0.0568    0.4209
 000227   G  0.135172  0.166844  0.184125    0.2602    0.3053    0.0740    0.0220    0.1570    0.0824    0.4295
 000228   I  0.135500  0.137402  0.177984    0.1878    0.2436    0.0710    0.0220    0.1292    0.0610    0.4293
 000229   F  0.129313  0.122972  0.171205    0.1958    0.2436    0.0680    0.0210    0.1265    0.0632    0.4195
 000230   T  0.133114  0.108273  0.163011    0.1292    0.2399    0.0650    0.0200    0.1125    0.0603    0.4166
 000231   D  0.126096  0.103857  0.154720    0.1322    0.2364    0.0610    0.0190    0.1100    0.0594    0.4123
 000232   V  0.114165  0.097210  0.147014    0.1292    0.2164    0.0550    0.0140    0.1020    0.0551    0.4107
 000233   I  0.107581  0.097326  0.139772    0.1921    0.3087    0.0520    0.0100    0.1262    0.0862    0.4148
 000234   P  0.104663  0.106768  0.131281    0.1602    0.2002    0.0480    0.0080    0.1033    0.0523    0.4214
 000235   F  0.103339  0.131166  0.123810    0.2333    0.2164    0.0600    0.0120    0.1240    0.0647    0.4261
 000236   R  0.127789  0.153304  0.114851    0.1416    0.2002    0.0670    0.0140    0.1150    0.0445    0.4331
 000237   V  0.140265  0.169786  0.104213    0.0909    0.2292    0.0820    0.0160    0.1187    0.0541    0.4249
 000238   Q  0.145988  0.206995  0.095130    0.0858    0.1914    0.1000    0.0240    0.1217    0.0503    0.4165
 000239   V  0.137178  0.271675  0.088319    0.1566    0.2715    0.1380    0.0420    0.1624    0.0714    0.4107
 000240   D  0.138007  0.308446  0.078958    0.1844    0.2884    0.1870    0.0590    0.1843    0.0811    0.4025
 000241   T  0.140772  0.395390  0.072306    0.1878    0.2094    0.2290    0.0670    0.1936    0.0998    0.4007
 000242   S  0.150798  0.453656  0.064127    0.1117    0.1349    0.2440    0.0750    0.1824    0.1288    0.4032
 000243   K  0.143664  0.461582  0.058260    0.1060    0.1323    0.2300    0.0750    0.1790    0.1328    0.4104
 000244   D  0.156078  0.410584  0.049364    0.1088    0.1731    0.2280    0.0780    0.1794    0.1142    0.4258
 000245   Y  0.142213  0.368253  0.042507    0.0587    0.0967    0.1480    0.0410    0.1356    0.1083    0.4257
 000246   V  0.153757  0.288129  0.036968    0.0909    0.1671    0.1100    0.0300    0.1350    0.0785    0.4133
 000247   R  0.201122  0.212714  0.033131    0.0542    0.1671    0.0710    0.0150    0.1176    0.0728    0.4023
 000248   P  0.275814  0.165126  0.031166    0.0909    0.2193    0.0590    0.0150    0.1350    0.0879    0.3916
 000249   M  0.339712  0.129939  0.028967    0.0813    0.2399    0.0520    0.0130    0.1404    0.1107    0.3841
 000250   R  0.347862  0.096984  0.026643    0.1205    0.2988    0.0510    0.0170    0.1525    0.1224    0.3810
 000251   Y  0.343163  0.078225  0.025906    0.1292    0.2849    0.0440    0.0140    0.1465    0.1210    0.3767
 000252   I  0.356424  0.080023  0.025165    0.1322    0.2503    0.0430    0.0110    0.1436    0.1191    0.3786
 000253   Y  0.353336  0.092736  0.023898    0.1292    0.1643    0.0450    0.0090    0.1307    0.1087    0.3864
 000254   V  0.352547  0.108409  0.022720    0.1150    0.1251    0.0590    0.0140    0.1267    0.1056    0.3946
 000255   A  0.323673  0.128130  0.021707    0.0660    0.1206    0.0860    0.0260    0.1208    0.0959    0.4056
 000256   L  0.261308  0.144466  0.019320    0.0813    0.1942    0.0890    0.0220    0.1284    0.0795    0.4164
 000257   G  0.179616  0.167594  0.018085    0.1240    0.2470    0.0920    0.0350    0.1350    0.0722    0.4283
 000258   R  0.109469  0.200806  0.017027    0.1266    0.2129    0.1070    0.0410    0.1261    0.0654    0.4300
 000259   T  0.097445  0.247123  0.020608    0.1060    0.1881    0.1230    0.0410    0.1269    0.0717    0.4217
 000260   P  0.086223  0.285263  0.023158    0.1150    0.1528    0.1250    0.0310    0.1273    0.0799    0.4160
 000261   G  0.072174  0.333781  0.027521    0.1150    0.1528    0.1400    0.0270    0.1357    0.0964    0.4138
 000262   S  0.051167  0.364578  0.035532    0.1178    0.2292    0.1540    0.0320    0.1528    0.1125    0.4118
 000263   A  0.029189  0.363351  0.042035    0.1766    0.3087    0.1770    0.0430    0.1758    0.1240    0.4112
 000264   F  0.021842  0.342772  0.049674    0.2558    0.3087    0.1940    0.0530    0.1872    0.1225    0.4108
 000265   V  0.013293  0.342000  0.057815    0.3225    0.2715    0.1800    0.0460    0.1882    0.1267    0.4086
 000266   T  0.017471  0.312634  0.066215    0.2865    0.3053    0.1640    0.0620    0.1810    0.1184    0.4073
 000267   N  0.025426  0.295525  0.075056    0.2913    0.3948    0.1430    0.0670    0.1917    0.1326    0.4063
 000268   S  0.032740  0.270758  0.080991    0.2865    0.3983    0.1270    0.0710    0.1859    0.1293    0.4084
 000269   A  0.038449  0.239069  0.083162    0.2963    0.4149    0.1320    0.0760    0.1868    0.1307    0.4101
 000270   T  0.044572  0.216217  0.084122    0.3005    0.4256    0.1150    0.0560    0.1837    0.1336    0.4128
 000271   W  0.054759  0.212385  0.089937    0.2913    0.4017    0.1500    0.0630    0.1851    0.1198    0.4156
 000272   T  0.066026  0.218126  0.093647    0.2963    0.4017    0.1380    0.0610    0.1867    0.1189    0.4138
 000273   R  0.073594  0.228449  0.097312    0.2963    0.4186    0.1330    0.0580    0.1917    0.1225    0.4122
 000274   R  0.084370  0.247932  0.099599    0.3263    0.4582    0.1530    0.0630    0.2117    0.1338    0.4114
 000275   I  0.090270  0.277403  0.100613    0.4037    0.5254    0.1760    0.0690    0.2455    0.1603    0.4116
 000276   F  0.092307  0.307649  0.102054    0.4651    0.5098    0.1990    0.0780    0.2624    0.1648    0.4114
 000277   T  0.094674  0.367821  0.105031    0.4379    0.5055    0.2250    0.1110    0.2718    0.1596    0.4080
 000278   D  0.108932  0.424407  0.107881    0.3630    0.4901    0.2780    0.1330    0.2774    0.1479    0.4043
 000279   T  0.123353  0.488959  0.113244    0.3630    0.4901    0.3470    0.1500    0.3021    0.1547    0.3983
 000280   E  0.154166  0.535804  0.122472    0.3939    0.5419    0.3840    0.1600    0.3349    0.1668    0.3918
 000281   D  0.170974  0.593113  0.135317    0.3885    0.4652    0.4610    0.1620    0.3465    0.1660    0.3827
 000282   T  0.199736  0.627674  0.150518    0.4749    0.5211    0.5510    0.1890    0.3958    0.1819    0.3730
 000283   G  0.266393  0.632028  0.164060    0.4203    0.5176    0.5620    0.1830    0.3998    0.1673    0.3665
 000284   N  0.334073  0.607905  0.173209    0.3992    0.4087    0.5200    0.1810    0.3783    0.1403    0.3610
 000285   Q  0.400513  0.596172  0.177941    0.3992    0.4017    0.4070    0.1580    0.3674    0.1245    0.3599
 000286   A  0.469353  0.561755  0.178815    0.3847    0.5017    0.3840    0.1430    0.3835    0.1258    0.3585
 000287   L  0.526843  0.498630  0.180553    0.4556    0.5758    0.3810    0.1250    0.4064    0.1328    0.3596
 000288   S  0.580987  0.500254  0.180513    0.4703    0.5901    0.3710    0.0970    0.4188    0.1438    0.3620
 000289   G  0.611465  0.506307  0.178689    0.4245    0.5665    0.4610    0.1620    0.4282    0.1427    0.3666
 000290   S  0.637596  0.493840  0.172139    0.4420    0.5901    0.4950    0.1900    0.4430    0.1517    0.3732
 000291   N  0.642565  0.490682  0.167971    0.4203    0.5807    0.5130    0.2040    0.4411    0.1542    0.3823
 000292   V  0.633294  0.480088  0.161258    0.4420    0.4901    0.5060    0.1960    0.4252    0.1455    0.3920
 000293   A  0.618314  0.494862  0.150991    0.4420    0.4017    0.4730    0.1660    0.4050    0.1438    0.4014
 000294   G  0.606850  0.495286  0.142552    0.3762    0.3286    0.4320    0.1450    0.3731    0.1461    0.4120
 000295   F  0.587123  0.501315  0.133908    0.3096    0.3392    0.4500    0.1340    0.3645    0.1486    0.4247
 000296   G  0.515316  0.488086  0.125148    0.2209    0.2715    0.4000    0.1040    0.3160    0.1437    0.4315
 000297   D  0.441832  0.476462  0.115783    0.2748    0.2364    0.3390    0.1170    0.2948    0.1241    0.4267
 000298   A  0.370494  0.445964  0.106900    0.2820    0.2849    0.3350    0.1120    0.2865    0.1058    0.4168
 000299   D  0.316527  0.412394  0.100555    0.2255    0.2034    0.3020    0.1180    0.2433    0.0997    0.4062
 000300   G  0.275253  0.362796  0.097288    0.1958    0.2164    0.2730    0.1410    0.2205    0.0835    0.3948
 000301   E  0.208656  0.330356  0.093603    0.1380    0.1323    0.2000    0.1280    0.1682    0.0782    0.3830
 000302   N  0.164566  0.271013  0.086301    0.1495    0.1323    0.1600    0.0930    0.1462    0.0576    0.3713
 000303   V  0.120415  0.215641  0.079772    0.1240    0.2002    0.1220    0.0620    0.1303    0.0499    0.3593
 000304   Y  0.081472  0.173592  0.076166    0.1416    0.2399    0.0980    0.0270    0.1224    0.0594    0.3491
 000305   L  0.074008  0.145588  0.073003    0.1602    0.2399    0.0870    0.0190    0.1177    0.0611    0.3431
 000306   E  0.071764  0.124712  0.072206    0.2333    0.3356    0.0830    0.0190    0.1415    0.0995    0.3409
 000307   V  0.072119  0.113867  0.068557    0.2292    0.3356    0.0890    0.0260    0.1400    0.0993    0.3402
 000308   V  0.072056  0.119974  0.063472    0.2209    0.2399    0.0860    0.0320    0.1231    0.0716    0.3403
 000309   A  0.070126  0.144881  0.058240    0.2531    0.1942    0.1030    0.0510    0.1276    0.0698    0.3412
 000310   Y  0.068709  0.177651  0.051064    0.1732    0.1206    0.1210    0.0580    0.1102    0.0482    0.3417
 000311   D  0.051325  0.217990  0.041589    0.1205    0.1399    0.1290    0.0570    0.1098    0.0594    0.3424
 000312   F  0.030546  0.252014  0.027938    0.0660    0.0780    0.1420    0.0520    0.0948    0.0782    0.3442
 000313   N  0.009466  0.284858  0.011045    0.0813    0.0734    0.1250    0.0280    0.0957    0.0931    0.3511
 000314   E  0.009220  0.285497 -0.004313    0.0660    0.0581    0.1180    0.0360    0.0895    0.0966    0.3576
 000315   N  0.008959  0.276637 -0.013923    0.1018    0.0581    0.1290    0.0420    0.0958    0.0956    0.3636
 000316   R  0.010162  0.246703 -0.016084    0.0935    0.0967    0.0940    0.0300    0.0902    0.0839    0.3664
 000317   S  0.017315  0.215071 -0.014348    0.0455    0.0870    0.0640    0.0150    0.0715    0.0729    0.3667
 000318   H  0.019573  0.170799 -0.010487    0.0701    0.1323    0.0430    0.0110    0.0726    0.0630    0.3643
 000319   Y  0.031961  0.141138 -0.006620    0.0991    0.2064    0.0400    0.0110    0.0864    0.0723    0.3638
 000320   I  0.043257  0.116720 -0.003406    0.1240    0.2399    0.0380    0.0120    0.0937    0.0794    0.3677
 000321   L  0.044515  0.108941 -0.000817    0.2080    0.3286    0.0450    0.0130    0.1225    0.1135    0.3750
 000322   P  0.045729  0.118439  0.002279    0.1878    0.2849    0.0500    0.0190    0.1145    0.0965    0.3876
 000323   I  0.051073  0.121782  0.006457    0.2820    0.3983    0.0620    0.0250    0.1524    0.1402    0.4052
 000324   T  0.053506  0.124718  0.010437    0.2385    0.3872    0.0590    0.0240    0.1439    0.1302    0.4190
 000325   F  0.075709  0.141674  0.015834    0.2209    0.3117    0.0730    0.0270    0.1372    0.1001    0.4335
 000326   I  0.107894  0.186879  0.022543    0.2122    0.3087    0.0950    0.0310    0.1519    0.0925    0.4103
 000327   N  0.169778  0.237361  0.030342    0.1532    0.2783    0.1200    0.0530    0.1598    0.0801    0.3848
 000328   T  0.229800  0.296783  0.035942    0.1602    0.3087    0.1870    0.0660    0.1971    0.0921    0.3602
 000329   N  0.262046  0.375226  0.041886    0.1292    0.3117    0.2020    0.0750    0.2134    0.1117    0.3360
 000330   P  0.325584  0.430841  0.049199    0.2122    0.4051    0.2260    0.0740    0.2666    0.1301    0.3174
 000331   T  0.390159  0.473118  0.058836    0.2786    0.4256    0.2900    0.0990    0.3096    0.1360    0.3006
 000332   Q  0.493478  0.532830  0.074332    0.3535    0.4766    0.3610    0.1530    0.3696    0.1533    0.2861
 000333   A  0.599427  0.566702  0.088334    0.2432    0.4149    0.3480    0.1430    0.3620    0.1781    0.2778
 000334   N  0.684783  0.576624  0.102521    0.2963    0.5055    0.3790    0.1560    0.4070    0.1921    0.2724
 000335   T  0.753728  0.580504  0.116502    0.2602    0.4685    0.4150    0.1790    0.4129    0.2076    0.2666
 000336   V  0.798132  0.572118  0.128524    0.3399    0.4940    0.3790    0.2050    0.4305    0.2087    0.2616
 000337   Q  0.832792  0.536635  0.140869    0.3992    0.5992    0.3380    0.1640    0.4510    0.2186    0.2605
 000338   A  0.895275  0.497983  0.151980    0.3096    0.4940    0.3150    0.1260    0.4186    0.2356    0.2623
 000339   P  0.934885  0.464829  0.163303    0.3053    0.4940    0.2610    0.0580    0.4100    0.2515    0.2692
 000340   T  0.975075  0.416185  0.175691    0.2255    0.4901    0.2270    0.0610    0.3890    0.2748    0.2752
 000341   Q  0.882978  0.362343  0.183825    0.1878    0.4330    0.1770    0.0530    0.3406    0.2509    0.2807
 000342   V  0.782149  0.325848  0.192067    0.1921    0.3740    0.1580    0.0540    0.3053    0.2160    0.2872
 000343   A  0.690024  0.310792  0.198258    0.1602    0.3631    0.1360    0.0500    0.2767    0.1910    0.2968
 000344   A  0.590608  0.279404  0.202893    0.1349    0.3019    0.1180    0.0420    0.2375    0.1615    0.3064
 000345   T  0.486189  0.267317  0.207658    0.1322    0.2129    0.1110    0.0350    0.2017    0.1280    0.3213
 000346   A  0.380266  0.240876  0.211347    0.0858    0.2129    0.0970    0.0270    0.1695    0.1044    0.3352
 000347   I  0.277230  0.209571  0.211547    0.0832    0.2129    0.0920    0.0200    0.1458    0.0785    0.3487
 000348   T  0.175243  0.184158  0.211574    0.0813    0.1969    0.0880    0.0180    0.1210    0.0627    0.3594
 000349   L  0.070308  0.171993  0.210697    0.0621    0.2002    0.0890    0.0170    0.0989    0.0711    0.3664
 000350   T  0.053656  0.186160  0.211426    0.0502    0.2002    0.0930    0.0200    0.0972    0.0771    0.3687
 000351   Q  0.045837  0.187207  0.214037    0.0405    0.1702    0.0990    0.0210    0.0905    0.0770    0.3714
 000352   A  0.028954  0.200796  0.217256    0.0478    0.1554    0.1040    0.0220    0.0895    0.0803    0.3741
 000353   V  0.021020  0.177053  0.221690    0.0607    0.1424    0.0990    0.0170    0.0834    0.0775    0.3753
 000354   G  0.018507  0.210542  0.224727    0.0744    0.1731    0.0960    0.0160    0.0954    0.0840    0.3751
 000355   F  0.018869  0.214393  0.227036    0.0554    0.1528    0.0980    0.0210    0.0900    0.0862    0.3735
 000356   Y  0.015123  0.243371  0.229364    0.0587    0.1731    0.1040    0.0350    0.0990    0.0931    0.3640
 000357   G  0.012081  0.266636  0.230490    0.0464    0.1501    0.1040    0.0440    0.0966    0.0995    0.3544
 000358   V  0.011407  0.275075  0.230017    0.0965    0.1914    0.1090    0.0470    0.1140    0.0968    0.3466
 000359   K  0.011249  0.278974  0.230703    0.0621    0.1823    0.1090    0.0530    0.1073    0.1013    0.3402
 000360   A  0.011583  0.276150  0.227749    0.0789    0.2503    0.1540    0.0670    0.1285    0.1027    0.3348
 000361   P  0.011081  0.288508  0.224414    0.0813    0.2575    0.1780    0.0770    0.1360    0.1050    0.3298
 000362   A  0.012330  0.306518  0.218735    0.0789    0.1942    0.2180    0.0770    0.1350    0.1041    0.3238
 000363   K  0.040174  0.316401  0.206574    0.1018    0.2224    0.1840    0.0560    0.1441    0.0948    0.3177
 000364   I  0.054090  0.322451  0.196121    0.0965    0.2988    0.2070    0.0720    0.1632    0.1026    0.3139
 000365   Q  0.060432  0.345127  0.186827    0.0965    0.2292    0.2170    0.0770    0.1580    0.0980    0.3089
 000366   V  0.096687  0.346824  0.176715    0.1602    0.2951    0.2810    0.0990    0.1967    0.0923    0.3066
 000367   P  0.134294  0.334030  0.168019    0.1566    0.3087    0.2850    0.1060    0.2031    0.0848    0.3089
 000368   V  0.154947  0.330799  0.158773    0.1292    0.3215    0.2840    0.1250    0.2034    0.0880    0.3111
 000369   A  0.169313  0.321638  0.154337    0.1292    0.4051    0.2600    0.1240    0.2142    0.1024    0.3161
 000370   K  0.241444  0.326626  0.150109    0.1495    0.3774    0.2160    0.0920    0.2186    0.0884    0.3214
 000371   G  0.330773  0.325804  0.144268    0.1998    0.3807    0.1970    0.0730    0.2391    0.0897    0.3317
 000372   Q  0.393612  0.340878  0.141376    0.1380    0.2951    0.1960    0.0650    0.2273    0.1012    0.3432
 000373   V  0.476407  0.331492  0.137478    0.1456    0.3494    0.1840    0.0550    0.2479    0.1266    0.3589
 000374   G  0.561766  0.326935  0.136788    0.1041    0.3807    0.1520    0.0570    0.2542    0.1647    0.3748
 000375   E  0.614786  0.320208  0.139155    0.1844    0.4582    0.1380    0.0440    0.2860    0.1792    0.3913
 000376   L  0.656318  0.315055  0.141005    0.1958    0.4409    0.1200    0.0430    0.2880    0.1907    0.4041
 000377   A  0.726176  0.310161  0.143972    0.2700    0.5139    0.1010    0.0320    0.3201    0.2177    0.4093
 000378   L  0.798243  0.313203  0.147848    0.2432    0.4087    0.0850    0.0180    0.3080    0.2346    0.4118
 000379   D  0.810570  0.347301  0.153376    0.3146    0.3807    0.0810    0.0240    0.3223    0.2343    0.4137
 000380   P  0.807221  0.356136  0.158258    0.2865    0.3529    0.0890    0.0270    0.3152    0.2316    0.4121
 000381   M  0.785415  0.353680  0.159835    0.2167    0.3807    0.1130    0.0320    0.3082    0.2250    0.4123
 000382   A  0.705268  0.362345  0.160596    0.1667    0.3249    0.1000    0.0360    0.2766    0.2042    0.4088
 000383   V  0.619941  0.375378  0.160933    0.1844    0.3149    0.0860    0.0280    0.2634    0.1782    0.4065
 000384   P  0.536731  0.369535  0.158938    0.1998    0.2884    0.0770    0.0170    0.2452    0.1529    0.4035
 000385   E  0.463660  0.373705  0.155941    0.1958    0.2129    0.0770    0.0160    0.2205    0.1341    0.4089
 000386   G  0.384444  0.344034  0.152795    0.1266    0.1275    0.0800    0.0190    0.1772    0.1196    0.4108
 000387   S  0.305567  0.289669  0.148506    0.1416    0.1881    0.0720    0.0220    0.1662    0.0866    0.4162
 000388   N  0.229486  0.243530  0.144063    0.1088    0.2258    0.0690    0.0240    0.1461    0.0709    0.4242
 000389   L  0.156460  0.179451  0.139812    0.1635    0.2988    0.0650    0.0240    0.1439    0.0730    0.4313
 000390   Y  0.119180  0.119236  0.135125    0.1635    0.2783    0.0630    0.0230    0.1239    0.0698    0.4226
 000391   V  0.102890  0.090912  0.133031    0.1456    0.2224    0.0600    0.0210    0.1036    0.0560    0.4140
 000392   E  0.096069  0.082333  0.130436    0.1766    0.2849    0.0510    0.0200    0.1151    0.0800    0.4079
 000393   V  0.088982  0.075380  0.128003    0.1766    0.3356    0.0510    0.0180    0.1213    0.0975    0.4029
 000394   R  0.081954  0.067476  0.126148    0.2657    0.2951    0.0510    0.0160    0.1268    0.0991    0.4001
 000395   W  0.070033  0.072963  0.124417    0.2602    0.2436    0.0590    0.0170    0.1177    0.0855    0.3951
 000396   C  0.061393  0.083755  0.124389    0.1667    0.1373    0.0610    0.0180    0.0851    0.0449    0.4014
 000397   Y  0.061195  0.105484  0.124156    0.1456    0.1501    0.0700    0.0220    0.0887    0.0401    0.4019
 000398   T  0.055392  0.129119  0.124348    0.0935    0.1028    0.0790    0.0240    0.0766    0.0328    0.4027
 000399   D  0.029652  0.168133  0.125245    0.1018    0.1070    0.0860    0.0340    0.0821    0.0466    0.4031
 000400   T  0.036757  0.182144  0.124008    0.1060    0.1611    0.0890    0.0400    0.0959    0.0519    0.4058
 000401   S  0.041339  0.207279  0.129903    0.1732    0.2328    0.0870    0.0390    0.1236    0.0702    0.4075
 000402   A  0.056620  0.233523  0.134419    0.2167    0.2988    0.0770    0.0340    0.1472    0.0899    0.4084
 000403   P  0.081372  0.267737  0.144689    0.1921    0.2951    0.0740    0.0290    0.1517    0.0883    0.4090
 000404   P  0.098548  0.283137  0.155547    0.2483    0.3529    0.0790    0.0290    0.1770    0.1029    0.4072
 000405   F  0.114001  0.321423  0.167700    0.2657    0.3249    0.1020    0.0370    0.1880    0.0964    0.4044
 000406   A  0.118763  0.346816  0.175052    0.3399    0.4220    0.1190    0.0430    0.2243    0.1240    0.4050
 000407   F  0.121045  0.357397  0.175647    0.3762    0.4149    0.1430    0.0570    0.2355    0.1238    0.4024
 000408   D  0.124897  0.368721  0.174338    0.4600    0.4409    0.1520    0.0560    0.2578    0.1429    0.4031
 000409   I  0.127143  0.352949  0.171094    0.3885    0.4369    0.1520    0.0420    0.2429    0.1277    0.4040
 000410   E  0.131318  0.338864  0.165280    0.3146    0.3631    0.1330    0.0340    0.2134    0.1032    0.4085
 000411   R  0.123854  0.344465  0.160932    0.3146    0.3566    0.1430    0.0370    0.2138    0.1029    0.4113
 000412   S  0.108639  0.343377  0.161407    0.2602    0.3667    0.1420    0.0410    0.2034    0.1033    0.4127
 000413   T  0.101501  0.333281  0.168535    0.2963    0.3356    0.1470    0.0490    0.2023    0.0985    0.4142
 000414   D  0.105435  0.338468  0.175925    0.2700    0.3149    0.1450    0.0580    0.1957    0.0924    0.4138
 000415   G  0.114062  0.344182  0.184914    0.1998    0.2951    0.1470    0.0580    0.1834    0.0863    0.4157
 000416   A  0.148372  0.331571  0.195556    0.2820    0.3948    0.1450    0.0520    0.2169    0.0994    0.4181
 000417   N  0.212626  0.331568  0.208842    0.3146    0.3948    0.1300    0.0440    0.2306    0.0958    0.4193
 000418   W  0.234733  0.318117  0.221923    0.3992    0.4940    0.1300    0.0320    0.2626    0.1261    0.4175
 000419   V  0.259324  0.313631  0.234153    0.3578    0.4685    0.1150    0.0340    0.2525    0.1159    0.4186
 000420   R  0.299312  0.317292  0.245011    0.4149    0.5493    0.1330    0.0430    0.2856    0.1369    0.4227
 000421   V  0.376695  0.358144  0.251443    0.3939    0.4476    0.1610    0.0580    0.2896    0.1050    0.4251
 000422   G  0.461367  0.415989  0.258512    0.3992    0.4369    0.1800    0.0630    0.3156    0.1116    0.4320
 000423   T  0.449452  0.438606  0.262308    0.3399    0.4369    0.1990    0.0760    0.3106    0.1059    0.4279
 000424   V  0.435457  0.492050  0.274384    0.3399    0.4441    0.2260    0.0800    0.3228    0.1066    0.4199
 000425   G  0.407934  0.542134  0.286184    0.3263    0.4507    0.2770    0.1130    0.3341    0.1064    0.4082
 000426   G  0.390337  0.579001  0.294671    0.3263    0.3460    0.3110    0.1330    0.3254    0.1081    0.3980
 000427   G  0.358442  0.614141  0.301448    0.3762    0.3840    0.3580    0.1400    0.3485    0.1118    0.3928
 000428   A  0.327722  0.645990  0.308250    0.2963    0.3740    0.3440    0.1240    0.3313    0.1309    0.3886
 000429   S  0.280327  0.651291  0.317107    0.3630    0.4864    0.3650    0.1240    0.3576    0.1357    0.3845
 000430   S  0.195054  0.675337  0.324953    0.4245    0.4409    0.3660    0.1250    0.3503    0.1551    0.3841
 000431   S  0.108647  0.699734  0.333475    0.4420    0.3494    0.4370    0.1590    0.3395    0.1841    0.3891
 000432   C  0.109040  0.708355  0.334620    0.4149    0.3053    0.4710    0.1790    0.3348    0.1899    0.3941
 000433   S  0.109929  0.695185  0.336929    0.3456    0.3019    0.4340    0.1560    0.3145    0.1838    0.4017
 000434   S  0.100713  0.694798  0.334245    0.2700    0.3149    0.4170    0.1330    0.2995    0.1879    0.4095
 000435   N  0.056389  0.676384  0.331359    0.3359    0.3426    0.4160    0.1080    0.3045    0.1895    0.4171
 000436   P  0.066948  0.623749  0.326276    0.3491    0.3356    0.3950    0.0910    0.2951    0.1711    0.4264
 000437   F  0.075665  0.575528  0.325314    0.3184    0.3599    0.3680    0.1020    0.2829    0.1553    0.4328
 000438   N  0.087565  0.557031  0.333630    0.3096    0.3740    0.3130    0.0990    0.2735    0.1481    0.4281
 000439   R  0.100798  0.528556  0.343354    0.3578    0.3249    0.2870    0.1040    0.2665    0.1380    0.4235
 000440   P  0.106937  0.548515  0.353908    0.3806    0.3356    0.2740    0.0820    0.2742    0.1441    0.4182
 000441   F  0.112722  0.536824  0.366503    0.3399    0.3631    0.2740    0.0860    0.2712    0.1402    0.4141
 000442   Y  0.112978  0.543823  0.377633    0.3399    0.3704    0.2500    0.0680    0.2695    0.1455    0.4136
 000443   F  0.109618  0.547672  0.387678    0.4282    0.4582    0.2360    0.0510    0.2967    0.1598    0.4153
 000444   R  0.097513  0.576814  0.395675    0.4333    0.4685    0.2680    0.0850    0.3073    0.1673    0.4183
 000445   D  0.092484  0.593056  0.405132    0.4600    0.3840    0.2920    0.0970    0.3036    0.1682    0.4205
 000446   A  0.082369  0.608585  0.408554    0.4600    0.3740    0.3100    0.0930    0.3059    0.1735    0.4235
 000447   S  0.070967  0.629139  0.412362    0.3806    0.2609    0.3100    0.0950    0.2752    0.1818    0.4255
 000448   P  0.059478  0.630638  0.416772    0.4703    0.3599    0.3120    0.1130    0.3054    0.1866    0.4267
 000449   D  0.061307  0.654103  0.425736    0.3992    0.2951    0.3610    0.1140    0.2951    0.1896    0.4269
 000450   L  0.092701  0.665022  0.434324    0.4078    0.2364    0.4060    0.1030    0.3013    0.1915    0.4273
 000451   T  0.144507  0.668187  0.442861    0.3263    0.1852    0.3970    0.1130    0.2869    0.1889    0.4275
 000452   P  0.241486  0.676666  0.457795    0.3456    0.2817    0.3960    0.1300    0.3235    0.1617    0.4279
 000453   G  0.346109  0.681609  0.474365    0.3885    0.3667    0.3980    0.1340    0.3636    0.1388    0.4276
 000454   Q  0.442134  0.691753  0.491814    0.4781    0.4441    0.4160    0.1250    0.4120    0.1231    0.4266
 000455   T  0.506822  0.691814  0.500820    0.4703    0.4369    0.4910    0.1170    0.4329    0.1169    0.4251
 000456   Y  0.607395  0.684115  0.512087    0.4245    0.4149    0.5390    0.1420    0.4451    0.1280    0.4231
 000457   H  0.710945  0.703725  0.526490    0.4513    0.4149    0.5470    0.1520    0.4712    0.1437    0.4226
 000458   Y  0.804194  0.726950  0.538368    0.4556    0.4441    0.5220    0.1600    0.4922    0.1629    0.4217
 000459   R  0.867652  0.737653  0.549800    0.4116    0.4119    0.4980    0.1470    0.4878    0.1925    0.4226
 000460   V  0.916377  0.740583  0.558708    0.4203    0.4087    0.6110    0.1700    0.5161    0.2009    0.4209
 000461   V  0.922023  0.746039  0.567876    0.4600    0.5098    0.6460    0.1400    0.5474    0.1822    0.4194
 000462   A  0.924545  0.759926  0.578976    0.4879    0.4979    0.6100    0.1430    0.5466    0.1822    0.4198
 000463   R  0.931722  0.769541  0.590136    0.4825    0.4652    0.5850    0.1330    0.5391    0.1918    0.4221
 000464   G  0.976024  0.779559  0.605986    0.4781    0.4685    0.6030    0.1240    0.5509    0.2045    0.4248
 000465   A  0.985447  0.791435  0.621814    0.4513    0.4619    0.6130    0.1200    0.5505    0.2136    0.4274
 000466   S  0.989434  0.808167  0.636927    0.4513    0.4831    0.5930    0.1220    0.5542    0.2152    0.4301
 000467   S  0.989374  0.822813  0.652876    0.5126    0.4940    0.5660    0.1120    0.5642    0.2094    0.4322
 000468   A  0.950156  0.834166  0.667516    0.5331    0.5254    0.5810    0.1080    0.5706    0.1943    0.4333
 000469   E  0.910293  0.834847  0.681096    0.5374    0.6712    0.5510    0.1030    0.5841    0.1777    0.4332
 000470   S  0.897668  0.838679  0.693995    0.5514    0.5419    0.5640    0.1000    0.5655    0.1836    0.4325
 000471   Q  0.869974  0.850593  0.709142    0.6334    0.4940    0.5400    0.0930    0.5647    0.1853    0.4322
 000472   P  0.824337  0.854894  0.723182    0.6174    0.5296    0.5390    0.0930    0.5609    0.1765    0.4321
 000473   S  0.778663  0.855244  0.736163    0.5667    0.5951    0.5620    0.1170    0.5595    0.1673    0.4325
 000474   S  0.742584  0.855302  0.748913    0.5412    0.5098    0.5560    0.1360    0.5341    0.1797    0.4329
 000475   T  0.706418  0.850148  0.754719    0.5583    0.4330    0.5460    0.1150    0.5157    0.1893    0.4335
 000476   T  0.648749  0.839863  0.757199    0.5331    0.4541    0.5210    0.0900    0.4995    0.1863    0.4318
 000477   P  0.661050  0.830986  0.761409    0.4825    0.4864    0.4100    0.1050    0.4784    0.2011    0.4299
 000478   L  0.677590  0.803571  0.763539    0.4825    0.4619    0.3510    0.0860    0.4627    0.2105    0.4282
 000479   P  0.649629  0.771451  0.760868    0.5331    0.5098    0.2820    0.0700    0.4576    0.2109    0.4260
 000480   P  0.632375  0.703109  0.750412    0.4879    0.5098    0.2800    0.0620    0.4355    0.2009    0.4227
 000481   F  0.617188  0.693134  0.739787    0.5126    0.5098    0.2880    0.0790    0.4368    0.1929    0.4186
 000482   F  0.609740  0.662343  0.727132    0.5173    0.4369    0.2740    0.0880    0.4167    0.1937    0.4165
 000483   A  0.573421  0.615175  0.710498    0.4967    0.4119    0.2530    0.0870    0.3917    0.1894    0.4142
 000484   P  0.524250  0.604877  0.692638    0.4333    0.3631    0.2440    0.0880    0.3615    0.1890    0.4109
 000485   L  0.522277  0.590015  0.675169    0.4420    0.3631    0.2490    0.1000    0.3611    0.1808    0.4064
 000486   L  0.508143  0.588652  0.656496    0.3717    0.3494    0.2560    0.1150    0.3456    0.1784    0.4040
 000487   S  0.442572  0.599358  0.635112    0.3717    0.3494    0.2800    0.1280    0.3404    0.1679    0.4045
 000488   P  0.423014  0.610182  0.613887    0.3399    0.3494    0.2930    0.1450    0.3359    0.1644    0.4055
 000489   A  0.429692  0.620361  0.595354    0.4037    0.4441    0.3350    0.1810    0.3722    0.1427    0.4074
 000490   D  0.452981  0.621508  0.576035    0.4078    0.3149    0.3560    0.1770    0.3589    0.1468    0.4086
 000491   E  0.443937  0.630430  0.557972    0.4037    0.2328    0.3860    0.1640    0.3494    0.1577    0.4113
 000492   S  0.477478  0.635570  0.538698    0.3885    0.2541    0.3810    0.1700    0.3561    0.1518    0.4149
 000493   V  0.533605  0.606717  0.517839    0.3939    0.3529    0.3530    0.1730    0.3733    0.1306    0.4183
 000494   G  0.551041  0.567478  0.495687    0.3359    0.3774    0.3200    0.1360    0.3586    0.1303    0.4221
 000495   V  0.539264  0.542143  0.470113    0.3146    0.3807    0.3050    0.1140    0.3470    0.1253    0.4270
 000496   S  0.564172  0.509887  0.442955    0.3578    0.4652    0.2640    0.1030    0.3602    0.1232    0.4328
 000497   K  0.531319  0.480491  0.416437    0.4420    0.4652    0.2010    0.0720    0.3534    0.1261    0.4312
 000498   T  0.464943  0.451916  0.389912    0.4556    0.4864    0.1830    0.0530    0.3402    0.1225    0.4335
 000499   P  0.394719  0.419021  0.363568    0.3399    0.3807    0.1390    0.0330    0.2789    0.1110    0.4298
 000500   D  0.351151  0.376025  0.336735    0.3806    0.4119    0.1400    0.0430    0.2767    0.1055    0.4259
 000501   F  0.283270  0.323709  0.310355    0.2700    0.3667    0.1260    0.0300    0.2283    0.0914    0.4249
 000502   V  0.207669  0.264881  0.282337    0.2483    0.3631    0.0840    0.0140    0.1947    0.0968    0.4258
 000503   I  0.142463  0.225067  0.255062    0.2167    0.3704    0.0800    0.0180    0.1725    0.1001    0.4255
 000504   G  0.094519  0.218223  0.228353    0.2913    0.3983    0.0930    0.0170    0.1825    0.1137    0.4255
 000505   H  0.053188  0.218105  0.200507    0.2865    0.3667    0.1410    0.0450    0.1776    0.1053    0.4250
 000506   P  0.038149  0.217228  0.175624    0.3225    0.3392    0.1470    0.0410    0.1773    0.1074    0.4238
 000507   Q  0.033926  0.233309  0.152400    0.2865    0.3566    0.1390    0.0390    0.1749    0.1085    0.4246
 000508   L  0.032021  0.261231  0.132153    0.1998    0.2918    0.1340    0.0390    0.1532    0.0899    0.4277
 000509   Q  0.027270  0.294274  0.113380    0.1998    0.2258    0.1300    0.0390    0.1462    0.0881    0.4292
 000510   I  0.023528  0.318522  0.097177    0.1088    0.1399    0.1290    0.0410    0.1200    0.0911    0.4162
 000511   G  0.017408  0.330559  0.084319    0.0621    0.0734    0.1060    0.0250    0.0982    0.1022    0.4046
 000512   A  0.015693  0.306774  0.072256    0.0643    0.1449    0.0760    0.0090    0.1012    0.0952    0.4009
 000513   D  0.007888  0.257247  0.064262    0.0607    0.1969    0.0570    0.0070    0.0966    0.0891    0.4037
 000514   G  0.003942  0.193938  0.058434    0.1150    0.2002    0.0550    0.0090    0.0946    0.0737    0.4020
 000515   A  0.003238  0.139509  0.052854    0.1088    0.2034    0.0480    0.0130    0.0839    0.0667    0.4008
 000516   A  0.003172  0.103786  0.049277    0.0621    0.2064    0.0420    0.0130    0.0696    0.0652    0.4000
 000517   Y  0.002630  0.078365  0.047137    0.0490    0.1969    0.0390    0.0120    0.0610    0.0619    0.3973
 000518   N  0.002426  0.073394  0.045448    0.0441    0.1881    0.0350    0.0130    0.0571    0.0595    0.4009
 000519   L  0.001920  0.067230  0.042911    0.0832    0.1969    0.0370    0.0130    0.0644    0.0620    0.4068
 000520   V  0.001804  0.066532  0.040808    0.0744    0.1583    0.0410    0.0130    0.0570    0.0487    0.4134
 000521   L  0.001380  0.067095  0.039492    0.0832    0.1424    0.0450    0.0110    0.0564    0.0441    0.4208
 000522   W  0.001235  0.073054  0.038312    0.0621    0.1501    0.0430    0.0130    0.0550    0.0460    0.4332
 000523   D  0.001136  0.077904  0.037517    0.0490    0.1791    0.0450    0.0110    0.0587    0.0561    0.4334
 000524   T  0.000772  0.085923  0.036512    0.0490    0.1070    0.0480    0.0100    0.0484    0.0348    0.4242
 000525   L  0.000605  0.103044  0.036164    0.0464    0.1028    0.0540    0.0140    0.0512    0.0369    0.4179
 000526   T  0.000177  0.115889  0.035773    0.0327    0.1229    0.0560    0.0160    0.0546    0.0451    0.4096
 000527   G  0.000171  0.135921  0.035661    0.0405    0.0870    0.0610    0.0190    0.0542    0.0433    0.3997
 000528   D  0.000166  0.174633  0.035709    0.0701    0.1528    0.0680    0.0210    0.0777    0.0619    0.3924
 000529   G  0.000479  0.191468  0.035061    0.0376    0.0929    0.0750    0.0250    0.0663    0.0614    0.3746
 000530   V  0.000478  0.190806  0.034182    0.0643    0.0870    0.0890    0.0290    0.0719    0.0595    0.3592
 000531   A  0.000471  0.197065  0.032850    0.0554    0.0870    0.0690    0.0240    0.0681    0.0619    0.3481
 000532   W  0.000472  0.185511  0.031789    0.0526    0.1476    0.0660    0.0240    0.0753    0.0652    0.3393
 000533   Q  0.000479  0.150621  0.030188    0.0567    0.1399    0.0540    0.0210    0.0669    0.0553    0.3184
 000534   T  0.000532  0.139150  0.027384    0.0587    0.1251    0.0580    0.0200    0.0636    0.0497    0.3090
 000535   L  0.000533  0.124248  0.025549    0.0316    0.1298    0.0670    0.0190    0.0589    0.0494    0.3036
 000536   S  0.000557  0.106057  0.023694    0.0567    0.1942    0.0640    0.0190    0.0702    0.0631    0.2986
 000537   G  0.000574  0.099576  0.022058    0.0587    0.2064    0.0690    0.0200    0.0724    0.0666    0.2951
 000538   Y  0.000279  0.111211  0.020436    0.0587    0.2193    0.0680    0.0190    0.0762    0.0718    0.2979
 000539   N  0.011321  0.117100  0.018902    0.0587    0.2002    0.0690    0.0190    0.0761    0.0644    0.2990
 000540   L  0.022993  0.140430  0.017974    0.0607    0.1298    0.0840    0.0190    0.0731    0.0476    0.3074
 000541   Y  0.045867  0.190678  0.017783    0.0884    0.2002    0.0960    0.0290    0.1035    0.0682    0.3086
 000542   V  0.076628  0.215239  0.019208    0.0621    0.1969    0.1020    0.0340    0.1089    0.0711    0.3096
 000543   E  0.095029  0.238345  0.019953    0.1178    0.2988    0.1150    0.0380    0.1441    0.0933    0.3096
 000544   F  0.108459  0.282211  0.020806    0.0884    0.3053    0.1710    0.0680    0.1593    0.1028    0.3077
 000545   G  0.121888  0.322843  0.023818    0.0858    0.2680    0.1830    0.0660    0.1636    0.1033    0.3037
 000546   N  0.136922  0.357647  0.028430    0.1635    0.2680    0.1960    0.0590    0.1871    0.1033    0.3004
 000547   G  0.140809  0.423313  0.033840    0.1380    0.2094    0.2350    0.0860    0.1911    0.1199    0.3002
 000548   D  0.160439  0.463043  0.039018    0.0991    0.1373    0.2560    0.1020    0.1860    0.1377    0.3027
 000549   N  0.196533  0.464694  0.044908    0.1240    0.2094    0.2610    0.1040    0.2092    0.1306    0.3004
 000550   G  0.185430  0.461912  0.052866    0.0789    0.1137    0.2470    0.1080    0.1812    0.1382    0.3011
 000551   I  0.194157  0.432090  0.061122    0.1322    0.1671    0.2110    0.0830    0.1894    0.1152    0.3052
 000552   P  0.211223  0.375698  0.067442    0.1349    0.2715    0.1820    0.0650    0.1959    0.0989    0.3154
 000553   A  0.233313  0.321998  0.072093    0.1805    0.3019    0.1500    0.0530    0.1979    0.0875    0.3232
 000554   G  0.226705  0.294154  0.074822    0.1844    0.2164    0.1380    0.0480    0.1766    0.0705    0.3315
 000555   E  0.212887  0.256777  0.077344    0.2483    0.3321    0.1240    0.0410    0.1957    0.0862    0.3453
 000556   A  0.209693  0.199944  0.081477    0.1878    0.3460    0.0970    0.0290    0.1735    0.0878    0.3540
 000557   L  0.179128  0.181334  0.087653    0.1878    0.2258    0.0860    0.0260    0.1434    0.0545    0.3613
 000558   V  0.131540  0.161551  0.092474    0.1958    0.1702    0.0790    0.0280    0.1230    0.0447    0.3684
 000559   Y  0.120220  0.136009  0.096780    0.1240    0.0967    0.0800    0.0300    0.0929    0.0250    0.3727
 000560   G  0.081170  0.121290  0.103984    0.0935    0.0454    0.0730    0.0260    0.0690    0.0297    0.3757
 000561   F  0.046027  0.117325  0.107438    0.0587    0.0463    0.0860    0.0370    0.0590    0.0336    0.3808
 000562   H  0.010621  0.102171  0.113319    0.0643    0.0888    0.0830    0.0280    0.0581    0.0384    0.3817
 000563   P  0.004058  0.095472  0.119094    0.0526    0.0780    0.0940    0.0300    0.0540    0.0421    0.3855
 000564   A  0.003296  0.094776  0.127782    0.0813    0.0985    0.1040    0.0310    0.0636    0.0445    0.3886
 000565   V  0.003183  0.101279  0.139611    0.0832    0.1092    0.1060    0.0360    0.0672    0.0484    0.3917
 000566   N  0.005095  0.104239  0.149221    0.0701    0.1115    0.1130    0.0430    0.0673    0.0516    0.3958
 000567   N  0.006714  0.117997  0.159260    0.1018    0.1424    0.1050    0.0420    0.0790    0.0554    0.4051
 000568   F  0.008389  0.124379  0.172667    0.1698    0.2193    0.1080    0.0380    0.1050    0.0725    0.4151
 000569   V  0.010654  0.132893  0.181677    0.2255    0.3087    0.1080    0.0360    0.1310    0.0984    0.4188
 000570   I  0.012987  0.148950  0.194979    0.3053    0.4051    0.1140    0.0430    0.1645    0.1319    0.4230
 000571   F  0.014881  0.200013  0.211797    0.3399    0.3215    0.1490    0.0550    0.1708    0.1145    0.4302
 000572   T  0.024358  0.256179  0.225550    0.4333    0.3667    0.1840    0.0810    0.2107    0.1364    0.4324
 000573   D  0.031879  0.297897  0.238504    0.3668    0.3983    0.2630    0.1310    0.2263    0.1250    0.4330
 000574   T  0.039383  0.368068  0.253350    0.2748    0.3087    0.3090    0.1510    0.2166    0.1126    0.4291
 000575   T  0.059787  0.407300  0.267522    0.3456    0.3566    0.3820    0.1370    0.2586    0.1253    0.4227
 000576   D  0.089652  0.441810  0.282953    0.3399    0.3529    0.4210    0.1690    0.2742    0.1253    0.4182
 000577   P  0.168726  0.514109  0.299320    0.3630    0.3087    0.4440    0.1650    0.2998    0.1211    0.4069
 000578   N  0.263857  0.535202  0.312188    0.2913    0.3053    0.4030    0.1460    0.2998    0.1062    0.3920
 000579   N  0.358988  0.551057  0.321977    0.3359    0.4087    0.3100    0.1240    0.3274    0.0984    0.3777
 000580   P  0.454828  0.537625  0.323809    0.3992    0.4979    0.2390    0.0950    0.3548    0.1156    0.3662
 000581   N  0.549317  0.499878  0.325760    0.4781    0.5176    0.2100    0.0890    0.3759    0.1328    0.3567
 000582   L  0.641773  0.430214  0.324320    0.5762    0.6620    0.1750    0.0730    0.4142    0.1848    0.3453
 000583   V  0.734087  0.379184  0.320868    0.5084    0.5419    0.1620    0.0680    0.3875    0.1889    0.3346
 000584   P  0.759477  0.336104  0.318871    0.4781    0.5533    0.1390    0.0540    0.3777    0.2036    0.3264
 000585   V  0.771391  0.303324  0.318859    0.3939    0.4541    0.1450    0.0520    0.3446    0.1995    0.3211
 000586   D  0.737314  0.281248  0.316578    0.4282    0.4652    0.1490    0.0570    0.3436    0.1912    0.3200
 000587   V  0.662013  0.257090  0.314336    0.3311    0.3356    0.1580    0.0440    0.2906    0.1638    0.3154
 000588   A  0.587154  0.263952  0.309247    0.3263    0.3249    0.1650    0.0570    0.2779    0.1379    0.3153
 000589   Q  0.524153  0.260617  0.305588    0.2292    0.3117    0.1840    0.0790    0.2515    0.1198    0.3221
 000590   G  0.450479  0.255449  0.301154    0.2531    0.2193    0.1870    0.0770    0.2276    0.0985    0.3278
 000591   E  0.380602  0.252977  0.293495    0.2167    0.1643    0.1860    0.0600    0.2001    0.0875    0.3383
 000592   V  0.347513  0.239618  0.290038    0.1380    0.1611    0.1790    0.0520    0.1776    0.0887    0.3431
 000593   T  0.359517  0.218826  0.284334    0.1667    0.1583    0.1320    0.0370    0.1726    0.0926    0.3503
 000594   L  0.382765  0.210768  0.280103    0.2333    0.2436    0.1070    0.0330    0.1962    0.0946    0.3602
 000595   P  0.402451  0.205152  0.272789    0.1292    0.2364    0.0990    0.0400    0.1787    0.1093    0.3667
 000596   Y  0.435865  0.192444  0.262457    0.2080    0.2164    0.0890    0.0330    0.1903    0.1131    0.3772
 000597   D  0.458168  0.202919  0.252098    0.2041    0.2094    0.0750    0.0260    0.1916    0.1217    0.3829
 000598   F  0.441897  0.205152  0.241794    0.1878    0.2399    0.0670    0.0250    0.1902    0.1183    0.3841
 000599   D  0.418900  0.206055  0.227993    0.2255    0.1914    0.0590    0.0200    0.1834    0.1121    0.3848
 000600   G  0.395990  0.221137  0.218414    0.1766    0.1823    0.0590    0.0170    0.1724    0.1061    0.3768
 000601   L  0.329388  0.225472  0.203588    0.1117    0.1852    0.0730    0.0210    0.1541    0.0891    0.3697
 000602   A  0.270002  0.231963  0.185019    0.0935    0.1048    0.0810    0.0210    0.1302    0.0789    0.3569
 000603   Q  0.205164  0.249447  0.168932    0.1380    0.1251    0.0830    0.0230    0.1334    0.0613    0.3539
 000604   L  0.138436  0.267028  0.152499    0.0884    0.0662    0.0850    0.0230    0.1075    0.0719    0.3505
 000605   P  0.083058  0.268359  0.134727    0.1150    0.1162    0.0810    0.0190    0.1106    0.0672    0.3437
 000606   E  0.038775  0.258447  0.117371    0.0405    0.0592    0.0760    0.0140    0.0788    0.0788    0.3379
 000607   L  0.020221  0.240256  0.097647    0.0677    0.0605    0.0760    0.0130    0.0774    0.0714    0.3288
 000608   Q  0.012784  0.214193  0.074929    0.0327    0.0356    0.0680    0.0160    0.0605    0.0678    0.3237
 000609   A  0.005147  0.166477  0.054740    0.0336    0.0690    0.0670    0.0200    0.0569    0.0508    0.3235
 000610   L  0.004397  0.125199  0.037681    0.0167    0.0364    0.0680    0.0260    0.0418    0.0402    0.3241
 000611   R  0.003973  0.108093  0.027376    0.0160    0.0306    0.0580    0.0250    0.0362    0.0347    0.3286
 000612   T  0.001980  0.081358  0.013987    0.0160    0.0306    0.0500    0.0260    0.0300    0.0267    0.3338
 000613   Y  0.001905  0.067859  0.003414    0.0173    0.0356    0.0430    0.0200    0.0276    0.0233    0.3454
 000614   A  0.001407  0.062008 -0.003952    0.0083    0.0205    0.0370    0.0170    0.0215    0.0227    0.3413
 000615   W  0.000426  0.057081 -0.010804    0.0157    0.0356    0.0390    0.0190    0.0246    0.0235    0.3385
 000616   Q  0.000422  0.054343 -0.018346    0.0070    0.0356    0.0450    0.0220    0.0237    0.0262    0.3357
 000617   L  0.000383  0.054587 -0.023780    0.0066    0.0306    0.0620    0.0270    0.0257    0.0306    0.3346
 000618   Y  0.000455  0.057696 -0.030564    0.0131    0.0592    0.0930    0.0460    0.0373    0.0420    0.3302
 000619   V  0.000488  0.064474 -0.036363    0.0121    0.0618    0.1020    0.0530    0.0402    0.0467    0.3197
 000620   S  0.000562  0.077186 -0.041426    0.0167    0.0443    0.1260    0.0620    0.0442    0.0545    0.3084
 000621   Y  0.000648  0.114303 -0.044346    0.0327    0.0734    0.1500    0.0650    0.0619    0.0665    0.3007
 000622   A  0.002703  0.157168 -0.047035    0.0173    0.0443    0.1390    0.0600    0.0600    0.0736    0.2883
 000623   Y  0.005569  0.214960 -0.050092    0.0179    0.0414    0.1670    0.0830    0.0746    0.0939    0.2763
 000624   K  0.008660  0.276004 -0.052823    0.0173    0.0581    0.2010    0.1170    0.0935    0.1159    0.2565
 000625   Y  0.014016  0.360292 -0.057125    0.0226    0.0424    0.2590    0.1270    0.1163    0.1498    0.2481
 000626   N  0.022145  0.411405 -0.060510    0.0425    0.0799    0.3150    0.1220    0.1451    0.1692    0.2378
 000627   P  0.022221  0.451107 -0.062696    0.0226    0.0433    0.2910    0.1340    0.1384    0.1815    0.2289
 000628   G  0.022949  0.482952 -0.062324    0.0387    0.0780    0.2760    0.1160    0.1498    0.1851    0.2206
 000629   E  0.024365  0.474810 -0.060308    0.0395    0.1323    0.2490    0.1010    0.1534    0.1771    0.2155
 000630   N  0.032371  0.433521 -0.057618    0.0660    0.1070    0.2270    0.0880    0.1444    0.1588    0.2098
 000631   Y  0.092650  0.397462 -0.052840    0.0660    0.1298    0.2090    0.0780    0.1492    0.1394    0.2052
 000632   R  0.196041  0.338586 -0.046617    0.0567    0.1942    0.1890    0.0840    0.1625    0.1216    0.1961
 000633   I  0.199691  0.274144 -0.041534    0.0858    0.2164    0.1700    0.0870    0.1577    0.1031    0.1908
 000634   S  0.195437  0.246812 -0.036836    0.1380    0.3019    0.1410    0.0860    0.1705    0.1070    0.1839
 000635   A  0.190899  0.239073 -0.033944    0.1349    0.3087    0.1290    0.0760    0.1671    0.1070    0.1799
 000636   Y  0.192071  0.235732 -0.029274    0.2080    0.2849    0.1340    0.0700    0.1758    0.1005    0.1737
 000637   S  0.193523  0.289997 -0.023004    0.1998    0.1942    0.1420    0.0670    0.1699    0.0953    0.1692
 000638   I  0.197198  0.328330 -0.016635    0.1240    0.1702    0.1600    0.0570    0.1633    0.1019    0.1682
 000639   Q  0.192511  0.362977 -0.009114    0.0909    0.1092    0.1810    0.0590    0.1562    0.1144    0.1667
 000640   T  0.137771  0.381287 -0.002662    0.0884    0.0929    0.1980    0.0760    0.1496    0.1199    0.1679
 000641   W  0.036196  0.385617  0.006052    0.0587    0.0851    0.1960    0.0720    0.1269    0.1297    0.1704
 000642   P  0.034699  0.392136  0.020663    0.1018    0.1399    0.1680    0.0670    0.1394    0.1233    0.1746
 000643   S  0.038126  0.395102  0.034317    0.0965    0.1424    0.1600    0.0580    0.1388    0.1218    0.1791
 000644   S  0.034635  0.403633  0.051018    0.1532    0.2164    0.1550    0.0530    0.1605    0.1226    0.1849
 000645   T  0.033840  0.403019  0.066734    0.1635    0.2328    0.1650    0.0550    0.1664    0.1211    0.1921
 000646   S  0.032004  0.403223  0.080333    0.1878    0.2034    0.1750    0.0690    0.1670    0.1179    0.1987
 000647   F  0.037251  0.412374  0.105039    0.2913    0.1823    0.1780    0.0700    0.1835    0.1235    0.2093
 000648   I  0.039282  0.423564  0.127115    0.2385    0.2002    0.1890    0.0880    0.1818    0.1193    0.2200
 000649   R  0.036657  0.405584  0.146656    0.2531    0.1791    0.2070    0.1100    0.1802    0.1144    0.2270
 000650   I  0.049152  0.400002  0.154581    0.2483    0.1731    0.2530    0.1310    0.1873    0.1108    0.2390
 000651   S  0.051725  0.383135  0.162936    0.1844    0.1731    0.2430    0.0980    0.1725    0.1034    0.2458
 000652   R  0.057905  0.340688  0.170849    0.2820    0.2680    0.2670    0.1070    0.2026    0.0964    0.2547
 000653   T  0.062097  0.322474  0.180265    0.2531    0.2609    0.3380    0.1300    0.2060    0.0979    0.2632
 000654   G  0.069795  0.339485  0.190501    0.2748    0.2609    0.4750    0.1530    0.2366    0.1286    0.2759
 000655   T  0.085879  0.337615  0.200929    0.2963    0.2399    0.4860    0.1230    0.2409    0.1278    0.2893
 000656   Q  0.085144  0.392533  0.212437    0.3456    0.2094    0.4930    0.1630    0.2543    0.1395    0.3058
 000657   V  0.091444  0.443472  0.224865    0.3992    0.1881    0.4640    0.1290    0.2643    0.1456    0.3249
 000658   F  0.093481  0.501969  0.237186    0.5126    0.2817    0.4110    0.1330    0.3001    0.1555    0.3378
 000659   D  0.116669  0.576384  0.249519    0.6124    0.3599    0.4260    0.1030    0.3485    0.1785    0.3444
 000660   F  0.203171  0.670453  0.259737    0.6516    0.3356    0.5310    0.1760    0.3986    0.1901    0.3516
 000661   T  0.105664  0.725203  0.269994    0.7458    0.4330    0.6400    0.1420    0.4417    0.2432    0.3549
 000662   T  0.063354  0.724948  0.278435    0.7951    0.4149    0.6400    0.1450    0.4398    0.2634    0.3624
 000663   G  0.364192  0.770719  0.286428    0.8391    0.3910    0.7660    0.1080    0.5219    0.2309    0.3694
 000664   E  0.849285  0.749636  0.298069    0.8746    0.3529    0.8260    0.0650    0.6088    0.2442    0.3782
