#RESNUM RES     VL-XT     VSL2B       VL3  IUPred-S  IUPred-L  PONDRFIT  FITERROR       MDP  MDPERROR   ANCHOR2
 000001   M  0.344162  0.739130  0.417657    0.7192    0.1070    0.9210    0.0540    0.4717    0.2848    0.2596
 000002   R  0.406027  0.730216  0.412501    0.6442    0.0618    0.8790    0.0490    0.4535    0.2742    0.2628
 000003   L  0.513050  0.720942  0.405703    0.6035    0.1162    0.8800    0.0250    0.4722    0.2510    0.2682
 000004   G  0.433533  0.649061  0.399699    0.4513    0.1184    0.7970    0.0860    0.4082    0.2219    0.2771
 000005   V  0.430932  0.570395  0.388897    0.4420    0.0765    0.7930    0.0570    0.3854    0.2239    0.2857
 000006   L  0.438356  0.476614  0.379563    0.3578    0.1115    0.8450    0.0790    0.3716    0.2265    0.2924
 000007   S  0.465859  0.394700  0.374979    0.2080    0.1115    0.8960    0.0670    0.3460    0.2563    0.3090
 000008   D  0.486339  0.329827  0.369179    0.1878    0.1137    0.9190    0.0520    0.3395    0.2686    0.3173
 000009   L  0.505248  0.303264  0.367631    0.1240    0.0780    0.9190    0.0470    0.3216    0.2862    0.3159
 000010   H  0.518884  0.279715  0.365990    0.0744    0.1070    0.9130    0.0660    0.3155    0.2898    0.3125
 000011   A  0.527336  0.287485  0.365383    0.0308    0.1092    0.8400    0.0960    0.2991    0.2759    0.3013
 000012   N  0.567033  0.326077  0.364290    0.0478    0.0851    0.7730    0.0740    0.2998    0.2613    0.2936
 000013   L  0.614679  0.350678  0.357623    0.0414    0.0870    0.7920    0.0530    0.3142    0.2731    0.2860
 000014   P  0.650355  0.355299  0.350451    0.0414    0.1229    0.6460    0.0680    0.3027    0.2397    0.2749
 000015   A  0.686942  0.373134  0.345516    0.0395    0.1323    0.6090    0.0820    0.3068    0.2393    0.2573
 000016   L  0.703207  0.379326  0.338202    0.0490    0.1914    0.5680    0.1030    0.3152    0.2256    0.2409
 000017   E  0.715703  0.367012  0.325482    0.0935    0.2064    0.5450    0.0880    0.3213    0.2133    0.2256
 000018   A  0.736279  0.362057  0.314733    0.0909    0.2193    0.5370    0.0890    0.3243    0.2168    0.2045
 000019   A  0.751473  0.365725  0.306878    0.0502    0.2193    0.5050    0.0910    0.3153    0.2267    0.1912
 000020   L  0.771841  0.348271  0.296422    0.1041    0.2436    0.4430    0.0920    0.3184    0.2137    0.1836
 000021   E  0.772628  0.349973  0.286078    0.1178    0.1643    0.3660    0.0720    0.2952    0.2178    0.1778
 000022   A  0.766939  0.357557  0.273415    0.1041    0.1399    0.3800    0.0740    0.2915    0.2224    0.1695
 000023   L  0.765244  0.351149  0.259444    0.0567    0.0799    0.3790    0.0900    0.2720    0.2396    0.1604
 000024   R  0.752080  0.343269  0.248015    0.0744    0.1323    0.3370    0.1020    0.2731    0.2230    0.1529
 000025   A  0.733918  0.334043  0.236511    0.0336    0.1229    0.3140    0.0920    0.2564    0.2255    0.1503
 000026   E  0.699003  0.325632  0.221697    0.0441    0.0909    0.3040    0.1040    0.2440    0.2165    0.1542
 000027   G  0.676746  0.307312  0.208255    0.0991    0.1028    0.2930    0.1110    0.2465    0.1978    0.1555
 000028   V  0.651378  0.284385  0.195695    0.0464    0.0948    0.2390    0.1080    0.2193    0.1989    0.1555
 000029   D  0.615923  0.255059  0.184897    0.0387    0.0662    0.1810    0.0930    0.1928    0.1927    0.1638
 000030   E  0.602443  0.230308  0.175310    0.0490    0.0799    0.1430    0.0700    0.1841    0.1862    0.1651
 000031   V  0.591480  0.192229  0.165544    0.0478    0.1554    0.1030    0.0430    0.1817    0.1794    0.1626
 000032   L  0.581556  0.159271  0.154526    0.0425    0.1449    0.0790    0.0240    0.1678    0.1806    0.1652
 000033   V  0.555955  0.139187  0.144424    0.0643    0.1969    0.0680    0.0170    0.1707    0.1696    0.1754
 000034   L  0.515600  0.146476  0.136097    0.1117    0.2715    0.0630    0.0130    0.1848    0.1532    0.1890
 000035   G  0.485967  0.155032  0.127675    0.1380    0.2884    0.0730    0.0210    0.1901    0.1406    0.2003
 000036   D  0.442131  0.171078  0.122718    0.1532    0.2541    0.0900    0.0300    0.1851    0.1190    0.2087
 000037   L  0.385308  0.198985  0.117445    0.1495    0.1501    0.1230    0.0440    0.1677    0.0944    0.2081
 000038   V  0.335094  0.225975  0.109292    0.0991    0.1528    0.1300    0.0400    0.1572    0.0845    0.2058
 000039   G  0.268083  0.238836  0.102597    0.0884    0.2002    0.1240    0.0390    0.1533    0.0711    0.2094
 000040   Y  0.214695  0.279349  0.092985    0.0771    0.1137    0.1370    0.0510    0.1369    0.0735    0.2062
 000041   G  0.166890  0.321025  0.083906    0.0607    0.0531    0.1220    0.0440    0.1206    0.0929    0.2053
 000042   P  0.139609  0.325828  0.074582    0.0490    0.0888    0.1370    0.0480    0.1234    0.0918    0.2147
 000043   H  0.120835  0.314142  0.065908    0.0455    0.1501    0.1140    0.0360    0.1241    0.0880    0.2191
 000044   P  0.113227  0.304086  0.062338    0.0789    0.2064    0.0840    0.0250    0.1311    0.0871    0.2199
 000045   R  0.107318  0.276942  0.059670    0.1456    0.2034    0.0820    0.0270    0.1359    0.0753    0.2138
 000046   Q  0.117473  0.237147  0.055751    0.1456    0.1759    0.0900    0.0300    0.1277    0.0597    0.2160
 000047   V  0.131555  0.203924  0.054287    0.0744    0.1424    0.1100    0.0400    0.1104    0.0494    0.2184
 000048   I  0.141975  0.190553  0.054458    0.1150    0.1275    0.0940    0.0230    0.1115    0.0428    0.2263
 000049   H  0.126058  0.169030  0.053188    0.1456    0.1528    0.0740    0.0170    0.1113    0.0432    0.2380
 000050   R  0.105292  0.150545  0.050017    0.0909    0.1501    0.0760    0.0180    0.0954    0.0379    0.2441
 000051   I  0.089839  0.133669  0.048715    0.1349    0.2034    0.0770    0.0190    0.1065    0.0506    0.2579
 000052   W  0.079002  0.135018  0.047665    0.1349    0.1137    0.0680    0.0140    0.0885    0.0344    0.2817
 000053   E  0.061699  0.142759  0.045951    0.0965    0.1028    0.0560    0.0190    0.0767    0.0342    0.2924
 000054   E  0.046748  0.144677  0.045646    0.0587    0.0605    0.0550    0.0200    0.0609    0.0353    0.3047
 000055   G  0.033727  0.143879  0.046233    0.0526    0.0473    0.0510    0.0170    0.0548    0.0377    0.3157
 000056   L  0.022358  0.132383  0.047309    0.0376    0.0320    0.0510    0.0100    0.0459    0.0372    0.3248
 000057   A  0.009704  0.116363  0.048346    0.0327    0.0248    0.0530    0.0110    0.0394    0.0349    0.3270
 000058   A  0.010856  0.100635  0.052858    0.0336    0.0214    0.0580    0.0160    0.0375    0.0307    0.3284
 000059   I  0.054272  0.095049  0.056291    0.0526    0.0473    0.0630    0.0190    0.0521    0.0183    0.3279
 000060   A  0.080690  0.090545  0.059643    0.0297    0.0269    0.0580    0.0150    0.0476    0.0256    0.3334
 000061   G  0.095872  0.091451  0.062003    0.0395    0.0349    0.0590    0.0160    0.0534    0.0255    0.3389
 000062   A  0.127637  0.093132  0.065262    0.0425    0.0646    0.0550    0.0130    0.0639    0.0302    0.3399
 000063   W  0.175983  0.089420  0.068340    0.0965    0.1476    0.0590    0.0190    0.0948    0.0435    0.3336
 000064   D  0.230184  0.087497  0.071036    0.0858    0.0835    0.0540    0.0150    0.0901    0.0597    0.3287
 000065   L  0.267007  0.100682  0.076183    0.0935    0.0909    0.0660    0.0210    0.1030    0.0698    0.3203
 000066   R  0.336121  0.107804  0.081680    0.0502    0.1007    0.0690    0.0200    0.1106    0.0976    0.3128
 000067   V  0.369628  0.118573  0.085995    0.1060    0.1583    0.0770    0.0230    0.1382    0.1016    0.3133
 000068   A  0.354043  0.138442  0.091737    0.1349    0.1298    0.0890    0.0220    0.1410    0.0919    0.3152
 000069   Y  0.356193  0.185270  0.102189    0.1602    0.1528    0.1120    0.0320    0.1611    0.0862    0.3138
 000070   P  0.434618  0.222932  0.115047    0.1602    0.2399    0.1830    0.0590    0.2068    0.1036    0.3126
 000071   L  0.496090  0.281565  0.126933    0.1844    0.2399    0.2580    0.0860    0.2434    0.1173    0.3067
 000072   P  0.492960  0.347497  0.138462    0.1805    0.2541    0.2250    0.0550    0.2501    0.1200    0.3037
 000073   G  0.455823  0.409883  0.154143    0.1766    0.2034    0.2470    0.0660    0.2488    0.1191    0.3013
 000074   P  0.472621  0.453906  0.172344    0.2657    0.3286    0.3110    0.1010    0.3054    0.1079    0.3020
 000075   L  0.459967  0.510354  0.190544    0.1732    0.2129    0.3590    0.1140    0.2858    0.1373    0.3037
 000076   P  0.485809  0.538287  0.207538    0.2558    0.3087    0.3050    0.1090    0.3156    0.1252    0.3107
 000077   E  0.481271  0.524452  0.226327    0.1635    0.3087    0.2390    0.0750    0.2861    0.1392    0.3194
 000078   G  0.494939  0.494833  0.241978    0.2292    0.3460    0.2090    0.0590    0.2956    0.1270    0.3238
 000079   V  0.473560  0.455802  0.260842    0.2483    0.3872    0.1480    0.0360    0.2854    0.1263    0.3304
 000080   G  0.424374  0.417337  0.277065    0.3184    0.3983    0.1260    0.0300    0.2808    0.1143    0.3401
 000081   K  0.454965  0.381787  0.292063    0.3053    0.3667    0.1240    0.0290    0.2721    0.1139    0.3528
 000082   A  0.513322  0.350664  0.305534    0.3225    0.4725    0.1370    0.0440    0.2994    0.1325    0.3645
 000083   T  0.526908  0.325115  0.313150    0.2963    0.4409    0.1340    0.0470    0.2872    0.1334    0.3742
 000084   L  0.477758  0.297836  0.320939    0.2963    0.4582    0.1450    0.0570    0.2792    0.1237    0.3811
 000085   E  0.421136  0.291739  0.331293    0.2820    0.3426    0.1470    0.0480    0.2474    0.0995    0.3831
 000086   W  0.447472  0.283882  0.342695    0.3806    0.3983    0.1630    0.0470    0.2789    0.1084    0.3909
 000087   T  0.460240  0.292715  0.351263    0.2820    0.2783    0.1590    0.0420    0.2454    0.1076    0.3935
 000088   R  0.440409  0.301567  0.361112    0.2432    0.1852    0.1680    0.0450    0.2230    0.1136    0.3935
 000089   A  0.452122  0.320083  0.366977    0.1698    0.1791    0.2040    0.0690    0.2209    0.1220    0.4008
 000090   Q  0.424784  0.339391  0.376442    0.1732    0.2436    0.2240    0.0890    0.2341    0.1093    0.4032
 000091   L  0.409210  0.354241  0.385907    0.1732    0.1671    0.2390    0.0930    0.2238    0.1181    0.4045
 000092   G  0.358164  0.402366  0.405671    0.1766    0.1611    0.2540    0.1120    0.2253    0.1217    0.4045
 000093   E  0.413264  0.425710  0.429011    0.1456    0.1229    0.2520    0.1150    0.2267    0.1491    0.4036
 000094   K  0.516822  0.433690  0.448399    0.1416    0.1162    0.2580    0.1170    0.2443    0.1727    0.4058
 000095   E  0.560089  0.428701  0.468682    0.1532    0.1823    0.2490    0.1020    0.2623    0.1720    0.4102
 000096   L  0.587197  0.420050  0.485274    0.1495    0.1611    0.2480    0.1180    0.2610    0.1846    0.4181
 000097   A  0.617522  0.395393  0.501564    0.2483    0.2575    0.2380    0.1200    0.2927    0.1663    0.4172
 000098   Y  0.651336  0.399477  0.519053    0.2385    0.2470    0.2170    0.1080    0.2923    0.1837    0.4154
 000099   L  0.691502  0.396374  0.535695    0.2432    0.1671    0.1910    0.0740    0.2815    0.2116    0.4150
 000100   R  0.739005  0.421147  0.544234    0.2786    0.1942    0.1700    0.0680    0.3004    0.2218    0.4079
 000101   S  0.782709  0.426399  0.552477    0.1844    0.1823    0.1570    0.0650    0.2887    0.2491    0.4041
 000102   L  0.793746  0.444337  0.563078    0.2602    0.2193    0.1410    0.0580    0.3098    0.2434    0.4003
 000103   R  0.773475  0.469033  0.573442    0.2602    0.2129    0.1490    0.0630    0.3108    0.2403    0.3964
 000104   L  0.709032  0.492741  0.581126    0.2255    0.1298    0.1700    0.0770    0.2879    0.2409    0.3941
 000105   S  0.644569  0.528493  0.584141    0.2167    0.0870    0.1810    0.0930    0.2762    0.2390    0.3903
 000106   H  0.586956  0.546544  0.580364    0.1495    0.0646    0.2120    0.1150    0.2600    0.2395    0.3859
 000107   R  0.505424  0.555490  0.574829    0.1602    0.0531    0.2270    0.1100    0.2501    0.2278    0.3785
 000108   K  0.426152  0.560452  0.569005    0.1602    0.0646    0.2320    0.1150    0.2406    0.2168    0.3791
 000109   S  0.332438  0.539347  0.566562    0.1416    0.1115    0.2220    0.1120    0.2244    0.2031    0.3855
 000110   Y  0.272470  0.508408  0.559691    0.1958    0.1702    0.2200    0.1020    0.2279    0.1804    0.3904
 000111   G  0.207884  0.468119  0.555588    0.1998    0.2034    0.2010    0.0800    0.2134    0.1744    0.3984
 000112   G  0.162882  0.426800  0.551725    0.2041    0.2034    0.1820    0.0640    0.1965    0.1736    0.4071
 000113   M  0.188614  0.383207  0.547116    0.3005    0.2988    0.1790    0.0480    0.2250    0.1546    0.4162
 000114   R  0.226458  0.365892  0.546330    0.3005    0.3356    0.1850    0.0430    0.2356    0.1474    0.4198
 000115   L  0.239015  0.317913  0.544506    0.3668    0.4330    0.1880    0.0460    0.2574    0.1495    0.4276
 000116   V  0.262509  0.307234  0.541216    0.3992    0.4369    0.1850    0.0550    0.2652    0.1482    0.4289
 000117   A  0.286496  0.352697  0.534559    0.4078    0.4256    0.2070    0.0770    0.2799    0.1373    0.4282
 000118   F  0.299621  0.403101  0.530245    0.4116    0.3631    0.2600    0.0920    0.2895    0.1240    0.4264
 000119   H  0.324386  0.447558  0.527063    0.4078    0.3740    0.2930    0.1080    0.3078    0.1173    0.4155
 000120   G  0.348718  0.496209  0.523335    0.3263    0.2884    0.3460    0.1370    0.3009    0.1243    0.3957
 000121   K  0.355084  0.541676  0.517772    0.4203    0.2988    0.3330    0.1330    0.3249    0.1258    0.3815
 000122   P  0.337829  0.578896  0.513365    0.3359    0.2988    0.3170    0.1220    0.3115    0.1377    0.3701
 000123   G  0.320035  0.593835  0.502393    0.2558    0.3286    0.3060    0.1270    0.3007    0.1471    0.3535
 000124   D  0.315244  0.606682  0.489400    0.2865    0.3392    0.3220    0.1160    0.3116    0.1416    0.3416
 000125   P  0.352034  0.612208  0.480805    0.3184    0.3426    0.2660    0.0870    0.3152    0.1415    0.3358
 000126   E  0.356976  0.605076  0.472487    0.3535    0.4369    0.2420    0.0720    0.3324    0.1379    0.3228
 000127   G  0.350783  0.582835  0.467180    0.4078    0.4186    0.2060    0.0630    0.3277    0.1382    0.3170
 000128   R  0.339097  0.551492  0.456992    0.4458    0.4220    0.1830    0.0630    0.3236    0.1381    0.3148
 000129   V  0.325155  0.504337  0.446804    0.4600    0.4256    0.1840    0.0570    0.3165    0.1306    0.3149
 000130   D  0.292332  0.467503  0.438611    0.4333    0.3149    0.1830    0.0530    0.2819    0.1244    0.3241
 000131   L  0.267990  0.437103  0.433570    0.3359    0.2328    0.1580    0.0360    0.2387    0.1252    0.3421
 000132   L  0.243105  0.409148  0.424099    0.2432    0.2503    0.1300    0.0350    0.2126    0.1249    0.3581
 000133   G  0.222209  0.369873  0.410361    0.1456    0.2164    0.1090    0.0390    0.1771    0.1296    0.3690
 000134   P  0.166651  0.339619  0.393742    0.1602    0.1349    0.1010    0.0410    0.1504    0.1279    0.3845
 000135   A  0.140974  0.339195  0.376333    0.1566    0.1275    0.1110    0.0490    0.1459    0.1239    0.3940
 000136   R  0.131850  0.318422  0.362392    0.0813    0.0888    0.1270    0.0620    0.1245    0.1274    0.4043
 000137   D  0.128521  0.297736  0.357292    0.0789    0.0870    0.1300    0.0610    0.1204    0.1229    0.4174
 000138   L  0.121756  0.253422  0.357781    0.0621    0.0719    0.1270    0.0600    0.1059    0.1217    0.4292
 000139   A  0.121239  0.240778  0.353192    0.0723    0.0443    0.1240    0.0640    0.1004    0.1215    0.4313
 000140   F  0.122067  0.231503  0.348327    0.0909    0.0414    0.1240    0.0620    0.1017    0.1172    0.4211
 000141   F  0.122708  0.279643  0.344916    0.0502    0.0240    0.1380    0.0720    0.1024    0.1296    0.4151
 000142   L  0.121918  0.281490  0.340344    0.0490    0.0405    0.1550    0.0830    0.1079    0.1255    0.4143
 000143   E  0.117793  0.270735  0.336333    0.0441    0.0690    0.1550    0.0830    0.1094    0.1194    0.4185
 000144   R  0.117539  0.281942  0.332647    0.0441    0.0676    0.1470    0.0740    0.1097    0.1203    0.4214
 000145   Y  0.118071  0.281428  0.332443    0.0363    0.0568    0.1490    0.0710    0.1069    0.1229    0.4242
 000146   G  0.118299  0.294461  0.338744    0.0455    0.0405    0.1490    0.0680    0.1080    0.1280    0.4218
 000147   A  0.134235  0.332336  0.349178    0.0464    0.0506    0.1510    0.0650    0.1191    0.1352    0.4178
 000148   E  0.161884  0.346673  0.363904    0.0245    0.0287    0.1550    0.0700    0.1194    0.1482    0.4096
 000149   A  0.192296  0.354893  0.377093    0.0514    0.0398    0.1570    0.0620    0.1325    0.1464    0.4002
 000150   L  0.208264  0.374684  0.384198    0.0363    0.0463    0.1660    0.0580    0.1387    0.1531    0.3883
 000151   L  0.226500  0.382409  0.397251    0.0514    0.0888    0.1680    0.0540    0.1528    0.1486    0.3851
 000152   L  0.251836  0.387307  0.407173    0.0858    0.1137    0.1790    0.0590    0.1696    0.1419    0.3876
 000153   G  0.259805  0.396017  0.414614    0.1322    0.1759    0.1880    0.0530    0.1920    0.1289    0.3931
 000154   G  0.263002  0.393580  0.417012    0.0789    0.1583    0.2020    0.0530    0.1826    0.1400    0.3948
 000155   S  0.259476  0.398451  0.418037    0.0813    0.1643    0.2190    0.0660    0.1870    0.1390    0.3973
 000156   H  0.242525  0.396877  0.419702    0.1292    0.1791    0.2060    0.0690    0.1923    0.1294    0.4025
 000157   L  0.235946  0.398224  0.422594    0.1266    0.1275    0.2060    0.0730    0.1824    0.1377    0.4125
 000158   P  0.249771  0.396291  0.424581    0.0991    0.1298    0.1940    0.0630    0.1781    0.1428    0.4284
 000159   L  0.308090  0.402562  0.428818    0.0621    0.1251    0.2270    0.0660    0.1875    0.1529    0.4113
 000160   A  0.352711  0.417884  0.433054    0.0621    0.1731    0.2430    0.0720    0.2081    0.1523    0.3793
 000161   R  0.393004  0.406022  0.431726    0.1117    0.2503    0.2340    0.0700    0.2325    0.1357    0.3508
 000162   R  0.415257  0.397726  0.433633    0.2041    0.3286    0.2360    0.0700    0.2636    0.1143    0.3276
 000163   V  0.475704  0.392548  0.433847    0.2963    0.3426    0.2230    0.0610    0.2884    0.1113    0.3116
 000164   G  0.542873  0.387835  0.434045    0.3005    0.3426    0.2160    0.0620    0.2983    0.1259    0.2972
 000165   R  0.583696  0.387540  0.439281    0.2333    0.2609    0.2130    0.0650    0.2797    0.1508    0.2844
 000166   G  0.623685  0.406972  0.442527    0.2333    0.2645    0.2100    0.0680    0.2897    0.1627    0.2740
 000167   L  0.612351  0.421093  0.442834    0.1635    0.1852    0.2450    0.0730    0.2712    0.1770    0.2662
 000168   V  0.585490  0.433008  0.435973    0.2483    0.2715    0.2700    0.0840    0.3015    0.1419    0.2576
 000169   A  0.595816  0.452528  0.428325    0.1532    0.2399    0.2820    0.0850    0.2873    0.1646    0.2542
 000170   D  0.613408  0.466099  0.421941    0.2333    0.3321    0.2700    0.0840    0.3192    0.1464    0.2580
 000171   P  0.647674  0.472290  0.416216    0.2700    0.3631    0.2470    0.0770    0.3334    0.1512    0.2642
 000172   G  0.660816  0.469954  0.412482    0.2913    0.3704    0.2460    0.0800    0.3397    0.1514    0.2649
 000173   S  0.672382  0.470557  0.409824    0.2913    0.3426    0.2610    0.0810    0.3397    0.1534    0.2659
 000174   V  0.711593  0.475828  0.407798    0.3668    0.4149    0.2670    0.0810    0.3727    0.1526    0.2633
 000175   G  0.723331  0.492866  0.405642    0.3359    0.3840    0.2700    0.0830    0.3676    0.1605    0.2659
 000176   L  0.757634  0.496600  0.401965    0.3456    0.3494    0.3050    0.0880    0.3756    0.1673    0.2675
 000177   S  0.783985  0.514246  0.391284    0.3096    0.2817    0.3420    0.1010    0.3720    0.1841    0.2724
 000178   L  0.783258  0.524725  0.374593    0.3456    0.2783    0.3810    0.1410    0.3854    0.1784    0.2753
 000179   T  0.773693  0.518001  0.354620    0.3359    0.3494    0.3710    0.1500    0.3913    0.1678    0.2815
 000180   G  0.767554  0.507156  0.335887    0.2820    0.3872    0.3450    0.1310    0.3815    0.1723    0.2849
 000181   E  0.755491  0.480702  0.320769    0.2865    0.3948    0.3010    0.1070    0.3697    0.1712    0.2897
 000182   H  0.743292  0.462080  0.301462    0.2558    0.3704    0.3100    0.0970    0.3569    0.1713    0.2913
 000183   G  0.729668  0.429411  0.285171    0.2786    0.2884    0.3040    0.0880    0.3383    0.1691    0.2955
 000184   A  0.691017  0.425217  0.271060    0.2748    0.2884    0.3000    0.0840    0.3299    0.1574    0.3005
 000185   D  0.657956  0.422427  0.258374    0.2531    0.3215    0.2690    0.0940    0.3207    0.1501    0.3088
 000186   A  0.632573  0.402968  0.245044    0.2531    0.3182    0.2460    0.0970    0.3088    0.1443    0.3119
 000187   M  0.604190  0.377509  0.231208    0.2963    0.2849    0.2580    0.1180    0.3036    0.1314    0.3169
 000188   V  0.545298  0.355436  0.216147    0.2820    0.2064    0.2470    0.1040    0.2727    0.1221    0.3172
 000189   L  0.494954  0.322537  0.199913    0.2558    0.2884    0.2180    0.0800    0.2633    0.1032    0.3226
 000190   D  0.433423  0.305133  0.186510    0.1698    0.2094    0.1740    0.0560    0.2153    0.1002    0.3270
 000191   T  0.368685  0.283791  0.171770    0.1667    0.2436    0.1390    0.0460    0.2002    0.0846    0.3290
 000192   E  0.305236  0.251712  0.160631    0.0991    0.1476    0.1230    0.0330    0.1545    0.0778    0.3293
 000193   T  0.278264  0.220207  0.146227    0.1205    0.1528    0.1110    0.0240    0.1472    0.0639    0.3298
 000194   L  0.244254  0.196091  0.135628    0.0660    0.0967    0.1060    0.0230    0.1182    0.0653    0.3297
 000195   G  0.195111  0.178981  0.128188    0.0909    0.1162    0.0890    0.0150    0.1116    0.0461    0.3270
 000196   A  0.143882  0.157029  0.119107    0.0464    0.1349    0.0780    0.0130    0.0934    0.0436    0.3231
 000197   R  0.124736  0.148757  0.111070    0.0567    0.1007    0.0700    0.0110    0.0835    0.0364    0.3241
 000198   F  0.106971  0.150156  0.104295    0.0909    0.0780    0.0670    0.0090    0.0822    0.0317    0.3275
 000199   L  0.093974  0.150021  0.103731    0.0771    0.0592    0.0610    0.0110    0.0736    0.0355    0.3333
 000200   K  0.085926  0.146688  0.101796    0.0744    0.1028    0.0570    0.0130    0.0778    0.0328    0.3346
 000201   V  0.071544  0.145889  0.101421    0.0363    0.0581    0.0560    0.0140    0.0613    0.0399    0.3389
 000202   P  0.049293  0.147434  0.101534    0.0376    0.0531    0.0500    0.0130    0.0563    0.0424    0.3492
 000203   Y  0.033937  0.134240  0.099283    0.0157    0.0398    0.0530    0.0140    0.0461    0.0443    0.3521
 000204   D  0.020496  0.132646  0.098007    0.0144    0.0194    0.0550    0.0200    0.0403    0.0476    0.3572
 000205   L  0.015841  0.128606  0.097091    0.0226    0.0320    0.0550    0.0220    0.0424    0.0443    0.3606
 000206   G  0.011214  0.118980  0.096315    0.0087    0.0198    0.0500    0.0170    0.0348    0.0458    0.3630
 000207   P  0.008293  0.107381  0.096653    0.0121    0.0287    0.0460    0.0140    0.0337    0.0422    0.3659
 000208   L  0.009379  0.100000  0.097134    0.0069    0.0364    0.0460    0.0120    0.0330    0.0408    0.3654
 000209   L  0.008931  0.092665  0.099921    0.0160    0.0494    0.0430    0.0080    0.0350    0.0384    0.3644
 000210   F  0.011441  0.085216  0.103414    0.0395    0.0483    0.0440    0.0080    0.0381    0.0350    0.3557
 000211   D  0.011595  0.089053  0.108068    0.0231    0.0543    0.0400    0.0060    0.0364    0.0388    0.3462
 000212   L  0.014862  0.086611  0.112149    0.0200    0.0929    0.0380    0.0070    0.0421    0.0423    0.3318
 000213   R  0.017165  0.090205  0.114554    0.0157    0.0483    0.0370    0.0090    0.0347    0.0415    0.3156
 000214   A  0.018705  0.089840  0.117474    0.0376    0.0483    0.0380    0.0100    0.0387    0.0394    0.3051
 000215   W  0.026785  0.088507  0.120550    0.0194    0.0443    0.0420    0.0120    0.0368    0.0412    0.2906
 000216   G  0.034586  0.094927  0.126599    0.0200    0.0341    0.0430    0.0140    0.0378    0.0438    0.2757
 000217   L  0.072211  0.109428  0.134127    0.0182    0.0341    0.0650    0.0280    0.0499    0.0459    0.2578
 000218   P  0.097519  0.119886  0.144502    0.0074    0.0269    0.0960    0.0480    0.0580    0.0546    0.2413
 000219   P  0.129622  0.129535  0.149581    0.0141    0.0214    0.1610    0.0930    0.0760    0.0649    0.2205
 000220   V  0.160202  0.140574  0.151242    0.0268    0.0433    0.3540    0.1790    0.1209    0.1098    0.1921
 000221   L  0.169194  0.145144  0.152805    0.0268    0.0851    0.7200    0.1940    0.1910    0.2316    0.1722
 000222   E  0.207247  0.145106  0.155959    0.0297    0.0799    0.6520    0.2230    0.1857    0.2066    0.1516
 000223   Q  0.264404  0.151515  0.158668    0.0554    0.1298    0.7320    0.1470    0.2222    0.2262    0.1334
 000224   V  0.327029  0.163049  0.162040    0.0587    0.1298    0.6210    0.1950    0.2167    0.1890    0.1153
 000225   Y  0.377185  0.164304  0.165614    0.0771    0.1298    0.3030    0.1030    0.1752    0.1072    0.1006
 000226   R  0.417306  0.190181  0.169148    0.1844    0.2034    0.3670    0.2170    0.2270    0.1023    0.0906
 000227   F  0.495054  0.269316  0.172614    0.2209    0.1759    0.3520    0.1620    0.2523    0.1172    0.0828
 000228   G  0.544532  0.376179  0.176038    0.3668    0.2364    0.4410    0.2250    0.3276    0.1260    0.0798
 000229   R  0.620150  0.484005  0.180042    0.3847    0.1671    0.5610    0.2110    0.3695    0.1778    0.0761
 000230   F  0.716459  0.598337  0.182756    0.3992    0.1048    0.5880    0.1800    0.4011    0.2268    0.0737
 000231   P  0.953067  0.729221  0.184991    0.5253    0.1399    0.5990    0.1540    0.4910    0.2887    0.0735
 000232   K  0.760408  0.734732  0.187989    0.6604    0.2064    0.7050    0.0880    0.5111    0.2480    0.0725
 000233   K  0.960756  0.829555  0.189749    0.6944    0.1449    0.7370    0.1200    0.5611    0.3140    0.0732
 000234   G  0.979422  0.768473  0.193840    0.7147    0.0909    0.8310    0.0850    0.5641    0.3340    0.0758
