#RESNUM RES     VL-XT     VSL2B       VL3  IUPred-S  IUPred-L  PONDRFIT  FITERROR       MDP  MDPERROR   ANCHOR2
 000001   M  0.962259  0.817892  0.651152    0.8626    0.1791    0.9630    0.0280    0.7393    0.2717    0.3925
 000002   L  0.949892  0.837494  0.651576    0.8283    0.2224    0.9400    0.0340    0.7382    0.2506    0.3772
 000003   P  0.941090  0.787431  0.653471    0.7079    0.2884    0.9280    0.0380    0.7177    0.2188    0.3535
 000004   E  0.714622  0.751593  0.656058    0.6557    0.1671    0.9090    0.0410    0.6424    0.2290    0.3406
 000005   P  0.769343  0.742817  0.659878    0.6255    0.1184    0.8960    0.0440    0.6354    0.2468    0.3305
 000006   L  0.693101  0.680476  0.663197    0.4749    0.1611    0.8580    0.0320    0.5885    0.2211    0.3297
 000007   R  0.632282  0.637631  0.667293    0.3630    0.1554    0.7900    0.0970    0.5410    0.2145    0.3128
 000008   G  0.564770  0.626249  0.670914    0.3225    0.2002    0.7360    0.0680    0.5202    0.1933    0.3057
 000009   Y  0.505099  0.624467  0.673775    0.2531    0.2399    0.7210    0.0770    0.5029    0.1929    0.2961
 000010   S  0.439759  0.611517  0.673245    0.2122    0.2817    0.5930    0.0630    0.4685    0.1728    0.2919
 000011   S  0.400643  0.622676  0.670287    0.1805    0.1914    0.6740    0.1080    0.4566    0.2122    0.2863
 000012   Y  0.379677  0.609176  0.665760    0.2122    0.2328    0.6370    0.1150    0.4562    0.1895    0.2823
 000013   R  0.347730  0.611296  0.660950    0.1958    0.3117    0.5670    0.1370    0.4490    0.1724    0.2870
 000014   E  0.286533  0.604698  0.655923    0.1766    0.2884    0.5040    0.1480    0.4193    0.1785    0.3012
 000015   W  0.259776  0.606525  0.650878    0.1732    0.2034    0.5690    0.1460    0.4105    0.2014    0.3101
 000016   L  0.261878  0.604181  0.643396    0.1495    0.1251    0.5440    0.1510    0.3881    0.2154    0.3193
 000017   E  0.261207  0.597555  0.633764    0.1566    0.1048    0.4860    0.1830    0.3733    0.2092    0.3165
 000018   A  0.268065  0.602537  0.622111    0.1292    0.0870    0.4810    0.1980    0.3649    0.2153    0.3208
 000019   E  0.304576  0.595980  0.610105    0.0771    0.0870    0.4380    0.2390    0.3521    0.2166    0.3256
 000020   E  0.320406  0.573348  0.599083    0.1117    0.0948    0.4070    0.2610    0.3511    0.1991    0.3305
 000021   E  0.332329  0.569303  0.590624    0.1041    0.0581    0.4070    0.2760    0.3436    0.2062    0.3385
 000022   F  0.378576  0.561369  0.585029    0.0643    0.0704    0.3780    0.2580    0.3396    0.2084    0.3520
 000023   K  0.464760  0.532654  0.581167    0.0701    0.1251    0.2720    0.1910    0.3410    0.1977    0.3615
 000024   G  0.540463  0.511392  0.576710    0.0884    0.1007    0.2170    0.1400    0.3391    0.2087    0.3689
 000025   R  0.577178  0.479386  0.571964    0.0813    0.1070    0.2000    0.1210    0.3361    0.2122    0.3721
 000026   V  0.602635  0.421638  0.566449    0.1266    0.2164    0.1890    0.1140    0.3538    0.1868    0.3799
 000027   V  0.608187  0.433667  0.563421    0.1958    0.2918    0.1560    0.0930    0.3748    0.1734    0.3869
 000028   F  0.562405  0.393327  0.561964    0.2167    0.3053    0.1410    0.0730    0.3634    0.1604    0.3959
 000029   A  0.577156  0.387904  0.560499    0.2333    0.3053    0.1470    0.0620    0.3686    0.1591    0.3952
 000030   R  0.576318  0.390117  0.556498    0.2558    0.3182    0.1600    0.0560    0.3762    0.1512    0.3903
 000031   L  0.536222  0.418085  0.552446    0.2167    0.2129    0.1850    0.0560    0.3536    0.1549    0.3893
 000032   L  0.459495  0.482723  0.548464    0.2385    0.2164    0.2020    0.0660    0.3580    0.1418    0.3783
 000033   P  0.396174  0.536964  0.545703    0.2385    0.3286    0.2130    0.0630    0.3765    0.1309    0.3574
 000034   K  0.333363  0.565934  0.542721    0.2432    0.2988    0.2670    0.0770    0.3751    0.1299    0.3399
 000035   A  0.340808  0.597109  0.539973    0.2432    0.1942    0.3110    0.0820    0.3711    0.1482    0.3239
 000036   P  0.363165  0.623279  0.536009    0.2255    0.1671    0.2610    0.0950    0.3627    0.1660    0.3125
 000037   P  0.407078  0.616881  0.532276    0.1998    0.2292    0.2730    0.1090    0.3764    0.1563    0.2981
 000038   R  0.395081  0.636901  0.527100    0.2292    0.2328    0.2960    0.1050    0.3862    0.1523    0.2844
 000039   P  0.414792  0.617491  0.519589    0.3096    0.2715    0.2670    0.0850    0.4000    0.1318    0.2743
 000040   A  0.422297  0.581062  0.509172    0.2602    0.3053    0.2510    0.0680    0.3882    0.1259    0.2718
 000041   P  0.456363  0.553723  0.498830    0.1921    0.2752    0.2010    0.0610    0.3628    0.1454    0.2701
 000042   Y  0.487379  0.525764  0.488093    0.2748    0.2783    0.1770    0.0650    0.3719    0.1333    0.2673
 000043   E  0.513969  0.483753  0.476621    0.3096    0.3599    0.1300    0.0490    0.3789    0.1329    0.2706
 000044   G  0.472878  0.424158  0.463783    0.2080    0.2541    0.1050    0.0360    0.3213    0.1402    0.2781
 000045   A  0.440497  0.361641  0.450648    0.2122    0.2645    0.0920    0.0310    0.3036    0.1280    0.2864
 000046   F  0.391886  0.341693  0.437180    0.1698    0.3286    0.0820    0.0300    0.2918    0.1252    0.2967
 000047   A  0.329039  0.318032  0.423824    0.1532    0.2129    0.0840    0.0370    0.2535    0.1150    0.3038
 000048   G  0.263024  0.256361  0.411048    0.1532    0.1275    0.0940    0.0440    0.2175    0.1069    0.3133
 000049   V  0.215697  0.256911  0.399113    0.1041    0.1349    0.1050    0.0490    0.2025    0.1046    0.3263
 000050   L  0.169006  0.226382  0.388455    0.0542    0.1206    0.1030    0.0520    0.1769    0.1087    0.3451
 000051   R  0.122199  0.215157  0.377929    0.0723    0.1528    0.1110    0.0490    0.1753    0.1006    0.3566
 000052   A  0.075176  0.216139  0.365497    0.0660    0.1323    0.1290    0.0530    0.1640    0.1025    0.3674
 000053   L  0.058401  0.230292  0.351727    0.1205    0.1823    0.1440    0.0580    0.1813    0.0927    0.3817
 000054   G  0.043913  0.233499  0.338370    0.1205    0.1092    0.1420    0.0600    0.1647    0.0958    0.3893
 000055   L  0.053699  0.241617  0.329399    0.0935    0.1092    0.1390    0.0510    0.1610    0.0950    0.3962
 000056   T  0.067577  0.244052  0.322664    0.0621    0.1298    0.1200    0.0390    0.1576    0.0950    0.4012
 000057   P  0.097452  0.247744  0.317240    0.1150    0.1611    0.1020    0.0280    0.1734    0.0823    0.4038
 000058   Y  0.115650  0.254744  0.309440    0.1416    0.2002    0.1120    0.0360    0.1889    0.0737    0.4025
 000059   L  0.139629  0.266424  0.300494    0.0884    0.1702    0.0930    0.0250    0.1764    0.0812    0.4008
 000060   H  0.169881  0.273400  0.291753    0.1416    0.2328    0.1070    0.0280    0.2027    0.0681    0.3907
 000061   Q  0.188790  0.290326  0.285114    0.1698    0.2783    0.1310    0.0420    0.2239    0.0631    0.3666
 000062   Q  0.196574  0.307865  0.277865    0.1635    0.2951    0.1820    0.0730    0.2371    0.0580    0.3457
 000063   R  0.208474  0.316697  0.269744    0.1566    0.2609    0.1750    0.0570    0.2312    0.0562    0.3271
 000064   A  0.199889  0.343616  0.259537    0.2385    0.2715    0.1760    0.0580    0.2481    0.0539    0.3017
 000065   L  0.199102  0.362426  0.249463    0.1667    0.1942    0.1660    0.0610    0.2231    0.0682    0.2813
 000066   K  0.199113  0.356330  0.239377    0.1732    0.2436    0.1290    0.0420    0.2234    0.0711    0.2651
 000067   R  0.227993  0.365040  0.229034    0.1088    0.1501    0.1120    0.0280    0.1988    0.0889    0.2496
 000068   V  0.254509  0.356904  0.217143    0.0744    0.1501    0.1020    0.0210    0.1925    0.0961    0.2329
 000069   E  0.277265  0.313249  0.204277    0.0723    0.2364    0.0950    0.0330    0.1998    0.0889    0.2262
 000070   A  0.275544  0.267584  0.192093    0.1349    0.2817    0.0960    0.0350    0.2080    0.0726    0.2177
 000071   G  0.281384  0.238509  0.182352    0.1266    0.2436    0.1120    0.0450    0.1974    0.0625    0.2128
 000072   A  0.286900  0.206390  0.174834    0.0909    0.2364    0.1280    0.0480    0.1872    0.0654    0.2127
 000073   N  0.329381  0.174279  0.170468    0.0621    0.2258    0.1380    0.0490    0.1833    0.0818    0.2143
 000074   V  0.317785  0.165928  0.168596    0.0587    0.2258    0.1300    0.0340    0.1779    0.0802    0.2149
 000075   V  0.300652  0.163382  0.168460    0.0813    0.1823    0.1270    0.0280    0.1706    0.0670    0.2200
 000076   L  0.314758  0.164585  0.168836    0.1349    0.1914    0.1420    0.0270    0.1861    0.0604    0.2246
 000077   A  0.352690  0.177480  0.169438    0.0813    0.1184    0.1640    0.0260    0.1771    0.0853    0.2207
 000078   Y  0.375238  0.191989  0.169518    0.0478    0.1251    0.2080    0.0490    0.1863    0.0995    0.2177
 000079   P  0.411933  0.201672  0.168612    0.0425    0.1528    0.1970    0.0540    0.1958    0.1102    0.2156
 000080   T  0.445683  0.219425  0.167273    0.0414    0.1643    0.1980    0.0520    0.2060    0.1211    0.2030
 000081   A  0.492915  0.242845  0.165981    0.0414    0.1349    0.2190    0.0600    0.2162    0.1396    0.1929
 000082   A  0.526622  0.276488  0.164573    0.0526    0.0835    0.2440    0.0630    0.2246    0.1567    0.1820
 000083   G  0.601965  0.297636  0.163962    0.0414    0.1070    0.2450    0.0630    0.2428    0.1813    0.1744
 000084   K  0.616964  0.306135  0.164358    0.0218    0.0799    0.1980    0.0500    0.2311    0.1944    0.1662
 000085   S  0.632188  0.295530  0.166037    0.0395    0.0985    0.1720    0.0540    0.2340    0.1945    0.1563
 000086   L  0.599253  0.273420  0.166659    0.0464    0.0888    0.1560    0.0580    0.2217    0.1830    0.1455
 000087   V  0.579679  0.239138  0.167076    0.0621    0.1501    0.1340    0.0550    0.2220    0.1682    0.1369
 000088   Y  0.597291  0.214174  0.168175    0.0425    0.1731    0.1080    0.0390    0.2172    0.1786    0.1351
 000089   Q  0.586314  0.205683  0.169693    0.0789    0.2292    0.0850    0.0200    0.2258    0.1708    0.1336
 000090   A  0.537168  0.202087  0.170261    0.0621    0.2129    0.0790    0.0160    0.2105    0.1570    0.1339
 000091   P  0.494174  0.196166  0.168795    0.0490    0.2002    0.0710    0.0130    0.1965    0.1455    0.1387
 000092   V  0.412437  0.192790  0.166753    0.0643    0.1554    0.0720    0.0120    0.1772    0.1155    0.1411
 000093   L  0.387733  0.211938  0.165739    0.0884    0.1184    0.0790    0.0110    0.1752    0.1053    0.1477
 000094   Q  0.312998  0.233002  0.164932    0.0502    0.0704    0.0860    0.0140    0.1530    0.0949    0.1565
 000095   A  0.261239  0.249679  0.163420    0.0286    0.0334    0.1010    0.0210    0.1395    0.0936    0.1704
 000096   A  0.209201  0.272826  0.158985    0.0144    0.0398    0.0990    0.0220    0.1324    0.0912    0.1935
 000097   L  0.140392  0.272124  0.153179    0.0128    0.0704    0.0940    0.0230    0.1238    0.0808    0.2254
 000098   E  0.094441  0.263624  0.146937    0.0304    0.1092    0.1010    0.0330    0.1243    0.0712    0.2597
 000099   G  0.072860  0.252011  0.141527    0.0554    0.1501    0.0990    0.0370    0.1285    0.0648    0.2897
 000100   A  0.036938  0.240519  0.136948    0.0554    0.0870    0.0990    0.0380    0.1092    0.0668    0.3227
 000101   T  0.039759  0.218237  0.133908    0.0554    0.0870    0.0890    0.0350    0.1039    0.0591    0.3604
 000102   S  0.036111  0.204698  0.131909    0.0245    0.0749    0.0790    0.0260    0.0918    0.0612    0.3931
 000103   L  0.031697  0.190751  0.130451    0.0308    0.1206    0.0740    0.0220    0.0965    0.0572    0.4319
 000104   L  0.037896  0.181802  0.128577    0.0554    0.1914    0.0790    0.0270    0.1123    0.0595    0.3991
 000105   L  0.033971  0.189956  0.126640    0.0587    0.1162    0.1000    0.0330    0.1042    0.0500    0.3796
 000106   F  0.034248  0.215252  0.124998    0.0832    0.1399    0.1140    0.0310    0.1185    0.0551    0.3700
 000107   P  0.035640  0.240568  0.123865    0.0607    0.1671    0.1040    0.0320    0.1219    0.0679    0.3703
 000108   T  0.037468  0.251916  0.124491    0.1117    0.1611    0.1120    0.0410    0.1330    0.0646    0.3787
 000109   K  0.035827  0.259522  0.127312    0.1060    0.1528    0.1040    0.0300    0.1310    0.0676    0.3853
 000110   A  0.035471  0.262572  0.132433    0.0643    0.1251    0.1180    0.0300    0.1230    0.0715    0.3884
 000111   L  0.037366  0.268167  0.140523    0.0858    0.1184    0.1200    0.0240    0.1284    0.0706    0.3925
 000112   A  0.037215  0.296835  0.150859    0.0701    0.0909    0.1150    0.0310    0.1268    0.0838    0.3999
 000113   H  0.050269  0.323449  0.164262    0.0567    0.0967    0.1110    0.0470    0.1338    0.0928    0.4048
 000114   D  0.059114  0.339664  0.177979    0.0832    0.1028    0.1080    0.0470    0.1452    0.0943    0.4203
 000115   Q  0.085394  0.360665  0.191474    0.1495    0.1007    0.1070    0.0460    0.1659    0.0940    0.4298
 000116   L  0.101684  0.362597  0.203612    0.1698    0.1583    0.1060    0.0470    0.1837    0.0875    0.4235
 000117   R  0.115357  0.335877  0.215003    0.1998    0.1969    0.0780    0.0250    0.1901    0.0819    0.4169
 000118   R  0.124831  0.320405  0.226154    0.1732    0.1852    0.0730    0.0310    0.1839    0.0777    0.4111
 000119   L  0.135044  0.302555  0.237382    0.1178    0.1759    0.0760    0.0320    0.1741    0.0762    0.4074
 000120   R  0.145571  0.285564  0.248918    0.1205    0.1206    0.0760    0.0260    0.1661    0.0752    0.4000
 000121   A  0.156097  0.274491  0.262253    0.1566    0.0734    0.0810    0.0230    0.1674    0.0785    0.3914
 000122   M  0.147356  0.258017  0.276185    0.1878    0.1424    0.0910    0.0260    0.1837    0.0655    0.3864
 000123   A  0.153711  0.246268  0.289356    0.1495    0.1028    0.0990    0.0300    0.1734    0.0710    0.3803
 000124   Q  0.140873  0.242241  0.299335    0.1732    0.1070    0.1070    0.0360    0.1782    0.0711    0.3730
 000125   V  0.153923  0.238852  0.305956    0.1117    0.0985    0.1170    0.0420    0.1710    0.0761    0.3730
 000126   L  0.182327  0.226227  0.309849    0.1088    0.0985    0.1160    0.0430    0.1736    0.0759    0.3766
 000127   G  0.237509  0.238011  0.313128    0.1805    0.1671    0.1110    0.0390    0.2079    0.0641    0.3757
 000128   V  0.290362  0.258347  0.316562    0.1844    0.1914    0.1180    0.0370    0.2266    0.0682    0.3781
 000129   E  0.319839  0.263526  0.320658    0.1844    0.1881    0.1410    0.0460    0.2362    0.0695    0.3844
 000130   G  0.330044  0.266079  0.325901    0.3005    0.2364    0.1730    0.0730    0.2720    0.0550    0.3899
 000131   V  0.340092  0.289743  0.334022    0.3053    0.2436    0.1910    0.0850    0.2839    0.0524    0.3969
 000132   F  0.352013  0.311690  0.344553    0.3053    0.2817    0.1940    0.0830    0.2982    0.0523    0.4048
 000133   P  0.357513  0.353471  0.357496    0.3399    0.3249    0.1980    0.0780    0.3219    0.0565    0.4059
 000134   Y  0.355939  0.415965  0.371257    0.3717    0.3704    0.2330    0.0810    0.3530    0.0568    0.4026
 000135   D  0.334581  0.480597  0.383116    0.3535    0.3249    0.2480    0.0810    0.3541    0.0700    0.4019
 000136   G  0.291936  0.505769  0.391884    0.4420    0.3983    0.3010    0.0890    0.3886    0.0749    0.3987
 000137   D  0.248548  0.515487  0.400584    0.4825    0.5055    0.3210    0.1080    0.4122    0.0996    0.3935
 000138   T  0.227662  0.566534  0.409383    0.4749    0.5098    0.3920    0.1310    0.4300    0.1079    0.3890
 000139   P  0.236366  0.565068  0.417291    0.5623    0.5992    0.4470    0.1180    0.4712    0.1239    0.3812
 000140   S  0.239538  0.569927  0.420298    0.5514    0.4801    0.4540    0.1190    0.4525    0.1086    0.3685
 000141   A  0.246048  0.630071  0.421957    0.5549    0.4119    0.4350    0.1280    0.4500    0.1208    0.3569
 000142   T  0.267258  0.628146  0.420144    0.5473    0.3983    0.3320    0.1020    0.4321    0.1226    0.3457
 000143   R  0.285529  0.594777  0.417928    0.5762    0.4330    0.2930    0.0860    0.4335    0.1212    0.3353
 000144   R  0.310728  0.597297  0.411980    0.4781    0.4017    0.2640    0.0680    0.4107    0.1087    0.3311
 000145   Q  0.336003  0.576201  0.404215    0.4781    0.5176    0.2180    0.0640    0.4217    0.1193    0.3335
 000146   A  0.350177  0.542049  0.392977    0.4749    0.5419    0.1990    0.0760    0.4169    0.1205    0.3343
 000147   R  0.357751  0.495158  0.381071    0.4749    0.5533    0.1920    0.1110    0.4091    0.1176    0.3360
 000148   E  0.351190  0.468200  0.368849    0.4918    0.4940    0.1950    0.1090    0.3948    0.1059    0.3384
 000149   R  0.350949  0.426931  0.355933    0.4918    0.3948    0.2210    0.1270    0.3736    0.0829    0.3407
 000150   G  0.338848  0.383100  0.341672    0.4203    0.3740    0.2220    0.1150    0.3467    0.0620    0.3447
 000151   L  0.317525  0.327296  0.327346    0.3311    0.2849    0.1980    0.0940    0.2977    0.0472    0.3530
 000152   V  0.299889  0.298653  0.311710    0.3535    0.3182    0.1420    0.0670    0.2874    0.0674    0.3587
 000153   L  0.273012  0.278003  0.296126    0.2657    0.2258    0.1380    0.0670    0.2462    0.0526    0.3643
 000154   L  0.244867  0.286985  0.280944    0.2786    0.1528    0.1440    0.0720    0.2313    0.0603    0.3666
 000155   S  0.227118  0.298916  0.267622    0.1878    0.1759    0.1490    0.0700    0.2177    0.0525    0.3634
 000156   N  0.213284  0.302635  0.256894    0.1060    0.1671    0.1350    0.0550    0.1968    0.0684    0.3572
 000157   P  0.186301  0.290749  0.248367    0.1416    0.2034    0.1050    0.0300    0.1959    0.0621    0.3490
 000158   D  0.159121  0.280095  0.241681    0.1380    0.2328    0.0840    0.0170    0.1893    0.0677    0.3393
 000159   M  0.142285  0.267588  0.235350    0.1178    0.2258    0.0810    0.0190    0.1783    0.0682    0.3300
 000160   L  0.121051  0.273628  0.229408    0.1380    0.1251    0.0820    0.0220    0.1615    0.0672    0.3200
 000161   H  0.090244  0.292059  0.222987    0.1380    0.1048    0.0740    0.0230    0.1536    0.0785    0.3020
 000162   Y  0.068421  0.289443  0.214606    0.0909    0.1914    0.0770    0.0240    0.1552    0.0823    0.2795
 000163   G  0.049547  0.284532  0.203943    0.1041    0.1528    0.0850    0.0250    0.1467    0.0789    0.2610
 000164   L  0.030599  0.285841  0.190571    0.1667    0.1528    0.1080    0.0350    0.1558    0.0777    0.2418
 000165   L  0.014737  0.263162  0.176122    0.1266    0.1969    0.1260    0.0470    0.1506    0.0765    0.2266
 000166   P  0.016039  0.243629  0.163374    0.0643    0.1969    0.1120    0.0410    0.1327    0.0776    0.2150
 000167   R  0.017080  0.240010  0.154018    0.0490    0.1184    0.1040    0.0380    0.1138    0.0721    0.2015
 000168   H  0.014435  0.247870  0.145010    0.0395    0.0985    0.0920    0.0310    0.1063    0.0760    0.1897
 000169   P  0.015026  0.225223  0.135899    0.0173    0.0531    0.0810    0.0270    0.0878    0.0739    0.1774
 000170   D  0.021150  0.222421  0.126750    0.0231    0.0443    0.0630    0.0200    0.0835    0.0715    0.1617
 000171   W  0.034124  0.214781  0.120921    0.0200    0.0494    0.0570    0.0190    0.0827    0.0671    0.1483
 000172   A  0.044707  0.192766  0.114274    0.0109    0.0275    0.0480    0.0160    0.0731    0.0624    0.1474
 000173   P  0.053067  0.153580  0.107254    0.0109    0.0518    0.0390    0.0110    0.0693    0.0473    0.1490
 000174   F  0.054904  0.129179  0.098273    0.0044    0.0555    0.0360    0.0090    0.0630    0.0407    0.1482
 000175   L  0.054662  0.095440  0.090222    0.0082    0.0555    0.0330    0.0080    0.0562    0.0304    0.1478
 000176   A  0.057620  0.063436  0.084186    0.0157    0.0985    0.0300    0.0080    0.0583    0.0286    0.1407
 000177   R  0.059358  0.052623  0.081539    0.0061    0.0676    0.0290    0.0070    0.0494    0.0250    0.1344
 000178   L  0.066475  0.050461  0.080610    0.0059    0.0389    0.0320    0.0060    0.0457    0.0241    0.1287
 000179   R  0.066354  0.053598  0.081267    0.0044    0.0364    0.0310    0.0060    0.0456    0.0250    0.1218
 000180   Y  0.058508  0.061602  0.083766    0.0012    0.0300    0.0340    0.0060    0.0448    0.0265    0.1170
 000181   V  0.052043  0.082491  0.088110    0.0010    0.0191    0.0380    0.0070    0.0468    0.0315    0.1149
 000182   V  0.049474  0.108034  0.091733    0.0049    0.0194    0.0440    0.0100    0.0529    0.0367    0.1139
 000183   L  0.052190  0.123366  0.094754    0.0033    0.0231    0.0500    0.0120    0.0578    0.0407    0.1046
 000184   D  0.053404  0.131969  0.097001    0.0008    0.0209    0.0530    0.0120    0.0595    0.0441    0.0974
 000185   E  0.051093  0.134291  0.099970    0.0027    0.0433    0.0550    0.0140    0.0643    0.0422    0.0941
 000186   L  0.047151  0.131316  0.103213    0.0069    0.0473    0.0570    0.0150    0.0655    0.0407    0.0937
 000187   H  0.039381  0.125588  0.107131    0.0082    0.0473    0.0560    0.0160    0.0639    0.0403    0.0969
 000188   A  0.035573  0.127959  0.111465    0.0044    0.0287    0.0560    0.0180    0.0606    0.0446    0.0968
 000189   Y  0.037015  0.146777  0.116343    0.0078    0.0258    0.0570    0.0220    0.0652    0.0500    0.0973
 000190   R  0.037078  0.155248  0.121761    0.0035    0.0168    0.0550    0.0230    0.0649    0.0553    0.0966
 000191   G  0.032855  0.149095  0.127679    0.0031    0.0269    0.0550    0.0230    0.0658    0.0539    0.0955
 000192   V  0.028495  0.140011  0.134062    0.0027    0.0405    0.0520    0.0210    0.0662    0.0522    0.0951
 000193   F  0.027515  0.124567  0.140854    0.0055    0.0372    0.0510    0.0210    0.0644    0.0504    0.0951
 000194   G  0.027414  0.099950  0.148335    0.0118    0.0372    0.0470    0.0170    0.0619    0.0474    0.0994
 000195   T  0.058919  0.083261  0.155793    0.0062    0.0349    0.0450    0.0150    0.0639    0.0472    0.1027
 000196   H  0.078794  0.074952  0.163043    0.0027    0.0198    0.0440    0.0150    0.0639    0.0521    0.1021
 000197   V  0.077500  0.064804  0.169816    0.0070    0.0269    0.0440    0.0160    0.0649    0.0523    0.0970
 000198   A  0.072085  0.060287  0.176567    0.0035    0.0253    0.0410    0.0140    0.0632    0.0554    0.0925
 000199   L  0.067117  0.061422  0.183427    0.0035    0.0320    0.0430    0.0140    0.0651    0.0569    0.0912
 000200   I  0.073107  0.068070  0.190426    0.0079    0.0320    0.0460    0.0150    0.0695    0.0583    0.0936
 000201   L  0.086102  0.085863  0.196659    0.0084    0.0327    0.0490    0.0160    0.0765    0.0604    0.1003
 000202   R  0.100528  0.093172  0.202794    0.0044    0.0269    0.0610    0.0220    0.0814    0.0640    0.1095
 000203   R  0.118838  0.106444  0.208241    0.0079    0.0414    0.0810    0.0310    0.0939    0.0635    0.1185
 000204   L  0.104068  0.115399  0.214007    0.0141    0.1028    0.0890    0.0280    0.1065    0.0585    0.1271
 000205   L  0.100513  0.127347  0.220124    0.0141    0.1115    0.0980    0.0270    0.1119    0.0603    0.1362
 000206   R  0.127220  0.151278  0.227052    0.0179    0.0690    0.1220    0.0360    0.1191    0.0652    0.1462
 000207   L  0.180942  0.199728  0.233287    0.0194    0.0380    0.1490    0.0440    0.1367    0.0805    0.1555
 000208   A  0.253417  0.226808  0.237464    0.0218    0.0483    0.1740    0.0520    0.1603    0.0922    0.1696
 000209   R  0.301100  0.246292  0.240086    0.0150    0.0483    0.2120    0.0620    0.1771    0.1066    0.1834
 000210   H  0.321239  0.277903  0.241682    0.0274    0.0799    0.2530    0.0780    0.2003    0.1077    0.1977
 000211   Y  0.365808  0.301134  0.242362    0.0441    0.1184    0.3000    0.0870    0.2286    0.1122    0.2045
 000212   G  0.428255  0.324214  0.242676    0.0909    0.1942    0.3060    0.0930    0.2644    0.1062    0.2062
 000213   A  0.508186  0.373015  0.244188    0.0701    0.1184    0.3320    0.1040    0.2743    0.1498    0.2078
 000214   S  0.589373  0.418686  0.247307    0.0723    0.1007    0.3130    0.1130    0.2902    0.1788    0.2068
 000215   P  0.656311  0.416907  0.252026    0.0744    0.1731    0.3060    0.1220    0.3132    0.1866    0.2056
 000216   Q  0.692940  0.407911  0.259472    0.1150    0.2193    0.3200    0.1320    0.3358    0.1831    0.1997
 000217   V  0.721849  0.383291  0.269129    0.1178    0.2193    0.3090    0.1320    0.3367    0.1904    0.1961
 000218   L  0.763903  0.346778  0.279542    0.1698    0.3117    0.3020    0.1360    0.3623    0.1878    0.1975
 000219   A  0.826256  0.320763  0.287781    0.1998    0.3494    0.2690    0.1080    0.3755    0.2068    0.1980
 000220   A  0.856867  0.316650  0.293375    0.2122    0.3215    0.2250    0.0850    0.3710    0.2213    0.2045
 000221   S  0.860058  0.329705  0.296285    0.2167    0.3215    0.2100    0.0810    0.3724    0.2231    0.2127
 000222   A  0.841332  0.333780  0.298244    0.2748    0.3807    0.2050    0.0680    0.3890    0.2093    0.2216
 000223   T  0.809817  0.360776  0.300727    0.2913    0.3019    0.2180    0.0580    0.3805    0.1964    0.2331
 000224   I  0.798706  0.400004  0.305051    0.3005    0.3426    0.2450    0.0640    0.3987    0.1849    0.2426
 000225   A  0.770476  0.438613  0.309949    0.2167    0.3426    0.2350    0.0710    0.3856    0.1869    0.2625
 000226   N  0.753511  0.479032  0.315137    0.1921    0.2328    0.2540    0.0820    0.3711    0.1941    0.2813
 000227   A  0.746597  0.516990  0.320262    0.1844    0.2503    0.2640    0.0820    0.3804    0.1938    0.3028
 000228   R  0.738549  0.501678  0.326441    0.1766    0.2064    0.2590    0.0750    0.3681    0.1964    0.3244
 000229   E  0.735697  0.485326  0.334606    0.2963    0.2951    0.2580    0.0770    0.4008    0.1664    0.3456
 000230   H  0.737666  0.480283  0.344676    0.2385    0.3321    0.2550    0.0780    0.3980    0.1709    0.3665
 000231   A  0.749433  0.468616  0.356660    0.2820    0.2817    0.2390    0.0690    0.3962    0.1744    0.3724
 000232   E  0.771888  0.465337  0.370424    0.2865    0.2884    0.2220    0.0660    0.4008    0.1827    0.3775
 000233   A  0.776912  0.467621  0.384926    0.2483    0.2884    0.2230    0.0670    0.3982    0.1887    0.3875
 000234   L  0.802989  0.471062  0.400650    0.2333    0.2884    0.2150    0.0670    0.4018    0.2008    0.3957
 000235   T  0.805639  0.473393  0.416677    0.3146    0.3149    0.2150    0.0640    0.4233    0.1897    0.4017
 000236   G  0.803366  0.489062  0.432589    0.3578    0.3149    0.2400    0.0600    0.4396    0.1812    0.3988
 000237   L  0.805217  0.489517  0.447268    0.2913    0.2951    0.2690    0.0500    0.4328    0.1862    0.3981
 000238   P  0.809533  0.513924  0.461516    0.3053    0.3356    0.2610    0.0550    0.4479    0.1840    0.3954
 000239   F  0.811018  0.535979  0.477083    0.2963    0.3494    0.2770    0.0550    0.4578    0.1834    0.3907
 000240   E  0.809761  0.550346  0.493708    0.2913    0.3356    0.2680    0.0630    0.4581    0.1882    0.3820
 000241   E  0.809845  0.582761  0.510225    0.2820    0.3392    0.2820    0.0750    0.4676    0.1905    0.3749
 000242   L  0.808542  0.611896  0.526314    0.3096    0.2884    0.3080    0.0900    0.4755    0.1926    0.3761
 000243   K  0.804481  0.626675  0.541033    0.3005    0.1969    0.3050    0.1010    0.4625    0.2127    0.3766
 000244   A  0.804549  0.640919  0.556129    0.2657    0.1643    0.3240    0.1160    0.4593    0.2252    0.3771
 000245   Q  0.804179  0.649217  0.571733    0.2748    0.1611    0.3300    0.1040    0.4651    0.2263    0.3777
 000246   V  0.806123  0.649571  0.588664    0.2041    0.0948    0.3470    0.1030    0.4484    0.2527    0.3822
 000247   A  0.801582  0.623580  0.603505    0.1416    0.1137    0.3450    0.1000    0.4382    0.2568    0.3901
 000248   R  0.795810  0.634349  0.615723    0.1456    0.1759    0.3250    0.0960    0.4487    0.2465    0.3983
 000249   T  0.808525  0.651622  0.626215    0.1456    0.1759    0.3070    0.0880    0.4525    0.2544    0.4091
 000250   E  0.789587  0.665738  0.638387    0.2292    0.2002    0.2810    0.0790    0.4673    0.2364    0.4214
 000251   R  0.772920  0.682834  0.652995    0.2558    0.2002    0.2690    0.0760    0.4723    0.2344    0.4280
 000252   E  0.767805  0.674659  0.670495    0.1667    0.1914    0.2840    0.0770    0.4592    0.2497    0.4097
 000253   L  0.769646  0.672766  0.688520    0.2531    0.2680    0.3010    0.0760    0.4921    0.2207    0.3938
 000254   L  0.789044  0.693301  0.705624    0.2432    0.2609    0.3080    0.0840    0.5000    0.2321    0.3838
 000255   V  0.804353  0.743634  0.720094    0.2558    0.3019    0.3090    0.0810    0.5225    0.2355    0.3800
 000256   L  0.824445  0.749694  0.731765    0.2432    0.2849    0.3420    0.0690    0.5293    0.2427    0.3779
 000257   L  0.850626  0.765214  0.741330    0.3053    0.3494    0.3630    0.0650    0.5625    0.2263    0.3858
 000258   P  0.849867  0.783538  0.749805    0.3225    0.3740    0.3370    0.0610    0.5694    0.2274    0.4016
 000259   K  0.887905  0.785325  0.757959    0.3225    0.3774    0.3950    0.0930    0.5877    0.2272    0.4244
 000260   P  0.917349  0.784227  0.765667    0.3053    0.3948    0.4140    0.0970    0.5968    0.2330    0.4190
 000261   L  0.937964  0.796977  0.773151    0.3053    0.2988    0.5040    0.1050    0.6027    0.2482    0.3927
 000262   D  0.948569  0.803469  0.780652    0.3456    0.2164    0.5220    0.1030    0.6028    0.2625    0.3635
 000263   R  0.939443  0.814796  0.787591    0.2558    0.2129    0.5220    0.1390    0.5887    0.2799    0.3357
 000264   R  0.930317  0.824558  0.793284    0.2483    0.2645    0.5270    0.1600    0.5980    0.2703    0.3087
 000265   G  0.920153  0.830136  0.797464    0.3146    0.3117    0.5250    0.1730    0.6164    0.2460    0.2886
 000266   E  0.889632  0.829588  0.799913    0.3491    0.2951    0.5630    0.1660    0.6210    0.2350    0.2743
 000267   R  0.897792  0.822704  0.801283    0.3939    0.2951    0.6050    0.1830    0.6359    0.2260    0.2652
 000268   R  0.898313  0.815735  0.802242    0.3885    0.3460    0.6000    0.1780    0.6418    0.2142    0.2658
 000269   R  0.905989  0.803069  0.802069    0.2657    0.3149    0.6040    0.1490    0.6160    0.2474    0.2718
 000270   S  0.858023  0.796966  0.800141    0.2292    0.3087    0.5740    0.1540    0.5945    0.2477    0.2834
 000271   P  0.798198  0.775409  0.795929    0.1958    0.1969    0.6140    0.1520    0.5626    0.2665    0.2933
 000272   L  0.740985  0.725288  0.790548    0.2786    0.2541    0.5980    0.1500    0.5645    0.2188    0.3065
 000273   L  0.679449  0.706799  0.783634    0.1921    0.2541    0.5700    0.1540    0.5310    0.2272    0.3180
 000274   E  0.651796  0.690601  0.774726    0.1732    0.2258    0.4690    0.1910    0.4975    0.2301    0.3209
 000275   A  0.647046  0.629691  0.762250    0.1805    0.2292    0.4550    0.1980    0.4839    0.2172    0.3274
 000276   A  0.610949  0.609320  0.746937    0.1495    0.1554    0.4370    0.2160    0.4515    0.2297    0.3323
 000277   Y  0.564777  0.609286  0.730138    0.1495    0.1501    0.4220    0.2390    0.4376    0.2225    0.3375
 000278   L  0.477398  0.564933  0.713419    0.0909    0.1528    0.4090    0.2500    0.4015    0.2191    0.3371
 000279   A  0.452309  0.551484  0.698074    0.1018    0.0985    0.3920    0.2400    0.3823    0.2208    0.3285
 000280   R  0.448599  0.555141  0.683595    0.1041    0.0676    0.4170    0.2800    0.3794    0.2246    0.3224
 000281   R  0.409884  0.512300  0.670277    0.0587    0.0341    0.4850    0.3170    0.3618    0.2362    0.3187
 000282   L  0.381074  0.510186  0.656794    0.0304    0.0240    0.5070    0.3150    0.3515    0.2428    0.3244
 000283   A  0.327061  0.509552  0.642793    0.0268    0.0405    0.4790    0.3260    0.3376    0.2337    0.3269
 000284   E  0.269199  0.484460  0.628644    0.0336    0.0581    0.4560    0.2870    0.3217    0.2214    0.3306
 000285   A  0.220184  0.494320  0.614359    0.0336    0.0531    0.4100    0.2540    0.3042    0.2187    0.3467
 000286   G  0.233804  0.495157  0.599450    0.0308    0.0662    0.3500    0.2350    0.2959    0.2088    0.3590
 000287   L  0.256560  0.482162  0.586645    0.0387    0.0799    0.2960    0.1870    0.2901    0.1972    0.3738
 000288   K  0.240921  0.462148  0.577226    0.0643    0.1115    0.2040    0.1180    0.2767    0.1842    0.3851
 000289   G  0.220251  0.422950  0.572023    0.1117    0.1791    0.1700    0.1010    0.2793    0.1632    0.3965
 000290   L  0.261571  0.405242  0.567420    0.1060    0.1424    0.1590    0.0910    0.2736    0.1644    0.4068
 000291   V  0.255811  0.397099  0.561005    0.1041    0.0851    0.1590    0.0840    0.2604    0.1705    0.4134
 000292   F  0.242335  0.409077  0.552601    0.0621    0.0734    0.1940    0.1050    0.2556    0.1762    0.4140
 000293   A  0.227754  0.422009  0.541523    0.0567    0.1162    0.2180    0.1240    0.2637    0.1684    0.4025
 000294   G  0.206515  0.417669  0.528469    0.0587    0.0851    0.2280    0.1290    0.2541    0.1692    0.3917
 000295   A  0.136985  0.414029  0.514987    0.0587    0.0676    0.2610    0.1520    0.2422    0.1730    0.3876
 000296   R  0.096975  0.405633  0.503772    0.0441    0.0690    0.2910    0.1700    0.2351    0.1768    0.3781
 000297   K  0.088881  0.405252  0.497512    0.0363    0.0734    0.3300    0.1930    0.2385    0.1797    0.3710
 000298   S  0.084131  0.409654  0.495314    0.0514    0.1424    0.3080    0.1740    0.2485    0.1671    0.3660
 000299   A  0.108542  0.409208  0.495252    0.0514    0.0909    0.2980    0.1710    0.2423    0.1694    0.3623
 000300   E  0.167874  0.400926  0.497247    0.0621    0.0618    0.3060    0.1580    0.2493    0.1656    0.3605
 000301   L  0.241506  0.394387  0.499989    0.0677    0.0985    0.3150    0.1490    0.2694    0.1536    0.3676
 000302   I  0.315474  0.374220  0.503396    0.0701    0.1671    0.2660    0.1180    0.2827    0.1396    0.3678
 000303   A  0.375278  0.352276  0.505884    0.1292    0.1914    0.2250    0.1040    0.2965    0.1274    0.3730
 000304   R  0.409204  0.349921  0.509165    0.1844    0.2094    0.2230    0.1080    0.3141    0.1187    0.3851
 000305   Y  0.438493  0.313702  0.514646    0.1266    0.1852    0.2410    0.1280    0.3033    0.1367    0.3988
 000306   A  0.467010  0.319361  0.523504    0.1566    0.2129    0.2070    0.1060    0.3144    0.1377    0.4006
 000307   A  0.532436  0.311201  0.535549    0.1322    0.1476    0.1900    0.0940    0.3082    0.1696    0.4001
 000308   H  0.501077  0.339840  0.549276    0.1292    0.1583    0.1970    0.0920    0.3124    0.1649    0.4019
 000309   P  0.496862  0.350454  0.562590    0.0858    0.1373    0.2060    0.1030    0.3066    0.1785    0.3949
 000310   L  0.518606  0.366360  0.574330    0.1150    0.1554    0.2560    0.1310    0.3310    0.1726    0.3838
 000311   V  0.540349  0.373456  0.585622    0.0991    0.1583    0.2630    0.1260    0.3367    0.1819    0.3705
 000312   R  0.578863  0.385327  0.596463    0.1532    0.2224    0.2580    0.1240    0.3658    0.1714    0.3536
 000313   P  0.610347  0.405436  0.607284    0.2385    0.3053    0.2500    0.1240    0.4028    0.1553    0.3444
 000314   Y  0.649504  0.409421  0.615937    0.2657    0.3286    0.2650    0.1380    0.4224    0.1566    0.3283
 000315   R  0.691076  0.421921  0.623403    0.2558    0.2575    0.2690    0.1360    0.4197    0.1785    0.3075
 000316   A  0.686981  0.435370  0.630479    0.3311    0.3494    0.2850    0.1500    0.4530    0.1530    0.2904
 000317   G  0.759305  0.461871  0.638550    0.2786    0.3529    0.3160    0.1660    0.4678    0.1762    0.2798
 000318   Y  0.807225  0.484733  0.645522    0.3146    0.3910    0.3330    0.1560    0.4960    0.1779    0.2705
 000319   T  0.792944  0.512520  0.650381    0.2700    0.3053    0.3230    0.1290    0.4757    0.1946    0.2576
 000320   A  0.800420  0.550638  0.651816    0.2483    0.2752    0.3470    0.1300    0.4788    0.2044    0.2448
 000321   R  0.806807  0.560108  0.651551    0.2432    0.3631    0.3880    0.1430    0.5021    0.1906    0.2375
 000322   E  0.841832  0.560804  0.649007    0.3096    0.4292    0.3980    0.1530    0.5314    0.1772    0.2330
 000323   R  0.876775  0.562112  0.646520    0.3146    0.4292    0.4640    0.1970    0.5489    0.1796    0.2278
 000324   R  0.909150  0.567808  0.645159    0.2820    0.3321    0.5480    0.2140    0.5473    0.2072    0.2216
 000325   R  0.943127  0.574365  0.645379    0.3535    0.4087    0.6070    0.2210    0.5886    0.1902    0.2204
 000326   L  0.941385  0.588843  0.644827    0.2865    0.3529    0.5970    0.2280    0.5685    0.2130    0.2213
 000327   E  0.943475  0.612717  0.640530    0.3053    0.3053    0.5370    0.1910    0.5573    0.2185    0.2206
 000328   A  0.949688  0.618386  0.631287    0.2385    0.2399    0.5870    0.1540    0.5442    0.2468    0.2215
 000329   D  0.943845  0.611070  0.617403    0.2255    0.3215    0.5850    0.1510    0.5507    0.2317    0.2250
 000330   L  0.904244  0.573874  0.600564    0.1635    0.3215    0.6120    0.1350    0.5292    0.2350    0.2315
 000331   K  0.880966  0.534198  0.581788    0.1921    0.3494    0.5370    0.1550    0.5127    0.2125    0.2436
 000332   E  0.858671  0.478269  0.562121    0.1958    0.3286    0.5490    0.1550    0.4955    0.2070    0.2549
 000333   G  0.839303  0.432980  0.542021    0.1958    0.2399    0.5320    0.1700    0.4637    0.2140    0.2661
 000334   R  0.805117  0.388580  0.522403    0.1698    0.2575    0.5340    0.1760    0.4462    0.2072    0.2811
 000335   V  0.767094  0.340166  0.503493    0.1117    0.1914    0.5100    0.1870    0.4040    0.2190    0.2959
 000336   R  0.727244  0.322025  0.485451    0.1205    0.2002    0.4980    0.1660    0.3922    0.2032    0.3103
 000337   V  0.712554  0.298036  0.466859    0.1178    0.2094    0.4990    0.1500    0.3840    0.1987    0.3264
 000338   L  0.694608  0.271704  0.446696    0.1205    0.2094    0.5040    0.1410    0.3744    0.1944    0.3419
 000339   V  0.684713  0.253169  0.424471    0.0935    0.1528    0.4890    0.1310    0.3495    0.2045    0.3503
 000340   S  0.645692  0.262622  0.401955    0.0965    0.1449    0.4960    0.1320    0.3414    0.1937    0.3529
 000341   T  0.623612  0.261912  0.379972    0.0832    0.2224    0.5040    0.1200    0.3459    0.1801    0.3526
 000342   S  0.598760  0.259735  0.358094    0.0832    0.1528    0.5070    0.1020    0.3266    0.1833    0.3456
 000343   A  0.584943  0.257418  0.336234    0.0884    0.1528    0.5270    0.1030    0.3245    0.1821    0.3381
 000344   L  0.571074  0.256174  0.315339    0.0490    0.1323    0.5060    0.1030    0.3050    0.1867    0.3296
 000345   E  0.562863  0.264694  0.297715    0.0554    0.0967    0.4680    0.1000    0.2908    0.1822    0.3166
 000346   L  0.555120  0.269919  0.282188    0.0723    0.1007    0.4600    0.0970    0.2900    0.1746    0.3077
 000347   G  0.513846  0.271876  0.266954    0.0514    0.0662    0.4240    0.0890    0.2656    0.1694    0.2989
 000348   V  0.510294  0.251836  0.251058    0.0526    0.0676    0.3800    0.0800    0.2523    0.1617    0.2926
 000349   D  0.515337  0.237095  0.235078    0.0526    0.1070    0.3230    0.0550    0.2450    0.1502    0.2890
 000350   I  0.509260  0.216634  0.219309    0.0514    0.0967    0.2530    0.0470    0.2245    0.1462    0.2907
 000351   G  0.512652  0.197983  0.203743    0.0514    0.1137    0.1830    0.0460    0.2103    0.1455    0.2998
 000352   E  0.506179  0.178206  0.188431    0.0274    0.1048    0.1430    0.0420    0.1913    0.1506    0.3122
 000353   L  0.518505  0.161025  0.175515    0.0327    0.1048    0.1160    0.0390    0.1847    0.1562    0.3305
 000354   D  0.481850  0.142968  0.163001    0.0405    0.1323    0.0910    0.0280    0.1753    0.1427    0.3463
 000355   A  0.414612  0.120797  0.150852    0.0677    0.1702    0.0760    0.0190    0.1667    0.1168    0.3635
 000356   V  0.373983  0.109313  0.138959    0.0677    0.1424    0.0700    0.0160    0.1503    0.1043    0.3813
 000357   V  0.321151  0.106852  0.128460    0.0965    0.1229    0.0710    0.0190    0.1411    0.0827    0.3951
 000358   L  0.272360  0.117845  0.120264    0.0744    0.0646    0.0810    0.0200    0.1218    0.0705    0.4113
 000359   V  0.215883  0.132302  0.113558    0.0677    0.1028    0.0960    0.0260    0.1214    0.0465    0.4234
 000360   G  0.150776  0.140752  0.108405    0.0363    0.0929    0.1230    0.0360    0.1086    0.0376    0.4337
 000361   Y  0.098372  0.144611  0.104155    0.0744    0.1349    0.1740    0.0560    0.1217    0.0329    0.4285
 000362   P  0.031195  0.152368  0.100434    0.0677    0.1349    0.1970    0.0840    0.1140    0.0548    0.4318
 000363   G  0.011038  0.155602  0.098520    0.0502    0.1251    0.2600    0.0860    0.1167    0.0795    0.4263
 000364   S  0.015907  0.163067  0.099600    0.0909    0.1611    0.2390    0.0650    0.1282    0.0699    0.4113
 000365   T  0.028921  0.184616  0.104112    0.0771    0.1528    0.1970    0.0660    0.1241    0.0598    0.3972
 000366   A  0.065491  0.196900  0.111029    0.0771    0.1731    0.1740    0.0780    0.1330    0.0509    0.3793
 000367   A  0.154617  0.217827  0.118045    0.1150    0.2292    0.1600    0.0710    0.1657    0.0443    0.3596
 000368   F  0.247249  0.249845  0.124546    0.1532    0.2988    0.1860    0.0780    0.2100    0.0605    0.3425
 000369   W  0.335142  0.282475  0.129406    0.2209    0.3667    0.2080    0.0880    0.2572    0.0803    0.3227
 000370   Q  0.420445  0.299271  0.134044    0.3005    0.4256    0.2180    0.0820    0.2996    0.1037    0.3011
 000371   R  0.502633  0.343976  0.138852    0.2913    0.3983    0.2260    0.0800    0.3168    0.1173    0.2791
 000372   A  0.582717  0.386155  0.144795    0.3762    0.4087    0.2380    0.0940    0.3561    0.1379    0.2647
 000373   G  0.658657  0.430029  0.152879    0.3146    0.3087    0.2700    0.1160    0.3558    0.1579    0.2561
 000374   R  0.729378  0.475710  0.165802    0.2432    0.2470    0.3070    0.1470    0.3613    0.1901    0.2527
 000375   A  0.802051  0.535167  0.183092    0.1805    0.1731    0.3270    0.1680    0.3668    0.2329    0.2553
 000376   G  0.789302  0.567184  0.202202    0.1292    0.1007    0.2940    0.1350    0.3471    0.2503    0.2600
 000377   R  0.776188  0.558278  0.219874    0.1041    0.1373    0.2300    0.0740    0.3377    0.2453    0.2653
 000378   G  0.726701  0.517963  0.236302    0.0813    0.1528    0.1640    0.0490    0.3132    0.2312    0.2784
 000379   E  0.679808  0.450129  0.252518    0.1602    0.2575    0.1190    0.0400    0.3198    0.1919    0.2894
 000380   R  0.634144  0.380577  0.270061    0.2292    0.3740    0.1060    0.0370    0.3324    0.1637    0.2992
 000381   R  0.599166  0.320081  0.289079    0.2292    0.3910    0.0960    0.0310    0.3208    0.1539    0.3155
 000382   A  0.558426  0.274511  0.309245    0.2558    0.3667    0.1000    0.0380    0.3108    0.1374    0.3363
 000383   L  0.495029  0.228593  0.330625    0.3184    0.4017    0.1070    0.0430    0.3135    0.1231    0.3551
 000384   L  0.409701  0.219253  0.351289    0.2786    0.4119    0.1150    0.0440    0.2977    0.1067    0.3716
 000385   V  0.351699  0.220956  0.371033    0.3146    0.3392    0.1270    0.0430    0.2874    0.0862    0.3829
 000386   Y  0.286451  0.259710  0.387731    0.3578    0.2680    0.1480    0.0380    0.2846    0.0769    0.3913
 000387   I  0.261597  0.304433  0.404316    0.2913    0.1969    0.1600    0.0270    0.2697    0.0788    0.4005
 000388   P  0.239196  0.341560  0.421707    0.2292    0.2064    0.1580    0.0250    0.2661    0.0887    0.4155
 000389   R  0.214484  0.395732  0.440547    0.1698    0.1969    0.1650    0.0270    0.2637    0.1112    0.4277
 000390   E  0.179324  0.428581  0.459442    0.1602    0.2129    0.1840    0.0460    0.2708    0.1238    0.4276
 000391   D  0.151817  0.450550  0.478845    0.1532    0.1942    0.2350    0.0920    0.2772    0.1357    0.4169
 000392   P  0.165263  0.484112  0.499981    0.1766    0.1399    0.2650    0.1120    0.2886    0.1491    0.4105
 000393   M  0.201308  0.513706  0.522181    0.1844    0.1092    0.3020    0.1130    0.3054    0.1604    0.4039
 000394   D  0.255777  0.519217  0.544464    0.1844    0.1092    0.2990    0.1010    0.3187    0.1620    0.3986
 000395   E  0.315313  0.498942  0.563874    0.1805    0.1731    0.2750    0.0910    0.3345    0.1491    0.3922
 000396   Y  0.395438  0.470230  0.581619    0.1635    0.2258    0.2590    0.0980    0.3492    0.1465    0.3849
 000397   F  0.472980  0.431402  0.595988    0.2558    0.3356    0.2430    0.1030    0.3891    0.1249    0.3774
 000398   L  0.551575  0.397917  0.610917    0.3311    0.4507    0.2060    0.0620    0.4247    0.1346    0.3729
 000399   H  0.625654  0.428393  0.626073    0.3311    0.4330    0.1960    0.0560    0.4400    0.1532    0.3717
 000400   R  0.699514  0.510639  0.642528    0.3668    0.4507    0.2150    0.0770    0.4809    0.1630    0.3707
 000401   P  0.752631  0.546588  0.658885    0.3717    0.4119    0.2410    0.1110    0.4972    0.1743    0.3676
 000402   A  0.776423  0.573252  0.675990    0.3762    0.3460    0.3080    0.1270    0.5092    0.1771    0.3638
 000403   L  0.793225  0.601882  0.694641    0.3311    0.2918    0.3460    0.1370    0.5098    0.1955    0.3598
 000404   L  0.813680  0.660447  0.712571    0.3053    0.3321    0.3590    0.1250    0.5305    0.2041    0.3605
 000405   L  0.816922  0.675723  0.725784    0.2657    0.3494    0.3560    0.0980    0.5315    0.2140    0.3657
 000406   E  0.820919  0.701376  0.733385    0.2786    0.3494    0.3550    0.0890    0.5399    0.2164    0.3750
 000407   S  0.829674  0.721670  0.738329    0.3668    0.4441    0.3750    0.0980    0.5793    0.1886    0.3851
 000408   P  0.834447  0.731967  0.744466    0.4556    0.5901    0.3640    0.1010    0.6202    0.1670    0.3950
 000409   P  0.842640  0.741772  0.752941    0.5173    0.6043    0.3690    0.0880    0.6380    0.1601    0.4029
 000410   E  0.850833  0.749472  0.762512    0.5473    0.5098    0.3620    0.0730    0.6303    0.1701    0.4074
 000411   E  0.860721  0.756921  0.770844    0.4967    0.4441    0.3860    0.0560    0.6193    0.1826    0.4073
 000412   A  0.864881  0.755068  0.777375    0.3992    0.4476    0.3630    0.0610    0.6011    0.2023    0.4094
 000413   V  0.860731  0.752572  0.781906    0.3184    0.3948    0.3290    0.0610    0.5729    0.2290    0.4142
 000414   A  0.849237  0.755557  0.784308    0.4203    0.4685    0.2870    0.0670    0.5942    0.2111    0.4178
 000415   D  0.828187  0.748728  0.785915    0.4203    0.4652    0.3110    0.0790    0.5932    0.2011    0.4197
 000416   P  0.794382  0.755713  0.786708    0.5008    0.5456    0.3130    0.0920    0.6160    0.1783    0.4174
 000417   Q  0.735798  0.767612  0.788779    0.4037    0.5017    0.2910    0.0940    0.5814    0.1931    0.4116
 000418   N  0.674014  0.781627  0.789743    0.3939    0.4766    0.2600    0.0820    0.5627    0.1997    0.4054
 000419   P  0.596723  0.767066  0.790153    0.3456    0.4186    0.2510    0.0750    0.5282    0.2051    0.3962
 000420   V  0.542792  0.759887  0.789065    0.3053    0.3807    0.2720    0.0790    0.5082    0.2069    0.3855
 000421   L  0.474683  0.754861  0.785985    0.2700    0.3840    0.2750    0.0690    0.4907    0.2098    0.3785
 000422   C  0.394024  0.752065  0.780003    0.2483    0.3704    0.2620    0.0640    0.4679    0.2174    0.3783
 000423   P  0.312377  0.717496  0.771649    0.2820    0.4220    0.2360    0.0590    0.4570    0.2115    0.3783
 000424   L  0.258558  0.698493  0.763241    0.3456    0.4051    0.2540    0.0790    0.4542    0.2031    0.3778
 000425   H  0.265115  0.710178  0.756798    0.3939    0.3529    0.2590    0.0910    0.4563    0.2020    0.3794
 000426   L  0.290067  0.661902  0.753586    0.3053    0.3182    0.2830    0.1040    0.4353    0.1948    0.3788
 000427   H  0.311780  0.703750  0.752889    0.2167    0.3053    0.2830    0.0990    0.4289    0.2144    0.3809
 000428   A  0.335604  0.739207  0.754523    0.1805    0.3087    0.3080    0.1020    0.4378    0.2241    0.3821
 000429   A  0.365683  0.783126  0.756559    0.1844    0.2224    0.3460    0.1120    0.4430    0.2398    0.3826
 000430   A  0.418723  0.803946  0.759052    0.1667    0.1349    0.3870    0.1200    0.4450    0.2599    0.3853
 000431   R  0.492127  0.815722  0.761972    0.1732    0.1298    0.4080    0.1330    0.4635    0.2622    0.3865
 000432   E  0.576044  0.820341  0.764562    0.1878    0.2129    0.4090    0.1450    0.4951    0.2471    0.3876
 000433   K  0.642220  0.825100  0.765633    0.1844    0.2951    0.4020    0.1370    0.5191    0.2400    0.3881
 000434   P  0.660086  0.822026  0.764015    0.1878    0.2399    0.3890    0.1310    0.5104    0.2503    0.3901
 000435   L  0.691798  0.823006  0.761530    0.2558    0.3053    0.4430    0.1220    0.5468    0.2225    0.3894
 000436   L  0.728322  0.827183  0.758669    0.2333    0.2783    0.4600    0.1050    0.5476    0.2361    0.3907
 000437   A  0.778196  0.805569  0.756073    0.3053    0.3631    0.3900    0.0950    0.5663    0.2155    0.3941
 000438   E  0.798717  0.806668  0.752113    0.2865    0.2884    0.3400    0.0830    0.5454    0.2417    0.3967
 000439   E  0.810450  0.782690  0.746524    0.3225    0.3087    0.3700    0.0800    0.5568    0.2246    0.3945
 000440   L  0.817720  0.767127  0.738079    0.2700    0.3494    0.4380    0.0750    0.5635    0.2176    0.3911
 000441   L  0.818546  0.736536  0.728509    0.2963    0.3631    0.3970    0.0910    0.5566    0.2087    0.3920
 000442   C  0.811098  0.706311  0.719114    0.3096    0.3872    0.3540    0.0870    0.5480    0.2016    0.3977
 000443   P  0.782533  0.704370  0.711299    0.2913    0.3774    0.3390    0.0840    0.5343    0.2016    0.4022
 000444   E  0.754867  0.733754  0.705278    0.2913    0.3704    0.4050    0.0920    0.5435    0.1914    0.4070
 000445   A  0.702358  0.737831  0.702288    0.2700    0.2436    0.4280    0.0970    0.5139    0.2086    0.4113
 000446   R  0.644701  0.738909  0.701547    0.3359    0.2193    0.4600    0.1020    0.5168    0.1933    0.4155
 000447   A  0.636375  0.728734  0.703510    0.3263    0.3053    0.4460    0.1110    0.5243    0.1731    0.4136
 000448   T  0.629561  0.735116  0.706483    0.2820    0.3599    0.4860    0.1230    0.5332    0.1710    0.4116
 000449   L  0.629557  0.755472  0.709567    0.2865    0.3392    0.5030    0.1200    0.5372    0.1775    0.4100
 000450   K  0.626845  0.749974  0.711140    0.3146    0.3117    0.4340    0.0980    0.5247    0.1797    0.4151
 000451   E  0.654716  0.775839  0.711457    0.3717    0.3983    0.4340    0.0970    0.5576    0.1613    0.4208
 000452   R  0.701404  0.770801  0.712112    0.4245    0.5017    0.3800    0.0990    0.5817    0.1523    0.4245
 000453   N  0.724422  0.764524  0.713073    0.5253    0.5854    0.3660    0.0820    0.6131    0.1384    0.4237
 000454   G  0.770665  0.749678  0.713971    0.5331    0.5382    0.4180    0.0680    0.6206    0.1312    0.4224
 000455   R  0.820589  0.727139  0.714142    0.5253    0.5342    0.5410    0.1020    0.6438    0.1153    0.4210
 000456   F  0.846540  0.721033  0.713038    0.5473    0.4685    0.5380    0.1210    0.6390    0.1310    0.4182
 000457   F  0.829518  0.729606  0.709629    0.5583    0.4940    0.4930    0.1070    0.6356    0.1280    0.4211
 000458   T  0.831817  0.716477  0.702719    0.5126    0.4441    0.4310    0.0690    0.6065    0.1516    0.4311
 000459   P  0.775024  0.715858  0.691930    0.5084    0.4186    0.4590    0.0600    0.5948    0.1375    0.4292
 000460   K  0.694756  0.704680  0.675959    0.5173    0.5017    0.4840    0.0590    0.5965    0.0962    0.4220
 000461   R  0.614996  0.685088  0.657117    0.5084    0.4292    0.4680    0.0950    0.5604    0.0969    0.4191
 000462   N  0.535019  0.661490  0.637131    0.5043    0.4186    0.4410    0.1030    0.5329    0.0910    0.4193
 000463   P  0.456790  0.638044  0.618929    0.4333    0.4051    0.4020    0.1260    0.4923    0.0982    0.4203
 000464   H  0.383848  0.614063  0.601519    0.4379    0.4017    0.4440    0.1490    0.4805    0.0923    0.4208
 000465   R  0.315774  0.576175  0.584240    0.4149    0.2951    0.4990    0.1470    0.4475    0.1151    0.4196
 000466   E  0.284816  0.539567  0.565702    0.4245    0.3182    0.4600    0.1720    0.4321    0.1040    0.4221
 000467   I  0.212192  0.507444  0.545875    0.4203    0.3426    0.4240    0.1640    0.4087    0.1095    0.4245
 000468   T  0.199569  0.470297  0.524477    0.5008    0.4330    0.3470    0.1640    0.4126    0.1108    0.4315
 000469   L  0.187380  0.413626  0.503286    0.4245    0.4220    0.2940    0.1410    0.3741    0.1036    0.4274
 000470   R  0.181603  0.383653  0.482564    0.3806    0.4220    0.2580    0.1480    0.3514    0.1013    0.4235
 000471   G  0.201163  0.365071  0.463340    0.3847    0.4409    0.2500    0.1380    0.3509    0.0954    0.4166
 000472   L  0.231372  0.355317  0.444815    0.4245    0.4541    0.2410    0.1230    0.3585    0.0921    0.4101
 000473   G  0.235027  0.332297  0.427027    0.4282    0.4541    0.2190    0.1040    0.3493    0.0944    0.4089
 000474   A  0.210313  0.294528  0.408989    0.3992    0.3667    0.2090    0.0900    0.3147    0.0829    0.4095
 000475   T  0.186900  0.293380  0.390354    0.4149    0.2951    0.2050    0.1050    0.2976    0.0849    0.4107
 000476   F  0.182113  0.298739  0.369685    0.3578    0.3117    0.2120    0.1080    0.2886    0.0698    0.4111
 000477   T  0.213592  0.302585  0.347371    0.2786    0.2193    0.1880    0.1050    0.2582    0.0559    0.4178
 000478   L  0.222812  0.326685  0.323217    0.3491    0.2364    0.1920    0.1040    0.2751    0.0600    0.4241
 000479   R  0.232338  0.342182  0.298392    0.2558    0.2364    0.2190    0.1070    0.2641    0.0431    0.4329
 000480   G  0.239224  0.336901  0.273648    0.2333    0.3215    0.2710    0.1210    0.2793    0.0385    0.4287
 000481   P  0.220428  0.348492  0.250333    0.2483    0.3215    0.2770    0.1080    0.2777    0.0444    0.4258
 000482   D  0.209466  0.378203  0.228905    0.2602    0.3286    0.2570    0.0710    0.2770    0.0584    0.4186
 000483   G  0.216492  0.373390  0.209716    0.3225    0.3774    0.2150    0.0670    0.2857    0.0742    0.4115
 000484   E  0.226774  0.361219  0.192670    0.3311    0.2951    0.2200    0.1120    0.2711    0.0620    0.4077
 000485   V  0.234512  0.353982  0.176986    0.3225    0.2129    0.1940    0.0880    0.2491    0.0660    0.4093
 000486   L  0.211578  0.339465  0.162023    0.2333    0.2129    0.1680    0.0730    0.2211    0.0587    0.4080
 000487   G  0.210351  0.284143  0.146462    0.2041    0.2951    0.1780    0.0780    0.2196    0.0537    0.4026
 000488   Y  0.193736  0.259553  0.131122    0.2080    0.2817    0.1900    0.0740    0.2107    0.0491    0.4006
 000489   L  0.181005  0.236598  0.116162    0.2432    0.3774    0.1840    0.0820    0.2231    0.0807    0.3961
 000490   D  0.163355  0.217228  0.103750    0.2432    0.3910    0.1480    0.0560    0.2110    0.0924    0.3901
 000491   E  0.159834  0.218203  0.095437    0.2700    0.3667    0.1330    0.0490    0.2072    0.0910    0.3814
 000492   R  0.136411  0.245374  0.090121    0.2432    0.2609    0.1110    0.0420    0.1812    0.0701    0.3758
 000493   Q  0.112942  0.248884  0.086033    0.2080    0.1731    0.1030    0.0530    0.1553    0.0594    0.3770
 000494   A  0.090235  0.247168  0.081384    0.1349    0.1184    0.0910    0.0380    0.1272    0.0567    0.3820
 000495   Y  0.079600  0.253307  0.076800    0.0789    0.1092    0.0910    0.0300    0.1149    0.0629    0.3871
 000496   W  0.080754  0.236186  0.072096    0.0621    0.1583    0.0850    0.0220    0.1157    0.0623    0.3825
 000497   E  0.066964  0.216581  0.067538    0.0909    0.2258    0.0740    0.0130    0.1236    0.0695    0.3828
 000498   A  0.048299  0.215030  0.063566    0.0935    0.2364    0.0740    0.0120    0.1218    0.0750    0.3860
 000499   H  0.047383  0.222082  0.061203    0.1495    0.3117    0.0670    0.0100    0.1432    0.0969    0.3891
 000500   P  0.047517  0.206828  0.060066    0.2292    0.2988    0.0680    0.0150    0.1518    0.0974    0.3942
 000501   G  0.047697  0.213843  0.060077    0.2167    0.2129    0.0670    0.0150    0.1364    0.0783    0.4062
 000502   A  0.050460  0.231207  0.060530    0.1322    0.1476    0.0780    0.0210    0.1167    0.0624    0.4236
 000503   I  0.098901  0.231716  0.061299    0.0858    0.1476    0.0910    0.0310    0.1194    0.0565    0.4303
 000504   Y  0.102636  0.237220  0.061769    0.0514    0.1501    0.0920    0.0320    0.1159    0.0629    0.4275
 000505   L  0.094581  0.249713  0.061967    0.0542    0.1229    0.0940    0.0340    0.1129    0.0653    0.4313
 000506   H  0.116521  0.258917  0.062051    0.0935    0.1942    0.0900    0.0410    0.1359    0.0687    0.4189
 000507   Q  0.130396  0.236016  0.063010    0.1150    0.2224    0.0810    0.0310    0.1413    0.0660    0.4153
 000508   G  0.151453  0.231444  0.065789    0.1178    0.1881    0.0780    0.0260    0.1388    0.0586    0.4159
 000509   E  0.169601  0.219855  0.070301    0.0832    0.2002    0.0760    0.0300    0.1365    0.0619    0.4190
 000510   S  0.178587  0.215907  0.076620    0.0744    0.1914    0.0740    0.0320    0.1352    0.0611    0.4133
 000511   Y  0.187076  0.209154  0.084753    0.0514    0.1852    0.0760    0.0310    0.1322    0.0628    0.4009
 000512   L  0.149889  0.215814  0.095299    0.0464    0.1298    0.0770    0.0310    0.1190    0.0548    0.3811
 000513   V  0.148100  0.221938  0.108706    0.0607    0.0799    0.0780    0.0320    0.1162    0.0549    0.3533
 000514   R  0.145920  0.227918  0.122586    0.0701    0.0835    0.0650    0.0200    0.1191    0.0565    0.3271
 000515   N  0.134849  0.222072  0.135441    0.0567    0.0851    0.0570    0.0160    0.1153    0.0576    0.3156
 000516   V  0.134162  0.193485  0.147383    0.0621    0.1449    0.0580    0.0170    0.1233    0.0486    0.3122
 000517   D  0.123824  0.172139  0.160211    0.0405    0.1275    0.0590    0.0200    0.1139    0.0486    0.3097
 000518   L  0.116161  0.149907  0.174880    0.0464    0.0765    0.0600    0.0190    0.1040    0.0470    0.3011
 000519   A  0.114560  0.138045  0.188256    0.0395    0.0817    0.0610    0.0180    0.1038    0.0498    0.2868
 000520   R  0.111785  0.130550  0.200425    0.0226    0.0799    0.0650    0.0190    0.1017    0.0559    0.2671
 000521   R  0.109614  0.128255  0.211294    0.0252    0.0463    0.0830    0.0250    0.1006    0.0606    0.2606
 000522   E  0.107723  0.127365  0.222338    0.0478    0.0454    0.0950    0.0320    0.1076    0.0594    0.2675
 000523   V  0.107757  0.114198  0.233341    0.0490    0.0780    0.1170    0.0440    0.1165    0.0574    0.2810
 000524   W  0.117539  0.097785  0.244223    0.0455    0.1229    0.1360    0.0550    0.1273    0.0598    0.3005
 000525   L  0.156398  0.094886  0.254405    0.0526    0.1476    0.1210    0.0490    0.1378    0.0625    0.3196
 000526   L  0.198025  0.103194  0.263862    0.0554    0.1298    0.1190    0.0450    0.1448    0.0679    0.3281
 000527   P  0.233014  0.119335  0.272783    0.0991    0.1554    0.1150    0.0350    0.1658    0.0649    0.3278
 000528   A  0.242840  0.136964  0.282564    0.0744    0.1583    0.1290    0.0400    0.1706    0.0708    0.3273
 000529   L  0.251589  0.161922  0.295054    0.1060    0.2364    0.1440    0.0490    0.1991    0.0664    0.3275
 000530   E  0.259734  0.207856  0.309961    0.1322    0.2783    0.1570    0.0570    0.2241    0.0644    0.3308
 000531   D  0.297170  0.265049  0.327093    0.1602    0.2094    0.1860    0.0810    0.2409    0.0601    0.3409
 000532   Y  0.347534  0.341515  0.342927    0.1878    0.2328    0.2100    0.1040    0.2771    0.0681    0.3419
 000533   Y  0.400448  0.402137  0.358249    0.1088    0.1583    0.2270    0.1090    0.2757    0.1172    0.3294
 000534   T  0.417740  0.448119  0.372691    0.1635    0.1449    0.2400    0.0970    0.2979    0.1206    0.3116
 000535   E  0.439629  0.482001  0.387178    0.2041    0.2399    0.2680    0.1120    0.3368    0.1048    0.2930
 000536   P  0.471956  0.492206  0.401473    0.1958    0.3182    0.2790    0.1290    0.3597    0.1057    0.2797
 000537   R  0.529766  0.478038  0.414890    0.2820    0.4087    0.2880    0.1350    0.4002    0.0911    0.2704
 000538   A  0.592943  0.495593  0.427530    0.2558    0.3983    0.2770    0.1110    0.4079    0.1173    0.2705
 000539   E  0.672316  0.508415  0.438188    0.2865    0.3599    0.2470    0.0930    0.4187    0.1433    0.2707
 000540   T  0.718441  0.522885  0.446664    0.3668    0.4441    0.2570    0.0780    0.4593    0.1421    0.2729
 000541   D  0.747243  0.523989  0.452805    0.2820    0.4507    0.2500    0.0630    0.4512    0.1643    0.2714
 000542   L  0.762151  0.493189  0.455769    0.2657    0.4441    0.2340    0.0600    0.4424    0.1731    0.2639
 000543   E  0.781364  0.498833  0.455587    0.3717    0.4652    0.2510    0.0570    0.4706    0.1610    0.2574
 000544   V  0.796179  0.504391  0.451678    0.4513    0.4409    0.3350    0.0860    0.4966    0.1433    0.2567
 000545   L  0.805601  0.503352  0.448292    0.3847    0.3599    0.3880    0.1260    0.4817    0.1525    0.2623
 000546   S  0.804764  0.489491  0.447176    0.2700    0.3494    0.3850    0.1630    0.4576    0.1702    0.2661
 000547   G  0.792498  0.475286  0.449176    0.1844    0.3182    0.3920    0.1830    0.4352    0.1862    0.2673
 000548   E  0.753419  0.474123  0.449584    0.2167    0.2609    0.4390    0.2000    0.4324    0.1737    0.2603
 000549   E  0.738920  0.435964  0.448696    0.2255    0.2224    0.4870    0.2040    0.4265    0.1751    0.2515
 000550   V  0.688270  0.388458  0.449222    0.1602    0.1399    0.5170    0.2340    0.3905    0.1932    0.2450
 000551   G  0.642394  0.362957  0.453354    0.1088    0.1251    0.4770    0.2250    0.3616    0.1917    0.2432
 000552   P  0.601078  0.320442  0.460458    0.0607    0.1298    0.4550    0.2140    0.3380    0.1908    0.2385
 000553   G  0.557384  0.261027  0.467356    0.0965    0.1852    0.4330    0.1920    0.3333    0.1639    0.2394
 000554   V  0.507167  0.212759  0.473052    0.0991    0.1206    0.4150    0.1800    0.3047    0.1664    0.2357
 000555   W  0.448259  0.194916  0.475750    0.1266    0.1184    0.4430    0.1860    0.3011    0.1567    0.2306
 000556   V  0.385797  0.168192  0.477802    0.1380    0.1852    0.4420    0.1760    0.2995    0.1390    0.2197
 000557   G  0.384516  0.179078  0.478868    0.0935    0.1162    0.4110    0.1540    0.2772    0.1525    0.2119
 000558   R  0.406885  0.176897  0.481252    0.0965    0.0749    0.3710    0.1310    0.2680    0.1583    0.2047
 000559   V  0.458467  0.177206  0.482172    0.0542    0.0646    0.3610    0.1290    0.2662    0.1761    0.2086
 000560   V  0.499041  0.192363  0.482758    0.0350    0.0555    0.3460    0.1380    0.2684    0.1874    0.2087
 000561   L  0.541393  0.177144  0.479471    0.0490    0.0799    0.3340    0.1260    0.2768    0.1893    0.2020
 000562   R  0.590384  0.202583  0.472395    0.0441    0.0389    0.2880    0.0740    0.2727    0.2053    0.1862
 000563   E  0.650843  0.222190  0.462368    0.0327    0.0198    0.2620    0.0530    0.2750    0.2248    0.1822
 000564   R  0.730872  0.239715  0.452174    0.0157    0.0209    0.2290    0.0460    0.2814    0.2497    0.1771
 000565   V  0.732303  0.233794  0.443888    0.0121    0.0313    0.1960    0.0420    0.2749    0.2497    0.1836
 000566   V  0.702858  0.219008  0.439136    0.0279    0.0631    0.1740    0.0450    0.2710    0.2342    0.1887
 000567   G  0.641103  0.208569  0.436514    0.0455    0.0631    0.1610    0.0410    0.2593    0.2135    0.1964
 000568   Y  0.592194  0.222296  0.434603    0.0425    0.0364    0.1800    0.0500    0.2513    0.2023    0.1988
 000569   V  0.528083  0.246958  0.431877    0.0304    0.0424    0.1890    0.0520    0.2447    0.1850    0.2012
 000570   K  0.447466  0.255970  0.429268    0.0274    0.0734    0.2160    0.0610    0.2416    0.1595    0.2009
 000571   K  0.357295  0.263907  0.427926    0.0414    0.0719    0.2590    0.0800    0.2369    0.1400    0.2081
 000572   R  0.264501  0.264366  0.427165    0.0723    0.1298    0.3070    0.0930    0.2442    0.1161    0.2229
 000573   F  0.176280  0.244348  0.427790    0.0502    0.0835    0.3600    0.1130    0.2237    0.1371    0.2506
 000574   Y  0.175614  0.229794  0.429781    0.0502    0.0817    0.3790    0.1150    0.2244    0.1410    0.2660
 000575   T  0.199052  0.248784  0.432583    0.0327    0.0646    0.3840    0.1120    0.2269    0.1484    0.2824
 000576   G  0.211222  0.262317  0.434566    0.0542    0.1115    0.3750    0.0950    0.2414    0.1344    0.2869
 000577   S  0.230942  0.266160  0.434872    0.0621    0.1731    0.3680    0.0940    0.2559    0.1224    0.2866
 000578   V  0.296019  0.288758  0.432527    0.0660    0.1206    0.3660    0.1200    0.2616    0.1292    0.2861
 000579   L  0.365843  0.332515  0.430721    0.1205    0.1881    0.3450    0.1260    0.2972    0.1074    0.2845
 000580   E  0.453363  0.370897  0.428341    0.1150    0.1501    0.3090    0.1000    0.3045    0.1302    0.2808
 000581   E  0.548642  0.418131  0.427868    0.1240    0.1731    0.3050    0.0820    0.3328    0.1488    0.2721
 000582   V  0.640052  0.452391  0.426199    0.0789    0.1942    0.3400    0.0880    0.3552    0.1817    0.2542
 000583   P  0.726303  0.488153  0.424200    0.1018    0.2164    0.3620    0.0990    0.3865    0.1991    0.2410
 000584   L  0.760095  0.490179  0.422164    0.1766    0.2951    0.4190    0.1040    0.4271    0.1803    0.2255
 000585   E  0.784959  0.515100  0.420004    0.2865    0.3053    0.3570    0.0840    0.4449    0.1700    0.2152
 000586   M  0.807820  0.502426  0.418624    0.2531    0.1914    0.3860    0.0790    0.4266    0.1992    0.2037
 000587   P  0.808832  0.477434  0.415746    0.1766    0.1048    0.3290    0.0780    0.3854    0.2288    0.1971
 000588   E  0.817504  0.459023  0.413090    0.1117    0.1007    0.3120    0.0880    0.3689    0.2424    0.1959
 000589   V  0.815786  0.410873  0.409746    0.1041    0.1643    0.2290    0.0810    0.3556    0.2358    0.1949
 000590   S  0.798945  0.357079  0.406826    0.1635    0.2575    0.1670    0.0550    0.3584    0.2165    0.2020
 000591   F  0.791398  0.310288  0.401889    0.1732    0.2541    0.1330    0.0430    0.3440    0.2184    0.2093
 000592   P  0.768873  0.294770  0.397761    0.1878    0.2094    0.1110    0.0220    0.3282    0.2165    0.2236
 000593   T  0.722083  0.278967  0.394598    0.2865    0.2129    0.1020    0.0130    0.3329    0.1949    0.2417
 000594   E  0.667797  0.267538  0.394725    0.2432    0.2094    0.0890    0.0110    0.3120    0.1827    0.2467
 000595   A  0.577938  0.240795  0.395410    0.2432    0.2680    0.0840    0.0150    0.3016    0.1531    0.2480
 000596   L  0.492080  0.222124  0.394235    0.2531    0.1501    0.0880    0.0200    0.2666    0.1383    0.2485
 000597   W  0.405836  0.210536  0.388777    0.2657    0.2002    0.0930    0.0210    0.2607    0.1093    0.2501
 000598   F  0.324355  0.205356  0.380315    0.1566    0.1137    0.0990    0.0240    0.2132    0.1053    0.2459
 000599   H  0.243962  0.229445  0.371834    0.1602    0.1162    0.1170    0.0290    0.2064    0.0891    0.2353
 000600   P  0.154476  0.242798  0.363885    0.1532    0.1671    0.1390    0.0440    0.2034    0.0793    0.2219
 000601   P  0.084150  0.252919  0.355731    0.1698    0.1702    0.1530    0.0500    0.1976    0.0861    0.2069
 000602   E  0.046709  0.251268  0.346776    0.2657    0.1942    0.1690    0.0590    0.2122    0.0932    0.1967
 000603   A  0.020606  0.271810  0.338058    0.2531    0.1702    0.1830    0.0620    0.2061    0.1002    0.1797
 000604   V  0.061159  0.274900  0.329682    0.1602    0.1373    0.1720    0.0550    0.1891    0.0888    0.1645
 000605   P  0.120658  0.286646  0.320213    0.1380    0.0799    0.1420    0.0530    0.1812    0.0892    0.1591
 000606   A  0.191561  0.295286  0.310297    0.1322    0.1028    0.1240    0.0460    0.1928    0.0824    0.1568
 000607   F  0.234904  0.287411  0.299402    0.1178    0.1528    0.1110    0.0470    0.2005    0.0772    0.1594
 000608   Q  0.273562  0.263016  0.288694    0.2080    0.2193    0.0970    0.0410    0.2250    0.0639    0.1625
 000609   I  0.274912  0.254095  0.277620    0.2820    0.2884    0.0860    0.0290    0.2439    0.0713    0.1677
 000610   P  0.276618  0.256285  0.266037    0.2432    0.2094    0.0650    0.0200    0.2194    0.0723    0.1793
 000611   G  0.281429  0.244940  0.254118    0.1667    0.1914    0.0520    0.0110    0.1985    0.0759    0.1942
 000612   G  0.281158  0.240074  0.240794    0.0884    0.1137    0.0490    0.0110    0.1689    0.0882    0.2076
 000613   I  0.239984  0.247468  0.227357    0.0744    0.0646    0.0520    0.0130    0.1510    0.0876    0.2174
 000614   H  0.179380  0.234002  0.213682    0.0514    0.0888    0.0620    0.0190    0.1382    0.0734    0.2330
 000615   A  0.107262  0.216739  0.200277    0.0490    0.0817    0.0850    0.0350    0.1233    0.0628    0.2463
 000616   L  0.056303  0.211352  0.188103    0.0502    0.0372    0.1010    0.0460    0.1074    0.0685    0.2569
 000617   E  0.022547  0.208527  0.178004    0.0363    0.0300    0.1100    0.0560    0.0976    0.0740    0.2675
 000618   H  0.033048  0.179525  0.170908    0.0387    0.0364    0.1070    0.0490    0.0943    0.0626    0.2670
 000619   A  0.044254  0.161014  0.165408    0.0200    0.0287    0.0940    0.0300    0.0855    0.0597    0.2691
 000620   M  0.069040  0.133761  0.160026    0.0218    0.0555    0.0800    0.0140    0.0867    0.0468    0.2705
 000621   I  0.101409  0.104372  0.155034    0.0131    0.0473    0.0750    0.0130    0.0827    0.0451    0.2731
 000622   G  0.137091  0.091264  0.149506    0.0150    0.0494    0.0660    0.0150    0.0847    0.0473    0.2795
 000623   L  0.182691  0.085298  0.144247    0.0144    0.0543    0.0550    0.0160    0.0894    0.0574    0.2873
 000624   L  0.186844  0.076756  0.139097    0.0336    0.0618    0.0420    0.0110    0.0900    0.0551    0.2999
 000625   P  0.196551  0.069667  0.134539    0.0414    0.0646    0.0320    0.0070    0.0898    0.0579    0.3042
 000626   L  0.198503  0.065921  0.130937    0.0304    0.0780    0.0350    0.0090    0.0898    0.0588    0.3115
 000627   F  0.200503  0.070342  0.128766    0.0567    0.0719    0.0400    0.0120    0.0947    0.0547    0.3186
 000628   V  0.194988  0.086884  0.128760    0.0490    0.0646    0.0440    0.0120    0.0947    0.0530    0.3179
 000629   L  0.167054  0.108410  0.130065    0.0286    0.0372    0.0590    0.0180    0.0883    0.0507    0.3270
 000630   A  0.137285  0.144105  0.131549    0.0395    0.0518    0.0760    0.0270    0.0968    0.0424    0.3283
 000631   E  0.111344  0.172506  0.132888    0.0308    0.0334    0.1150    0.0280    0.0993    0.0515    0.3313
 000632   R  0.074674  0.202993  0.134556    0.0660    0.0320    0.1530    0.0260    0.1106    0.0583    0.3268
 000633   Q  0.079944  0.221757  0.137311    0.0363    0.0364    0.1750    0.0380    0.1144    0.0696    0.3151
 000634   D  0.097712  0.232689  0.142396    0.0363    0.0592    0.1840    0.0520    0.1254    0.0687    0.2994
 000635   V  0.124106  0.240730  0.149512    0.0723    0.1092    0.1740    0.0640    0.1450    0.0533    0.2765
 000636   G  0.163333  0.255698  0.157688    0.0607    0.0581    0.1440    0.0510    0.1399    0.0674    0.2626
 000637   G  0.213021  0.260319  0.165311    0.1240    0.1048    0.1420    0.0680    0.1683    0.0535    0.2433
 000638   I  0.297896  0.253895  0.173319    0.1240    0.1823    0.1330    0.0490    0.1940    0.0627    0.2223
 000639   S  0.402051  0.257460  0.181092    0.1998    0.2645    0.1200    0.0500    0.2375    0.0881    0.2103
 000640   Y  0.499823  0.256087  0.190742    0.2786    0.3392    0.1350    0.0670    0.2833    0.1163    0.1937
 000641   P  0.599060  0.277875  0.200802    0.3399    0.3704    0.1500    0.0760    0.3230    0.1447    0.1853
 000642   F  0.619704  0.309235  0.209833    0.3146    0.3740    0.1820    0.0840    0.3350    0.1429    0.1769
 000643   Y  0.604880  0.364843  0.216496    0.3096    0.3872    0.1900    0.0730    0.3455    0.1363    0.1683
 000644   P  0.570530  0.440117  0.220921    0.3096    0.3117    0.2040    0.0580    0.3428    0.1275    0.1652
 000645   R  0.518306  0.509116  0.225631    0.2913    0.1881    0.3030    0.1040    0.3393    0.1293    0.1641
 000646   P  0.463212  0.541074  0.229562    0.3146    0.1671    0.3680    0.1230    0.3472    0.1283    0.1699
 000647   L  0.378712  0.544569  0.233151    0.2432    0.0985    0.3510    0.1130    0.3082    0.1393    0.1753
 000648   P  0.272580  0.592570  0.236868    0.1844    0.1092    0.2540    0.0810    0.2749    0.1519    0.1841
 000649   S  0.248260  0.566451  0.239837    0.1921    0.1759    0.1970    0.0510    0.2699    0.1351    0.1979
 000650   P  0.245432  0.533628  0.241243    0.2041    0.1070    0.1400    0.0300    0.2453    0.1385    0.2077
 000651   G  0.305095  0.483241  0.240791    0.2963    0.1942    0.1170    0.0140    0.2727    0.1136    0.2199
 000652   G  0.393296  0.419382  0.240230    0.1878    0.1759    0.0950    0.0130    0.2520    0.1173    0.2285
 000653   P  0.408152  0.372191  0.240088    0.3005    0.2817    0.0770    0.0160    0.2799    0.1066    0.2367
 000654   T  0.445403  0.318795  0.240034    0.3885    0.3087    0.0700    0.0150    0.2952    0.1196    0.2484
 000655   V  0.463144  0.275373  0.239291    0.3668    0.2884    0.0670    0.0130    0.2834    0.1212    0.2570
 000656   F  0.480897  0.226925  0.238211    0.2963    0.1969    0.0660    0.0130    0.2509    0.1243    0.2644
 000657   I  0.490171  0.232395  0.236279    0.2748    0.1528    0.0660    0.0130    0.2421    0.1301    0.2639
 000658   Y  0.416895  0.232606  0.233705    0.2820    0.2224    0.0760    0.0170    0.2439    0.1003    0.2612
 000659   D  0.327170  0.229279  0.229886    0.2292    0.2002    0.0850    0.0220    0.2168    0.0710    0.2582
 000660   G  0.261138  0.247403  0.225840    0.2255    0.1759    0.1090    0.0320    0.2075    0.0514    0.2493
 000661   Y  0.174762  0.259782  0.223001    0.1958    0.1349    0.1320    0.0380    0.1868    0.0457    0.2429
 000662   P  0.175656  0.273487  0.223009    0.1698    0.1323    0.1550    0.0450    0.1882    0.0469    0.2387
 000663   G  0.154595  0.294721  0.225400    0.1456    0.1298    0.1730    0.0510    0.1872    0.0567    0.2372
 000664   G  0.161010  0.331435  0.227853    0.1266    0.0605    0.1990    0.0620    0.1844    0.0846    0.2377
 000665   V  0.176803  0.360414  0.227836    0.1178    0.0646    0.2470    0.0860    0.1991    0.0952    0.2452
 000666   G  0.248511  0.358713  0.227177    0.1018    0.1092    0.2600    0.0970    0.2176    0.0894    0.2478
 000667   Y  0.320391  0.368566  0.227186    0.1635    0.1162    0.2850    0.1020    0.2467    0.0876    0.2526
 000668   A  0.385882  0.373542  0.228890    0.2255    0.1251    0.2620    0.0900    0.2667    0.0902    0.2650
 000669   R  0.430860  0.352605  0.229824    0.2209    0.1969    0.2520    0.0890    0.2805    0.0834    0.2827
 000670   R  0.512257  0.325899  0.231404    0.1416    0.1554    0.2200    0.0760    0.2644    0.1260    0.2993
 000671   A  0.589551  0.325311  0.232215    0.1380    0.1643    0.1620    0.0560    0.2686    0.1564    0.3189
 000672   A  0.665003  0.310764  0.235083    0.1766    0.1759    0.1280    0.0510    0.2820    0.1806    0.3387
 000673   R  0.749226  0.310227  0.241082    0.1602    0.1731    0.1350    0.0660    0.2948    0.2114    0.3610
 000674   R  0.824129  0.327161  0.249081    0.1150    0.1162    0.1830    0.0920    0.3024    0.2449    0.3841
 000675   F  0.851469  0.328026  0.256628    0.1178    0.0719    0.1930    0.0790    0.3032    0.2593    0.4152
 000676   P  0.861320  0.314620  0.261190    0.1292    0.1070    0.1660    0.0640    0.3066    0.2585    0.4323
 000677   E  0.784130  0.298040  0.267319    0.0935    0.1028    0.1520    0.0530    0.2829    0.2371    0.4030
 000678   W  0.733080  0.297606  0.275597    0.1416    0.0985    0.1300    0.0440    0.2795    0.2161    0.3741
 000679   L  0.661895  0.273394  0.284352    0.1667    0.1349    0.0990    0.0170    0.2701    0.1879    0.3864
 000680   K  0.593015  0.236272  0.293790    0.0643    0.0734    0.0910    0.0160    0.2254    0.1857    0.4134
 000681   A  0.509520  0.210640  0.303418    0.0813    0.0835    0.0890    0.0180    0.2129    0.1558    0.4031
 000682   T  0.440900  0.204474  0.313585    0.0336    0.1115    0.0870    0.0160    0.1985    0.1410    0.3560
 000683   L  0.366883  0.192419  0.324083    0.0405    0.1349    0.0910    0.0190    0.1917    0.1186    0.3098
 000684   D  0.257534  0.185148  0.335910    0.0414    0.0734    0.0990    0.0220    0.1653    0.1051    0.2553
 000685   L  0.186586  0.200770  0.349187    0.0405    0.0851    0.1060    0.0230    0.1614    0.1008    0.1857
 000686   L  0.202560  0.219889  0.362344    0.0245    0.1583    0.1130    0.0270    0.1800    0.1037    0.1221
 000687   R  0.202093  0.247111  0.375012    0.0259    0.0749    0.1230    0.0310    0.1747    0.1161    0.0762
 000688   S  0.202747  0.313453  0.387977    0.0231    0.0443    0.1480    0.0470    0.1867    0.1325    0.0407
 000689   C  0.214747  0.345581  0.400626    0.0124    0.0506    0.1610    0.0540    0.1976    0.1418    0.0215
 000690   P  0.228671  0.361700  0.413479    0.0128    0.0799    0.1530    0.0480    0.2082    0.1437    0.0150
 000691   C  0.198969  0.371441  0.426450    0.0081    0.0948    0.1420    0.0480    0.2070    0.1481    0.0107
 000692   E  0.180919  0.419890  0.439185    0.0099    0.1137    0.1400    0.0460    0.2172    0.1588    0.0098
 000693   E  0.208989  0.405169  0.449296    0.0124    0.0543    0.1460    0.0420    0.2127    0.1647    0.0087
 000694   G  0.200820  0.398660  0.456891    0.0200    0.0888    0.1390    0.0430    0.2174    0.1592    0.0069
 000695   C  0.190194  0.369202  0.462240    0.0055    0.0851    0.1140    0.0380    0.2043    0.1612    0.0057
 000696   P  0.200818  0.392132  0.466800    0.0078    0.1323    0.1020    0.0400    0.2169    0.1620    0.0059
 000697   R  0.185403  0.361345  0.468655    0.0099    0.2034    0.1040    0.0420    0.2221    0.1532    0.0062
 000698   C  0.197717  0.386377  0.468680    0.0097    0.2164    0.1060    0.0460    0.2309    0.1562    0.0067
 000699   V  0.176285  0.392314  0.467260    0.0090    0.1399    0.0880    0.0390    0.2122    0.1636    0.0095
 000700   L  0.166697  0.394941  0.466713    0.0316    0.1583    0.0860    0.0370    0.2174    0.1589    0.0126
 000701   S  0.150427  0.413003  0.465305    0.0150    0.1528    0.0820    0.0320    0.2131    0.1671    0.0144
 000702   P  0.131429  0.422818  0.462847    0.0316    0.2470    0.0850    0.0280    0.2301    0.1642    0.0168
 000703   K  0.121185  0.432478  0.457864    0.0363    0.2224    0.1020    0.0340    0.2288    0.1626    0.0174
 000704   C  0.111034  0.436173  0.453022    0.0376    0.1759    0.1130    0.0400    0.2210    0.1631    0.0178
 000705   G  0.083281  0.450849  0.450888    0.0376    0.1501    0.1030    0.0360    0.2126    0.1717    0.0243
 000706   N  0.073394  0.473957  0.453256    0.0858    0.1731    0.0930    0.0290    0.2254    0.1715    0.0338
 000707   G  0.023990  0.485527  0.457603    0.0567    0.1275    0.0870    0.0270    0.2065    0.1902    0.0446
 000708   N  0.021336  0.490490  0.459189    0.0376    0.0799    0.0900    0.0290    0.1964    0.1985    0.0605
 000709   Q  0.018840  0.487950  0.458305    0.0858    0.1251    0.1040    0.0410    0.2133    0.1868    0.0870
 000710   Y  0.016945  0.483175  0.456758    0.0789    0.1184    0.1240    0.0540    0.2130    0.1852    0.1099
 000711   L  0.021643  0.479373  0.455286    0.1041    0.1501    0.1370    0.0600    0.2246    0.1765    0.1471
 000712   D  0.034068  0.470400  0.454747    0.0587    0.1007    0.1640    0.0770    0.2137    0.1805    0.1895
 000713   K  0.052721  0.474020  0.455182    0.0395    0.0719    0.2110    0.1030    0.2173    0.1837    0.2455
 000714   K  0.064662  0.469191  0.455809    0.0226    0.0690    0.2670    0.1320    0.2247    0.1851    0.3106
 000715   A  0.091284  0.439873  0.454857    0.0542    0.1476    0.3050    0.1400    0.2488    0.1608    0.3865
 000716   A  0.121629  0.422680  0.452558    0.0567    0.0985    0.3130    0.1390    0.2441    0.1588    0.4333
 000717   L  0.160349  0.415060  0.451070    0.0744    0.1007    0.3960    0.1780    0.2663    0.1574    0.3820
 000718   A  0.189849  0.375761  0.450036    0.0441    0.0985    0.4400    0.1940    0.2664    0.1629    0.3530
 000719   L  0.236272  0.366031  0.448448    0.0478    0.0765    0.6220    0.1450    0.2995    0.2032    0.3270
 000720   A  0.265107  0.365076  0.446978    0.0621    0.0555    0.6000    0.1680    0.2991    0.1972    0.3174
 000721   L  0.312039  0.351852  0.444744    0.1292    0.0835    0.6630    0.0970    0.3307    0.1941    0.3043
 000722   A  0.352597  0.385511  0.441727    0.2209    0.1184    0.7100    0.0850    0.3715    0.1856    0.3103
 000723   L  0.428284  0.448404  0.437290    0.2531    0.0835    0.7500    0.0900    0.4000    0.2036    0.3051
 000724   A  0.490115  0.527946  0.433210    0.3005    0.0631    0.8030    0.0640    0.4363    0.2249    0.3059
 000725   H  0.557620  0.598087  0.429746    0.3491    0.0463    0.8590    0.0660    0.4733    0.2486    0.3053
 000726   P  0.535011  0.659057  0.428240    0.4333    0.0454    0.9020    0.0410    0.5006    0.2597    0.3050
 000727   L  0.794590  0.736431  0.428288    0.5084    0.0433    0.9020    0.0360    0.5688    0.2856    0.3035
 000728   D  0.805475  0.758636  0.428991    0.6255    0.0690    0.9330    0.0100    0.6035    0.2858    0.3148
