#RESNUM RES     VL-XT     VSL2B       VL3  IUPred-S  IUPred-L  PONDRFIT  FITERROR       MDP  MDPERROR   ANCHOR2
 000001   M  0.360892  0.615629  0.466473    0.6604    0.0676    0.8730    0.0810    0.5074    0.2535    0.3140
 000002   R  0.391346  0.573907  0.469429    0.6442    0.0948    0.8250    0.0730    0.4997    0.2268    0.3246
 000003   R  0.245917  0.566356  0.474200    0.6035    0.1206    0.7990    0.0560    0.4682    0.2264    0.3317
 000004   F  0.277435  0.492747  0.476120    0.5583    0.1206    0.7840    0.0770    0.4515    0.2097    0.3388
 000005   A  0.334202  0.426767  0.475356    0.5084    0.0631    0.8430    0.0910    0.4418    0.2315    0.3429
 000006   L  0.355014  0.383240  0.473611    0.4333    0.0817    0.9040    0.0790    0.4385    0.2434    0.3444
 000007   T  0.349614  0.369140  0.471445    0.2913    0.1137    0.8660    0.1240    0.4102    0.2306    0.3565
 000008   V  0.365563  0.351568  0.469273    0.2432    0.1137    0.8270    0.1730    0.3951    0.2226    0.3723
 000009   A  0.379110  0.337814  0.468496    0.2080    0.0799    0.8310    0.1740    0.3840    0.2353    0.3828
 000010   L  0.397538  0.341147  0.470196    0.1456    0.1070    0.8280    0.1320    0.3816    0.2382    0.3914
 000011   P  0.423790  0.340243  0.474504    0.0677    0.0870    0.6020    0.2450    0.3326    0.1965    0.4061
 000012   K  0.450769  0.360091  0.479221    0.0965    0.0662    0.5610    0.2240    0.3357    0.1894    0.4262
 000013   G  0.485562  0.375428  0.483488    0.0621    0.0690    0.4880    0.2170    0.3273    0.1892    0.4304
 000014   R  0.514243  0.384746  0.487233    0.0387    0.0690    0.4390    0.2080    0.3222    0.1942    0.4177
 000015   M  0.527933  0.379854  0.491602    0.0771    0.1115    0.4230    0.1720    0.3351    0.1770    0.4057
 000016   F  0.559250  0.390489  0.495935    0.0884    0.1323    0.3900    0.1570    0.3427    0.1750    0.3841
 000017   R  0.596229  0.374829  0.501286    0.1266    0.1349    0.3460    0.1420    0.3467    0.1733    0.3563
 000018   E  0.636582  0.383429  0.507056    0.1240    0.1298    0.3440    0.1340    0.3541    0.1859    0.3369
 000019   A  0.648103  0.383624  0.512740    0.1178    0.1206    0.3410    0.1210    0.3539    0.1928    0.3222
 000020   Y  0.659574  0.377230  0.516592    0.1416    0.1671    0.3240    0.1160    0.3644    0.1829    0.3060
 000021   E  0.674762  0.379153  0.519237    0.1456    0.2541    0.3040    0.1100    0.3794    0.1746    0.2911
 000022   V  0.684239  0.373332  0.521827    0.1456    0.1611    0.3140    0.0930    0.3667    0.1910    0.2802
 000023   L  0.706372  0.393515  0.523597    0.1566    0.1702    0.2960    0.0890    0.3743    0.1950    0.2717
 000024   K  0.721308  0.381458  0.523649    0.1060    0.1702    0.2690    0.0850    0.3620    0.2108    0.2568
 000025   R  0.738697  0.396986  0.523189    0.1150    0.1881    0.2800    0.0790    0.3737    0.2106    0.2424
 000026   A  0.743005  0.411813  0.522755    0.1380    0.2094    0.2860    0.0810    0.3852    0.2039    0.2305
 000027   G  0.746448  0.406327  0.522148    0.2292    0.3249    0.2990    0.0930    0.4213    0.1719    0.2234
 000028   L  0.772543  0.426456  0.521600    0.2255    0.2503    0.3300    0.0970    0.4211    0.1868    0.2235
 000029   D  0.785175  0.448001  0.519636    0.2209    0.1643    0.3230    0.0830    0.4102    0.2073    0.2222
 000030   L  0.795311  0.477396  0.515548    0.1732    0.1914    0.3300    0.0780    0.4138    0.2138    0.2208
 000031   P  0.801406  0.493629  0.508843    0.1732    0.2715    0.3050    0.0850    0.4257    0.2060    0.2241
 000032   E  0.800643  0.524718  0.499889    0.1732    0.2575    0.3450    0.1040    0.4334    0.2058    0.2248
 000033   V  0.800915  0.546878  0.490319    0.2292    0.3356    0.3820    0.1060    0.4641    0.1823    0.2249
 000034   E  0.803477  0.551674  0.479263    0.2963    0.4149    0.3710    0.1030    0.4861    0.1630    0.2273
 000035   G  0.808268  0.549431  0.469470    0.3146    0.4149    0.3470    0.0850    0.4840    0.1642    0.2322
 000036   E  0.807898  0.560188  0.460440    0.3225    0.3529    0.3340    0.0960    0.4729    0.1715    0.2387
 000037   R  0.814051  0.539477  0.451484    0.3578    0.3566    0.3120    0.1090    0.4718    0.1703    0.2417
 000038   T  0.809600  0.523068  0.442750    0.2820    0.2752    0.3570    0.1280    0.4482    0.1836    0.2486
 000039   L  0.805028  0.504745  0.433423    0.3399    0.2752    0.3850    0.1520    0.4573    0.1712    0.2529
 000040   L  0.803035  0.503284  0.422381    0.2531    0.2817    0.3550    0.1440    0.4365    0.1840    0.2575
 000041   H  0.797327  0.490100  0.407896    0.2531    0.2783    0.3100    0.1320    0.4227    0.1860    0.2600
 000042   G  0.796961  0.487484  0.390677    0.2385    0.2436    0.3240    0.1270    0.4135    0.1918    0.2562
 000043   K  0.780169  0.480945  0.372932    0.1495    0.2436    0.2850    0.1080    0.3853    0.2046    0.2535
 000044   E  0.741640  0.451500  0.355883    0.1878    0.3053    0.2560    0.0990    0.3830    0.1800    0.2512
 000045   G  0.695988  0.425978  0.339689    0.1805    0.3053    0.2360    0.0930    0.3638    0.1675    0.2441
 000046   G  0.638304  0.396583  0.323670    0.1698    0.2364    0.2080    0.0830    0.3288    0.1575    0.2393
 000047   V  0.587993  0.345051  0.307998    0.1766    0.2575    0.2130    0.0800    0.3148    0.1343    0.2321
 000048   A  0.553619  0.305741  0.291664    0.1292    0.1759    0.2230    0.0830    0.2799    0.1369    0.2303
 000049   L  0.507398  0.287100  0.275412    0.1532    0.1048    0.2290    0.0810    0.2596    0.1282    0.2219
 000050   L  0.481191  0.262875  0.259083    0.1416    0.1137    0.2190    0.0750    0.2463    0.1189    0.2149
 000051   E  0.414840  0.235943  0.242917    0.1416    0.1823    0.2020    0.0600    0.2366    0.0866    0.2052
 000052   L  0.363121  0.222806  0.226152    0.0935    0.1162    0.1960    0.0590    0.2029    0.0877    0.1965
 000053   R  0.358457  0.225089  0.208645    0.0991    0.1162    0.1750    0.0670    0.1971    0.0852    0.1898
 000054   N  0.359438  0.210485  0.193353    0.0542    0.0662    0.1760    0.0730    0.1766    0.1017    0.1872
 000055   K  0.371721  0.202672  0.180999    0.0502    0.0494    0.1700    0.0640    0.1709    0.1086    0.1843
 000056   D  0.383948  0.192411  0.170615    0.0268    0.0555    0.1590    0.0580    0.1647    0.1154    0.1865
 000057   V  0.382754  0.172467  0.160316    0.0182    0.0300    0.1490    0.0580    0.1521    0.1201    0.1865
 000058   P  0.367527  0.144547  0.149948    0.0363    0.0443    0.1220    0.0440    0.1442    0.1095    0.1865
 000059   I  0.335459  0.121300  0.139569    0.0212    0.0356    0.1110    0.0390    0.1273    0.1028    0.1799
 000060   Y  0.319927  0.102323  0.130923    0.0376    0.0389    0.0900    0.0200    0.1199    0.0955    0.1824
 000061   V  0.304597  0.088636  0.124418    0.0387    0.0646    0.0740    0.0200    0.1158    0.0883    0.1795
 000062   D  0.270747  0.083487  0.119559    0.0194    0.0581    0.0720    0.0220    0.1038    0.0804    0.1796
 000063   L  0.232325  0.079236  0.115465    0.0387    0.1028    0.0750    0.0260    0.1072    0.0609    0.1769
 000064   G  0.196792  0.082981  0.110548    0.0395    0.0704    0.0760    0.0260    0.0960    0.0496    0.1749
 000065   I  0.154694  0.090029  0.106959    0.0425    0.0389    0.0790    0.0260    0.0853    0.0394    0.1716
 000066   A  0.115474  0.099407  0.103482    0.0279    0.0240    0.0810    0.0260    0.0753    0.0363    0.1734
 000067   E  0.125355  0.111050  0.101208    0.0118    0.0240    0.0850    0.0300    0.0764    0.0432    0.1728
 000068   I  0.133844  0.113984  0.100042    0.0094    0.0364    0.0940    0.0360    0.0812    0.0438    0.1717
 000069   G  0.159991  0.125210  0.098973    0.0082    0.0294    0.0900    0.0310    0.0854    0.0524    0.1752
 000070   V  0.172030  0.134324  0.099343    0.0167    0.0518    0.0940    0.0300    0.0946    0.0508    0.1814
 000071   V  0.203470  0.161576  0.101811    0.0304    0.0909    0.0890    0.0210    0.1128    0.0556    0.1823
 000072   G  0.261823  0.188921  0.106133    0.0455    0.0835    0.0850    0.0170    0.1285    0.0738    0.1894
 000073   K  0.309739  0.219756  0.112185    0.0464    0.0398    0.0890    0.0220    0.1361    0.0977    0.1972
 000074   D  0.323827  0.251167  0.118935    0.0490    0.0734    0.0990    0.0230    0.1525    0.1001    0.2139
 000075   V  0.330932  0.266838  0.127196    0.0259    0.0909    0.1230    0.0370    0.1608    0.1048    0.2300
 000076   L  0.314013  0.275570  0.135358    0.0526    0.1048    0.1370    0.0370    0.1698    0.0933    0.2485
 000077   L  0.290783  0.295796  0.142020    0.0884    0.1323    0.1380    0.0470    0.1812    0.0812    0.2563
 000078   D  0.272190  0.306999  0.147811    0.0490    0.0734    0.1540    0.0360    0.1672    0.0948    0.2608
 000079   S  0.268874  0.311747  0.152474    0.1018    0.1298    0.1700    0.0350    0.1892    0.0755    0.2675
 000080   G  0.231814  0.317424  0.157943    0.0567    0.0676    0.1440    0.0310    0.1626    0.0907    0.2690
 000081   R  0.177716  0.318965  0.163898    0.0965    0.1007    0.1150    0.0320    0.1622    0.0765    0.2755
 000082   D  0.128246  0.304216  0.170557    0.0858    0.1251    0.1040    0.0330    0.1529    0.0725    0.2825
 000083   L  0.117800  0.310824  0.176782    0.0884    0.0909    0.1060    0.0410    0.1485    0.0783    0.2881
 000084   F  0.107841  0.304290  0.181731    0.0789    0.0909    0.0860    0.0290    0.1415    0.0805    0.2963
 000085   E  0.096889  0.284782  0.186300    0.0478    0.0506    0.0670    0.0140    0.1222    0.0865    0.2907
 000086   P  0.096360  0.263392  0.189712    0.0789    0.0780    0.0650    0.0150    0.1286    0.0730    0.2879
 000087   V  0.098211  0.236435  0.193094    0.0884    0.0765    0.0720    0.0150    0.1274    0.0636    0.2800
 000088   D  0.096640  0.190422  0.196736    0.1566    0.0704    0.0840    0.0240    0.1325    0.0509    0.2788
 000089   L  0.101518  0.147140  0.201797    0.0965    0.0646    0.1060    0.0410    0.1196    0.0439    0.2785
 000090   G  0.106386  0.135178  0.209097    0.0542    0.0631    0.1330    0.0650    0.1169    0.0517    0.2765
 000091   F  0.113635  0.132460  0.217425    0.0542    0.0780    0.1520    0.0770    0.1246    0.0527    0.2735
 000092   G  0.116879  0.128922  0.225558    0.0567    0.0799    0.1420    0.0610    0.1250    0.0535    0.2666
 000093   A  0.120124  0.121299  0.232458    0.0643    0.0799    0.1480    0.0530    0.1277    0.0545    0.2594
 000094   C  0.123778  0.133449  0.238404    0.1150    0.1373    0.1680    0.0510    0.1527    0.0417    0.2523
 000095   R  0.134050  0.147886  0.244599    0.1878    0.2292    0.1610    0.0450    0.1840    0.0410    0.2380
 000096   L  0.191265  0.176629  0.250811    0.1844    0.2503    0.1580    0.0360    0.2019    0.0359    0.2317
 000097   S  0.251301  0.208726  0.256381    0.1532    0.1349    0.1750    0.0450    0.1966    0.0463    0.2274
 000098   L  0.337484  0.226960  0.261166    0.2483    0.1881    0.1900    0.0490    0.2421    0.0505    0.2214
 000099   I  0.420614  0.265070  0.265063    0.1635    0.1791    0.2100    0.0520    0.2505    0.0853    0.2134
 000100   R  0.515506  0.322968  0.268428    0.2432    0.1914    0.2150    0.0590    0.2928    0.1079    0.2057
 000101   R  0.612218  0.383736  0.271107    0.2333    0.1671    0.2740    0.0890    0.3235    0.1442    0.2016
 000102   P  0.705378  0.426345  0.272053    0.2602    0.2817    0.3310    0.1000    0.3795    0.1560    0.2008
 000103   G  0.800582  0.452605  0.272733    0.2292    0.2817    0.3370    0.0920    0.3956    0.1943    0.1986
 000104   D  0.860434  0.482962  0.272541    0.2657    0.2328    0.2680    0.0770    0.3970    0.2231    0.1979
 000105   T  0.871232  0.505024  0.270922    0.3311    0.3249    0.2210    0.0770    0.4207    0.2197    0.1977
 000106   G  0.886532  0.461146  0.266107    0.2483    0.3392    0.2250    0.0810    0.4043    0.2294    0.2016
 000107   P  0.876778  0.424126  0.258801    0.3578    0.3149    0.2290    0.0840    0.4102    0.2182    0.2043
 000108   I  0.811387  0.402153  0.250927    0.3535    0.3249    0.1880    0.0610    0.3885    0.2014    0.2049
 000109   R  0.718683  0.367929  0.243169    0.3399    0.3774    0.1530    0.0480    0.3666    0.1760    0.2117
 000110   R  0.657615  0.315725  0.236933    0.4333    0.4766    0.1420    0.0490    0.3770    0.1686    0.2209
 000111   V  0.589488  0.299847  0.230999    0.4037    0.3948    0.1360    0.0440    0.3424    0.1440    0.2317
 000112   A  0.584058  0.292659  0.225048    0.4037    0.3149    0.1230    0.0430    0.3239    0.1444    0.2425
 000113   T  0.605499  0.269386  0.218006    0.2913    0.2817    0.1290    0.0460    0.2991    0.1476    0.2523
 000114   K  0.623690  0.275477  0.210681    0.2167    0.2951    0.1370    0.0540    0.2931    0.1564    0.2622
 000115   Y  0.640569  0.267997  0.203762    0.2167    0.2849    0.1250    0.0510    0.2898    0.1651    0.2753
 000116   P  0.575648  0.250327  0.196316    0.2255    0.2715    0.0990    0.0360    0.2697    0.1474    0.2847
 000117   N  0.546072  0.232963  0.189728    0.2255    0.1852    0.1040    0.0390    0.2473    0.1400    0.2867
 000118   F  0.530214  0.235582  0.183578    0.1921    0.1323    0.1140    0.0490    0.2313    0.1394    0.3011
 000119   T  0.482073  0.214306  0.177939    0.1958    0.1852    0.0950    0.0420    0.2251    0.1209    0.3106
 000120   A  0.453212  0.195579  0.171085    0.1698    0.1969    0.0880    0.0350    0.2124    0.1136    0.3150
 000121   R  0.358471  0.202796  0.161868    0.1416    0.1424    0.0750    0.0210    0.1803    0.0882    0.3186
 000122   L  0.270002  0.207606  0.151122    0.2080    0.1424    0.0700    0.0140    0.1749    0.0629    0.3229
 000123   L  0.177999  0.199824  0.140797    0.1698    0.1791    0.0750    0.0100    0.1570    0.0407    0.3230
 000124   K  0.084295  0.213053  0.131737    0.1150    0.1070    0.0710    0.0080    0.1204    0.0459    0.3203
 000125   E  0.085035  0.227741  0.123454    0.1205    0.1070    0.0690    0.0100    0.1221    0.0510    0.3220
 000126   R  0.151935  0.216747  0.115004    0.1150    0.1643    0.0730    0.0170    0.1393    0.0455    0.3193
 000127   G  0.212082  0.191568  0.106674    0.0965    0.1476    0.0960    0.0330    0.1417    0.0463    0.3200
 000128   W  0.269037  0.185872  0.099409    0.0965    0.0765    0.1190    0.0480    0.1411    0.0668    0.3280
 000129   A  0.325170  0.186280  0.093050    0.1602    0.1528    0.1140    0.0430    0.1720    0.0750    0.3071
 000130   A  0.385712  0.168357  0.087010    0.0858    0.0888    0.1170    0.0490    0.1554    0.1070    0.2913
 000131   D  0.440297  0.174242  0.081468    0.1178    0.0870    0.1050    0.0370    0.1675    0.1257    0.2806
 000132   V  0.457609  0.179078  0.076001    0.0677    0.0734    0.0920    0.0190    0.1576    0.1394    0.2697
 000133   V  0.458946  0.174345  0.072106    0.0858    0.0799    0.0860    0.0140    0.1596    0.1382    0.2591
 000134   E  0.446066  0.184289  0.069842    0.1060    0.1373    0.0820    0.0130    0.1709    0.1287    0.2499
 000135   L  0.450647  0.204538  0.068645    0.0660    0.1349    0.0920    0.0170    0.1694    0.1344    0.2441
 000136   S  0.461981  0.220655  0.068282    0.0607    0.0749    0.0910    0.0130    0.1629    0.1444    0.2334
 000137   G  0.472032  0.232933  0.068540    0.0607    0.0631    0.1120    0.0130    0.1681    0.1485    0.2224
 000138   N  0.464062  0.244330  0.069767    0.0336    0.0676    0.1180    0.0240    0.1662    0.1493    0.2111
 000139   I  0.463580  0.226689  0.071374    0.0455    0.0967    0.1010    0.0300    0.1675    0.1442    0.1987
 000140   E  0.462783  0.210966  0.072846    0.0607    0.0765    0.0990    0.0380    0.1639    0.1428    0.2023
 000141   L  0.465708  0.202702  0.074119    0.0587    0.0605    0.1100    0.0480    0.1619    0.1445    0.2038
 000142   A  0.501345  0.184582  0.075303    0.0363    0.0605    0.1020    0.0510    0.1601    0.1596    0.1997
 000143   A  0.528479  0.164288  0.076223    0.0376    0.0605    0.0900    0.0430    0.1595    0.1696    0.1953
 000144   V  0.493075  0.150724  0.078264    0.0621    0.0592    0.0760    0.0280    0.1532    0.1551    0.1878
 000145   T  0.458380  0.147979  0.080845    0.0376    0.0568    0.0790    0.0290    0.1435    0.1449    0.1790
 000146   G  0.442195  0.135709  0.084166    0.0414    0.1028    0.0850    0.0320    0.1485    0.1343    0.1657
 000147   L  0.390769  0.146609  0.087527    0.0405    0.1007    0.0870    0.0310    0.1421    0.1154    0.1573
 000148   A  0.336386  0.158643  0.091594    0.0414    0.0835    0.0800    0.0240    0.1319    0.0978    0.1497
 000149   D  0.282002  0.162491  0.096285    0.0395    0.0817    0.0940    0.0370    0.1260    0.0785    0.1420
 000150   A  0.264733  0.167916  0.100806    0.0567    0.0888    0.1120    0.0460    0.1318    0.0681    0.1358
 000151   V  0.242488  0.179979  0.105040    0.0514    0.0817    0.1320    0.0620    0.1322    0.0636    0.1258
 000152   V  0.217385  0.171256  0.109032    0.0502    0.1115    0.1600    0.0780    0.1365    0.0534    0.1171
 000153   D  0.186080  0.175197  0.113726    0.0621    0.1115    0.1890    0.0820    0.1395    0.0471    0.1129
 000154   V  0.192216  0.188993  0.119788    0.0607    0.1323    0.2040    0.0760    0.1497    0.0507    0.1092
 000155   V  0.177602  0.196254  0.127111    0.0744    0.1229    0.2170    0.0820    0.1525    0.0488    0.1070
 000156   Q  0.242584  0.204809  0.135426    0.0744    0.0780    0.2260    0.0780    0.1602    0.0681    0.1061
 000157   T  0.295775  0.221251  0.143786    0.0414    0.0835    0.2410    0.0720    0.1711    0.0896    0.1079
 000158   G  0.345811  0.226075  0.153388    0.0478    0.0948    0.2490    0.0660    0.1861    0.0997    0.1073
 000159   A  0.400728  0.218725  0.164178    0.0621    0.1206    0.2410    0.0660    0.2012    0.1071    0.1068
 000160   T  0.421483  0.215182  0.176083    0.0336    0.0765    0.2360    0.0570    0.1932    0.1250    0.1075
 000161   L  0.469996  0.217412  0.186561    0.0464    0.0568    0.2330    0.0490    0.2018    0.1406    0.1053
 000162   R  0.531171  0.217365  0.195596    0.0455    0.0719    0.2190    0.0470    0.2134    0.1579    0.1047
 000163   A  0.552619  0.209966  0.203848    0.0405    0.1137    0.2140    0.0550    0.2224    0.1605    0.1045
 000164   A  0.581205  0.204815  0.211661    0.0279    0.1092    0.2180    0.0570    0.2256    0.1731    0.1085
 000165   G  0.564096  0.205631  0.219264    0.0502    0.1671    0.2320    0.0550    0.2397    0.1571    0.1133
 000166   L  0.545493  0.209502  0.227014    0.0813    0.2002    0.2340    0.0550    0.2495    0.1418    0.1203
 000167   V  0.524153  0.223280  0.235165    0.0832    0.1942    0.2170    0.0540    0.2461    0.1342    0.1265
 000168   E  0.507508  0.243699  0.243977    0.0660    0.1206    0.2090    0.0500    0.2318    0.1394    0.1340
 000169   V  0.513264  0.260428  0.253303    0.0677    0.0835    0.2250    0.0600    0.2339    0.1469    0.1433
 000170   E  0.505630  0.261697  0.264754    0.0478    0.0676    0.2310    0.0650    0.2297    0.1515    0.1549
 000171   V  0.491538  0.248604  0.278019    0.0304    0.0690    0.2600    0.0800    0.2295    0.1515    0.1631
 000172   L  0.466537  0.236030  0.293199    0.0336    0.1137    0.2790    0.0960    0.2371    0.1380    0.1785
 000173   A  0.447121  0.230067  0.308969    0.0363    0.1184    0.2740    0.1150    0.2358    0.1323    0.1939
 000174   H  0.435230  0.227015  0.325642    0.0490    0.1206    0.2780    0.1200    0.2392    0.1277    0.2072
 000175   S  0.392175  0.236294  0.341195    0.0621    0.0870    0.2930    0.1260    0.2353    0.1233    0.2046
 000176   T  0.380300  0.247170  0.357297    0.0502    0.0888    0.3130    0.1350    0.2395    0.1276    0.1990
 000177   A  0.371641  0.250288  0.373784    0.0490    0.0888    0.3270    0.1360    0.2435    0.1305    0.1895
 000178   R  0.362982  0.256232  0.391995    0.0832    0.1323    0.3430    0.1310    0.2616    0.1172    0.1816
 000179   L  0.352888  0.257858  0.411141    0.0414    0.1229    0.3830    0.1350    0.2615    0.1373    0.1727
 000180   V  0.405198  0.258045  0.430121    0.0723    0.1528    0.3930    0.1390    0.2852    0.1357    0.1645
 000181   V  0.473372  0.265049  0.449919    0.0677    0.1007    0.3860    0.1370    0.2905    0.1604    0.1573
 000182   N  0.533928  0.283185  0.470439    0.0909    0.0909    0.3540    0.1310    0.3039    0.1705    0.1532
 000183   R  0.596747  0.294222  0.491724    0.1018    0.1476    0.3540    0.1220    0.3310    0.1754    0.1465
 000184   Q  0.697110  0.300466  0.512716    0.0723    0.2034    0.3570    0.1250    0.3572    0.2032    0.1409
 000185   A  0.772185  0.318235  0.532570    0.0701    0.1298    0.3700    0.1260    0.3654    0.2375    0.1435
 000186   L  0.834469  0.341179  0.552376    0.0858    0.0734    0.3940    0.1350    0.3802    0.2641    0.1538
 000187   K  0.899565  0.351593  0.572290    0.0478    0.0704    0.4050    0.1340    0.3910    0.2926    0.1621
 000188   L  0.966243  0.353091  0.592519    0.0327    0.0851    0.4350    0.1230    0.4109    0.3148    0.1672
 000189   K  0.948959  0.361871  0.611133    0.0336    0.0518    0.4380    0.1030    0.4076    0.3173    0.1741
 000190   R  0.943222  0.354236  0.628060    0.0660    0.0888    0.5290    0.1500    0.4348    0.3074    0.1790
 000191   A  0.934416  0.340451  0.640701    0.0567    0.1373    0.6120    0.1840    0.4535    0.3059    0.1861
 000192   V  0.927961  0.335388  0.652573    0.1041    0.1275    0.6300    0.1860    0.4629    0.2993    0.1896
 000193   L  0.917012  0.314545  0.663598    0.0909    0.1184    0.6420    0.1900    0.4578    0.3048    0.1938
 000194   K  0.898752  0.313411  0.676112    0.0464    0.1184    0.6370    0.1660    0.4484    0.3106    0.1979
 000195   P  0.889504  0.319527  0.688660    0.0478    0.1137    0.6380    0.1290    0.4495    0.3102    0.1982
 000196   L  0.871217  0.334753  0.700317    0.0607    0.1323    0.7120    0.1410    0.4686    0.3089    0.1878
 000197   I  0.843622  0.356341  0.710910    0.1178    0.1759    0.7660    0.0960    0.4951    0.2901    0.1731
 000198   Q  0.852375  0.415275  0.721750    0.1416    0.1528    0.6840    0.1570    0.4946    0.2778    0.1666
 000199   R  0.856591  0.470544  0.733287    0.2748    0.2094    0.6960    0.1910    0.5401    0.2403    0.1688
 000200   L  0.867613  0.560640  0.746447    0.3096    0.1823    0.7590    0.1480    0.5709    0.2496    0.1685
 000201   R  0.867148  0.638843  0.758652    0.3578    0.1528    0.9040    0.0500    0.6132    0.2732    0.1700
 000202   E  0.882620  0.701011  0.769965    0.4379    0.1554    0.8990    0.0660    0.6410    0.2653    0.1687
 000203   L  0.972120  0.737131  0.779764    0.5514    0.2034    0.9250    0.0530    0.6948    0.2585    0.1688
 000204   S  0.986978  0.754696  0.789905    0.6789    0.2918    0.9320    0.0470    0.7390    0.2255    0.1670
 000205   G  0.889230  0.745886  0.800198    0.7079    0.2503    0.9420    0.0410    0.7226    0.2258    0.1639
 000206   S  0.995018  0.774132  0.805926    0.7147    0.1554    0.9690    0.0190    0.7358    0.2785    0.1647
