#RESNUM RES     VL-XT     VSL2B       VL3  IUPred-S  IUPred-L  PONDRFIT  FITERROR       MDP  MDPERROR   ANCHOR2
 000001   M  0.999264  0.956312  0.992219    0.9856    0.9151    0.9960    0.0030    0.9741    0.0299    0.4657
 000002   G  0.998384  0.946627  0.989625    0.9810    0.9287    0.9950    0.0070    0.9732    0.0262    0.4629
 000003   P  0.998606  0.938940  0.983653    0.9697    0.9415    0.9940    0.0060    0.9711    0.0237    0.4609
 000004   P  0.987439  0.928349  0.977379    0.9640    0.8765    0.9770    0.0310    0.9517    0.0385    0.4627
 000005   P  0.989386  0.922136  0.970728    0.9604    0.8966    0.9820    0.0200    0.9536    0.0333    0.4678
 000006   G  0.982409  0.912235  0.965635    0.9068    0.7672    0.9800    0.0150    0.9191    0.0744    0.4745
 000007   R  0.974919  0.904855  0.961812    0.8984    0.7331    0.9780    0.0110    0.9085    0.0846    0.4876
 000008   E  0.961714  0.895255  0.959189    0.8001    0.7505    0.9730    0.0190    0.8900    0.0861    0.5070
 000009   V  0.947740  0.876313  0.956699    0.7418    0.7843    0.9660    0.0270    0.8789    0.0877    0.5204
 000010   G  0.928325  0.872184  0.953378    0.7079    0.8085    0.9510    0.0360    0.8702    0.0884    0.5323
 000011   P  0.916172  0.858110  0.949838    0.6984    0.8421    0.9290    0.0740    0.8656    0.0839    0.5431
 000012   G  0.902481  0.857514  0.946975    0.7458    0.8765    0.9050    0.0740    0.8724    0.0630    0.5560
 000013   E  0.888875  0.858954  0.944263    0.7573    0.8050    0.8630    0.1010    0.8530    0.0595    0.5697
 000014   E  0.880359  0.854427  0.941902    0.7418    0.6620    0.8340    0.1220    0.8191    0.0922    0.5842
 000015   V  0.877078  0.854539  0.939235    0.6789    0.5951    0.8220    0.1320    0.7944    0.1192    0.5991
 000016   E  0.877134  0.847266  0.936347    0.5992    0.5577    0.8090    0.1550    0.7711    0.1419    0.6104
 000017   F  0.882176  0.838011  0.933492    0.5762    0.5758    0.8080    0.1780    0.7689    0.1418    0.6226
 000018   A  0.887311  0.834727  0.929574    0.5941    0.6136    0.7760    0.2030    0.7726    0.1283    0.6263
 000019   G  0.893118  0.822647  0.924655    0.5846    0.5901    0.7460    0.2160    0.7601    0.1345    0.6249
 000020   D  0.880053  0.810183  0.919083    0.6474    0.6482    0.7150    0.2150    0.7699    0.1071    0.6287
 000021   E  0.862584  0.803002  0.912745    0.6474    0.6375    0.6820    0.2150    0.7576    0.1075    0.6244
 000022   P  0.829473  0.795141  0.906835    0.6124    0.5139    0.6110    0.2210    0.7115    0.1402    0.6224
 000023   H  0.776160  0.789044  0.900059    0.6124    0.4369    0.6050    0.2070    0.6866    0.1520    0.6202
 000024   V  0.739519  0.779294  0.893075    0.5331    0.3566    0.5860    0.1790    0.6480    0.1768    0.6193
 000025   Y  0.645794  0.771813  0.886208    0.4600    0.2399    0.5770    0.1710    0.5967    0.2095    0.6162
 000026   A  0.556801  0.769353  0.879155    0.4703    0.2328    0.5970    0.1660    0.5843    0.2076    0.6150
 000027   S  0.469435  0.761558  0.871958    0.3762    0.2193    0.6060    0.1630    0.5507    0.2227    0.6163
 000028   E  0.387413  0.752091  0.863805    0.3992    0.2292    0.6110    0.1940    0.5405    0.2216    0.6170
 000029   E  0.316268  0.740080  0.855934    0.4245    0.2849    0.6140    0.2350    0.5392    0.2136    0.6197
 000030   G  0.283384  0.732114  0.849065    0.3399    0.2064    0.6240    0.2420    0.5058    0.2414    0.6210
 000031   A  0.281420  0.726972  0.843452    0.3359    0.2164    0.5890    0.2190    0.4989    0.2354    0.6252
 000032   S  0.313867  0.717059  0.838583    0.2432    0.2258    0.5310    0.2050    0.4783    0.2365    0.6175
 000033   L  0.330906  0.712500  0.833439    0.2483    0.1881    0.4490    0.2220    0.4604    0.2376    0.6056
 000034   L  0.408985  0.681644  0.827647    0.2748    0.2129    0.4020    0.2090    0.4680    0.2180    0.5795
 000035   V  0.472915  0.656715  0.820286    0.3184    0.2918    0.3730    0.1910    0.4889    0.1913    0.5496
 000036   F  0.504330  0.605894  0.813131    0.4078    0.3840    0.3930    0.1810    0.5181    0.1531    0.5193
 000037   L  0.542782  0.608243  0.805335    0.4420    0.4292    0.3630    0.1650    0.5318    0.1460    0.4935
 000038   H  0.603105  0.613898  0.798051    0.4333    0.4017    0.3390    0.1430    0.5315    0.1562    0.4723
 000039   Y  0.642349  0.591600  0.788385    0.4282    0.3872    0.3480    0.1370    0.5310    0.1566    0.4522
 000040   P  0.662815  0.628406  0.777627    0.3717    0.3667    0.3050    0.1300    0.5186    0.1781    0.4374
 000041   L  0.669174  0.634477  0.767150    0.3668    0.3910    0.3550    0.1420    0.5306    0.1649    0.4265
 000042   P  0.679535  0.662612  0.759445    0.3885    0.4369    0.3670    0.1430    0.5490    0.1558    0.4197
 000043   P  0.698969  0.693431  0.753871    0.4116    0.4330    0.4940    0.1280    0.5809    0.1382    0.4174
 000044   R  0.730114  0.716504  0.749740    0.4825    0.4801    0.5560    0.1260    0.6192    0.1160    0.4209
 000045   P  0.794195  0.751309  0.745632    0.5296    0.5533    0.5640    0.1270    0.6564    0.1089    0.4264
 000046   Q  0.850378  0.769346  0.742382    0.5473    0.5382    0.5580    0.1240    0.6676    0.1242    0.4331
 000047   G  0.875214  0.788619  0.738784    0.6174    0.6375    0.5610    0.1080    0.7031    0.1081    0.4272
 000048   E  0.890371  0.771778  0.733976    0.5846    0.6269    0.6000    0.1000    0.7013    0.1089    0.4209
 000049   A  0.907382  0.769531  0.727104    0.5514    0.6136    0.7040    0.0870    0.7121    0.1135    0.4161
 000050   G  0.916812  0.777246  0.718017    0.5549    0.7595    0.7280    0.1090    0.7424    0.1064    0.4105
 000051   S  0.922033  0.765984  0.707580    0.5253    0.6322    0.7450    0.1250    0.7164    0.1220    0.4045
 000052   P  0.908065  0.754742  0.694798    0.6174    0.7289    0.6860    0.1420    0.7317    0.0896    0.3979
 000053   E  0.892695  0.741878  0.679046    0.5229    0.5854    0.7280    0.1330    0.6916    0.1184    0.3930
 000054   K  0.877194  0.720495  0.661010    0.5008    0.5533    0.7010    0.1400    0.6690    0.1216    0.3872
 000055   A  0.851751  0.688658  0.641746    0.4333    0.4901    0.6940    0.1520    0.6332    0.1384    0.3852
 000056   S  0.835783  0.650898  0.621761    0.4149    0.4652    0.6190    0.1560    0.6012    0.1363    0.3810
 000057   L  0.806814  0.602331  0.601024    0.3311    0.4582    0.5410    0.1450    0.5567    0.1457    0.3782
 000058   A  0.795476  0.538173  0.579372    0.3399    0.3807    0.4810    0.1600    0.5191    0.1489    0.3744
 000059   L  0.784022  0.492571  0.557442    0.3263    0.3356    0.5150    0.1670    0.5019    0.1535    0.3709
 000060   R  0.757397  0.449321  0.534616    0.2865    0.2918    0.5000    0.1570    0.4699    0.1599    0.3654
 000061   E  0.674549  0.408866  0.511010    0.2531    0.3053    0.3990    0.1510    0.4253    0.1381    0.3645
 000062   V  0.587444  0.392934  0.486429    0.1766    0.3087    0.3090    0.1230    0.3768    0.1329    0.3618
 000063   S  0.498562  0.355898  0.461815    0.1635    0.2752    0.2660    0.1220    0.3369    0.1161    0.3617
 000064   L  0.429651  0.322184  0.438359    0.1495    0.1643    0.2760    0.1150    0.2968    0.1140    0.3619
 000065   G  0.362374  0.321810  0.416896    0.1380    0.1162    0.2540    0.1110    0.2682    0.1111    0.3632
 000066   V  0.298561  0.299307  0.397406    0.1060    0.1162    0.2260    0.0860    0.2406    0.1042    0.3631
 000067   G  0.215979  0.300313  0.378297    0.0587    0.1373    0.1870    0.0690    0.2130    0.1042    0.3651
 000068   G  0.136237  0.285790  0.359446    0.0789    0.2034    0.1460    0.0460    0.2017    0.0952    0.3667
 000069   L  0.072901  0.289781  0.339931    0.1117    0.1373    0.1340    0.0300    0.1809    0.0981    0.3690
 000070   A  0.066133  0.282906  0.322438    0.1635    0.2094    0.1190    0.0260    0.1940    0.0890    0.3699
 000071   L  0.061633  0.257677  0.306464    0.0884    0.2364    0.1010    0.0260    0.1753    0.0946    0.3716
 000072   E  0.058349  0.270190  0.291136    0.0832    0.2224    0.0890    0.0320    0.1690    0.0949    0.3725
 000073   G  0.048928  0.242207  0.273614    0.1322    0.2258    0.0970    0.0360    0.1699    0.0822    0.3743
 000074   R  0.033799  0.230617  0.253498    0.1322    0.1399    0.0980    0.0270    0.1479    0.0751    0.3737
 000075   W  0.027691  0.209753  0.232048    0.1322    0.1476    0.0950    0.0310    0.1408    0.0684    0.3793
 000076   L  0.023589  0.191056  0.210538    0.0723    0.1373    0.0730    0.0250    0.1179    0.0675    0.3814
 000077   A  0.019482  0.185847  0.188372    0.0660    0.1137    0.0570    0.0210    0.1050    0.0642    0.3798
 000078   P  0.015711  0.179025  0.166080    0.0621    0.1137    0.0430    0.0130    0.0966    0.0613    0.3792
 000079   G  0.012466  0.164267  0.144123    0.0327    0.0948    0.0490    0.0150    0.0828    0.0565    0.3766
 000080   F  0.011062  0.152171  0.124882    0.0526    0.1528    0.0530    0.0150    0.0911    0.0548    0.3745
 000081   Q  0.009785  0.143930  0.109259    0.0502    0.1643    0.0440    0.0120    0.0869    0.0561    0.3704
 000082   E  0.005776  0.132127  0.096325    0.0832    0.2436    0.0430    0.0110    0.1007    0.0753    0.3645
 000083   G  0.006109  0.119773  0.086573    0.0701    0.1476    0.0410    0.0100    0.0785    0.0470    0.3583
 000084   V  0.006262  0.115845  0.079055    0.0771    0.0967    0.0400    0.0090    0.0691    0.0363    0.3506
 000085   F  0.006315  0.110011  0.073982    0.0414    0.0531    0.0380    0.0100    0.0538    0.0322    0.3443
 000086   V  0.006217  0.100928  0.070067    0.0376    0.0967    0.0340    0.0100    0.0576    0.0345    0.3270
 000087   R  0.003609  0.092422  0.066517    0.0350    0.0948    0.0340    0.0100    0.0544    0.0332    0.3147
 000088   W  0.003746  0.089779  0.064158    0.0455    0.1275    0.0380    0.0100    0.0615    0.0393    0.3075
 000089   G  0.003352  0.086803  0.063014    0.0179    0.0690    0.0400    0.0090    0.0467    0.0292    0.2974
 000090   A  0.003418  0.089834  0.063852    0.0226    0.0568    0.0480    0.0170    0.0475    0.0280    0.2883
 000091   N  0.003499  0.091664  0.067043    0.0252    0.1251    0.0550    0.0240    0.0612    0.0402    0.2798
 000092   R  0.004107  0.096113  0.071897    0.0173    0.0734    0.0660    0.0310    0.0547    0.0328    0.2780
 000093   T  0.008492  0.096118  0.080324    0.0212    0.0780    0.0730    0.0210    0.0596    0.0326    0.2803
 000094   Y  0.009339  0.105576  0.090902    0.0090    0.0719    0.0910    0.0260    0.0630    0.0393    0.2811
 000095   L  0.031967  0.118566  0.104054    0.0218    0.0646    0.1000    0.0260    0.0736    0.0369    0.2824
 000096   F  0.054477  0.136687  0.118381    0.0387    0.1298    0.1120    0.0310    0.0983    0.0377    0.2794
 000097   S  0.070152  0.159994  0.134653    0.0350    0.1554    0.1230    0.0330    0.1130    0.0456    0.2818
 000098   L  0.081622  0.180783  0.153342    0.0395    0.1702    0.1360    0.0310    0.1270    0.0504    0.2828
 000099   P  0.093353  0.199029  0.174095    0.0567    0.2715    0.1460    0.0300    0.1568    0.0700    0.2823
 000100   L  0.153631  0.221354  0.196192    0.0643    0.1881    0.1620    0.0350    0.1643    0.0499    0.2807
 000101   A  0.216036  0.251540  0.219244    0.0832    0.1424    0.1760    0.0470    0.1814    0.0559    0.2788
 000102   P  0.274845  0.292075  0.242293    0.0502    0.1349    0.2000    0.0570    0.1991    0.0842    0.2770
 000103   L  0.364969  0.320006  0.265481    0.0316    0.1554    0.2470    0.0850    0.2308    0.1101    0.2707
 000104   P  0.420543  0.355336  0.287866    0.0308    0.1251    0.2370    0.0930    0.2427    0.1324    0.2649
 000105   R  0.476118  0.380855  0.309788    0.0643    0.1275    0.2630    0.1050    0.2702    0.1408    0.2570
 000106   L  0.513263  0.405011  0.329348    0.1018    0.1611    0.2670    0.1010    0.2962    0.1396    0.2529
 000107   E  0.566664  0.408914  0.346809    0.1060    0.1823    0.2550    0.0970    0.3109    0.1517    0.2544
 000108   A  0.632312  0.418918  0.362753    0.0884    0.1206    0.2580    0.0790    0.3134    0.1854    0.2559
 000109   Q  0.611347  0.408983  0.378089    0.0965    0.1759    0.2500    0.0730    0.3202    0.1692    0.2595
 000110   G  0.631760  0.388541  0.392404    0.0455    0.1298    0.2680    0.0810    0.3094    0.1918    0.2652
 000111   L  0.651740  0.384103  0.404928    0.0813    0.2193    0.2610    0.0770    0.3337    0.1783    0.2716
 000112   L  0.630365  0.357981  0.416341    0.0832    0.2399    0.2180    0.0600    0.3242    0.1732    0.2810
 000113   G  0.635494  0.352215  0.427581    0.0858    0.2292    0.1850    0.0480    0.3192    0.1795    0.2907
 000114   E  0.629175  0.341807  0.439693    0.1566    0.3215    0.1810    0.0540    0.3450    0.1594    0.3033
 000115   A  0.639719  0.354091  0.451756    0.1456    0.2129    0.1770    0.0620    0.3302    0.1743    0.3163
 000116   L  0.639487  0.353459  0.463194    0.1566    0.2129    0.1810    0.0610    0.3344    0.1732    0.3319
 000117   A  0.625938  0.368749  0.473109    0.1602    0.2884    0.1830    0.0570    0.3498    0.1631    0.3424
 000118   L  0.661779  0.367247  0.483546    0.1456    0.2752    0.1850    0.0560    0.3530    0.1779    0.3499
 000119   L  0.664497  0.446877  0.493545    0.1732    0.3053    0.1750    0.0500    0.3764    0.1773    0.3597
 000120   H  0.669244  0.508675  0.504203    0.1566    0.3019    0.1830    0.0470    0.3873    0.1871    0.3681
 000121   A  0.654125  0.548534  0.514387    0.1566    0.2951    0.2030    0.0500    0.3953    0.1865    0.3713
 000122   P  0.608903  0.619445  0.524177    0.2385    0.4087    0.2090    0.0680    0.4348    0.1647    0.3763
 000123   K  0.575128  0.668700  0.531927    0.3263    0.4864    0.2390    0.0620    0.4712    0.1465    0.3778
 000124   E  0.556468  0.694521  0.536209    0.3630    0.3983    0.2490    0.0430    0.4663    0.1458    0.3789
 000125   D  0.550386  0.697958  0.538125    0.3535    0.3019    0.3500    0.0590    0.4653    0.1410    0.3819
 000126   L  0.545089  0.693127  0.537904    0.2865    0.2503    0.3410    0.0650    0.4422    0.1603    0.3862
 000127   R  0.542919  0.682440  0.536033    0.2913    0.3215    0.2570    0.0560    0.4385    0.1572    0.3940
 000128   S  0.464427  0.680378  0.532319    0.2385    0.3631    0.2390    0.0710    0.4196    0.1588    0.4023
 000129   H  0.413248  0.680371  0.526379    0.3311    0.3599    0.2360    0.0950    0.4244    0.1441    0.4129
 000130   G  0.388697  0.670865  0.518037    0.4245    0.4119    0.2510    0.1000    0.4442    0.1282    0.4221
 000131   Q  0.354413  0.652943  0.507873    0.3399    0.3019    0.2510    0.0840    0.4013    0.1374    0.4334
 000132   S  0.317198  0.637787  0.496675    0.3456    0.3460    0.2140    0.0610    0.3929    0.1372    0.4196
 000133   P  0.273087  0.609084  0.485923    0.2041    0.3182    0.1670    0.0630    0.3429    0.1565    0.4060
 000134   S  0.216721  0.570309  0.476320    0.2122    0.2399    0.1580    0.0580    0.3123    0.1537    0.3949
 000135   L  0.159846  0.528905  0.468937    0.2041    0.1528    0.1610    0.0500    0.2793    0.1571    0.3812
 000136   L  0.091409  0.462445  0.464147    0.1416    0.0888    0.1650    0.0460    0.2356    0.1632    0.3698
 000137   L  0.086522  0.423463  0.462116    0.1667    0.1399    0.1550    0.0590    0.2389    0.1467    0.3614
 000138   R  0.052511  0.398782  0.459093    0.1240    0.1476    0.1430    0.0660    0.2209    0.1514    0.3603
 000139   T  0.030207  0.402050  0.454578    0.1178    0.1643    0.1270    0.0580    0.2160    0.1561    0.3565
 000140   L  0.034160  0.393183  0.449202    0.1240    0.1115    0.1350    0.0610    0.2079    0.1551    0.3558
 000141   A  0.038707  0.403679  0.446852    0.1292    0.0909    0.1430    0.0620    0.2087    0.1571    0.3582
 000142   W  0.054738  0.425926  0.445986    0.0858    0.0948    0.1610    0.0700    0.2115    0.1620    0.3614
 000143   E  0.069662  0.436324  0.445586    0.0744    0.1162    0.1640    0.0760    0.2177    0.1609    0.3653
 000144   G  0.085095  0.396651  0.443780    0.0621    0.0799    0.1970    0.1090    0.2108    0.1549    0.3694
 000145   L  0.084567  0.399178  0.442716    0.0744    0.0985    0.2490    0.1470    0.2247    0.1510    0.3704
 000146   L  0.086057  0.422995  0.442764    0.1117    0.0967    0.2530    0.1480    0.2356    0.1502    0.3762
 000147   L  0.090864  0.448268  0.445540    0.1998    0.0967    0.2540    0.1400    0.2559    0.1465    0.3833
 000148   K  0.090781  0.439607  0.448753    0.2080    0.1007    0.2430    0.1290    0.2552    0.1442    0.3879
 000149   G  0.163379  0.465192  0.450839    0.1495    0.1115    0.2600    0.1390    0.2668    0.1425    0.3872
 000150   E  0.211232  0.465388  0.451955    0.0991    0.1115    0.2720    0.1330    0.2686    0.1467    0.3894
 000151   V  0.264385  0.473340  0.454603    0.1698    0.1476    0.2620    0.1180    0.2952    0.1270    0.3904
 000152   A  0.323743  0.474471  0.459053    0.1958    0.1643    0.2210    0.0960    0.3064    0.1235    0.3881
 000153   D  0.399279  0.438995  0.463393    0.2700    0.2645    0.2370    0.0980    0.3455    0.0909    0.3877
 000154   P  0.499384  0.427101  0.466805    0.2385    0.2817    0.2320    0.0820    0.3575    0.1101    0.3891
 000155   A  0.604102  0.423890  0.468574    0.2255    0.2064    0.2350    0.0870    0.3606    0.1487    0.3917
 000156   P  0.702257  0.403882  0.469704    0.3225    0.2918    0.2150    0.0780    0.4008    0.1572    0.3980
 000157   L  0.800412  0.411968  0.469408    0.3184    0.3667    0.2280    0.0620    0.4325    0.1809    0.4041
 000158   L  0.820911  0.394396  0.468124    0.3939    0.4476    0.2050    0.0500    0.4549    0.1845    0.4123
 000159   V  0.866016  0.392545  0.465005    0.3992    0.4476    0.2070    0.0570    0.4629    0.1989    0.4257
 000160   Q  0.881343  0.420348  0.461278    0.3939    0.4619    0.2250    0.0570    0.4739    0.1991    0.4238
 000161   T  0.895431  0.460890  0.457857    0.3762    0.4652    0.2550    0.0640    0.4851    0.1978    0.4060
 000162   A  0.894924  0.493153  0.455020    0.4420    0.5620    0.3050    0.0980    0.5254    0.1823    0.3857
 000163   R  0.879184  0.537585  0.450779    0.4749    0.4652    0.3000    0.1010    0.5179    0.1768    0.3654
 000164   S  0.858597  0.587391  0.444470    0.4825    0.4725    0.3560    0.1140    0.5336    0.1604    0.3510
 000165   P  0.844955  0.621896  0.435125    0.3491    0.4369    0.4120    0.1130    0.5166    0.1688    0.3395
 000166   V  0.831313  0.648036  0.423530    0.3885    0.4582    0.4300    0.1300    0.5299    0.1588    0.3255
 000167   G  0.821721  0.656111  0.409379    0.3630    0.3215    0.4670    0.1480    0.5064    0.1768    0.3123
 000168   S  0.812198  0.672618  0.394097    0.4282    0.4051    0.5250    0.1790    0.5395    0.1549    0.2955
 000169   S  0.806967  0.730208  0.381222    0.4149    0.4149    0.5870    0.1760    0.5559    0.1657    0.2825
 000170   K  0.793036  0.748592  0.370404    0.4825    0.5098    0.5540    0.1740    0.5764    0.1488    0.2725
 000171   E  0.778316  0.728369  0.360481    0.3939    0.4119    0.5830    0.1560    0.5427    0.1654    0.2678
 000172   E  0.756550  0.742167  0.348102    0.4078    0.3053    0.5960    0.1340    0.5260    0.1821    0.2636
 000173   D  0.749148  0.668304  0.335368    0.3491    0.3087    0.5580    0.1250    0.4948    0.1733    0.2621
 000174   W  0.732678  0.638549  0.323100    0.2913    0.3087    0.4650    0.1180    0.4599    0.1714    0.2584
 000175   E  0.706516  0.550506  0.312542    0.2657    0.2399    0.3360    0.0860    0.4019    0.1693    0.2536
 000176   S  0.667606  0.471543  0.300963    0.2255    0.2292    0.2520    0.0750    0.3578    0.1620    0.2461
 000177   R  0.637197  0.384260  0.288801    0.2209    0.2193    0.2260    0.0870    0.3295    0.1494    0.2417
 000178   I  0.589993  0.301450  0.274363    0.2209    0.1449    0.2160    0.0710    0.2912    0.1424    0.2439
 000179   S  0.519145  0.242177  0.261154    0.1532    0.1476    0.1870    0.0750    0.2517    0.1268    0.2566
 000180   V  0.450621  0.213630  0.248479    0.0991    0.1759    0.1540    0.0800    0.2235    0.1118    0.2721
 000181   D  0.413598  0.191041  0.237231    0.0991    0.1791    0.1260    0.0630    0.2077    0.1023    0.2931
 000182   L  0.352793  0.181069  0.223178    0.1117    0.0985    0.1100    0.0470    0.1796    0.0894    0.3086
 000183   Y  0.300267  0.176218  0.206929    0.1088    0.0749    0.1030    0.0320    0.1617    0.0766    0.3224
 000184   A  0.259057  0.170006  0.189733    0.0567    0.0646    0.0950    0.0230    0.1392    0.0733    0.3313
 000185   R  0.216516  0.162640  0.174850    0.0884    0.1349    0.0800    0.0120    0.1429    0.0479    0.3375
 000186   V  0.164358  0.164751  0.162649    0.0723    0.1424    0.0710    0.0120    0.1295    0.0418    0.3453
 000187   E  0.138897  0.167719  0.152104    0.0771    0.0909    0.0660    0.0130    0.1155    0.0390    0.3583
 000188   L  0.134453  0.186476  0.143515    0.0991    0.0463    0.0700    0.0190    0.1134    0.0470    0.3698
 000189   L  0.128014  0.205906  0.137056    0.0965    0.0531    0.0710    0.0220    0.1153    0.0500    0.3754
 000190   H  0.104522  0.213495  0.132211    0.0526    0.0454    0.0730    0.0280    0.1034    0.0575    0.3729
 000191   P  0.090624  0.208206  0.127087    0.0490    0.0405    0.0790    0.0310    0.0991    0.0564    0.3672
 000192   G  0.070410  0.214580  0.120863    0.0363    0.0372    0.0880    0.0310    0.0945    0.0611    0.3567
 000193   Y  0.048571  0.204794  0.114014    0.0336    0.0380    0.1000    0.0280    0.0899    0.0598    0.3496
 000194   A  0.039003  0.195904  0.108417    0.0554    0.0719    0.0800    0.0240    0.0918    0.0513    0.3449
 000195   R  0.032958  0.195149  0.104143    0.0327    0.0719    0.0640    0.0210    0.0834    0.0556    0.3415
 000196   Q  0.032316  0.190894  0.101166    0.0395    0.0473    0.0540    0.0140    0.0774    0.0554    0.3481
 000197   P  0.046463  0.166186  0.098383    0.0478    0.0765    0.0450    0.0080    0.0801    0.0431    0.3529
 000198   L  0.055142  0.142716  0.096442    0.0259    0.0398    0.0450    0.0060    0.0674    0.0402    0.3533
 000199   F  0.061842  0.119291  0.096134    0.0425    0.0749    0.0430    0.0060    0.0730    0.0277    0.3544
 000200   L  0.064615  0.098750  0.097273    0.0336    0.1162    0.0410    0.0080    0.0753    0.0308    0.3578
 000201   A  0.069756  0.090178  0.100166    0.0405    0.1184    0.0410    0.0090    0.0767    0.0292    0.3557
 000202   Y  0.075114  0.088154  0.103179    0.0316    0.0929    0.0450    0.0100    0.0727    0.0259    0.3529
 000203   G  0.082134  0.097482  0.105873    0.0308    0.0433    0.0490    0.0120    0.0681    0.0284    0.3451
 000204   L  0.087820  0.110621  0.107877    0.0526    0.0463    0.0590    0.0150    0.0773    0.0260    0.3329
 000205   Q  0.088224  0.130285  0.110406    0.0327    0.0605    0.0600    0.0120    0.0804    0.0330    0.3168
 000206   A  0.084310  0.148920  0.114568    0.0182    0.0405    0.0640    0.0130    0.0784    0.0439    0.3074
 000207   V  0.091713  0.172677  0.121901    0.0194    0.0398    0.0720    0.0140    0.0862    0.0510    0.2871
 000208   G  0.098017  0.198404  0.132809    0.0082    0.0349    0.0760    0.0090    0.0914    0.0627    0.2700
 000209   L  0.105367  0.212660  0.146508    0.0160    0.0605    0.0870    0.0200    0.1047    0.0626    0.2577
 000210   E  0.109408  0.233168  0.161070    0.0336    0.1424    0.0800    0.0220    0.1266    0.0631    0.2448
 000211   R  0.113232  0.244244  0.176780    0.0607    0.2164    0.0920    0.0380    0.1506    0.0667    0.2313
 000212   G  0.114991  0.251841  0.193912    0.0909    0.2399    0.0990    0.0440    0.1651    0.0662    0.2256
 000213   R  0.115822  0.266822  0.212220    0.1532    0.3286    0.0960    0.0400    0.1955    0.0828    0.2238
 000214   F  0.114564  0.289129  0.230637    0.1495    0.2436    0.0950    0.0380    0.1871    0.0714    0.2324
 000215   L  0.107119  0.329370  0.247476    0.2483    0.2470    0.1000    0.0440    0.2132    0.0828    0.2445
 000216   D  0.109217  0.370172  0.262366    0.1602    0.1643    0.1100    0.0600    0.1961    0.0930    0.2597
 000217   V  0.093894  0.390176  0.274827    0.1292    0.1251    0.1270    0.0650    0.1901    0.1067    0.2673
 000218   G  0.078022  0.404775  0.284042    0.1322    0.1162    0.1140    0.0450    0.1882    0.1170    0.2870
 000219   T  0.067554  0.396988  0.292431    0.0832    0.1251    0.1150    0.0480    0.1801    0.1218    0.3066
 000220   G  0.055603  0.376428  0.300856    0.0965    0.1251    0.1200    0.0420    0.1790    0.1171    0.3241
 000221   P  0.047385  0.355001  0.312170    0.0965    0.0690    0.1380    0.0410    0.1696    0.1198    0.3462
 000222   G  0.066673  0.325561  0.325694    0.0542    0.0851    0.1590    0.0580    0.1694    0.1154    0.3674
 000223   H  0.075975  0.294451  0.340896    0.0308    0.0835    0.1860    0.0810    0.1687    0.1159    0.3880
 000224   H  0.087352  0.270882  0.357374    0.0395    0.0518    0.2150    0.1100    0.1704    0.1191    0.4059
 000225   L  0.080468  0.269730  0.374691    0.0813    0.1184    0.2320    0.1250    0.1927    0.1089    0.4134
 000226   L  0.086556  0.256942  0.393198    0.0832    0.2064    0.2270    0.1290    0.2088    0.1060    0.4228
 000227   L  0.135610  0.249928  0.413001    0.0884    0.1349    0.2160    0.1220    0.2064    0.1070    0.4335
 000228   L  0.183823  0.270804  0.432351    0.1698    0.1671    0.2050    0.1060    0.2382    0.0936    0.4261
 000229   L  0.237381  0.274618  0.450350    0.1088    0.1137    0.2040    0.0930    0.2315    0.1151    0.4281
 000230   E  0.309259  0.279827  0.466393    0.0884    0.1184    0.2050    0.0860    0.2445    0.1268    0.4304
 000231   L  0.362535  0.301890  0.481461    0.0526    0.1349    0.2260    0.0880    0.2599    0.1421    0.4222
 000232   L  0.434251  0.321191  0.496333    0.0514    0.1137    0.2570    0.0800    0.2790    0.1595    0.4112
 000233   P  0.510469  0.369314  0.513211    0.0621    0.1298    0.2960    0.0810    0.3135    0.1727    0.4006
 000234   H  0.590753  0.374971  0.533457    0.0660    0.1115    0.3480    0.0830    0.3374    0.1953    0.3869
 000235   L  0.676475  0.427631  0.556784    0.0813    0.1092    0.3560    0.0910    0.3679    0.2174    0.3730
 000236   E  0.722296  0.461343  0.580596    0.1117    0.1611    0.3640    0.1010    0.4002    0.2167    0.3640
 000237   P  0.774064  0.515284  0.602224    0.1766    0.2436    0.4040    0.1130    0.4525    0.2049    0.3463
 000238   V  0.825623  0.574641  0.620378    0.2385    0.2988    0.4540    0.1160    0.5021    0.1987    0.3239
 000239   A  0.858266  0.610635  0.635181    0.3311    0.2951    0.4980    0.1040    0.5381    0.1918    0.3141
 000240   V  0.876165  0.628005  0.647567    0.3885    0.3460    0.5330    0.0730    0.5699    0.1768    0.3081
 000241   E  0.894944  0.652503  0.657030    0.2786    0.3392    0.5330    0.0550    0.5592    0.2077    0.3132
 000242   P  0.911589  0.662616  0.661776    0.3399    0.3392    0.5510    0.0510    0.5777    0.2000    0.3138
 000243   S  0.927937  0.663037  0.661966    0.4420    0.3215    0.6000    0.0600    0.6027    0.1906    0.3134
 000244   P  0.936396  0.645920  0.660149    0.3263    0.3215    0.6180    0.0890    0.5847    0.2123    0.3073
 000245   A  0.944856  0.623551  0.658627    0.2333    0.3249    0.6360    0.0950    0.5702    0.2342    0.3012
 000246   S  0.943812  0.610662  0.658297    0.3535    0.3392    0.6170    0.1050    0.5871    0.2041    0.2966
 000247   R  0.944836  0.588385  0.657300    0.3399    0.3392    0.5720    0.1070    0.5736    0.2060    0.2874
 000248   Q  0.945861  0.547459  0.655042    0.2333    0.2436    0.5660    0.1470    0.5319    0.2450    0.2900
 000249   A  0.945553  0.495567  0.652447    0.3399    0.2292    0.5630    0.1500    0.5377    0.2296    0.2940
 000250   L  0.917829  0.458528  0.648801    0.2913    0.2884    0.5340    0.1370    0.5232    0.2178    0.2912
 000251   A  0.881341  0.403035  0.644169    0.2865    0.3740    0.4800    0.1270    0.5115    0.1986    0.2872
 000252   Q  0.836768  0.343897  0.637548    0.2865    0.3704    0.4840    0.1270    0.4932    0.1911    0.2779
 000253   L  0.786274  0.324551  0.628994    0.2786    0.2224    0.4720    0.1260    0.4521    0.2010    0.2750
 000254   I  0.746549  0.311737  0.619736    0.2963    0.2364    0.4820    0.1490    0.4487    0.1853    0.2682
 000255   P  0.719068  0.291019  0.608922    0.1766    0.1373    0.4910    0.1550    0.4040    0.2177    0.2741
 000256   G  0.699887  0.307610  0.598112    0.2080    0.0985    0.4840    0.1560    0.3994    0.2131    0.2786
 000257   V  0.691640  0.308102  0.586267    0.1349    0.1092    0.5260    0.1690    0.3926    0.2230    0.2807
 000258   E  0.692735  0.264746  0.573575    0.0935    0.1349    0.4920    0.1530    0.3753    0.2248    0.2934
 000259   V  0.709535  0.272633  0.561073    0.0965    0.1424    0.4760    0.1360    0.3764    0.2232    0.2995
 000260   L  0.740021  0.288649  0.548290    0.1322    0.1791    0.4370    0.1190    0.3875    0.2125    0.3113
 000261   P  0.776378  0.287049  0.535607    0.2209    0.2715    0.3850    0.1130    0.4128    0.1918    0.3238
 000262   E  0.817550  0.305966  0.522479    0.2700    0.1852    0.3620    0.0970    0.4106    0.2090    0.3381
 000263   D  0.843964  0.326545  0.508326    0.2558    0.2034    0.3600    0.0800    0.4163    0.2136    0.3482
 000264   F  0.849985  0.322247  0.492035    0.2255    0.2034    0.3690    0.0630    0.4103    0.2185    0.3521
 000265   T  0.817568  0.322629  0.472299    0.3399    0.2034    0.4010    0.1110    0.4261    0.1931    0.3670
 000266   L  0.782910  0.346668  0.450058    0.2209    0.1206    0.4210    0.1270    0.3904    0.2090    0.3681
 000267   L  0.757345  0.361215  0.425782    0.1416    0.0799    0.4340    0.1400    0.3667    0.2212    0.3729
 000268   D  0.729853  0.356023  0.400917    0.1456    0.0780    0.3790    0.0970    0.3483    0.2096    0.3838
 000269   P  0.653099  0.338330  0.375756    0.0858    0.0719    0.3380    0.0670    0.3105    0.1960    0.3813
 000270   E  0.566932  0.290803  0.350350    0.0858    0.0909    0.3000    0.0480    0.2807    0.1639    0.3817
 000271   E  0.509199  0.226457  0.325116    0.1349    0.1449    0.2550    0.0520    0.2660    0.1266    0.3758
 000272   T  0.462502  0.175550  0.301512    0.0991    0.1229    0.2180    0.0500    0.2299    0.1231    0.3673
 000273   F  0.437327  0.131375  0.281577    0.0858    0.1115    0.1760    0.0440    0.2039    0.1218    0.3536
 000274   P  0.387568  0.106143  0.264728    0.0643    0.0817    0.1310    0.0400    0.1725    0.1161    0.3472
 000275   L  0.325640  0.089274  0.249509    0.1018    0.1583    0.1050    0.0300    0.1715    0.0877    0.3494
 000276   I  0.253300  0.084599  0.234098    0.0744    0.1583    0.0890    0.0240    0.1490    0.0724    0.3433
 000277   V  0.185664  0.090951  0.218941    0.1205    0.1298    0.0800    0.0200    0.1376    0.0497    0.3480
 000278   C  0.160000  0.104204  0.205552    0.1878    0.1942    0.0730    0.0140    0.1542    0.0490    0.3512
 000279   V  0.143933  0.115966  0.194850    0.0965    0.0948    0.0660    0.0140    0.1188    0.0413    0.3430
 000280   G  0.106583  0.129273  0.186685    0.0771    0.0454    0.0670    0.0190    0.1020    0.0465    0.3426
 000281   A  0.062106  0.141982  0.179388    0.0336    0.0463    0.0730    0.0250    0.0895    0.0530    0.3385
 000282   S  0.007884  0.147921  0.172456    0.0150    0.0398    0.0810    0.0280    0.0774    0.0635    0.3354
 000283   H  0.002660  0.152517  0.165383    0.0173    0.0306    0.0860    0.0250    0.0758    0.0643    0.3324
 000284   H  0.000902  0.176419  0.160148    0.0387    0.0364    0.0880    0.0260    0.0834    0.0653    0.3316
 000285   M  0.001922  0.195944  0.155812    0.0268    0.0281    0.0930    0.0330    0.0836    0.0718    0.3236
 000286   S  0.004393  0.214217  0.153562    0.0259    0.0275    0.0870    0.0360    0.0854    0.0760    0.3004
 000287   T  0.006864  0.239583  0.150705    0.0414    0.0300    0.0740    0.0270    0.0905    0.0808    0.2824
 000288   W  0.009546  0.240546  0.147660    0.0387    0.0443    0.0760    0.0220    0.0928    0.0789    0.2600
 000289   R  0.011094  0.220096  0.143152    0.0336    0.0835    0.0740    0.0180    0.0942    0.0699    0.2362
 000290   F  0.012777  0.191901  0.138395    0.0502    0.1298    0.0970    0.0250    0.1033    0.0589    0.2211
 000291   L  0.015072  0.188692  0.134321    0.0587    0.1298    0.0880    0.0190    0.1024    0.0562    0.2071
 000292   E  0.016914  0.167348  0.131255    0.0744    0.0967    0.0630    0.0170    0.0917    0.0483    0.1958
 000293   K  0.018427  0.160161  0.130825    0.0744    0.0592    0.0530    0.0130    0.0827    0.0482    0.1854
 000294   A  0.027910  0.169851  0.132080    0.0502    0.0494    0.0500    0.0150    0.0799    0.0520    0.1768
 000295   Y  0.053912  0.162615  0.134677    0.0336    0.0313    0.0540    0.0170    0.0784    0.0511    0.1706
 000296   R  0.065394  0.157871  0.136922    0.0405    0.0334    0.0500    0.0170    0.0808    0.0485    0.1674
 000297   L  0.094369  0.166733  0.139038    0.0268    0.0364    0.0500    0.0170    0.0855    0.0527    0.1743
 000298   L  0.121250  0.179194  0.141578    0.0212    0.0372    0.0520    0.0210    0.0920    0.0585    0.1800
 000299   R  0.141672  0.183119  0.143850    0.0425    0.0380    0.0490    0.0180    0.0996    0.0582    0.1863
 000300   P  0.151920  0.196830  0.147212    0.0455    0.0240    0.0550    0.0190    0.1033    0.0646    0.1967
 000301   G  0.162595  0.192553  0.150496    0.0464    0.0463    0.0650    0.0290    0.1106    0.0596    0.2034
 000302   G  0.174049  0.175068  0.154889    0.0455    0.0985    0.0630    0.0290    0.1184    0.0524    0.2039
 000303   L  0.176164  0.161837  0.160109    0.0387    0.0405    0.0590    0.0240    0.1061    0.0605    0.2025
 000304   L  0.165117  0.162208  0.166487    0.0464    0.0443    0.0550    0.0140    0.1067    0.0581    0.1973
 000305   A  0.179230  0.152805  0.173413    0.0274    0.0581    0.0540    0.0110    0.1075    0.0623    0.1923
 000306   V  0.175649  0.158904  0.179763    0.0526    0.0967    0.0540    0.0100    0.1196    0.0541    0.1878
 000307   A  0.172053  0.175989  0.186503    0.0587    0.1162    0.0610    0.0160    0.1284    0.0534    0.1803
 000308   D  0.168677  0.187431  0.192104    0.1018    0.2034    0.0730    0.0180    0.1544    0.0492    0.1702
 000309   E  0.174540  0.196821  0.196687    0.1698    0.2783    0.0780    0.0190    0.1824    0.0587    0.1614
 000310   F  0.180430  0.222877  0.199844    0.1921    0.2575    0.1010    0.0340    0.1923    0.0477    0.1513
 000311   L  0.186217  0.248105  0.203618    0.1566    0.2129    0.1050    0.0350    0.1854    0.0453    0.1429
 000312   R  0.191148  0.277168  0.207766    0.1322    0.2258    0.1060    0.0280    0.1899    0.0573    0.1340
 000313   P  0.191232  0.326988  0.212398    0.1178    0.1476    0.1460    0.0490    0.1903    0.0686    0.1312
 000314   F  0.179765  0.387632  0.215863    0.1844    0.1554    0.2060    0.0710    0.2216    0.0768    0.1288
 000315   T  0.169392  0.422627  0.217753    0.1732    0.1528    0.2290    0.0810    0.2275    0.0914    0.1313
 000316   T  0.160507  0.460531  0.218286    0.1292    0.1759    0.2460    0.0860    0.2318    0.1091    0.1323
 000317   R  0.159591  0.483165  0.216875    0.1060    0.2399    0.2380    0.0850    0.2407    0.1184    0.1312
 000318   E  0.158927  0.496507  0.214776    0.1150    0.2817    0.2030    0.0580    0.2449    0.1236    0.1348
 000319   E  0.156748  0.475799  0.212905    0.1088    0.2436    0.1850    0.0470    0.2304    0.1176    0.1404
 000320   R  0.154232  0.503695  0.213664    0.1117    0.1449    0.1740    0.0500    0.2170    0.1318    0.1455
 000321   A  0.152571  0.493227  0.216535    0.1698    0.1731    0.1740    0.0560    0.2298    0.1194    0.1564
 000322   R  0.154429  0.459286  0.219821    0.1805    0.1759    0.1470    0.0470    0.2228    0.1083    0.1681
 000323   N  0.154764  0.414909  0.222312    0.1240    0.2129    0.1290    0.0380    0.2096    0.0993    0.1893
 000324   L  0.193093  0.352107  0.221458    0.0587    0.0985    0.0990    0.0310    0.1705    0.0990    0.2135
 000325   V  0.233120  0.279437  0.218328    0.1456    0.2193    0.0700    0.0210    0.1942    0.0682    0.2398
 000326   L  0.238428  0.239373  0.213382    0.0723    0.1373    0.0570    0.0160    0.1596    0.0754    0.2702
 000327   H  0.286121  0.193912  0.209375    0.0858    0.1399    0.0530    0.0140    0.1613    0.0785    0.3065
 000328   H  0.335329  0.177211  0.206977    0.0478    0.1643    0.0520    0.0140    0.1640    0.0978    0.3447
 000329   T  0.360395  0.196618  0.206233    0.0464    0.1554    0.0500    0.0130    0.1693    0.1065    0.3796
 000330   A  0.346028  0.186352  0.208091    0.0455    0.1528    0.0560    0.0170    0.1658    0.1012    0.4101
 000331   Y  0.330358  0.186830  0.210413    0.0526    0.1399    0.0620    0.0220    0.1637    0.0946    0.4278
 000332   L  0.316302  0.219557  0.214137    0.0701    0.1028    0.0730    0.0260    0.1660    0.0909    0.4066
 000333   L  0.276354  0.257588  0.217910    0.0643    0.0518    0.0960    0.0430    0.1606    0.0926    0.3917
 000334   P  0.237100  0.291773  0.222790    0.0350    0.0389    0.1330    0.0700    0.1598    0.0986    0.3920
 000335   F  0.231493  0.305186  0.228083    0.0304    0.0398    0.1580    0.0820    0.1655    0.1016    0.4002
 000336   P  0.183697  0.313305  0.234693    0.0405    0.0592    0.1680    0.0710    0.1666    0.0948    0.4063
 000337   L  0.129881  0.326928  0.243165    0.0405    0.0592    0.1910    0.0690    0.1652    0.1008    0.4294
 000338   E  0.110936  0.336594  0.253226    0.0405    0.0341    0.1870    0.0520    0.1604    0.1104    0.4145
 000339   E  0.141787  0.339339  0.264785    0.0231    0.0294    0.1780    0.0360    0.1627    0.1152    0.3915
 000340   T  0.215805  0.341514  0.277057    0.0102    0.0171    0.1780    0.0440    0.1733    0.1237    0.3678
 000341   E  0.288114  0.350547  0.289679    0.0109    0.0209    0.1800    0.0560    0.1900    0.1330    0.3425
 000342   A  0.353990  0.356561  0.301382    0.0102    0.0364    0.1780    0.0600    0.2061    0.1423    0.3154
 000343   L  0.415928  0.331858  0.310562    0.0218    0.0690    0.1580    0.0480    0.2179    0.1443    0.2895
 000344   W  0.477156  0.298842  0.316588    0.0405    0.1092    0.1300    0.0320    0.2287    0.1493    0.2679
 000345   A  0.493867  0.323548  0.321177    0.0376    0.0851    0.1260    0.0340    0.2311    0.1610    0.2542
 000346   L  0.493401  0.289523  0.324723    0.0723    0.1643    0.1360    0.0490    0.2468    0.1403    0.2370
 000347   R  0.479335  0.297041  0.328881    0.0514    0.0851    0.1400    0.0450    0.2303    0.1513    0.2194
 000348   L  0.447749  0.293137  0.333101    0.0991    0.1323    0.1600    0.0360    0.2442    0.1241    0.2153
 000349   L  0.378349  0.271022  0.340492    0.0514    0.1007    0.1830    0.0540    0.2209    0.1198    0.2053
 000350   A  0.337707  0.298926  0.349698    0.0425    0.0543    0.1940    0.0590    0.2129    0.1266    0.1948
 000351   L  0.330724  0.364515  0.359693    0.0327    0.0424    0.2110    0.0520    0.2235    0.1410    0.1861
 000352   Q  0.322618  0.433281  0.368334    0.0157    0.0414    0.2180    0.0500    0.2333    0.1584    0.1791
 000353   G  0.319461  0.486924  0.377030    0.0157    0.0555    0.2380    0.0610    0.2488    0.1683    0.1759
 000354   E  0.366530  0.538653  0.386581    0.0350    0.0780    0.2590    0.0800    0.2774    0.1765    0.1736
 000355   S  0.436796  0.565239  0.397609    0.0813    0.0967    0.2970    0.0780    0.3125    0.1765    0.1698
 000356   R  0.518083  0.577569  0.410332    0.0789    0.1206    0.3140    0.0830    0.3365    0.1871    0.1632
 000357   G  0.606481  0.577861  0.423055    0.0789    0.1914    0.3350    0.0700    0.3688    0.1914    0.1662
 000358   L  0.686205  0.587138  0.435782    0.0884    0.1298    0.3320    0.0560    0.3766    0.2197    0.1700
 000359   R  0.740479  0.601303  0.444931    0.1602    0.2129    0.3430    0.0440    0.4172    0.2051    0.1661
 000360   A  0.752199  0.592061  0.452338    0.1456    0.3087    0.3870    0.0430    0.4396    0.1947    0.1742
 000361   L  0.752299  0.591715  0.456839    0.1805    0.3249    0.4070    0.0560    0.4522    0.1833    0.1848
 000362   A  0.712756  0.626329  0.460452    0.2700    0.4051    0.3940    0.0920    0.4780    0.1490    0.1896
 000363   E  0.694246  0.609152  0.462763    0.2432    0.3983    0.4140    0.1380    0.4702    0.1469    0.1932
 000364   E  0.673991  0.626801  0.463399    0.2385    0.3631    0.4010    0.1390    0.4611    0.1503    0.1949
 000365   A  0.620510  0.618808  0.462266    0.2292    0.2292    0.3630    0.1210    0.4204    0.1621    0.1944
 000366   L  0.595671  0.635598  0.459323    0.2041    0.2094    0.3460    0.0960    0.4083    0.1706    0.1959
 000367   Q  0.543752  0.637875  0.454955    0.1495    0.2292    0.2820    0.0930    0.3829    0.1753    0.1987
 000368   D  0.491055  0.644752  0.447485    0.1240    0.1251    0.2820    0.0990    0.3524    0.1926    0.2006
 000369   L  0.472537  0.630694  0.435502    0.1998    0.1702    0.2820    0.1040    0.3651    0.1629    0.2029
 000370   E  0.432777  0.593154  0.421381    0.1456    0.1731    0.2800    0.0860    0.3410    0.1574    0.2086
 000371   T  0.413973  0.566100  0.407505    0.1416    0.1275    0.2700    0.0820    0.3212    0.1573    0.2008
 000372   R  0.368229  0.550644  0.395517    0.2080    0.2064    0.2590    0.0850    0.3314    0.1222    0.1886
 000373   S  0.324230  0.518522  0.383033    0.1566    0.1554    0.2260    0.0820    0.2939    0.1304    0.1889
 000374   D  0.302903  0.468842  0.371727    0.1566    0.1528    0.2220    0.0860    0.2792    0.1150    0.1892
 000375   A  0.254753  0.466721  0.361273    0.0832    0.1229    0.2050    0.0810    0.2490    0.1325    0.1870
 000376   F  0.238115  0.447407  0.352143    0.1060    0.0870    0.2150    0.0850    0.2410    0.1275    0.1874
 000377   A  0.209885  0.411999  0.343370    0.1602    0.0870    0.2060    0.0760    0.2365    0.1096    0.1879
 000378   T  0.152472  0.375970  0.334837    0.0991    0.0690    0.1910    0.0680    0.2038    0.1146    0.1892
 000379   F  0.127355  0.345334  0.326696    0.0526    0.0690    0.2110    0.0930    0.1886    0.1160    0.1865
 000380   A  0.119499  0.340459  0.316730    0.0832    0.0690    0.1710    0.0980    0.1833    0.1079    0.1835
 000381   R  0.112989  0.301356  0.304962    0.0744    0.0646    0.1590    0.1010    0.1696    0.0992    0.1803
 000382   L  0.123407  0.297295  0.291572    0.0395    0.0341    0.1430    0.0930    0.1548    0.1065    0.1871
 000383   E  0.168051  0.268277  0.278282    0.0464    0.0398    0.1210    0.0690    0.1536    0.0952    0.2009
 000384   L  0.202782  0.271671  0.265394    0.0259    0.0263    0.0990    0.0470    0.1484    0.1035    0.2086
 000385   Q  0.234596  0.241979  0.252700    0.0274    0.0287    0.0690    0.0230    0.1424    0.1017    0.2198
 000386   A  0.244877  0.236656  0.239844    0.0179    0.0364    0.0570    0.0190    0.1387    0.1024    0.2363
 000387   L  0.259800  0.202078  0.226202    0.0376    0.0765    0.0500    0.0180    0.1420    0.0897    0.2533
 000388   L  0.279658  0.197539  0.212833    0.0455    0.0967    0.0520    0.0200    0.1474    0.0879    0.2657
 000389   A  0.334574  0.204278  0.199377    0.0414    0.0518    0.0680    0.0380    0.1499    0.1061    0.2753
 000390   G  0.340131  0.214955  0.188215    0.0744    0.1298    0.1090    0.0600    0.1760    0.0872    0.2848
 000391   L  0.328760  0.226313  0.178206    0.0490    0.1424    0.1590    0.0700    0.1806    0.0849    0.2982
 000392   D  0.298242  0.247660  0.170383    0.0677    0.1399    0.1830    0.0660    0.1845    0.0739    0.3051
 000393   Y  0.268949  0.272377  0.163232    0.1117    0.1206    0.2250    0.0670    0.1936    0.0656    0.3024
 000394   E  0.246361  0.316825  0.155908    0.0965    0.0676    0.2440    0.0730    0.1878    0.0885    0.2958
 000395   V  0.234483  0.340090  0.148443    0.0909    0.1229    0.2630    0.0600    0.2000    0.0869    0.2892
 000396   E  0.215100  0.357358  0.140215    0.0490    0.0704    0.2600    0.0800    0.1820    0.1079    0.2804
 000397   T  0.193980  0.358987  0.132491    0.0660    0.0870    0.2280    0.0670    0.1777    0.0987    0.2673
 000398   K  0.136973  0.347777  0.125107    0.0643    0.0719    0.1840    0.0490    0.1551    0.0952    0.2529
 000399   T  0.122138  0.322271  0.119955    0.1117    0.1028    0.1600    0.0450    0.1564    0.0763    0.2450
 000400   Y  0.141455  0.305295  0.117979    0.0789    0.0817    0.1090    0.0240    0.1390    0.0774    0.2390
 000401   P  0.126440  0.283812  0.117379    0.0643    0.0835    0.0750    0.0150    0.1251    0.0744    0.2349
 000402   R  0.137389  0.237282  0.116241    0.0813    0.0676    0.0610    0.0140    0.1168    0.0602    0.2246
 000403   R  0.121054  0.205443  0.113281    0.0771    0.0719    0.0510    0.0140    0.1067    0.0503    0.2218
 000404   F  0.124240  0.163617  0.111187    0.0723    0.0765    0.0480    0.0130    0.0993    0.0382    0.2262
 000405   L  0.129006  0.139194  0.111516    0.0701    0.0765    0.0450    0.0120    0.0952    0.0338    0.2278
 000406   E  0.136881  0.114752  0.115333    0.0643    0.1137    0.0430    0.0120    0.0981    0.0328    0.2272
 000407   L  0.143492  0.104921  0.120887    0.0621    0.1048    0.0470    0.0140    0.0973    0.0330    0.2265
 000408   T  0.153813  0.100628  0.126218    0.0554    0.0985    0.0500    0.0170    0.0975    0.0365    0.2271
 000409   F  0.127934  0.105761  0.130363    0.0542    0.0929    0.0550    0.0190    0.0944    0.0308    0.2280
 000410   A  0.120672  0.144483  0.134306    0.0490    0.0518    0.0550    0.0180    0.0925    0.0413    0.2246
 000411   V  0.098253  0.193672  0.138129    0.0884    0.0433    0.0580    0.0150    0.1033    0.0504    0.2217
 000412   G  0.100841  0.234262  0.142376    0.0414    0.0287    0.0660    0.0160    0.1022    0.0701    0.2189
 000413   F  0.097042  0.264255  0.146665    0.0245    0.0327    0.0800    0.0160    0.1075    0.0811    0.2199
 000414   E  0.093251  0.294909  0.152097    0.0226    0.0349    0.0880    0.0180    0.1143    0.0912    0.2216
 000415   L  0.088985  0.299039  0.158261    0.0455    0.0749    0.1140    0.0240    0.1301    0.0832    0.2203
 000416   E  0.076328  0.297212  0.166047    0.0723    0.1137    0.1210    0.0230    0.1411    0.0765    0.2233
 000417   H  0.069591  0.311157  0.174812    0.0701    0.1070    0.1350    0.0320    0.1446    0.0830    0.2254
 000418   H  0.065976  0.329092  0.185728    0.1150    0.1643    0.1360    0.0370    0.1661    0.0821    0.2281
 000419   H  0.065401  0.355261  0.197909    0.1178    0.0749    0.1360    0.0460    0.1579    0.0984    0.2301
 000420   R  0.062534  0.386960  0.211781    0.1921    0.1528    0.1530    0.0600    0.1932    0.0985    0.2274
 000421   L  0.048087  0.409214  0.226052    0.1205    0.1791    0.1880    0.0780    0.1952    0.1113    0.2253
 000422   F  0.042922  0.425541  0.240017    0.1602    0.2436    0.2240    0.0980    0.2227    0.1141    0.2225
 000423   A  0.035676  0.443146  0.252557    0.1635    0.2470    0.2010    0.0770    0.2238    0.1218    0.2198
 000424   T  0.027535  0.435665  0.263325    0.2602    0.3631    0.2150    0.0600    0.2608    0.1275    0.2157
 000425   H  0.026356  0.440455  0.272409    0.2531    0.2680    0.2130    0.0440    0.2456    0.1214    0.2103
 000426   G  0.076170  0.443317  0.281271    0.3399    0.2436    0.2190    0.0630    0.2672    0.1124    0.2070
 000427   R  0.120372  0.462356  0.291846    0.2558    0.1554    0.2420    0.0960    0.2546    0.1100    0.2068
 000428   G  0.150934  0.481459  0.301836    0.1921    0.0985    0.2460    0.1070    0.2452    0.1240    0.2154
 000429   S  0.170396  0.494429  0.310089    0.1566    0.0929    0.2210    0.1130    0.2409    0.1313    0.2257
 000430   W  0.202936  0.491450  0.315377    0.1150    0.0870    0.2310    0.0850    0.2404    0.1350    0.2352
 000431   D  0.229052  0.441228  0.320526    0.1178    0.1162    0.4410    0.2320    0.2777    0.1350    0.2541
 000432   G  0.269638  0.405096  0.326723    0.1805    0.1759    0.7130    0.2190    0.3452    0.1829    0.2812
 000433   G  0.304788  0.351849  0.334165    0.3053    0.2849    0.8470    0.1780    0.4046    0.1989    0.3109
 000434   T  0.339364  0.283623  0.343452    0.3456    0.2918    0.5230    0.1010    0.3545    0.0794    0.3414
 000435   H  0.314763  0.243142  0.353498    0.3806    0.2575    0.4990    0.1460    0.3414    0.0855    0.3763
 000436   L  0.304588  0.262359  0.362197    0.4379    0.2328    0.4460    0.1620    0.3410    0.0818    0.4131
 000437   F  0.369401  0.319002  0.369067    0.4749    0.2002    0.3720    0.1300    0.3508    0.0819    0.4245
 000438   L  0.450438  0.421393  0.375280    0.5296    0.1852    0.4670    0.1050    0.4048    0.1087    0.4075
 000439   L  0.527960  0.547829  0.383907    0.5667    0.1501    0.6030    0.1440    0.4633    0.1560    0.3972
 000440   R  0.361304  0.662249  0.394520    0.6079    0.1229    0.7070    0.1320    0.4760    0.2041    0.3879
 000441   R  0.913448  0.728174  0.406145    0.7540    0.2541    0.7980    0.1190    0.6423    0.2324    0.3749
 000442   P  0.973925  0.680606  0.417766    0.8036    0.2064    0.8050    0.0810    0.6479    0.2596    0.3652
 000443   K  0.995649  0.706315  0.423519    0.8391    0.1583    0.8460    0.0600    0.6614    0.2855    0.3648
