#RESNUM RES     VL-XT     VSL2B       VL3  IUPred-S  IUPred-L  PONDRFIT  FITERROR       MDP  MDPERROR   ANCHOR2
 000001   M  0.505301  0.866375  0.175948    0.6516    0.0113    0.9830    0.0050    0.5030    0.3497    0.0601
 000002   R  0.403540  0.831837  0.171404    0.6124    0.0194    0.9470    0.0140    0.4690    0.3355    0.0604
 000003   R  0.518688  0.769953  0.167098    0.4781    0.0136    0.9240    0.0310    0.4508    0.3171    0.0619
 000004   A  0.471046  0.638503  0.162329    0.4333    0.0115    0.8770    0.0690    0.4053    0.2876    0.0631
 000005   G  0.319123  0.526694  0.159232    0.3053    0.0080    0.8260    0.0970    0.3309    0.2639    0.0642
 000006   Y  0.266723  0.377356  0.158051    0.1958    0.0111    0.8190    0.1130    0.2783    0.2565    0.0651
 000007   L  0.224250  0.240577  0.159033    0.0884    0.0143    0.7250    0.1320    0.2153    0.2308    0.0689
 000008   H  0.171273  0.148436  0.156872    0.0744    0.0123    0.6890    0.1280    0.1825    0.2231    0.0733
 000009   L  0.122120  0.093708  0.154105    0.0526    0.0160    0.6100    0.2170    0.1490    0.2012    0.0770
 000010   Y  0.096959  0.071037  0.150800    0.0259    0.0202    0.5080    0.1910    0.1204    0.1699    0.0821
 000011   G  0.066375  0.070743  0.147381    0.0179    0.0258    0.5900    0.1590    0.1285    0.2014    0.0892
 000012   L  0.041586  0.075204  0.144752    0.0279    0.0443    0.5220    0.1100    0.1186    0.1757    0.0953
 000013   N  0.027435  0.083575  0.142312    0.0268    0.0543    0.5140    0.0580    0.1178    0.1730    0.1053
 000014   L  0.015182  0.089522  0.141163    0.0304    0.0356    0.4680    0.0570    0.1065    0.1590    0.1150
 000015   V  0.011707  0.114654  0.140091    0.0502    0.0263    0.3750    0.0770    0.0963    0.1251    0.1244
 000016   F  0.018327  0.147049  0.141042    0.0304    0.0165    0.3320    0.0870    0.0906    0.1141    0.1373
 000017   D  0.078175  0.173762  0.139277    0.0304    0.0202    0.2900    0.1070    0.0988    0.0959    0.1550
 000018   R  0.137774  0.209326  0.135308    0.0308    0.0269    0.3090    0.1410    0.1189    0.1009    0.1660
 000019   V  0.210042  0.245078  0.131726    0.0173    0.0306    0.2820    0.1300    0.1308    0.1041    0.1792
 000020   G  0.272325  0.262241  0.127435    0.0259    0.0618    0.2070    0.0890    0.1382    0.0972    0.1962
 000021   K  0.292885  0.268974  0.125029    0.0502    0.0948    0.1790    0.0750    0.1477    0.0909    0.2149
 000022   G  0.323459  0.291455  0.128913    0.0542    0.0929    0.1840    0.0690    0.1576    0.1015    0.2313
 000023   P  0.412231  0.285456  0.134104    0.0771    0.1501    0.1820    0.0720    0.1844    0.1135    0.2506
 000024   P  0.499389  0.273772  0.142375    0.0744    0.0719    0.2060    0.0910    0.1876    0.1490    0.2674
 000025   V  0.563857  0.273393  0.154139    0.1205    0.1424    0.2310    0.0970    0.2219    0.1532    0.2799
 000026   L  0.583974  0.254846  0.164024    0.1018    0.2193    0.1970    0.0760    0.2262    0.1576    0.2927
 000027   L  0.613458  0.240770  0.173415    0.1958    0.3053    0.1500    0.0470    0.2509    0.1601    0.2977
 000028   V  0.634858  0.272183  0.186187    0.1921    0.2002    0.1270    0.0270    0.2377    0.1719    0.2878
 000029   A  0.662422  0.298775  0.199112    0.1732    0.2328    0.1240    0.0330    0.2485    0.1816    0.2825
 000030   E  0.729009  0.299012  0.209454    0.1732    0.3286    0.1160    0.0390    0.2743    0.2041    0.2773
 000031   E  0.768862  0.336515  0.225343    0.1921    0.3286    0.1050    0.0310    0.2886    0.2166    0.2708
 000032   A  0.698530  0.372639  0.241061    0.2080    0.2292    0.1030    0.0290    0.2686    0.1954    0.2592
 000033   S  0.629692  0.383026  0.255104    0.2167    0.1969    0.1060    0.0270    0.2553    0.1750    0.2458
 000034   R  0.574830  0.403096  0.270030    0.1292    0.0909    0.1070    0.0260    0.2175    0.1830    0.2302
 000035   W  0.506124  0.437199  0.282471    0.0991    0.0405    0.1000    0.0250    0.1971    0.1844    0.2154
 000036   P  0.425363  0.442811  0.289998    0.0991    0.0372    0.0890    0.0210    0.1822    0.1709    0.2014
 000037   E  0.341690  0.408644  0.293812    0.1060    0.0372    0.0930    0.0310    0.1644    0.1486    0.1876
 000038   A  0.256673  0.379483  0.295260    0.1205    0.0704    0.0940    0.0340    0.1534    0.1248    0.1733
 000039   L  0.169806  0.334470  0.298808    0.1205    0.0631    0.0800    0.0190    0.1279    0.1156    0.1690
 000040   P  0.099523  0.271163  0.302313    0.1698    0.0948    0.0780    0.0170    0.1189    0.1017    0.1625
 000041   E  0.081201  0.237837  0.310087    0.0991    0.0817    0.0780    0.0140    0.0963    0.1053    0.1555
 000042   G  0.067771  0.207669  0.316402    0.1041    0.0380    0.0790    0.0160    0.0828    0.1102    0.1458
 000043   Y  0.054238  0.172955  0.319196    0.1292    0.0473    0.0790    0.0160    0.0805    0.1078    0.1340
 000044   A  0.041789  0.160888  0.321766    0.0723    0.0463    0.0880    0.0210    0.0682    0.1114    0.1274
 000045   F  0.035955  0.151636  0.323816    0.0789    0.0518    0.1200    0.0450    0.0730    0.1104    0.1215
 000046   Y  0.039290  0.147886  0.324706    0.1292    0.1206    0.1510    0.0600    0.0979    0.1013    0.1199
 000047   L  0.044071  0.175761  0.323280    0.1178    0.0985    0.1400    0.0450    0.0960    0.1026    0.1243
 000048   L  0.049712  0.178622  0.321028    0.1205    0.1028    0.1410    0.0370    0.0988    0.1004    0.1289
 000049   D  0.057608  0.191031  0.319577    0.1416    0.1229    0.1240    0.0230    0.1062    0.0974    0.1366
 000050   L  0.102716  0.229638  0.317394    0.2209    0.1476    0.1250    0.0210    0.1377    0.0905    0.1372
 000051   P  0.167953  0.270170  0.314219    0.1921    0.1028    0.1330    0.0260    0.1443    0.0908    0.1393
 000052   G  0.247512  0.318787  0.311061    0.1292    0.1070    0.2130    0.0680    0.1692    0.0966    0.1398
 000053   Y  0.334088  0.370552  0.303625    0.0991    0.1229    0.3130    0.1130    0.2066    0.1172    0.1437
 000054   G  0.418260  0.447445  0.295969    0.1698    0.2258    0.3580    0.1220    0.2699    0.1110    0.1585
 000055   R  0.485530  0.530339  0.287411    0.2080    0.1759    0.4210    0.1020    0.3034    0.1438    0.1746
 000056   T  0.559107  0.589963  0.275896    0.3053    0.2541    0.4420    0.0710    0.3583    0.1422    0.1933
 000057   E  0.638780  0.607809  0.266262    0.2865    0.3529    0.4480    0.0670    0.3890    0.1531    0.2030
 000058   G  0.713935  0.607249  0.256355    0.3146    0.3182    0.4480    0.0880    0.4003    0.1724    0.2038
 000059   P  0.726036  0.610655  0.245001    0.3762    0.3321    0.4420    0.1030    0.4145    0.1699    0.2065
 000060   R  0.721008  0.597501  0.233942    0.2385    0.2817    0.4960    0.1460    0.3891    0.1929    0.2061
 000061   M  0.697639  0.586886  0.221496    0.2483    0.3667    0.5150    0.1660    0.4025    0.1787    0.2127
 000062   A  0.688860  0.577658  0.208487    0.1878    0.2193    0.4940    0.1670    0.3613    0.2022    0.2210
 000063   P  0.680614  0.559715  0.194973    0.1878    0.1881    0.4150    0.1320    0.3386    0.1991    0.2332
 000064   E  0.646366  0.478719  0.182240    0.1844    0.2129    0.3420    0.1150    0.3107    0.1751    0.2428
 000065   E  0.600764  0.403106  0.168109    0.1566    0.1702    0.2680    0.1100    0.2664    0.1640    0.2349
 000066   L  0.545477  0.325195  0.157124    0.1150    0.1349    0.1880    0.0690    0.2181    0.1532    0.2188
 000067   A  0.492581  0.256365  0.149726    0.0789    0.1323    0.1390    0.0540    0.1831    0.1400    0.2046
 000068   H  0.476221  0.187258  0.144928    0.0502    0.0704    0.1180    0.0460    0.1504    0.1443    0.1969
 000069   F  0.411879  0.150503  0.140597    0.0502    0.0704    0.1050    0.0370    0.1313    0.1226    0.1877
 000070   V  0.351051  0.124140  0.136126    0.0245    0.0463    0.0890    0.0220    0.1059    0.1094    0.1775
 000071   A  0.269839  0.110060  0.132487    0.0268    0.0581    0.0810    0.0160    0.0909    0.0810    0.1667
 000072   G  0.188277  0.105607  0.125259    0.0304    0.0389    0.0800    0.0130    0.0739    0.0576    0.1572
 000073   F  0.141142  0.106680  0.119807    0.0478    0.0313    0.0830    0.0160    0.0684    0.0436    0.1477
 000074   A  0.103537  0.101733  0.117680    0.0200    0.0165    0.0840    0.0150    0.0544    0.0451    0.1360
 000075   V  0.073260  0.098103  0.115789    0.0090    0.0100    0.0950    0.0200    0.0476    0.0466    0.1261
 000076   M  0.043281  0.107909  0.115007    0.0042    0.0091    0.1100    0.0330    0.0458    0.0514    0.1222
 000077   M  0.002526  0.111204  0.114563    0.0040    0.0130    0.1140    0.0330    0.0408    0.0568    0.1203
 000078   N  0.001860  0.113910  0.114106    0.0055    0.0102    0.1180    0.0320    0.0415    0.0580    0.1177
 000079   L  0.001634  0.127694  0.118550    0.0062    0.0102    0.1120    0.0340    0.0430    0.0603    0.1149
 000080   G  0.016337  0.127967  0.122039    0.0062    0.0117    0.0990    0.0340    0.0435    0.0570    0.1140
 000081   A  0.046891  0.138595  0.126182    0.0094    0.0138    0.0790    0.0270    0.0480    0.0547    0.1144
 000082   P  0.070129  0.123166  0.131012    0.0066    0.0109    0.0660    0.0220    0.0462    0.0531    0.1179
 000083   W  0.081677  0.120352  0.138758    0.0042    0.0109    0.0680    0.0210    0.0475    0.0554    0.1196
 000084   V  0.082699  0.144862  0.146257    0.0042    0.0235    0.0660    0.0160    0.0535    0.0596    0.1200
 000085   L  0.083378  0.137731  0.153756    0.0055    0.0287    0.0670    0.0140    0.0536    0.0593    0.1259
 000086   L  0.084141  0.135373  0.161359    0.0099    0.0263    0.0730    0.0170    0.0548    0.0604    0.1347
 000087   R  0.084905  0.150782  0.165298    0.0141    0.0414    0.0740    0.0190    0.0608    0.0610    0.1420
 000088   G  0.085277  0.154182  0.168900    0.0094    0.0454    0.0940    0.0240    0.0648    0.0627    0.1536
 000089   L  0.070732  0.168907  0.180020    0.0109    0.0244    0.1280    0.0310    0.0671    0.0728    0.1664
 000090   G  0.044331  0.181396  0.185620    0.0160    0.0414    0.1290    0.0350    0.0687    0.0754    0.1767
 000091   L  0.024286  0.200125  0.189756    0.0082    0.0244    0.1690    0.0590    0.0710    0.0900    0.1877
 000092   A  0.026566  0.226791  0.194917    0.0102    0.0294    0.1990    0.0790    0.0820    0.0987    0.1937
 000093   L  0.051259  0.261202  0.199539    0.0042    0.0202    0.2290    0.0890    0.0942    0.1099    0.1986
 000094   G  0.118799  0.276917  0.204161    0.0083    0.0231    0.2440    0.0960    0.1119    0.1095    0.2020
 000095   P  0.186339  0.295298  0.210634    0.0109    0.0424    0.2510    0.0870    0.1309    0.1103    0.2044
 000096   H  0.257907  0.305829  0.216105    0.0102    0.0581    0.2590    0.0900    0.1485    0.1160    0.2009
 000097   L  0.343237  0.301542  0.222319    0.0286    0.1137    0.2520    0.0930    0.1732    0.1144    0.1862
 000098   E  0.430036  0.298655  0.229755    0.0226    0.1162    0.2310    0.0970    0.1832    0.1348    0.1750
 000099   A  0.512857  0.314360  0.238322    0.0259    0.0749    0.2610    0.1140    0.1982    0.1648    0.1552
 000100   L  0.600887  0.319320  0.246599    0.0514    0.1424    0.2740    0.1150    0.2314    0.1764    0.1350
 000101   G  0.677012  0.314516  0.253372    0.0316    0.0967    0.2840    0.1080    0.2340    0.2103    0.1223
 000102   L  0.736883  0.305622  0.262898    0.0723    0.1298    0.3180    0.1040    0.2605    0.2179    0.1087
 000103   R  0.757448  0.307618  0.273560    0.0587    0.1759    0.3170    0.0670    0.2695    0.2218    0.0978
 000104   A  0.780489  0.296856  0.280857    0.0935    0.1881    0.3420    0.0620    0.2835    0.2220    0.0909
 000105   L  0.795260  0.301780  0.288822    0.1088    0.1251    0.3370    0.0650    0.2780    0.2323    0.0859
 000106   P  0.793999  0.329173  0.298072    0.0567    0.1070    0.3130    0.0700    0.2666    0.2431    0.0830
 000107   A  0.796046  0.338307  0.304824    0.0336    0.1070    0.3270    0.0690    0.2670    0.2484    0.0793
 000108   E  0.792617  0.358513  0.313946    0.0677    0.1702    0.3180    0.0730    0.2844    0.2330    0.0821
 000109   G  0.788601  0.388254  0.324827    0.0621    0.0948    0.3250    0.0790    0.2764    0.2444    0.0816
 000110   V  0.772123  0.392779  0.333365    0.0813    0.1184    0.3270    0.0780    0.2819    0.2325    0.0837
 000111   E  0.753378  0.392731  0.344417    0.0813    0.1070    0.3330    0.0730    0.2778    0.2290    0.0912
 000112   V  0.738227  0.420740  0.353979    0.0832    0.1092    0.3240    0.0780    0.2793    0.2257    0.0935
 000113   A  0.705099  0.426789  0.365557    0.0935    0.1852    0.3150    0.1030    0.2876    0.2036    0.0993
 000114   E  0.671946  0.403988  0.369944    0.0991    0.1070    0.3210    0.1030    0.2671    0.2041    0.1075
 000115   V  0.638031  0.403424  0.372910    0.1266    0.1449    0.3580    0.1210    0.2785    0.1830    0.1038
 000116   L  0.590451  0.402955  0.378187    0.1240    0.1476    0.3540    0.1360    0.2699    0.1711    0.1042
 000117   S  0.559267  0.383036  0.378213    0.1178    0.1275    0.3230    0.1400    0.2517    0.1665    0.1040
 000118   S  0.530809  0.378052  0.382158    0.0935    0.1528    0.3270    0.1400    0.2470    0.1606    0.1031
 000119   K  0.511079  0.380711  0.387669    0.0813    0.1449    0.3620    0.1530    0.2467    0.1627    0.0976
 000120   L  0.493519  0.366186  0.385533    0.0813    0.0909    0.3940    0.1710    0.2376    0.1704    0.0942
 000121   S  0.487108  0.377489  0.387925    0.1292    0.1323    0.4080    0.1640    0.2557    0.1530    0.0926
 000122   Y  0.496198  0.387564  0.391814    0.0701    0.0985    0.6930    0.0920    0.2909    0.2270    0.0868
 000123   G  0.501145  0.411827  0.396027    0.1380    0.1251    0.6750    0.1100    0.3085    0.2051    0.0843
 000124   N  0.505825  0.439824  0.400595    0.2122    0.1298    0.7290    0.0720    0.3361    0.2065    0.0802
 000125   I  0.515007  0.497740  0.405579    0.2333    0.0909    0.7380    0.0740    0.3458    0.2186    0.0748
 000126   D  0.504142  0.577119  0.408701    0.3491    0.1206    0.6870    0.1040    0.3731    0.1929    0.0836
 000127   L  0.492183  0.635466  0.414731    0.4825    0.1759    0.7470    0.0630    0.4222    0.1916    0.0836
 000128   G  0.498583  0.695196  0.420020    0.5229    0.1424    0.8110    0.0650    0.4450    0.2228    0.0821
 000129   G  0.455934  0.778681  0.424747    0.5583    0.1115    0.8750    0.0350    0.4633    0.2594    0.0819
 000130   N  0.373787  0.813698  0.427997    0.6079    0.0851    0.9210    0.0170    0.4669    0.2893    0.0842
 000131   L  0.421645  0.820908  0.433070    0.7342    0.1449    0.9170    0.0460    0.5064    0.2776    0.0865
