#RESNUM RES     VL-XT     VSL2B       VL3  IUPred-S  IUPred-L  PONDRFIT  FITERROR       MDP  MDPERROR   ANCHOR2
 000001   M  0.126139  0.686584  0.143168    0.5992    0.0090    0.9290    0.0590    0.3916    0.3408    0.0007
 000002   Y  0.255513  0.640715  0.137660    0.4458    0.0125    0.9010    0.0510    0.3759    0.3038    0.0007
 000003   R  0.317069  0.604380  0.132906    0.3885    0.0085    0.8950    0.0670    0.3689    0.2945    0.0007
 000004   W  0.288021  0.552373  0.128498    0.3456    0.0062    0.9480    0.0260    0.3567    0.3076    0.0007
 000005   L  0.348583  0.491844  0.124336    0.1878    0.0076    0.9320    0.0450    0.3281    0.3045    0.0007
 000006   D  0.385610  0.399221  0.120470    0.0832    0.0099    0.9450    0.0320    0.3038    0.3149    0.0008
 000007   E  0.448755  0.347754  0.117046    0.0526    0.0086    0.9060    0.0610    0.2940    0.3090    0.0009
 000008   R  0.498454  0.307126  0.114560    0.0405    0.0069    0.8590    0.0760    0.2853    0.3003    0.0009
 000009   L  0.538468  0.243785  0.112709    0.0150    0.0084    0.8200    0.1110    0.2709    0.2980    0.0008
 000010   D  0.547964  0.213869  0.110655    0.0044    0.0102    0.7770    0.1250    0.2588    0.2893    0.0008
 000011   L  0.562765  0.224585  0.108401    0.0028    0.0105    0.5190    0.1290    0.2199    0.2274    0.0009
 000012   R  0.585064  0.219810  0.106729    0.0038    0.0078    0.4880    0.1270    0.2175    0.2274    0.0010
 000013   G  0.555389  0.198448  0.105468    0.0062    0.0133    0.4870    0.1360    0.2101    0.2189    0.0011
 000014   L  0.515484  0.191756  0.104399    0.0013    0.0092    0.4610    0.1640    0.1964    0.2055    0.0012
 000015   Y  0.464559  0.191865  0.102954    0.0079    0.0160    0.4400    0.1730    0.1866    0.1868    0.0013
 000016   H  0.373072  0.172595  0.102344    0.0078    0.0281    0.3970    0.1730    0.1631    0.1554    0.0015
 000017   K  0.288167  0.177354  0.091795    0.0070    0.0269    0.3700    0.1640    0.1450    0.1343    0.0016
 000018   V  0.216184  0.211377  0.083215    0.0062    0.0115    0.3430    0.1490    0.1314    0.1230    0.0017
 000019   L  0.157865  0.268429  0.079409    0.0062    0.0069    0.2790    0.1020    0.1198    0.1128    0.0019
 000020   R  0.099379  0.296850  0.075269    0.0049    0.0070    0.2060    0.0580    0.1024    0.1064    0.0022
 000021   K  0.041458  0.325742  0.072810    0.0012    0.0068    0.1640    0.0510    0.0899    0.1144    0.0025
 000022   A  0.012779  0.313071  0.069910    0.0010    0.0107    0.1570    0.0490    0.0824    0.1122    0.0026
 000023   F  0.000292  0.271869  0.065316    0.0013    0.0070    0.1430    0.0380    0.0705    0.0996    0.0027
 000024   P  0.000248  0.219824  0.061034    0.0013    0.0073    0.1220    0.0370    0.0584    0.0809    0.0030
 000025   V  0.000243  0.177010  0.058783    0.0013    0.0073    0.1010    0.0330    0.0477    0.0654    0.0034
 000026   H  0.000270  0.142269  0.058052    0.0040    0.0066    0.0760    0.0220    0.0381    0.0520    0.0037
 000027   H  0.000243  0.123700  0.057761    0.0013    0.0060    0.0650    0.0200    0.0327    0.0460    0.0038
 000028   S  0.000264  0.112623  0.057266    0.0006    0.0039    0.0620    0.0230    0.0299    0.0429    0.0037
 000029   F  0.000282  0.106830  0.057663    0.0008    0.0039    0.0580    0.0200    0.0282    0.0409    0.0035
 000030   F  0.000308  0.103890  0.057488    0.0008    0.0042    0.0510    0.0190    0.0268    0.0395    0.0033
 000031   L  0.000286  0.099494  0.056996    0.0005    0.0031    0.0490    0.0210    0.0255    0.0383    0.0030
 000032   G  0.000296  0.091984  0.056483    0.0003    0.0024    0.0470    0.0190    0.0237    0.0362    0.0029
 000033   E  0.000254  0.080897  0.056333    0.0002    0.0019    0.0440    0.0140    0.0212    0.0331    0.0026
 000034   I  0.000232  0.060414  0.057239    0.0003    0.0031    0.0420    0.0120    0.0178    0.0283    0.0022
 000035   T  0.000194  0.042359  0.058224    0.0002    0.0028    0.0380    0.0100    0.0139    0.0253    0.0020
 000036   L  0.000215  0.025454  0.059055    0.0002    0.0028    0.0350    0.0110    0.0105    0.0239    0.0018
 000037   F  0.000221  0.018306  0.059596    0.0003    0.0018    0.0340    0.0120    0.0092    0.0241    0.0016
 000038   A  0.000246  0.014813  0.060261    0.0002    0.0013    0.0330    0.0120    0.0083    0.0243    0.0015
 000039   F  0.000222  0.013642  0.059451    0.0001    0.0014    0.0350    0.0130    0.0084    0.0242    0.0014
 000040   V  0.000209  0.013997  0.057335    0.0001    0.0016    0.0360    0.0140    0.0086    0.0236    0.0015
 000041   V  0.000204  0.014113  0.055740    0.0002    0.0026    0.0370    0.0130    0.0090    0.0230    0.0015
 000042   L  0.000204  0.013996  0.053696    0.0003    0.0026    0.0400    0.0140    0.0095    0.0228    0.0016
 000043   V  0.000213  0.016884  0.052480    0.0003    0.0027    0.0410    0.0150    0.0102    0.0225    0.0018
 000044   L  0.000752  0.020008  0.050945    0.0001    0.0028    0.0440    0.0180    0.0112    0.0224    0.0021
 000045   T  0.010306  0.023826  0.049156    0.0003    0.0040    0.0540    0.0270    0.0154    0.0226    0.0027
 000046   G  0.035580  0.029581  0.047847    0.0003    0.0027    0.0650    0.0360    0.0221    0.0243    0.0031
 000047   V  0.059313  0.039754  0.046275    0.0006    0.0038    0.0760    0.0430    0.0299    0.0285    0.0034
 000048   F  0.080964  0.047527  0.045207    0.0006    0.0061    0.0860    0.0440    0.0368    0.0336    0.0039
 000049   L  0.108269  0.062969  0.044980    0.0007    0.0054    0.0890    0.0430    0.0445    0.0406    0.0048
 000050   T  0.134471  0.096164  0.044573    0.0029    0.0087    0.0890    0.0460    0.0552    0.0485    0.0059
 000051   L  0.167263  0.123758  0.044010    0.0029    0.0080    0.1200    0.0550    0.0704    0.0631    0.0068
 000052   N  0.187753  0.157146  0.043775    0.0061    0.0091    0.1510    0.0680    0.0852    0.0751    0.0079
 000053   Y  0.207095  0.197047  0.042622    0.0062    0.0148    0.1850    0.0690    0.1018    0.0889    0.0083
 000054   E  0.217409  0.239463  0.042237    0.0079    0.0227    0.1920    0.0650    0.1132    0.0978    0.0092
 000055   P  0.240480  0.267235  0.041412    0.0182    0.0443    0.1950    0.0630    0.1275    0.1026    0.0096
 000056   S  0.271385  0.296170  0.040701    0.0182    0.0433    0.1980    0.0550    0.1379    0.1149    0.0096
 000057   I  0.304598  0.324425  0.040415    0.0167    0.0263    0.1980    0.0560    0.1450    0.1303    0.0101
 000058   R  0.329552  0.336834  0.039534    0.0336    0.0518    0.1930    0.0640    0.1575    0.1313    0.0115
 000059   E  0.355916  0.342625  0.039569    0.0425    0.0967    0.1980    0.0610    0.1726    0.1314    0.0123
 000060   V  0.388653  0.349258  0.039046    0.1041    0.1349    0.1980    0.0540    0.1959    0.1274    0.0115
 000061   R  0.421071  0.353975  0.039572    0.0813    0.0690    0.2140    0.0560    0.1899    0.1472    0.0109
 000062   L  0.435298  0.339756  0.040709    0.1292    0.1007    0.2290    0.0580    0.2057    0.1386    0.0099
 000063   A  0.439389  0.349229  0.041935    0.0744    0.0888    0.2220    0.0540    0.1957    0.1491    0.0092
 000064   D  0.414995  0.345936  0.042831    0.1150    0.1048    0.2140    0.0580    0.1991    0.1346    0.0093
 000065   G  0.381373  0.342454  0.043069    0.1041    0.0473    0.1920    0.0610    0.1779    0.1350    0.0084
 000066   R  0.352894  0.335784  0.043567    0.0526    0.0209    0.1770    0.0620    0.1565    0.1373    0.0073
 000067   T  0.323135  0.318713  0.044257    0.0304    0.0119    0.1620    0.0570    0.1411    0.1313    0.0060
 000068   V  0.324350  0.288231  0.045124    0.0376    0.0227    0.1320    0.0500    0.1342    0.1222    0.0043
 000069   P  0.266789  0.249761  0.045817    0.0200    0.0218    0.0870    0.0300    0.1075    0.1040    0.0034
 000070   A  0.222733  0.202166  0.048001    0.0179    0.0113    0.0720    0.0230    0.0878    0.0855    0.0026
 000071   A  0.197455  0.169234  0.051868    0.0350    0.0194    0.0620    0.0200    0.0805    0.0689    0.0022
 000072   Y  0.178350  0.145002  0.056204    0.0160    0.0099    0.0560    0.0180    0.0675    0.0639    0.0018
 000073   A  0.155100  0.122612  0.060927    0.0425    0.0160    0.0550    0.0190    0.0652    0.0491    0.0017
 000074   S  0.136650  0.114346  0.065354    0.0252    0.0160    0.0530    0.0190    0.0576    0.0453    0.0015
 000075   V  0.116529  0.107524  0.070615    0.0218    0.0105    0.0520    0.0180    0.0515    0.0414    0.0013
 000076   L  0.095347  0.098490  0.076292    0.0157    0.0073    0.0510    0.0160    0.0446    0.0382    0.0012
 000077   Y  0.042158  0.098332  0.081165    0.0086    0.0073    0.0500    0.0170    0.0345    0.0365    0.0012
 000078   I  0.034443  0.096778  0.085950    0.0038    0.0070    0.0540    0.0220    0.0327    0.0385    0.0013
 000079   D  0.025603  0.099246  0.091144    0.0074    0.0065    0.0550    0.0210    0.0323    0.0404    0.0017
 000080   S  0.016822  0.102853  0.095799    0.0061    0.0060    0.0560    0.0190    0.0312    0.0435    0.0020
 000081   L  0.011987  0.099885  0.100536    0.0029    0.0067    0.0580    0.0180    0.0300    0.0452    0.0024
 000082   P  0.011289  0.103995  0.105499    0.0038    0.0052    0.0550    0.0160    0.0298    0.0474    0.0031
 000083   F  0.008719  0.121901  0.110387    0.0079    0.0072    0.0580    0.0170    0.0339    0.0519    0.0037
 000084   G  0.002530  0.128971  0.115999    0.0040    0.0072    0.0590    0.0150    0.0337    0.0564    0.0047
 000085   A  0.001285  0.145116  0.121596    0.0040    0.0072    0.0610    0.0120    0.0364    0.0617    0.0057
 000086   V  0.000889  0.157344  0.126964    0.0052    0.0071    0.0660    0.0150    0.0394    0.0658    0.0074
 000087   I  0.000766  0.177302  0.132237    0.0086    0.0083    0.0730    0.0170    0.0447    0.0714    0.0091
 000088   R  0.000980  0.169375  0.136081    0.0087    0.0082    0.0690    0.0160    0.0427    0.0702    0.0119
 000089   S  0.000962  0.181886  0.140814    0.0121    0.0105    0.0650    0.0130    0.0450    0.0736    0.0134
 000090   L  0.001010  0.175844  0.144635    0.0055    0.0089    0.0720    0.0120    0.0438    0.0740    0.0134
 000091   H  0.001027  0.174157  0.148121    0.0037    0.0078    0.0610    0.0110    0.0412    0.0749    0.0139
 000092   H  0.001038  0.167147  0.151282    0.0069    0.0070    0.0550    0.0120    0.0396    0.0737    0.0136
 000093   W  0.001005  0.182904  0.154033    0.0038    0.0047    0.0550    0.0150    0.0412    0.0789    0.0114
 000094   S  0.001004  0.172581  0.155845    0.0042    0.0071    0.0520    0.0170    0.0394    0.0766    0.0099
 000095   A  0.000834  0.161526  0.158125    0.0013    0.0060    0.0520    0.0180    0.0370    0.0752    0.0080
 000096   H  0.000698  0.166932  0.159611    0.0026    0.0049    0.0460    0.0140    0.0369    0.0770    0.0066
 000097   V  0.000463  0.154169  0.160618    0.0029    0.0062    0.0400    0.0110    0.0340    0.0746    0.0049
 000098   M  0.000470  0.119583  0.161201    0.0028    0.0062    0.0360    0.0100    0.0275    0.0686    0.0039
 000099   I  0.000462  0.112273  0.162334    0.0029    0.0045    0.0320    0.0090    0.0253    0.0682    0.0027
 000100   A  0.000602  0.107679  0.163325    0.0008    0.0034    0.0290    0.0100    0.0236    0.0684    0.0022
 000101   A  0.000637  0.083666  0.163362    0.0009    0.0044    0.0280    0.0100    0.0197    0.0655    0.0018
 000102   A  0.000660  0.067004  0.162917    0.0005    0.0045    0.0270    0.0100    0.0166    0.0642    0.0015
 000103   F  0.000674  0.063047  0.161629    0.0005    0.0040    0.0280    0.0100    0.0160    0.0635    0.0014
 000104   L  0.000871  0.047832  0.159941    0.0009    0.0041    0.0280    0.0110    0.0136    0.0622    0.0013
 000105   H  0.001378  0.047351  0.156269    0.0007    0.0042    0.0300    0.0110    0.0140    0.0606    0.0013
 000106   M  0.003569  0.049609  0.150866    0.0005    0.0048    0.0360    0.0140    0.0157    0.0582    0.0013
 000107   L  0.004902  0.057255  0.145204    0.0006    0.0052    0.0450    0.0210    0.0188    0.0560    0.0014
 000108   R  0.006167  0.065229  0.140411    0.0009    0.0069    0.0490    0.0230    0.0214    0.0543    0.0017
 000109   I  0.006196  0.085915  0.135603    0.0024    0.0091    0.0620    0.0270    0.0276    0.0543    0.0018
 000110   L  0.007973  0.123732  0.129754    0.0066    0.0093    0.0860    0.0270    0.0390    0.0585    0.0025
 000111   L  0.010341  0.167258  0.124271    0.0087    0.0117    0.1280    0.0240    0.0543    0.0694    0.0033
 000112   S  0.016378  0.214298  0.118179    0.0055    0.0090    0.1770    0.0450    0.0704    0.0869    0.0046
 000113   G  0.019074  0.279540  0.111286    0.0074    0.0073    0.2210    0.0650    0.0890    0.1098    0.0059
 000114   A  0.025396  0.335322  0.104354    0.0082    0.0088    0.2500    0.0750    0.1046    0.1285    0.0073
 000115   Y  0.023516  0.386740  0.096852    0.0082    0.0134    0.3040    0.0820    0.1226    0.1517    0.0089
 000116   K  0.022453  0.428495  0.088960    0.0044    0.0088    0.3340    0.0830    0.1330    0.1701    0.0112
 000117   K  0.021872  0.471960  0.081295    0.0069    0.0109    0.3340    0.0800    0.1409    0.1823    0.0133
 000118   P  0.022419  0.462438  0.074438    0.0069    0.0109    0.3060    0.0670    0.1347    0.1754    0.0147
 000119   R  0.021028  0.425680  0.068071    0.0066    0.0075    0.2710    0.0580    0.1219    0.1601    0.0147
 000120   E  0.018852  0.361704  0.061095    0.0074    0.0115    0.2260    0.0620    0.1043    0.1343    0.0138
 000121   L  0.012895  0.291997  0.054972    0.0079    0.0115    0.1890    0.0680    0.0855    0.1088    0.0109
 000122   N  0.012126  0.211116  0.048497    0.0167    0.0209    0.1380    0.0630    0.0665    0.0751    0.0087
 000123   Y  0.010239  0.156522  0.042164    0.0081    0.0141    0.0870    0.0340    0.0460    0.0542    0.0066
 000124   L  0.011153  0.124149  0.036397    0.0082    0.0099    0.0490    0.0140    0.0338    0.0411    0.0053
 000125   V  0.011431  0.102459  0.032266    0.0069    0.0125    0.0360    0.0090    0.0283    0.0331    0.0043
 000126   G  0.011055  0.087580  0.027326    0.0083    0.0181    0.0310    0.0070    0.0261    0.0271    0.0037
 000127   L  0.010300  0.078427  0.021910    0.0081    0.0095    0.0290    0.0070    0.0225    0.0248    0.0030
 000128   G  0.009857  0.073401  0.018279    0.0059    0.0097    0.0270    0.0080    0.0210    0.0233    0.0025
 000129   L  0.009609  0.066374  0.015454    0.0013    0.0089    0.0280    0.0100    0.0190    0.0217    0.0023
 000130   L  0.009850  0.066278  0.012952    0.0012    0.0062    0.0300    0.0150    0.0189    0.0222    0.0022
 000131   G  0.007780  0.073136  0.011445    0.0009    0.0051    0.0260    0.0110    0.0188    0.0248    0.0023
 000132   L  0.002892  0.069831  0.010402    0.0012    0.0052    0.0260    0.0110    0.0175    0.0241    0.0024
 000133   T  0.001701  0.071081  0.008351    0.0008    0.0054    0.0270    0.0110    0.0176    0.0249    0.0026
 000134   V  0.001116  0.071233  0.006852    0.0008    0.0054    0.0290    0.0100    0.0179    0.0252    0.0028
 000135   V  0.000731  0.073176  0.006114    0.0031    0.0078    0.0320    0.0110    0.0194    0.0257    0.0031
 000136   T  0.000730  0.070909  0.006162    0.0027    0.0111    0.0340    0.0110    0.0199    0.0249    0.0036
 000137   A  0.000729  0.075841  0.007541    0.0031    0.0075    0.0390    0.0130    0.0211    0.0272    0.0039
 000138   F  0.000740  0.085519  0.008919    0.0075    0.0094    0.0570    0.0240    0.0266    0.0317    0.0044
 000139   T  0.000387  0.091394  0.010306    0.0034    0.0073    0.0750    0.0310    0.0296    0.0372    0.0052
 000140   G  0.000642  0.099303  0.011557    0.0055    0.0108    0.0990    0.0450    0.0358    0.0435    0.0057
 000141   Y  0.000845  0.110766  0.014016    0.0062    0.0143    0.1230    0.0460    0.0425    0.0514    0.0063
 000142   A  0.001328  0.124289  0.016178    0.0066    0.0153    0.1280    0.0440    0.0460    0.0552    0.0070
 000143   L  0.001381  0.131321  0.019129    0.0084    0.0281    0.1390    0.0470    0.0513    0.0576    0.0083
 000144   P  0.001448  0.165651  0.022763    0.0083    0.0143    0.1160    0.0380    0.0509    0.0630    0.0102
 000145   Y  0.003441  0.188648  0.025717    0.0144    0.0218    0.1150    0.0350    0.0572    0.0678    0.0114
 000146   D  0.005482  0.187759  0.028805    0.0124    0.0184    0.1070    0.0320    0.0552    0.0666    0.0132
 000147   N  0.005917  0.186063  0.031767    0.0121    0.0171    0.1030    0.0300    0.0541    0.0655    0.0136
 000148   Y  0.021422  0.179548  0.035215    0.0082    0.0117    0.1030    0.0320    0.0540    0.0626    0.0142
 000149   A  0.026613  0.162246  0.037154    0.0173    0.0184    0.1060    0.0330    0.0550    0.0547    0.0139
 000150   V  0.075660  0.139159  0.039169    0.0090    0.0171    0.0980    0.0290    0.0565    0.0466    0.0131
 000151   T  0.075225  0.140235  0.042187    0.0078    0.0171    0.0830    0.0190    0.0539    0.0454    0.0131
 000152   A  0.075893  0.146998  0.044159    0.0131    0.0163    0.0750    0.0120    0.0545    0.0460    0.0125
 000153   T  0.084116  0.162864  0.046757    0.0182    0.0235    0.0620    0.0100    0.0584    0.0492    0.0111
 000154   R  0.092625  0.164772  0.049682    0.0226    0.0205    0.0610    0.0120    0.0603    0.0501    0.0095
 000155   I  0.122288  0.175006  0.052828    0.0226    0.0101    0.0630    0.0120    0.0655    0.0581    0.0077
 000156   G  0.139353  0.174040  0.055444    0.0252    0.0168    0.0610    0.0120    0.0693    0.0589    0.0066
 000157   Y  0.149408  0.155461  0.058707    0.0118    0.0153    0.0610    0.0120    0.0655    0.0586    0.0055
 000158   G  0.147177  0.137002  0.062665    0.0118    0.0113    0.0550    0.0120    0.0604    0.0551    0.0049
 000159   I  0.099235  0.126351  0.064864    0.0268    0.0115    0.0530    0.0100    0.0528    0.0410    0.0042
 000160   A  0.100648  0.115795  0.067693    0.0286    0.0113    0.0490    0.0090    0.0510    0.0388    0.0039
 000161   H  0.099949  0.109441  0.070082    0.0274    0.0181    0.0440    0.0080    0.0499    0.0365    0.0035
 000162   S  0.091712  0.113715  0.072586    0.0200    0.0102    0.0420    0.0080    0.0462    0.0394    0.0033
 000163   I  0.081258  0.117316  0.075276    0.0308    0.0094    0.0430    0.0090    0.0470    0.0379    0.0030
 000164   P  0.049855  0.112570  0.079818    0.0144    0.0059    0.0420    0.0110    0.0374    0.0390    0.0029
 000165   W  0.032424  0.115010  0.082437    0.0099    0.0050    0.0490    0.0140    0.0353    0.0415    0.0028
 000166   I  0.007024  0.114825  0.085183    0.0102    0.0071    0.0510    0.0150    0.0317    0.0444    0.0026
 000167   G  0.003955  0.109615  0.089278    0.0084    0.0078    0.0510    0.0140    0.0301    0.0446    0.0027
 000168   G  0.003093  0.097970  0.093285    0.0194    0.0073    0.0560    0.0150    0.0307    0.0419    0.0028
 000169   A  0.012474  0.099878  0.096519    0.0231    0.0081    0.0590    0.0190    0.0337    0.0412    0.0029
 000170   L  0.017984  0.086850  0.100778    0.0182    0.0127    0.0680    0.0250    0.0339    0.0395    0.0032
 000171   A  0.021942  0.087112  0.103273    0.0308    0.0160    0.0700    0.0250    0.0376    0.0377    0.0037
 000172   D  0.082307  0.109332  0.105005    0.0327    0.0181    0.0700    0.0270    0.0522    0.0384    0.0044
 000173   L  0.157716  0.137292  0.107330    0.0336    0.0191    0.0850    0.0310    0.0722    0.0536    0.0052
 000174   M  0.227616  0.166785  0.110268    0.0677    0.0372    0.1150    0.0380    0.1024    0.0652    0.0069
 000175   F  0.289939  0.214746  0.113206    0.0587    0.0168    0.1630    0.0690    0.1238    0.0941    0.0091
 000176   A  0.318421  0.292965  0.117069    0.1088    0.0398    0.1980    0.0750    0.1596    0.1026    0.0123
 000177   G  0.356403  0.343236  0.121353    0.0935    0.0870    0.2330    0.0770    0.1855    0.1145    0.0179
 000178   E  0.377892  0.412753  0.126972    0.1117    0.0473    0.2590    0.0610    0.2015    0.1393    0.0246
 000179   F  0.389448  0.498867  0.131226    0.1088    0.0218    0.3110    0.0420    0.2216    0.1702    0.0307
 000180   P  0.404674  0.567846  0.135567    0.0621    0.0275    0.3700    0.0440    0.2387    0.1998    0.0401
 000181   G  0.357938  0.597665  0.139814    0.0514    0.0281    0.4170    0.0630    0.2420    0.2094    0.0502
 000182   S  0.283122  0.656752  0.143154    0.0677    0.0364    0.4460    0.0690    0.2483    0.2220    0.0587
 000183   E  0.213727  0.670487  0.146985    0.0304    0.0205    0.4580    0.0830    0.2322    0.2367    0.0672
 000184   K  0.152097  0.632723  0.150878    0.0554    0.0214    0.4380    0.0950    0.2167    0.2217    0.0716
 000185   S  0.123463  0.604375  0.153943    0.0425    0.0160    0.4080    0.1370    0.1991    0.2136    0.0688
 000186   I  0.085363  0.530215  0.157352    0.0414    0.0188    0.3490    0.1500    0.1707    0.1863    0.0640
 000187   P  0.053159  0.412143  0.159930    0.0279    0.0275    0.2280    0.1000    0.1249    0.1405    0.0624
 000188   R  0.036236  0.303827  0.162463    0.0121    0.0157    0.1300    0.0500    0.0829    0.1073    0.0586
 000189   L  0.017136  0.215723  0.165091    0.0131    0.0136    0.0950    0.0390    0.0591    0.0847    0.0516
 000190   F  0.003608  0.129745  0.167836    0.0137    0.0157    0.0780    0.0290    0.0402    0.0688    0.0492
 000191   S  0.002788  0.077098  0.169295    0.0118    0.0102    0.0640    0.0350    0.0276    0.0646    0.0442
 000192   L  0.002278  0.056574  0.170098    0.0066    0.0089    0.0580    0.0370    0.0221    0.0648    0.0391
 000193   H  0.001447  0.048052  0.169917    0.0044    0.0064    0.0540    0.0370    0.0190    0.0652    0.0362
 000194   V  0.001386  0.038938  0.168907    0.0028    0.0043    0.0510    0.0340    0.0163    0.0652    0.0320
 000195   L  0.000996  0.036088  0.167292    0.0009    0.0042    0.0580    0.0400    0.0167    0.0651    0.0291
 000196   W  0.000838  0.038427  0.167523    0.0006    0.0032    0.0710    0.0430    0.0190    0.0659    0.0278
 000197   L  0.001183  0.038971  0.167334    0.0010    0.0042    0.0710    0.0270    0.0194    0.0656    0.0253
 000198   P  0.001343  0.041586  0.165984    0.0005    0.0029    0.0680    0.0130    0.0190    0.0651    0.0235
 000199   L  0.001508  0.043283  0.163917    0.0006    0.0025    0.0660    0.0120    0.0189    0.0642    0.0212
 000200   G  0.002221  0.045092  0.162514    0.0006    0.0025    0.0620    0.0190    0.0187    0.0634    0.0198
 000201   L  0.003842  0.045467  0.160438    0.0009    0.0031    0.0630    0.0230    0.0193    0.0623    0.0166
 000202   M  0.007892  0.048143  0.160614    0.0005    0.0022    0.0640    0.0250    0.0204    0.0622    0.0142
 000203   A  0.015832  0.052199  0.162051    0.0007    0.0031    0.0630    0.0260    0.0224    0.0618    0.0116
 000204   L  0.032041  0.053163  0.163291    0.0004    0.0032    0.0620    0.0280    0.0251    0.0611    0.0095
 000205   I  0.039364  0.055631  0.164533    0.0007    0.0040    0.0640    0.0330    0.0273    0.0611    0.0083
 000206   G  0.072466  0.057621  0.166272    0.0021    0.0053    0.0720    0.0420    0.0350    0.0613    0.0079
 000207   L  0.086245  0.057269  0.167057    0.0055    0.0079    0.0800    0.0470    0.0396    0.0614    0.0074
 000208   H  0.094648  0.064330  0.167420    0.0116    0.0123    0.0930    0.0460    0.0460    0.0605    0.0077
 000209   L  0.102050  0.075246  0.167302    0.0090    0.0123    0.1130    0.0560    0.0519    0.0626    0.0075
 000210   A  0.102315  0.102385  0.168064    0.0231    0.0218    0.1290    0.0480    0.0632    0.0602    0.0079
 000211   I  0.107662  0.152280  0.169528    0.0268    0.0119    0.1680    0.0430    0.0778    0.0707    0.0087
 000212   M  0.110762  0.219281  0.171182    0.0542    0.0163    0.2400    0.0470    0.1067    0.0870    0.0104
 000213   I  0.104345  0.287615  0.172283    0.0350    0.0263    0.2970    0.0560    0.1250    0.1129    0.0124
 000214   K  0.125863  0.343397  0.172945    0.0327    0.0356    0.3180    0.0770    0.1425    0.1263    0.0173
 000215   Q  0.142828  0.408618  0.173607    0.0643    0.0389    0.3470    0.0850    0.1669    0.1404    0.0238
 000216   K  0.215528  0.453696  0.173289    0.1292    0.0618    0.3930    0.0780    0.2089    0.1433    0.0297
 000217   H  0.282822  0.464489  0.172038    0.0723    0.0719    0.4190    0.0910    0.2185    0.1581    0.0329
 000218   T  0.349659  0.485268  0.170692    0.1041    0.1323    0.4130    0.1060    0.2474    0.1496    0.0359
 000219   Q  0.424793  0.524487  0.169360    0.1205    0.1373    0.4060    0.1130    0.2689    0.1621    0.0359
 000220   P  0.496172  0.536222  0.167071    0.2080    0.1298    0.3860    0.1170    0.2926    0.1627    0.0374
 000221   R  0.566858  0.545909  0.164599    0.2558    0.0888    0.3840    0.1340    0.3069    0.1831    0.0342
 000222   Y  0.637701  0.539217  0.162861    0.2558    0.1643    0.3680    0.1540    0.3275    0.1833    0.0279
 000223   A  0.698589  0.498349  0.162479    0.1998    0.1449    0.3350    0.1400    0.3128    0.2030    0.0246
 000224   E  0.755163  0.446578  0.162110    0.3184    0.2680    0.3120    0.1290    0.3500    0.1906    0.0214
 000225   R  0.776050  0.393595  0.161725    0.2041    0.2064    0.3060    0.1170    0.3143    0.2108    0.0165
 000226   V  0.807695  0.342873  0.161227    0.2255    0.1070    0.2990    0.1260    0.2970    0.2319    0.0118
 000227   A  0.835433  0.304368  0.162235    0.1698    0.1229    0.2760    0.1240    0.2847    0.2443    0.0091
 000228   P  0.854519  0.295465  0.164154    0.0935    0.1373    0.2360    0.0970    0.2694    0.2594    0.0078
 000229   G  0.876510  0.281688  0.166192    0.1088    0.1373    0.2310    0.0800    0.2726    0.2655    0.0067
 000230   K  0.898133  0.263782  0.168422    0.1060    0.0909    0.2370    0.0730    0.2659    0.2788    0.0060
 000231   I  0.921872  0.242869  0.171235    0.0965    0.0463    0.2670    0.0970    0.2625    0.2938    0.0051
 000232   L  0.937088  0.236347  0.173574    0.0567    0.0306    0.2370    0.0780    0.2496    0.3066    0.0050
 000233   G  0.933461  0.230611  0.175434    0.0621    0.0433    0.2160    0.0810    0.2475    0.3036    0.0055
 000234   V  0.832915  0.221965  0.177033    0.0554    0.0300    0.2170    0.1280    0.2262    0.2703    0.0055
 000235   P  0.727942  0.222396  0.180354    0.0350    0.0143    0.2080    0.1340    0.2013    0.2384    0.0059
 000236   M  0.626168  0.217216  0.182911    0.0137    0.0091    0.2100    0.1180    0.1794    0.2075    0.0063
 000237   Y  0.530223  0.209853  0.183809    0.0118    0.0079    0.2070    0.0960    0.1612    0.1765    0.0072
 000238   P  0.427708  0.197978  0.184455    0.0079    0.0080    0.1970    0.0790    0.1398    0.1451    0.0089
 000239   Q  0.325497  0.172947  0.185900    0.0026    0.0054    0.2190    0.0910    0.1210    0.1196    0.0102
 000240   Q  0.221470  0.144558  0.186755    0.0013    0.0039    0.2480    0.1000    0.1032    0.1032    0.0115
 000241   M  0.116746  0.115384  0.187525    0.0006    0.0031    0.2740    0.1140    0.0850    0.1017    0.0119
 000242   V  0.013287  0.082819  0.187930    0.0006    0.0042    0.2810    0.1170    0.0637    0.1105    0.0127
 000243   M  0.006194  0.055728  0.189019    0.0006    0.0042    0.2780    0.0950    0.0574    0.1115    0.0134
 000244   M  0.003666  0.042614  0.190514    0.0006    0.0032    0.2790    0.0780    0.0549    0.1134    0.0133
 000245   L  0.002717  0.030157  0.192196    0.0006    0.0042    0.2780    0.0590    0.0526    0.1142    0.0131
 000246   I  0.002546  0.023603  0.193025    0.0003    0.0028    0.2500    0.0490    0.0466    0.1075    0.0126
 000247   L  0.002280  0.020396  0.194540    0.0004    0.0025    0.2270    0.0460    0.0420    0.1022    0.0121
 000248   F  0.001119  0.019790  0.196283    0.0004    0.0032    0.1910    0.0420    0.0359    0.0945    0.0111
 000249   A  0.000764  0.018030  0.199397    0.0002    0.0030    0.1510    0.0400    0.0289    0.0880    0.0094
 000250   L  0.000523  0.015213  0.202275    0.0002    0.0025    0.1330    0.0440    0.0252    0.0864    0.0083
 000251   Y  0.000452  0.014758  0.206554    0.0002    0.0016    0.1280    0.0470    0.0242    0.0874    0.0076
 000252   V  0.000433  0.016897  0.210488    0.0002    0.0014    0.1210    0.0420    0.0233    0.0877    0.0076
 000253   G  0.000279  0.018808  0.214574    0.0002    0.0016    0.1160    0.0430    0.0228    0.0884    0.0077
 000254   I  0.000292  0.018883  0.217376    0.0002    0.0019    0.1090    0.0420    0.0217    0.0887    0.0072
 000255   L  0.000785  0.020347  0.219929    0.0002    0.0025    0.1000    0.0370    0.0206    0.0886    0.0070
 000256   T  0.000800  0.024032  0.221946    0.0003    0.0027    0.0950    0.0350    0.0204    0.0887    0.0071
 000257   I  0.000966  0.030993  0.223994    0.0005    0.0039    0.1000    0.0450    0.0228    0.0893    0.0066
 000258   I  0.001597  0.038858  0.224491    0.0006    0.0047    0.1220    0.0710    0.0280    0.0909    0.0068
 000259   A  0.003061  0.044853  0.225336    0.0012    0.0046    0.1610    0.0850    0.0358    0.0957    0.0072
 000260   G  0.004355  0.055316  0.226180    0.0012    0.0052    0.1950    0.0840    0.0434    0.1010    0.0077
 000261   A  0.007917  0.062450  0.227909    0.0010    0.0076    0.2150    0.0720    0.0489    0.1044    0.0080
 000262   F  0.014140  0.069417  0.228989    0.0038    0.0133    0.2300    0.0550    0.0552    0.1058    0.0085
 000263   L  0.020291  0.089363  0.229043    0.0094    0.0214    0.2460    0.0580    0.0643    0.1060    0.0089
 000264   A  0.037323  0.137274  0.227898    0.0121    0.0244    0.2580    0.0860    0.0782    0.1058    0.0099
 000265   H  0.065799  0.185629  0.227006    0.0268    0.0506    0.2420    0.0880    0.0951    0.0954    0.0116
 000266   P  0.087371  0.251756  0.226131    0.0607    0.1028    0.2490    0.0720    0.1253    0.0891    0.0134
 000267   V  0.094207  0.314436  0.225197    0.0621    0.1092    0.3160    0.0660    0.1494    0.1104    0.0156
 000268   E  0.105259  0.383940  0.223881    0.1178    0.2034    0.3210    0.0890    0.1886    0.1073    0.0205
 000269   A  0.190301  0.463719  0.223040    0.2122    0.2224    0.3160    0.1170    0.2340    0.1017    0.0239
 000270   F  0.208674  0.554917  0.221747    0.2700    0.2645    0.3400    0.1170    0.2731    0.1230    0.0267
 000271   G  0.211095  0.608948  0.220567    0.1766    0.2884    0.3530    0.1250    0.2730    0.1502    0.0312
 000272   P  0.205560  0.657570  0.218630    0.2122    0.3426    0.3630    0.1350    0.2969    0.1624    0.0362
 000273   P  0.188117  0.705768  0.217264    0.3399    0.3529    0.3750    0.1320    0.3270    0.1722    0.0427
 000274   T  0.159559  0.715643  0.215691    0.4703    0.3426    0.3960    0.1100    0.3474    0.1852    0.0505
 000275   P  0.137814  0.687161  0.214044    0.4282    0.2541    0.3870    0.0870    0.3157    0.1833    0.0525
 000276   Q  0.130339  0.684165  0.212372    0.3491    0.1643    0.3610    0.1060    0.2815    0.1890    0.0521
 000277   T  0.117837  0.667487  0.213260    0.2333    0.0734    0.3230    0.1230    0.2358    0.1978    0.0480
 000278   P  0.031505  0.593120  0.214135    0.2531    0.0662    0.2210    0.0850    0.1942    0.1856    0.0440
 000279   Q  0.009559  0.493890  0.215484    0.1602    0.0269    0.1500    0.0510    0.1401    0.1639    0.0363
 000280   V  0.000902  0.400495  0.215872    0.1322    0.0349    0.1040    0.0460    0.1122    0.1371    0.0293
 000281   K  0.000200  0.283013  0.215700    0.1416    0.0414    0.0740    0.0310    0.0900    0.1052    0.0260
 000282   P  0.000042  0.176795  0.215130    0.1495    0.0218    0.0680    0.0270    0.0694    0.0878    0.0214
 000283   D  0.000039  0.102861  0.215079    0.0744    0.0202    0.0630    0.0250    0.0435    0.0783    0.0168
 000284   W  0.000036  0.059078  0.214437    0.0336    0.0101    0.0560    0.0270    0.0264    0.0799    0.0123
 000285   Y  0.000036  0.031890  0.214408    0.0376    0.0066    0.0460    0.0250    0.0203    0.0810    0.0082
 000286   F  0.000015  0.018950  0.214038    0.0167    0.0067    0.0410    0.0240    0.0139    0.0827    0.0059
 000287   L  0.000006  0.011915  0.216796    0.0083    0.0065    0.0370    0.0190    0.0106    0.0850    0.0046
 000288   W  0.000004  0.008959  0.219588    0.0094    0.0062    0.0360    0.0140    0.0100    0.0863    0.0040
 000289   L  0.000003  0.009236  0.221181    0.0082    0.0042    0.0400    0.0150    0.0103    0.0871    0.0033
 000290   Y  0.000003  0.013076  0.221170    0.0078    0.0044    0.0450    0.0160    0.0117    0.0868    0.0032
 000291   G  0.000003  0.015984  0.221640    0.0078    0.0038    0.0440    0.0180    0.0119    0.0868    0.0035
 000292   L  0.000004  0.023184  0.220700    0.0086    0.0038    0.0440    0.0190    0.0132    0.0860    0.0035
 000293   L  0.000009  0.029811  0.219441    0.0029    0.0026    0.0430    0.0160    0.0131    0.0858    0.0039
 000294   Q  0.000017  0.042268  0.218637    0.0024    0.0016    0.0450    0.0150    0.0152    0.0852    0.0047
 000295   I  0.000063  0.057491  0.218781    0.0012    0.0024    0.0450    0.0160    0.0177    0.0852    0.0058
 000296   I  0.000135  0.074518  0.218250    0.0009    0.0029    0.0470    0.0170    0.0209    0.0853    0.0084
 000297   P  0.000287  0.087610  0.218045    0.0028    0.0044    0.0460    0.0160    0.0235    0.0854    0.0125
 000298   S  0.002157  0.100861  0.217425    0.0035    0.0043    0.0460    0.0170    0.0261    0.0858    0.0181
 000299   S  0.003652  0.111495  0.217933    0.0070    0.0060    0.0450    0.0170    0.0289    0.0861    0.0241
 000300   W  0.005188  0.104405  0.218684    0.0049    0.0091    0.0460    0.0160    0.0283    0.0855    0.0334
 000301   E  0.006775  0.099782  0.216602    0.0094    0.0168    0.0430    0.0130    0.0292    0.0830    0.0406
 000302   F  0.009124  0.105741  0.212982    0.0116    0.0093    0.0500    0.0150    0.0309    0.0821    0.0451
 000303   R  0.011723  0.111286  0.210052    0.0259    0.0091    0.0590    0.0210    0.0362    0.0794    0.0535
 000304   L  0.013079  0.102750  0.206378    0.0212    0.0141    0.0700    0.0300    0.0369    0.0769    0.0592
 000305   F  0.013902  0.100170  0.202694    0.0083    0.0136    0.0670    0.0270    0.0338    0.0769    0.0657
 000306   G  0.014857  0.109104  0.198534    0.0157    0.0157    0.0580    0.0210    0.0355    0.0749    0.0753
 000307   A  0.029838  0.112611  0.194164    0.0308    0.0184    0.0550    0.0200    0.0411    0.0701    0.0770
 000308   T  0.029384  0.119966  0.187897    0.0131    0.0105    0.0600    0.0220    0.0388    0.0717    0.0738
 000309   I  0.029204  0.131714  0.182372    0.0078    0.0119    0.0600    0.0210    0.0401    0.0719    0.0662
 000310   G  0.028726  0.152617  0.176426    0.0038    0.0119    0.0570    0.0190    0.0424    0.0741    0.0630
 000311   P  0.027482  0.164131  0.170763    0.0086    0.0119    0.0510    0.0150    0.0438    0.0743    0.0590
 000312   E  0.029862  0.169013  0.166102    0.0081    0.0074    0.0540    0.0150    0.0447    0.0744    0.0538
 000313   F  0.032834  0.159621  0.162695    0.0090    0.0123    0.0620    0.0200    0.0460    0.0701    0.0468
 000314   I  0.035095  0.147601  0.158703    0.0055    0.0081    0.0600    0.0200    0.0428    0.0676    0.0397
 000315   G  0.035892  0.138099  0.156404    0.0131    0.0086    0.0560    0.0200    0.0419    0.0639    0.0325
 000316   G  0.020869  0.114639  0.153486    0.0160    0.0120    0.0530    0.0190    0.0361    0.0598    0.0238
 000317   V  0.022874  0.091588  0.150053    0.0086    0.0086    0.0530    0.0200    0.0308    0.0570    0.0163
 000318   V  0.021842  0.078344  0.144117    0.0097    0.0070    0.0520    0.0210    0.0282    0.0538    0.0114
 000319   V  0.020803  0.075720  0.139055    0.0062    0.0048    0.0500    0.0190    0.0263    0.0526    0.0079
 000320   P  0.019934  0.067330  0.136006    0.0083    0.0074    0.0470    0.0180    0.0250    0.0504    0.0057
 000321   G  0.015363  0.061563  0.132784    0.0049    0.0049    0.0470    0.0180    0.0223    0.0500    0.0040
 000322   I  0.011343  0.059708  0.128461    0.0044    0.0036    0.0490    0.0180    0.0214    0.0490    0.0028
 000323   L  0.008403  0.055134  0.124816    0.0013    0.0035    0.0510    0.0170    0.0198    0.0482    0.0020
 000324   G  0.007189  0.048209  0.121664    0.0026    0.0053    0.0540    0.0220    0.0195    0.0467    0.0018
 000325   L  0.006053  0.041757  0.119130    0.0069    0.0075    0.0590    0.0270    0.0202    0.0453    0.0015
 000326   V  0.003960  0.038363  0.115626    0.0069    0.0074    0.0650    0.0370    0.0203    0.0448    0.0015
 000327   A  0.007357  0.034831  0.112083    0.0066    0.0079    0.0790    0.0490    0.0226    0.0448    0.0016
 000328   V  0.010040  0.037050  0.106596    0.0116    0.0105    0.0880    0.0520    0.0262    0.0431    0.0020
 000329   L  0.014122  0.046786  0.101487    0.0252    0.0115    0.0930    0.0490    0.0318    0.0400    0.0026
 000330   L  0.039050  0.058050  0.098131    0.0455    0.0178    0.0950    0.0490    0.0426    0.0335    0.0036
 000331   P  0.056419  0.081872  0.094332    0.0268    0.0093    0.0910    0.0480    0.0443    0.0361    0.0053
 000332   F  0.088449  0.129010  0.093739    0.0252    0.0076    0.1520    0.0550    0.0670    0.0540    0.0073
 000333   V  0.129562  0.179726  0.094662    0.0231    0.0127    0.2170    0.0940    0.0937    0.0769    0.0111
 000334   D  0.192617  0.244812  0.095854    0.0316    0.0125    0.2310    0.0770    0.1187    0.0942    0.0176
 000335   T  0.251909  0.333253  0.096851    0.0350    0.0141    0.2950    0.1040    0.1549    0.1282    0.0246
 000336   R  0.322425  0.407982  0.096255    0.0304    0.0240    0.3430    0.1360    0.1880    0.1585    0.0337
 000337   K  0.395899  0.444610  0.096193    0.0607    0.0473    0.3320    0.1320    0.2135    0.1661    0.0436
 000338   D  0.469500  0.496094  0.096968    0.0771    0.0592    0.2950    0.1080    0.2329    0.1835    0.0546
 000339   K  0.546500  0.536155  0.098111    0.1292    0.1184    0.2590    0.0880    0.2649    0.1917    0.0638
 000340   M  0.632420  0.532569  0.098319    0.1878    0.1323    0.2260    0.0680    0.2852    0.2054    0.0723
 000341   R  0.704500  0.559070  0.098359    0.3005    0.2224    0.2200    0.0650    0.3344    0.2121    0.0765
 000342   Y  0.766531  0.582275  0.098020    0.1844    0.2064    0.2360    0.0610    0.3293    0.2427    0.0775
 000343   M  0.795610  0.596218  0.097304    0.2820    0.3356    0.2680    0.0840    0.3795    0.2323    0.0855
 000344   E  0.822446  0.600969  0.095148    0.3578    0.3840    0.3010    0.0800    0.4111    0.2312    0.0908
 000345   L  0.834413  0.627209  0.093625    0.3456    0.2849    0.3690    0.0730    0.4102    0.2411    0.0875
 000346   P  0.838468  0.644698  0.090696    0.3053    0.1759    0.4170    0.0590    0.3968    0.2607    0.0883
 000347   S  0.836026  0.641443  0.089051    0.2333    0.1424    0.4570    0.1070    0.3850    0.2720    0.0849
 000348   E  0.784955  0.628538  0.088987    0.1566    0.0817    0.4410    0.1430    0.3488    0.2747    0.0790
 000349   H  0.706546  0.602581  0.089965    0.1178    0.0389    0.4030    0.1220    0.3114    0.2614    0.0684
 000350   P  0.620694  0.532005  0.087610    0.0677    0.0235    0.3610    0.1310    0.2675    0.2364    0.0579
 000351   V  0.517680  0.483530  0.084001    0.0567    0.0165    0.3160    0.1450    0.2318    0.2046    0.0454
 000352   R  0.426103  0.430421  0.080994    0.0376    0.0094    0.2850    0.0970    0.1980    0.1773    0.0372
 000353   T  0.339998  0.341874  0.079028    0.0387    0.0100    0.2010    0.0680    0.1553    0.1364    0.0292
 000354   S  0.254287  0.252316  0.077403    0.0268    0.0101    0.1450    0.0590    0.1147    0.0995    0.0207
 000355   A  0.174092  0.182031  0.075998    0.0109    0.0082    0.1150    0.0520    0.0817    0.0709    0.0144
 000356   V  0.098730  0.115285  0.074867    0.0179    0.0123    0.0990    0.0390    0.0573    0.0423    0.0104
 000357   L  0.047526  0.065267  0.074707    0.0099    0.0075    0.0820    0.0230    0.0354    0.0322    0.0077
 000358   A  0.022338  0.045234  0.076001    0.0099    0.0067    0.0830    0.0270    0.0278    0.0327    0.0060
 000359   L  0.003874  0.033585  0.077246    0.0044    0.0064    0.0820    0.0260    0.0218    0.0359    0.0048
 000360   L  0.003062  0.029472  0.078720    0.0033    0.0047    0.0740    0.0230    0.0191    0.0351    0.0041
 000361   V  0.001814  0.027761  0.078703    0.0027    0.0044    0.0620    0.0210    0.0165    0.0333    0.0036
 000362   F  0.000839  0.026282  0.079190    0.0024    0.0040    0.0580    0.0230    0.0153    0.0331    0.0035
 000363   F  0.000346  0.027694  0.078960    0.0024    0.0042    0.0510    0.0220    0.0143    0.0320    0.0033
 000364   L  0.000262  0.029607  0.078513    0.0007    0.0027    0.0440    0.0200    0.0129    0.0315    0.0034
 000365   M  0.000144  0.035792  0.077685    0.0008    0.0028    0.0400    0.0160    0.0132    0.0311    0.0036
 000366   A  0.000081  0.042794  0.077590    0.0005    0.0033    0.0390    0.0100    0.0143    0.0315    0.0039
 000367   S  0.000044  0.054601  0.078964    0.0007    0.0042    0.0420    0.0090    0.0169    0.0332    0.0044
 000368   L  0.000038  0.075098  0.079836    0.0012    0.0056    0.0480    0.0100    0.0217    0.0367    0.0047
 000369   A  0.000070  0.106229  0.079381    0.0021    0.0062    0.0670    0.0200    0.0302    0.0444    0.0051
 000370   G  0.005065  0.152900  0.078449    0.0042    0.0059    0.0940    0.0230    0.0436    0.0579    0.0058
 000371   Y  0.013758  0.216429  0.078387    0.0079    0.0058    0.1470    0.0340    0.0652    0.0809    0.0059
 000372   K  0.022078  0.264242  0.078585    0.0052    0.0073    0.2010    0.0320    0.0834    0.1019    0.0061
 000373   I  0.027916  0.274840  0.078716    0.0037    0.0130    0.2520    0.0400    0.0952    0.1131    0.0060
 000374   D  0.030019  0.305705  0.078694    0.0081    0.0281    0.2680    0.0390    0.1067    0.1212    0.0066
 000375   F  0.030039  0.323335  0.078995    0.0182    0.0398    0.2820    0.0480    0.1155    0.1256    0.0068
 000376   Q  0.030057  0.316225  0.079168    0.0279    0.0320    0.2760    0.0510    0.1138    0.1223    0.0072
 000377   Q  0.030063  0.323317  0.079301    0.0259    0.0223    0.2580    0.0450    0.1099    0.1221    0.0076
 000378   Q  0.030134  0.338533  0.078489    0.0121    0.0123    0.2370    0.0340    0.1050    0.1262    0.0075
 000379   G  0.025225  0.328730  0.076164    0.0116    0.0227    0.2180    0.0360    0.1011    0.1198    0.0076
 000380   S  0.016688  0.289324  0.072463    0.0079    0.0157    0.1840    0.0490    0.0856    0.1057    0.0077
 000381   I  0.008600  0.272041  0.070869    0.0075    0.0104    0.1510    0.0450    0.0750    0.0982    0.0072
 000382   L  0.028895  0.238018  0.069470    0.0074    0.0107    0.1180    0.0350    0.0671    0.0816    0.0074
 000383   G  0.038137  0.203152  0.069024    0.0035    0.0107    0.0730    0.0210    0.0547    0.0676    0.0072
 000384   E  0.042656  0.160998  0.068661    0.0042    0.0188    0.0460    0.0130    0.0454    0.0521    0.0071
 000385   N  0.046575  0.137486  0.068537    0.0037    0.0202    0.0390    0.0150    0.0412    0.0445    0.0061
 000386   A  0.046680  0.094079  0.068564    0.0090    0.0240    0.0320    0.0120    0.0343    0.0307    0.0053
 000387   V  0.046626  0.065217  0.067588    0.0121    0.0136    0.0260    0.0060    0.0273    0.0254    0.0045
 000388   L  0.046602  0.051216  0.066374    0.0061    0.0138    0.0240    0.0040    0.0236    0.0242    0.0038
 000389   W  0.046580  0.043510  0.063951    0.0026    0.0080    0.0260    0.0060    0.0211    0.0242    0.0035
 000390   T  0.046372  0.042214  0.061093    0.0026    0.0059    0.0300    0.0090    0.0212    0.0236    0.0031
 000391   L  0.020271  0.043315  0.058955    0.0008    0.0046    0.0330    0.0080    0.0170    0.0229    0.0024
 000392   V  0.008941  0.043949  0.056998    0.0010    0.0064    0.0340    0.0070    0.0158    0.0230    0.0020
 000393   L  0.004415  0.045386  0.054680    0.0015    0.0065    0.0360    0.0080    0.0157    0.0232    0.0017
 000394   G  0.000517  0.052936  0.051991    0.0018    0.0050    0.0370    0.0090    0.0161    0.0246    0.0015
 000395   G  0.000458  0.060041  0.048837    0.0007    0.0036    0.0370    0.0100    0.0169    0.0258    0.0013
 000396   P  0.000456  0.062368  0.046111    0.0004    0.0029    0.0340    0.0110    0.0167    0.0257    0.0012
 000397   L  0.000405  0.062110  0.043229    0.0003    0.0033    0.0340    0.0120    0.0167    0.0251    0.0010
 000398   L  0.000295  0.060453  0.040543    0.0004    0.0034    0.0330    0.0130    0.0163    0.0241    0.0009
 000399   T  0.000273  0.055463  0.038605    0.0006    0.0031    0.0330    0.0130    0.0154    0.0225    0.0009
 000400   F  0.000244  0.046468  0.036902    0.0007    0.0032    0.0350    0.0150    0.0143    0.0203    0.0008
 000401   L  0.000283  0.042099  0.035268    0.0004    0.0031    0.0380    0.0170    0.0139    0.0196    0.0009
 000402   V  0.000745  0.037224  0.033003    0.0004    0.0041    0.0450    0.0220    0.0147    0.0196    0.0010
 000403   S  0.002867  0.034030  0.030646    0.0006    0.0046    0.0730    0.0410    0.0192    0.0260    0.0012
 000404   Y  0.007848  0.030867  0.028863    0.0009    0.0062    0.1580    0.0540    0.0340    0.0547    0.0014
 000405   V  0.013973  0.029048  0.028024    0.0007    0.0066    0.4800    0.1930    0.0884    0.1735    0.0016
 000406   L  0.026268  0.032345  0.027265    0.0007    0.0066    0.7610    0.1860    0.1378    0.2769    0.0021
 000407   M  0.055596  0.042919  0.026647    0.0006    0.0065    0.8760    0.1380    0.1636    0.3172    0.0027
 000408   R  0.088656  0.060783  0.025785    0.0010    0.0078    0.8520    0.1580    0.1684    0.3054    0.0038
 000409   V  0.177329  0.081688  0.024860    0.0040    0.0079    0.7320    0.1940    0.1671    0.2577    0.0050
 000410   F  0.239478  0.122261  0.025081    0.0026    0.0074    0.6010    0.1930    0.1621    0.2115    0.0062
 000411   Y  0.318523  0.172414  0.026446    0.0027    0.0100    0.2280    0.0590    0.1219    0.1213    0.0080
 000412   G  0.411810  0.268148  0.027838    0.0082    0.0130    0.5330    0.2140    0.2056    0.2086    0.0098
 000413   K  0.511862  0.392890  0.029286    0.0218    0.0163    0.5510    0.1770    0.2490    0.2363    0.0114
 000414   A  0.611284  0.529882  0.029818    0.0297    0.0127    0.6470    0.1670    0.3051    0.2881    0.0124
 000415   R  0.706560  0.666492  0.029653    0.0813    0.0191    0.8020    0.1220    0.3793    0.3438    0.0145
 000416   E  0.787285  0.798304  0.028700    0.1732    0.0258    0.7900    0.1220    0.4291    0.3613    0.0158
 000417   G  0.945815  0.882306  0.027046    0.3225    0.0454    0.8090    0.1190    0.5008    0.3877    0.0162
 000418   E  0.950402  0.927838  0.026381    0.4282    0.0555    0.8480    0.1050    0.5351    0.3926    0.0163
 000419   A  0.968253  0.954413  0.026072    0.4879    0.0389    0.9040    0.0430    0.5589    0.4087    0.0157
 000420   L  0.990694  0.956302  0.025363    0.6219    0.0676    0.9420    0.0230    0.5964    0.4104    0.0157
