#RESNUM RES     VL-XT     VSL2B       VL3  IUPred-S  IUPred-L  PONDRFIT  FITERROR       MDP  MDPERROR   ANCHOR2
 000001   M  0.806096  0.781422  0.373288    0.6756    0.1611    0.9710    0.0190    0.5659    0.2833    0.1288
 000002   A  0.786259  0.757522  0.368009    0.6374    0.1528    0.9410    0.0200    0.5459    0.2749    0.1270
 000003   L  0.834156  0.761657  0.363440    0.6124    0.0909    0.9330    0.0290    0.5386    0.2969    0.1247
 000004   D  0.811332  0.700572  0.359081    0.5296    0.0424    0.9080    0.0320    0.4987    0.2985    0.1253
 000005   R  0.757864  0.639744  0.355038    0.3806    0.0592    0.9190    0.0300    0.4594    0.2915    0.1245
 000006   L  0.716093  0.559503  0.351704    0.2255    0.0851    0.9170    0.0320    0.4171    0.2916    0.1242
 000007   R  0.693230  0.473543  0.348414    0.1844    0.1251    0.8570    0.0950    0.3888    0.2682    0.1258
 000008   E  0.673288  0.407017  0.346603    0.1532    0.1702    0.8540    0.1450    0.3762    0.2615    0.1345
 000009   A  0.659090  0.371483  0.345070    0.1380    0.1298    0.7730    0.1670    0.3453    0.2489    0.1376
 000010   L  0.654295  0.362184  0.343009    0.1240    0.0835    0.8310    0.0940    0.3425    0.2743    0.1414
 000011   G  0.661016  0.357594  0.339561    0.0554    0.1137    0.8540    0.0540    0.3403    0.2886    0.1410
 000012   E  0.670233  0.342502  0.336370    0.0376    0.1184    0.7930    0.0660    0.3269    0.2776    0.1445
 000013   A  0.680218  0.341726  0.333205    0.0514    0.0870    0.7660    0.1020    0.3210    0.2754    0.1429
 000014   L  0.684462  0.328396  0.330258    0.0789    0.0929    0.7190    0.1260    0.3173    0.2594    0.1427
 000015   F  0.711041  0.304724  0.327839    0.0363    0.0690    0.6920    0.1330    0.3023    0.2724    0.1404
 000016   G  0.720915  0.309025  0.325576    0.0218    0.0443    0.6020    0.1090    0.2831    0.2650    0.1376
 000017   Q  0.731117  0.318765  0.319324    0.0387    0.0463    0.5250    0.1040    0.2767    0.2522    0.1339
 000018   E  0.738111  0.301423  0.304674    0.0259    0.0281    0.5090    0.1170    0.2670    0.2576    0.1273
 000019   E  0.725472  0.281725  0.291497    0.0099    0.0209    0.5040    0.1250    0.2570    0.2579    0.1147
 000020   V  0.700691  0.256485  0.281519    0.0074    0.0248    0.4790    0.0940    0.2447    0.2480    0.1017
 000021   I  0.676124  0.224486  0.278088    0.0116    0.0433    0.4320    0.0690    0.2312    0.2323    0.0903
 000022   E  0.654643  0.196670  0.274322    0.0102    0.0454    0.3870    0.0540    0.2157    0.2225    0.0872
 000023   A  0.648760  0.190049  0.273439    0.0087    0.0327    0.3720    0.0510    0.2086    0.2220    0.0831
 000024   L  0.651825  0.183390  0.268669    0.0124    0.0248    0.3460    0.0600    0.2030    0.2216    0.0825
 000025   L  0.644154  0.181718  0.264707    0.0200    0.0248    0.3160    0.0610    0.1977    0.2158    0.0826
 000026   A  0.597517  0.181097  0.264069    0.0226    0.0581    0.2780    0.0610    0.1896    0.1937    0.0835
 000027   V  0.560993  0.176149  0.263697    0.0102    0.0581    0.2400    0.0490    0.1742    0.1836    0.0877
 000028   L  0.543167  0.187159  0.262403    0.0116    0.0433    0.2170    0.0520    0.1670    0.1793    0.0941
 000029   L  0.489309  0.167800  0.260709    0.0090    0.0473    0.2070    0.0650    0.1534    0.1631    0.1039
 000030   A  0.431062  0.187317  0.259072    0.0066    0.0414    0.2190    0.0620    0.1476    0.1476    0.1203
 000031   R  0.372618  0.214256  0.258688    0.0141    0.0389    0.2330    0.0660    0.1454    0.1325    0.1430
 000032   G  0.304315  0.218713  0.256950    0.0308    0.0749    0.2590    0.0630    0.1479    0.1100    0.1700
 000033   H  0.231861  0.238109  0.254351    0.0124    0.0662    0.2960    0.0610    0.1407    0.1131    0.1941
 000034   A  0.172162  0.266193  0.251679    0.0167    0.0888    0.3110    0.0550    0.1426    0.1120    0.2143
 000035   L  0.177426  0.315268  0.250686    0.0363    0.0888    0.3060    0.0540    0.1540    0.1134    0.2393
 000036   L  0.191417  0.360154  0.250612    0.0677    0.0888    0.3010    0.0590    0.1682    0.1142    0.2619
 000037   E  0.194757  0.390990  0.247788    0.0464    0.0888    0.3260    0.0800    0.1744    0.1286    0.2824
 000038   G  0.207596  0.420896  0.244260    0.0425    0.1528    0.4500    0.1110    0.2124    0.1492    0.2931
 000039   M  0.248576  0.429653  0.241205    0.0587    0.2258    0.4690    0.1000    0.2386    0.1427    0.3055
 000040   P  0.298699  0.406584  0.239290    0.1205    0.2258    0.3740    0.0780    0.2375    0.1038    0.3102
 000041   G  0.356128  0.396486  0.240363    0.1532    0.2258    0.3580    0.0780    0.2483    0.0960    0.3011
 000042   L  0.430368  0.400096  0.246358    0.0965    0.2258    0.3080    0.0720    0.2434    0.1194    0.2904
 000043   G  0.502591  0.397526  0.245725    0.0771    0.1969    0.2600    0.0550    0.2389    0.1432    0.2744
 000044   K  0.527934  0.392312  0.242171    0.0789    0.1914    0.1820    0.0410    0.2288    0.1541    0.2561
 000045   T  0.527695  0.389351  0.241097    0.0832    0.2193    0.1490    0.0300    0.2281    0.1545    0.2459
 000046   L  0.500875  0.376372  0.239385    0.1456    0.2193    0.1430    0.0210    0.2308    0.1350    0.2289
 000047   L  0.505704  0.370911  0.237673    0.2333    0.2752    0.1460    0.0140    0.2552    0.1220    0.2137
 000048   A  0.475167  0.384463  0.239550    0.1495    0.1731    0.1440    0.0190    0.2210    0.1323    0.1990
 000049   E  0.443203  0.404012  0.239395    0.1292    0.1671    0.1350    0.0240    0.2131    0.1325    0.1904
 000050   S  0.379952  0.405350  0.236795    0.1041    0.1969    0.1310    0.0250    0.2028    0.1215    0.1763
 000051   L  0.304981  0.389894  0.231754    0.0789    0.0985    0.1320    0.0260    0.1673    0.1200    0.1627
 000052   A  0.233399  0.377351  0.221509    0.0789    0.1028    0.1340    0.0210    0.1544    0.1074    0.1499
 000053   R  0.190653  0.362743  0.214410    0.0832    0.0888    0.1350    0.0180    0.1434    0.1017    0.1392
 000054   A  0.154649  0.357032  0.208030    0.0909    0.0948    0.1210    0.0140    0.1363    0.0985    0.1312
 000055   S  0.151374  0.340255  0.206794    0.0490    0.1162    0.1000    0.0130    0.1261    0.0998    0.1271
 000056   G  0.128551  0.311423  0.203507    0.0478    0.1184    0.0890    0.0140    0.1158    0.0926    0.1230
 000057   L  0.116414  0.282822  0.197068    0.1088    0.1206    0.0940    0.0200    0.1204    0.0743    0.1218
 000058   A  0.103461  0.267335  0.190629    0.1878    0.1206    0.0960    0.0240    0.1291    0.0685    0.1224
 000059   Y  0.111201  0.238180  0.185116    0.1532    0.1702    0.0980    0.0250    0.1285    0.0559    0.1255
 000060   K  0.111526  0.227234  0.182295    0.0832    0.1611    0.0910    0.0260    0.1124    0.0602    0.1300
 000061   R  0.109081  0.217128  0.179377    0.1018    0.1759    0.0990    0.0300    0.1171    0.0547    0.1382
 000062   I  0.090113  0.197938  0.175454    0.1732    0.1759    0.1120    0.0370    0.1249    0.0486    0.1505
 000063   Q  0.095637  0.188396  0.172955    0.2209    0.2164    0.1190    0.0370    0.1401    0.0551    0.1734
 000064   F  0.109828  0.196086  0.169795    0.1349    0.2224    0.1330    0.0370    0.1327    0.0483    0.2007
 000065   T  0.110902  0.216626  0.169156    0.1635    0.2541    0.1270    0.0380    0.1453    0.0568    0.2317
 000066   P  0.133021  0.236872  0.167797    0.1635    0.2715    0.1250    0.0510    0.1550    0.0604    0.2600
 000067   D  0.154454  0.264713  0.165976    0.1635    0.1969    0.1160    0.0460    0.1493    0.0535    0.2878
 000068   L  0.205109  0.311899  0.165490    0.2531    0.1914    0.1200    0.0430    0.1802    0.0675    0.3103
 000069   L  0.242719  0.341069  0.164689    0.1998    0.2129    0.1390    0.0550    0.1892    0.0704    0.3291
 000070   P  0.257718  0.355673  0.163909    0.1958    0.3182    0.1700    0.0730    0.2162    0.0784    0.3440
 000071   Q  0.290219  0.396100  0.163994    0.1998    0.3286    0.2070    0.0870    0.2369    0.0858    0.3541
 000072   D  0.279213  0.419974  0.158736    0.2167    0.3249    0.1990    0.0770    0.2399    0.0913    0.3636
 000073   L  0.260725  0.401238  0.148736    0.3096    0.3182    0.1880    0.0710    0.2464    0.0878    0.3658
 000074   T  0.275422  0.420711  0.146953    0.2963    0.2399    0.1790    0.0850    0.2352    0.0920    0.3628
 000075   G  0.273475  0.420566  0.150426    0.3053    0.2470    0.1750    0.0920    0.2369    0.0923    0.3537
 000076   S  0.269162  0.397090  0.148777    0.2333    0.1702    0.1660    0.0680    0.2060    0.0889    0.3494
 000077   E  0.231644  0.360608  0.145795    0.1380    0.1702    0.1550    0.0470    0.1758    0.0817    0.3444
 000078   V  0.203625  0.331210  0.142163    0.0832    0.1583    0.1300    0.0370    0.1510    0.0821    0.3406
 000079   Y  0.197926  0.295586  0.137266    0.1635    0.2645    0.1110    0.0340    0.1722    0.0700    0.3432
 000080   R  0.176482  0.266399  0.137006    0.2531    0.2541    0.0860    0.0200    0.1727    0.0714    0.3477
 000081   E  0.173144  0.249769  0.138808    0.2483    0.1323    0.0860    0.0220    0.1482    0.0648    0.3516
 000082   G  0.172780  0.222569  0.141952    0.1566    0.1070    0.0770    0.0220    0.1227    0.0522    0.3615
 000083   R  0.164468  0.195968  0.145327    0.0832    0.1028    0.0620    0.0170    0.1014    0.0528    0.3719
 000084   F  0.145321  0.155342  0.147635    0.1205    0.1115    0.0570    0.0140    0.0983    0.0414    0.3856
 000085   V  0.123696  0.125550  0.151544    0.1292    0.0662    0.0580    0.0130    0.0837    0.0428    0.3880
 000086   F  0.115827  0.098753  0.153691    0.0832    0.0389    0.0650    0.0170    0.0669    0.0447    0.3913
 000087   V  0.118777  0.096432  0.155295    0.0526    0.0334    0.0740    0.0200    0.0625    0.0483    0.3864
 000088   P  0.109468  0.100744  0.157236    0.0286    0.0334    0.0750    0.0220    0.0579    0.0518    0.3859
 000089   G  0.102021  0.101138  0.159175    0.0395    0.0592    0.0950    0.0330    0.0662    0.0461    0.3865
 000090   P  0.091553  0.102274  0.161566    0.0744    0.0592    0.1010    0.0300    0.0715    0.0419    0.3862
 000091   I  0.088454  0.093889  0.163980    0.0832    0.0676    0.1150    0.0360    0.0747    0.0414    0.3817
 000092   F  0.094495  0.087347  0.168983    0.0425    0.0568    0.1180    0.0360    0.0666    0.0501    0.3798
 000093   A  0.133399  0.092040  0.173492    0.0425    0.0473    0.1050    0.0310    0.0701    0.0543    0.3691
 000094   Q  0.167281  0.097060  0.178084    0.0425    0.0592    0.1170    0.0430    0.0806    0.0585    0.3574
 000095   V  0.182689  0.103426  0.180716    0.0567    0.1349    0.1290    0.0530    0.1012    0.0530    0.3465
 000096   V  0.201128  0.112996  0.180828    0.1088    0.1852    0.1340    0.0500    0.1237    0.0474    0.3440
 000097   L  0.219358  0.138315  0.185161    0.1921    0.2164    0.1430    0.0470    0.1515    0.0445    0.3426
 000098   A  0.233298  0.183033  0.197718    0.2657    0.2951    0.1560    0.0420    0.1888    0.0583    0.3422
 000099   D  0.283849  0.224671  0.206381    0.1635    0.2645    0.1810    0.0550    0.1862    0.0549    0.3400
 000100   E  0.357167  0.262373  0.210964    0.1698    0.2328    0.2190    0.0710    0.2069    0.0682    0.3348
 000101   I  0.422991  0.313063  0.214168    0.1495    0.1399    0.2660    0.0650    0.2153    0.1043    0.3297
 000102   N  0.466342  0.351191  0.213073    0.1998    0.1501    0.2980    0.0680    0.2443    0.1122    0.3308
 000103   R  0.512666  0.365715  0.215966    0.2209    0.2609    0.3290    0.0770    0.2815    0.1089    0.3336
 000104   A  0.575284  0.393153  0.219886    0.1766    0.2645    0.3200    0.0940    0.2883    0.1367    0.3431
 000105   P  0.632999  0.423852  0.224790    0.1805    0.2224    0.2750    0.0840    0.2891    0.1618    0.3538
 000106   P  0.703483  0.426425  0.225772    0.2122    0.3019    0.2880    0.0930    0.3221    0.1728    0.3656
 000107   K  0.771519  0.443280  0.236521    0.2432    0.3872    0.2650    0.0930    0.3516    0.1909    0.3728
 000108   V  0.810933  0.444939  0.246456    0.3359    0.4652    0.2220    0.0810    0.3799    0.2008    0.3824
 000109   Q  0.821691  0.436286  0.259118    0.3885    0.4652    0.2120    0.0800    0.3872    0.2018    0.3952
 000110   S  0.832902  0.404587  0.268760    0.3668    0.3774    0.2200    0.0710    0.3670    0.2040    0.4086
 000111   A  0.842598  0.406958  0.277775    0.3263    0.3704    0.2180    0.0600    0.3607    0.2093    0.4220
 000112   L  0.835319  0.388521  0.283488    0.3456    0.4369    0.1920    0.0460    0.3664    0.2094    0.4324
 000113   L  0.823063  0.377825  0.290157    0.3491    0.4292    0.1720    0.0400    0.3585    0.2085    0.4264
 000114   E  0.807255  0.380772  0.294139    0.3263    0.4409    0.1800    0.0480    0.3558    0.2030    0.4245
 000115   A  0.802475  0.391639  0.298784    0.3717    0.3983    0.1910    0.0540    0.3591    0.1963    0.4246
 000116   M  0.793916  0.394466  0.299587    0.3491    0.3631    0.1900    0.0570    0.3483    0.1951    0.4276
 000117   Q  0.784958  0.390335  0.305737    0.2531    0.3392    0.1830    0.0660    0.3250    0.2007    0.4314
 000118   E  0.780043  0.393931  0.319826    0.2531    0.3774    0.1700    0.0720    0.3291    0.2004    0.4285
 000119   R  0.778977  0.413197  0.334479    0.3359    0.3704    0.1520    0.0630    0.3417    0.1972    0.4228
 000120   A  0.769681  0.413379  0.346909    0.3456    0.3910    0.1300    0.0470    0.3416    0.1982    0.4197
 000121   V  0.722234  0.408716  0.358228    0.2700    0.4087    0.1200    0.0380    0.3216    0.1917    0.4160
 000122   T  0.672656  0.421885  0.370760    0.3263    0.4652    0.1180    0.0440    0.3340    0.1769    0.4151
 000123   A  0.623021  0.428818  0.378988    0.4245    0.4441    0.1200    0.0520    0.3400    0.1612    0.4130
 000124   G  0.561137  0.424462  0.381708    0.5331    0.4256    0.1250    0.0510    0.3448    0.1554    0.4159
 000125   G  0.484977  0.412320  0.384965    0.4420    0.3460    0.1360    0.0460    0.3035    0.1294    0.4222
 000126   V  0.402841  0.406588  0.389394    0.4037    0.2884    0.1470    0.0360    0.2748    0.1154    0.4276
 000127   R  0.316378  0.401308  0.394393    0.3762    0.2951    0.1510    0.0360    0.2567    0.1083    0.4320
 000128   H  0.230744  0.384912  0.391181    0.2963    0.2988    0.1580    0.0340    0.2281    0.1046    0.4210
 000129   P  0.149040  0.363427  0.382845    0.2531    0.2884    0.1640    0.0360    0.2029    0.1099    0.4125
 000130   L  0.164413  0.353390  0.378801    0.2602    0.3087    0.1810    0.0510    0.2113    0.1027    0.4046
 000131   P  0.173107  0.340745  0.379874    0.3005    0.3667    0.1860    0.0560    0.2278    0.1042    0.4002
 000132   E  0.223010  0.344324  0.385934    0.3762    0.3599    0.1910    0.0600    0.2491    0.1003    0.3967
 000133   P  0.276501  0.323688  0.397931    0.3992    0.3599    0.2100    0.0780    0.2615    0.0949    0.3914
 000134   F  0.355916  0.315725  0.410974    0.3456    0.3087    0.2230    0.0930    0.2582    0.0890    0.3847
 000135   F  0.424035  0.287564  0.420571    0.3535    0.3182    0.2200    0.0920    0.2672    0.1007    0.3801
 000136   V  0.492231  0.268386  0.431849    0.2786    0.3149    0.1880    0.0620    0.2570    0.1255    0.3803
 000137   I  0.555966  0.272271  0.439666    0.3578    0.3983    0.1750    0.0530    0.2931    0.1416    0.3788
 000138   A  0.622486  0.300869  0.431782    0.3668    0.3149    0.1710    0.0520    0.2961    0.1559    0.3766
 000139   T  0.644080  0.341757  0.423910    0.3717    0.3392    0.1710    0.0540    0.3113    0.1572    0.3756
 000140   Q  0.667925  0.358487  0.414622    0.2657    0.2328    0.1760    0.0570    0.2835    0.1756    0.3765
 000141   N  0.671820  0.384201  0.405914    0.3630    0.3356    0.1780    0.0620    0.3221    0.1612    0.3767
 000142   P  0.679633  0.389659  0.397531    0.2558    0.3182    0.1950    0.0580    0.3063    0.1682    0.3749
 000143   L  0.682913  0.402393  0.395397    0.2602    0.2783    0.2040    0.0680    0.3046    0.1702    0.3725
 000144   E  0.702908  0.435758  0.396223    0.2385    0.2575    0.2070    0.0760    0.3069    0.1819    0.3749
 000145   L  0.717038  0.461407  0.402818    0.2865    0.2783    0.2110    0.0810    0.3257    0.1800    0.3766
 000146   E  0.731169  0.479016  0.410503    0.3806    0.3872    0.1850    0.0720    0.3606    0.1759    0.3786
 000147   G  0.744875  0.486012  0.421030    0.3668    0.4476    0.1650    0.0580    0.3684    0.1852    0.3755
 000148   T  0.753546  0.477133  0.422799    0.4600    0.4256    0.1530    0.0480    0.3781    0.1882    0.3756
 000149   Y  0.760513  0.466401  0.423724    0.4749    0.4652    0.1540    0.0480    0.3868    0.1896    0.3740
 000150   P  0.759689  0.453893  0.423964    0.3885    0.4256    0.1530    0.0520    0.3635    0.1903    0.3709
 000151   L  0.708098  0.465367  0.430504    0.3847    0.4119    0.1560    0.0520    0.3543    0.1765    0.3645
 000152   P  0.653421  0.480062  0.433688    0.3630    0.3087    0.1550    0.0480    0.3268    0.1696    0.3622
 000153   E  0.580159  0.485852  0.439284    0.3311    0.3087    0.1840    0.0600    0.3150    0.1485    0.3594
 000154   A  0.515916  0.491530  0.445699    0.3399    0.2817    0.2150    0.0620    0.3074    0.1334    0.3580
 000155   Q  0.453487  0.509670  0.461514    0.3456    0.2609    0.2110    0.0560    0.2967    0.1342    0.3539
 000156   L  0.414811  0.524853  0.473295    0.3491    0.3667    0.2120    0.0550    0.3113    0.1270    0.3530
 000157   D  0.368961  0.527177  0.485075    0.3184    0.3807    0.2090    0.0490    0.3007    0.1323    0.3567
 000158   R  0.332427  0.530493  0.494208    0.3359    0.3704    0.2200    0.0460    0.2982    0.1331    0.3653
 000159   F  0.320216  0.537244  0.502567    0.3535    0.3529    0.2250    0.0500    0.2982    0.1358    0.3715
 000160   T  0.371074  0.525689  0.509449    0.4149    0.4541    0.2150    0.0440    0.3301    0.1341    0.3844
 000161   A  0.447271  0.541339  0.519097    0.3806    0.3529    0.2250    0.0490    0.3245    0.1377    0.3975
 000162   K  0.538919  0.533617  0.532704    0.4703    0.3321    0.2250    0.0550    0.3500    0.1490    0.4118
 000163   I  0.627413  0.539593  0.540032    0.3762    0.2258    0.2460    0.0600    0.3358    0.1780    0.4192
 000164   P  0.712113  0.518766  0.544218    0.2700    0.2064    0.2410    0.0600    0.3247    0.2081    0.4259
 000165   F  0.717067  0.540322  0.549636    0.2385    0.1501    0.2650    0.0620    0.3185    0.2233    0.4335
 000166   R  0.741777  0.577352  0.558364    0.2041    0.0909    0.2690    0.0690    0.3139    0.2503    0.4203
 000167   P  0.768975  0.600616  0.563000    0.2255    0.1528    0.2660    0.0770    0.3357    0.2449    0.4119
 000168   P  0.808939  0.617715  0.572290    0.1566    0.1501    0.2650    0.0790    0.3330    0.2690    0.4067
 000169   R  0.783394  0.637034  0.590580    0.1698    0.1671    0.2600    0.0780    0.3362    0.2637    0.4033
 000170   R  0.740818  0.659639  0.610348    0.2432    0.2918    0.2470    0.0690    0.3637    0.2324    0.4018
 000171   E  0.701280  0.651517  0.631011    0.2292    0.2752    0.2580    0.0660    0.3525    0.2305    0.4083
 000172   V  0.689632  0.679452  0.652289    0.2748    0.2715    0.2590    0.0580    0.3624    0.2303    0.4140
 000173   W  0.676236  0.645654  0.671858    0.2748    0.3053    0.2860    0.0510    0.3647    0.2192    0.4224
 000174   L  0.719248  0.662807  0.688922    0.3225    0.4087    0.2880    0.0590    0.4002    0.2133    0.4245
 000175   R  0.753600  0.668127  0.702441    0.3225    0.4051    0.2760    0.0560    0.4042    0.2250    0.4229
 000176   I  0.784261  0.713758  0.712528    0.3939    0.4441    0.2920    0.0600    0.4380    0.2216    0.4247
 000177   L  0.765594  0.713127  0.717250    0.4379    0.4652    0.2760    0.0610    0.4429    0.2164    0.4300
 000178   T  0.787868  0.735763  0.719145    0.3359    0.3667    0.3140    0.0680    0.4234    0.2383    0.4292
 000179   E  0.800203  0.768975  0.729927    0.3146    0.3529    0.3400    0.0770    0.4295    0.2483    0.4268
 000180   E  0.820053  0.792882  0.736496    0.2657    0.2849    0.3710    0.0900    0.4225    0.2708    0.4257
 000181   P  0.813718  0.792581  0.742061    0.2913    0.2129    0.4080    0.1010    0.4198    0.2761    0.4257
 000182   K  0.808292  0.799479  0.744477    0.2167    0.1969    0.4840    0.1130    0.4175    0.2884    0.4252
 000183   A  0.809737  0.801864  0.751642    0.2167    0.2399    0.4690    0.1020    0.4229    0.2827    0.4276
 000184   P  0.815579  0.795967  0.755570    0.2963    0.3494    0.3630    0.0980    0.4368    0.2604    0.4285
 000185   E  0.798597  0.789545  0.760504    0.3311    0.4409    0.3280    0.0890    0.4480    0.2468    0.4310
 000186   P  0.784650  0.769611  0.760872    0.3491    0.4619    0.2910    0.0780    0.4427    0.2440    0.4315
 000187   V  0.770337  0.751776  0.763873    0.4203    0.5342    0.2880    0.0630    0.4608    0.2270    0.4311
 000188   E  0.776263  0.737859  0.765546    0.4967    0.6322    0.2750    0.0520    0.4864    0.2203    0.4295
 000189   V  0.778239  0.712690  0.768784    0.4600    0.6375    0.2920    0.0520    0.4800    0.2187    0.4247
 000190   D  0.778509  0.739779  0.773156    0.4458    0.5342    0.3130    0.0500    0.4685    0.2205    0.4204
 000191   L  0.769383  0.738241  0.771527    0.4651    0.5098    0.3650    0.0440    0.4746    0.2073    0.4180
 000192   L  0.753396  0.744626  0.765555    0.3717    0.4119    0.3810    0.0530    0.4437    0.2237    0.4249
 000193   K  0.729512  0.749039  0.755453    0.3668    0.3910    0.3830    0.0780    0.4366    0.2217    0.4303
 000194   A  0.727637  0.753120  0.743777    0.3263    0.4149    0.3860    0.0940    0.4347    0.2226    0.4198
 000195   Q  0.725763  0.749896  0.733329    0.2786    0.4017    0.4250    0.1190    0.4302    0.2256    0.4074
 000196   E  0.732145  0.746725  0.721219    0.2700    0.3599    0.4790    0.1500    0.4313    0.2264    0.3962
 000197   E  0.721481  0.736469  0.710909    0.2602    0.2575    0.5220    0.1450    0.4162    0.2392    0.3898
 000198   A  0.707523  0.726183  0.701833    0.3096    0.3392    0.5010    0.1390    0.4307    0.2104    0.3882
 000199   K  0.693230  0.710562  0.693336    0.2333    0.2988    0.4690    0.1420    0.4008    0.2274    0.3830
 000200   E  0.700209  0.695015  0.684414    0.3096    0.2783    0.4360    0.1580    0.4032    0.2152    0.3791
 000201   V  0.707188  0.675556  0.667321    0.2700    0.2783    0.4500    0.1560    0.3969    0.2161    0.3748
 000202   R  0.712215  0.630719  0.646142    0.2483    0.3599    0.4510    0.1660    0.4003    0.1992    0.3708
 000203   V  0.714340  0.598361  0.625412    0.3225    0.3704    0.4680    0.1620    0.4122    0.1752    0.3739
 000204   A  0.692772  0.602508  0.605280    0.3456    0.3529    0.4500    0.1550    0.4073    0.1670    0.3788
 000205   K  0.669824  0.583450  0.583641    0.3005    0.2783    0.4690    0.1510    0.3835    0.1767    0.3812
 000206   E  0.678919  0.534854  0.563769    0.2748    0.1942    0.4780    0.1520    0.3601    0.1925    0.3899
 000207   A  0.676063  0.522201  0.545129    0.1844    0.1914    0.4540    0.1510    0.3380    0.2040    0.4034
 000208   L  0.676759  0.504526  0.526565    0.1178    0.1914    0.3830    0.1500    0.3122    0.2134    0.4140
 000209   E  0.668397  0.466527  0.510150    0.1380    0.2224    0.3150    0.1590    0.3018    0.1993    0.4192
 000210   A  0.658452  0.417084  0.487687    0.1532    0.2399    0.3010    0.1480    0.2950    0.1859    0.4287
 000211   I  0.649065  0.377823  0.463742    0.1416    0.2364    0.2700    0.1410    0.2791    0.1833    0.4318
 000212   T  0.630228  0.334760  0.442425    0.1998    0.2918    0.2350    0.1260    0.2820    0.1627    0.4239
 000213   H  0.606089  0.290265  0.420249    0.2122    0.2224    0.2170    0.0930    0.2579    0.1600    0.4191
 000214   V  0.575809  0.278041  0.399085    0.2700    0.2783    0.1880    0.0810    0.2651    0.1419    0.4203
 000215   A  0.523185  0.223807  0.378189    0.1998    0.2715    0.1700    0.0680    0.2314    0.1373    0.4230
 000216   F  0.462039  0.220504  0.355856    0.2041    0.2817    0.1740    0.0650    0.2238    0.1158    0.4246
 000217   L  0.398411  0.269595  0.334896    0.1635    0.1942    0.1920    0.0620    0.2029    0.1015    0.4319
 000218   T  0.336868  0.320498  0.314263    0.1805    0.2129    0.2290    0.0620    0.2133    0.0799    0.4120
 000219   Q  0.276962  0.341769  0.292072    0.1635    0.3182    0.2360    0.0760    0.2228    0.0760    0.3906
 000220   E  0.234973  0.367809  0.272115    0.1532    0.2951    0.2590    0.0910    0.2183    0.0788    0.3750
 000221   D  0.209328  0.390804  0.255090    0.1998    0.3215    0.3120    0.1090    0.2389    0.0795    0.3568
 000222   Q  0.202657  0.399713  0.243085    0.2786    0.3872    0.3600    0.1290    0.2714    0.0850    0.3384
 000223   R  0.221729  0.402098  0.236209    0.2786    0.3704    0.4020    0.1320    0.2791    0.0853    0.3210
 000224   L  0.251975  0.447820  0.231044    0.2385    0.3392    0.3930    0.1250    0.2784    0.0914    0.3091
 000225   R  0.287539  0.450121  0.228002    0.3146    0.3053    0.3610    0.1270    0.2864    0.0784    0.2988
 000226   M  0.320650  0.455088  0.222721    0.3053    0.2541    0.3680    0.1510    0.2838    0.0845    0.2964
 000227   G  0.411854  0.454325  0.214092    0.2963    0.3529    0.3950    0.2010    0.3184    0.0872    0.2888
 000228   L  0.503381  0.429977  0.203621    0.2786    0.3529    0.4280    0.2260    0.3321    0.1064    0.2859
 000229   S  0.580687  0.418810  0.190139    0.2748    0.3182    0.3950    0.1930    0.3312    0.1273    0.2853
 000230   P  0.626082  0.410197  0.176657    0.1766    0.2988    0.4350    0.2190    0.3245    0.1607    0.2865
 000231   R  0.683330  0.390100  0.162637    0.1456    0.2609    0.4410    0.2370    0.3202    0.1872    0.2795
 000232   G  0.671525  0.387127  0.157525    0.1380    0.1791    0.3600    0.1930    0.2892    0.1884    0.2761
 000233   A  0.669385  0.379439  0.156234    0.1150    0.1501    0.2510    0.1210    0.2608    0.1939    0.2735
 000234   K  0.679125  0.336721  0.154356    0.0677    0.0967    0.1950    0.0900    0.2293    0.2099    0.2684
 000235   A  0.739290  0.297704  0.152024    0.1041    0.0967    0.1630    0.0820    0.2335    0.2262    0.2597
 000236   W  0.740069  0.257160  0.150559    0.0567    0.0967    0.1560    0.0780    0.2178    0.2321    0.2512
 000237   L  0.680264  0.202631  0.145851    0.0395    0.1184    0.1380    0.0690    0.1964    0.2125    0.2338
 000238   S  0.576043  0.168751  0.140500    0.0387    0.1115    0.1130    0.0560    0.1680    0.1780    0.2207
 000239   L  0.500516  0.144116  0.138232    0.0677    0.1969    0.0910    0.0420    0.1666    0.1468    0.2084
 000240   A  0.427180  0.124132  0.135105    0.0701    0.1162    0.0720    0.0300    0.1350    0.1252    0.1990
 000241   R  0.402131  0.114492  0.133984    0.0677    0.0662    0.0700    0.0220    0.1200    0.1211    0.1892
 000242   A  0.343073  0.123159  0.133622    0.0363    0.0749    0.0640    0.0170    0.1070    0.1037    0.1854
 000243   L  0.283929  0.125760  0.131756    0.0194    0.0380    0.0630    0.0170    0.0884    0.0908    0.1802
 000244   A  0.180827  0.131073  0.129717    0.0259    0.0443    0.0610    0.0180    0.0738    0.0594    0.1766
 000245   Y  0.085441  0.138461  0.126763    0.0109    0.0494    0.0650    0.0180    0.0582    0.0487    0.1720
 000246   L  0.058130  0.145860  0.123040    0.0137    0.0349    0.0640    0.0170    0.0527    0.0510    0.1719
 000247   R  0.077542  0.151914  0.121272    0.0308    0.0631    0.0590    0.0140    0.0638    0.0454    0.1719
 000248   G  0.075989  0.153760  0.120459    0.0274    0.1048    0.0590    0.0170    0.0702    0.0460    0.1788
 000249   K  0.070404  0.158044  0.120077    0.0274    0.0909    0.0630    0.0190    0.0683    0.0465    0.1866
 000250   P  0.064829  0.168721  0.121975    0.0514    0.1229    0.0680    0.0220    0.0794    0.0462    0.1957
 000251   F  0.064027  0.177991  0.122588    0.0502    0.0765    0.0800    0.0270    0.0749    0.0477    0.2016
 000252   V  0.063516  0.193827  0.123703    0.0425    0.0506    0.0790    0.0200    0.0716    0.0564    0.2108
 000253   D  0.058246  0.214445  0.126109    0.0268    0.0518    0.0810    0.0250    0.0721    0.0657    0.2202
 000254   W  0.044469  0.233917  0.125877    0.0252    0.0506    0.1100    0.0300    0.0774    0.0735    0.2296
 000255   K  0.022737  0.243369  0.123764    0.0231    0.0704    0.1090    0.0280    0.0780    0.0780    0.2364
 000256   E  0.000913  0.236254  0.120697    0.0231    0.1251    0.1100    0.0340    0.0826    0.0794    0.2463
 000257   L  0.000897  0.222114  0.119197    0.0542    0.1759    0.0870    0.0270    0.0901    0.0763    0.2569
 000258   K  0.000925  0.215958  0.120790    0.0526    0.1206    0.0600    0.0170    0.0751    0.0710    0.2656
 000259   D  0.001569  0.197938  0.122761    0.0502    0.0631    0.0540    0.0140    0.0612    0.0661    0.2720
 000260   A  0.004666  0.192243  0.127764    0.0279    0.0389    0.0570    0.0110    0.0534    0.0684    0.2795
 000261   A  0.057663  0.182197  0.132395    0.0116    0.0341    0.0630    0.0110    0.0581    0.0628    0.2861
 000262   F  0.111580  0.161918  0.135294    0.0131    0.0704    0.0740    0.0140    0.0718    0.0535    0.2955
 000263   L  0.116150  0.142276  0.139177    0.0268    0.1137    0.0840    0.0190    0.0806    0.0457    0.3002
 000264   A  0.123546  0.137767  0.140601    0.0279    0.0909    0.1000    0.0250    0.0800    0.0450    0.3001
 000265   L  0.136362  0.120301  0.143142    0.0587    0.1070    0.1060    0.0240    0.0881    0.0364    0.2983
 000266   P  0.178890  0.124700  0.147165    0.0478    0.0631    0.0980    0.0290    0.0855    0.0519    0.2991
 000267   H  0.226449  0.132884  0.152004    0.0259    0.0506    0.1040    0.0380    0.0900    0.0709    0.2908
 000268   R  0.273384  0.135483  0.160759    0.0286    0.0851    0.1060    0.0390    0.1048    0.0803    0.2764
 000269   L  0.351292  0.146955  0.170648    0.0245    0.0948    0.1120    0.0380    0.1216    0.1049    0.2659
 000270   F  0.382625  0.166269  0.181123    0.0226    0.0870    0.1250    0.0380    0.1306    0.1161    0.2538
 000271   L  0.411419  0.202095  0.193320    0.0316    0.0851    0.1340    0.0360    0.1440    0.1249    0.2384
 000272   T  0.489560  0.248746  0.203129    0.0414    0.1070    0.1340    0.0370    0.1701    0.1479    0.2222
 000273   E  0.547680  0.279750  0.215973    0.0643    0.1852    0.1430    0.0420    0.2033    0.1570    0.2063
 000274   E  0.603459  0.304287  0.228158    0.1266    0.1914    0.1560    0.0490    0.2303    0.1646    0.1932
 000275   A  0.593423  0.334478  0.242602    0.1495    0.1424    0.1750    0.0590    0.2325    0.1628    0.1818
 000276   L  0.578320  0.347399  0.261995    0.1635    0.2034    0.2030    0.0770    0.2493    0.1470    0.1737
 000277   Y  0.612013  0.367251  0.283260    0.0813    0.1914    0.2080    0.0740    0.2433    0.1747    0.1665
 000278   A  0.593521  0.418781  0.305323    0.0832    0.1583    0.2140    0.0670    0.2446    0.1781    0.1657
 000279   G  0.590004  0.467486  0.324012    0.1018    0.1070    0.2660    0.0830    0.2553    0.1859    0.1676
 000280   E  0.591059  0.501641  0.339530    0.1380    0.1583    0.3200    0.1040    0.2848    0.1745    0.1705
 000281   S  0.578740  0.526166  0.356654    0.1495    0.2503    0.3750    0.1530    0.3133    0.1593    0.1704
 000282   A  0.586810  0.521963  0.364361    0.2122    0.3321    0.4010    0.1860    0.3424    0.1372    0.1710
 000283   E  0.593657  0.508913  0.371963    0.1921    0.3215    0.3940    0.1820    0.3351    0.1429    0.1744
 000284   G  0.638644  0.508176  0.377548    0.1844    0.2164    0.4380    0.1840    0.3310    0.1705    0.1781
 000285   V  0.675304  0.493308  0.383412    0.1698    0.2364    0.4850    0.1810    0.3432    0.1807    0.1799
 000286   L  0.651588  0.505377  0.390334    0.1322    0.2575    0.5060    0.1730    0.3421    0.1838    0.1849
 000287   K  0.667298  0.501895  0.399909    0.2292    0.3087    0.7340    0.0620    0.4069    0.1938    0.1861
 000288   E  0.681064  0.503293  0.408791    0.3630    0.3807    0.7150    0.0610    0.4405    0.1569    0.1871
 000289   A  0.689437  0.527509  0.416469    0.4379    0.3872    0.7010    0.0740    0.4571    0.1444    0.1855
 000290   L  0.703820  0.544007  0.424686    0.4825    0.3631    0.6430    0.0730    0.4560    0.1381    0.1830
 000291   R  0.721374  0.608589  0.431590    0.5084    0.3249    0.5910    0.0450    0.4590    0.1471    0.1772
 000292   K  0.752524  0.691754  0.439761    0.5514    0.2988    0.6630    0.0560    0.4929    0.1731    0.1785
 000293   G  0.831192  0.718969  0.452494    0.6293    0.3087    0.7420    0.0600    0.5383    0.1950    0.1811
 000294   G  0.764899  0.741686  0.465357    0.6516    0.2575    0.8210    0.0580    0.5394    0.2115    0.1814
 000295   I  0.821406  0.775475  0.481866    0.6906    0.2164    0.8050    0.0730    0.5514    0.2323    0.1823
 000296   P  0.959660  0.765395  0.498274    0.8036    0.2918    0.7730    0.0830    0.5989    0.2361    0.1864
