#RESNUM RES     VL-XT     VSL2B       VL3  IUPred-S  IUPred-L  PONDRFIT  FITERROR       MDP  MDPERROR   ANCHOR2
 000001   M  0.984551  0.824255  0.921465    0.9423    0.3566    0.9480    0.0490    0.8295    0.2171    0.4155
 000002   N  0.986395  0.829621  0.922338    0.8886    0.3910    0.9640    0.0220    0.8304    0.2030    0.4183
 000003   E  0.875648  0.819443  0.924213    0.8158    0.4292    0.9470    0.0450    0.8018    0.1736    0.4207
 000004   R  0.833208  0.814703  0.925887    0.7817    0.3426    0.9250    0.0580    0.7705    0.1988    0.4241
 000005   K  0.810131  0.817813  0.926887    0.7605    0.3740    0.9180    0.0680    0.7678    0.1858    0.4263
 000006   K  0.764554  0.811744  0.926797    0.6756    0.3149    0.9220    0.0450    0.7360    0.2076    0.4286
 000007   S  0.730606  0.802671  0.926114    0.6474    0.2503    0.9010    0.0730    0.7097    0.2264    0.4322
 000008   I  0.698863  0.790509  0.925173    0.5623    0.2918    0.9100    0.0460    0.6965    0.2193    0.4322
 000009   D  0.668116  0.781672  0.925133    0.4749    0.3249    0.9200    0.0380    0.6824    0.2222    0.4302
 000010   E  0.639974  0.775068  0.925937    0.4420    0.3215    0.8190    0.1100    0.6539    0.2127    0.4280
 000011   L  0.629890  0.762092  0.927374    0.4149    0.3774    0.8800    0.0820    0.6653    0.2126    0.4245
 000012   L  0.656779  0.717957  0.928104    0.4149    0.3321    0.8400    0.1020    0.6483    0.2139    0.4201
 000013   S  0.676104  0.687826  0.928707    0.4513    0.3321    0.7870    0.1190    0.6439    0.1996    0.4135
 000014   D  0.689370  0.709033  0.929030    0.3668    0.2575    0.7500    0.1460    0.6169    0.2312    0.4058
 000015   L  0.722832  0.728847  0.928697    0.4078    0.2783    0.7360    0.1850    0.6337    0.2205    0.3983
 000016   G  0.741075  0.700408  0.928164    0.3762    0.2129    0.7000    0.1910    0.6097    0.2405    0.3936
 000017   V  0.766291  0.689633  0.927266    0.4149    0.2164    0.6950    0.1980    0.6182    0.2349    0.3897
 000018   L  0.798203  0.701798  0.926699    0.3359    0.2224    0.6870    0.2150    0.6120    0.2501    0.3890
 000019   E  0.826417  0.710577  0.924736    0.3992    0.3117    0.6260    0.2050    0.6331    0.2185    0.3904
 000020   E  0.851000  0.706580  0.922826    0.4078    0.3053    0.5600    0.1750    0.6255    0.2236    0.3924
 000021   A  0.853574  0.709072  0.920489    0.3939    0.3053    0.5160    0.1700    0.6165    0.2286    0.3950
 000022   P  0.858328  0.708824  0.918595    0.4556    0.4149    0.4670    0.1440    0.6372    0.2019    0.3989
 000023   V  0.871654  0.707292  0.916443    0.5084    0.5017    0.4890    0.1370    0.6658    0.1778    0.4034
 000024   E  0.879494  0.724369  0.913188    0.5412    0.4685    0.4570    0.1500    0.6640    0.1863    0.4065
 000025   V  0.893542  0.745283  0.908547    0.5473    0.4685    0.5060    0.1390    0.6782    0.1802    0.4095
 000026   E  0.904019  0.762499  0.902372    0.5667    0.5533    0.5330    0.1150    0.7037    0.1599    0.4123
 000027   L  0.908891  0.770086  0.895530    0.5667    0.5620    0.5890    0.1390    0.7154    0.1497    0.4148
 000028   K  0.907611  0.774226  0.887961    0.6219    0.6948    0.5480    0.1600    0.7392    0.1316    0.4209
 000029   E  0.900901  0.772262  0.879292    0.6870    0.7755    0.5830    0.1640    0.7663    0.1088    0.4212
 000030   S  0.902687  0.768572  0.870837    0.7034    0.7289    0.6550    0.1570    0.7716    0.0886    0.4224
 000031   G  0.902329  0.766979  0.862853    0.6681    0.5854    0.7130    0.1710    0.7497    0.1091    0.4232
 000032   T  0.901530  0.765894  0.855898    0.6650    0.5296    0.6920    0.1990    0.7350    0.1240    0.4205
 000033   P  0.889297  0.760006  0.849104    0.5583    0.5017    0.6730    0.2140    0.7052    0.1424    0.4165
 000034   E  0.876407  0.757120  0.841178    0.5549    0.5951    0.6490    0.2270    0.7123    0.1211    0.4141
 000035   A  0.872173  0.744633  0.831652    0.5583    0.4652    0.6540    0.2140    0.6877    0.1445    0.4128
 000036   Q  0.858572  0.728371  0.821668    0.6374    0.4541    0.6320    0.1650    0.6887    0.1347    0.4099
 000037   G  0.839466  0.706297  0.812362    0.5374    0.4476    0.6600    0.1650    0.6671    0.1399    0.4034
 000038   D  0.817315  0.677305  0.803320    0.5412    0.5296    0.6010    0.1620    0.6617    0.1156    0.3973
 000039   P  0.786270  0.659091  0.792780    0.5667    0.4582    0.5540    0.1640    0.6361    0.1231    0.3902
 000040   R  0.740379  0.629673  0.780992    0.5514    0.3774    0.5420    0.1840    0.6037    0.1345    0.3849
 000041   A  0.660504  0.582261  0.768903    0.4825    0.3053    0.5600    0.1820    0.5599    0.1444    0.3728
 000042   F  0.591769  0.582709  0.756866    0.4078    0.2364    0.5570    0.1870    0.5221    0.1631    0.3593
 000043   L  0.521368  0.559569  0.745180    0.3456    0.1643    0.5590    0.2200    0.4826    0.1836    0.3505
 000044   E  0.442596  0.550216  0.732950    0.2483    0.1424    0.5350    0.2460    0.4420    0.1968    0.3437
 000045   E  0.372754  0.535005  0.719523    0.1566    0.1611    0.5090    0.2410    0.4090    0.2037    0.3383
 000046   F  0.304692  0.530104  0.704013    0.1921    0.1852    0.5470    0.2460    0.4104    0.1952    0.3316
 000047   L  0.267058  0.511270  0.688258    0.2122    0.1852    0.5190    0.2370    0.3971    0.1864    0.3314
 000048   G  0.230062  0.505463  0.674185    0.2080    0.1791    0.5140    0.2280    0.3852    0.1882    0.3324
 000049   G  0.217513  0.508090  0.662795    0.1844    0.1184    0.5030    0.1900    0.3658    0.2014    0.3348
 000050   L  0.242245  0.489200  0.652405    0.1456    0.1028    0.4980    0.1820    0.3550    0.2029    0.3349
 000051   L  0.261190  0.441136  0.643413    0.1041    0.0749    0.4760    0.1780    0.3334    0.2052    0.3362
 000052   L  0.255212  0.404251  0.635384    0.1266    0.0835    0.4490    0.1880    0.3256    0.1917    0.3430
 000053   L  0.307438  0.404662  0.628149    0.1292    0.1028    0.4100    0.1950    0.3303    0.1795    0.3510
 000054   L  0.367624  0.450016  0.620893    0.1698    0.1643    0.4000    0.2010    0.3622    0.1593    0.3593
 000055   D  0.425814  0.461724  0.614359    0.1018    0.1554    0.3760    0.1870    0.3558    0.1770    0.3705
 000056   P  0.467694  0.493648  0.609017    0.0991    0.1554    0.3450    0.1720    0.3617    0.1833    0.3833
 000057   G  0.518103  0.495398  0.605426    0.1532    0.2575    0.3430    0.1790    0.3954    0.1579    0.3988
 000058   H  0.566030  0.507267  0.603845    0.2255    0.2575    0.3160    0.1750    0.4127    0.1514    0.4129
 000059   R  0.611763  0.507105  0.604374    0.2209    0.2541    0.3260    0.1600    0.4207    0.1604    0.4291
 000060   L  0.661181  0.517616  0.605922    0.1416    0.2292    0.3940    0.1320    0.4250    0.1900    0.4226
 000061   E  0.736189  0.533707  0.607562    0.1921    0.3117    0.3970    0.1140    0.4631    0.1831    0.4003
 000062   V  0.759348  0.535790  0.608670    0.2209    0.3182    0.4070    0.0870    0.4750    0.1808    0.3797
 000063   R  0.776772  0.554187  0.608754    0.2913    0.3840    0.3570    0.0840    0.4953    0.1677    0.3608
 000064   V  0.799239  0.550466  0.606218    0.2786    0.4582    0.3280    0.0750    0.5035    0.1749    0.3478
 000065   E  0.814916  0.548608  0.603051    0.3491    0.5382    0.3050    0.0720    0.5264    0.1685    0.3373
 000066   G  0.826755  0.554941  0.600812    0.3399    0.5382    0.3290    0.0760    0.5317    0.1684    0.3316
 000067   E  0.829630  0.559578  0.601426    0.3096    0.4292    0.3160    0.0780    0.5076    0.1813    0.3251
 000068   T  0.827042  0.564376  0.601799    0.3053    0.4330    0.3840    0.1040    0.5192    0.1709    0.3221
 000069   L  0.822671  0.570884  0.602426    0.2333    0.4149    0.4400    0.1300    0.5140    0.1828    0.3145
 000070   K  0.796026  0.588542  0.603008    0.2531    0.3286    0.4150    0.1370    0.4974    0.1842    0.3048
 000071   A  0.772653  0.596846  0.604457    0.3311    0.3215    0.4110    0.1390    0.5063    0.1647    0.2960
 000072   E  0.751680  0.590062  0.603530    0.2255    0.3117    0.3870    0.1350    0.4782    0.1839    0.2880
 000073   V  0.758792  0.555401  0.601509    0.2167    0.3704    0.3420    0.1400    0.4741    0.1818    0.2817
 000074   K  0.761999  0.534214  0.599176    0.2333    0.3910    0.3170    0.1410    0.4727    0.1788    0.2773
 000075   G  0.761501  0.505496  0.597413    0.3053    0.4582    0.2880    0.1250    0.4860    0.1640    0.2713
 000076   G  0.780291  0.465141  0.595883    0.2913    0.4369    0.2720    0.1100    0.4737    0.1752    0.2644
 000077   D  0.776555  0.451405  0.595586    0.2865    0.4476    0.2860    0.1190    0.4739    0.1723    0.2568
 000078   L  0.768345  0.428357  0.596297    0.2700    0.3667    0.2830    0.1170    0.4521    0.1781    0.2520
 000079   G  0.781242  0.431903  0.595407    0.2700    0.3460    0.2730    0.1140    0.4496    0.1852    0.2475
 000080   R  0.788692  0.414460  0.591946    0.2700    0.3983    0.2650    0.1070    0.4547    0.1850    0.2451
 000081   F  0.749299  0.422750  0.586641    0.2748    0.3426    0.2750    0.1150    0.4418    0.1739    0.2492
 000082   I  0.682271  0.433629  0.580060    0.2700    0.3774    0.2650    0.1030    0.4348    0.1535    0.2503
 000083   G  0.625942  0.438671  0.572493    0.1878    0.3774    0.3070    0.1390    0.4182    0.1497    0.2548
 000084   K  0.569446  0.440704  0.565535    0.2558    0.3704    0.3130    0.1580    0.4192    0.1189    0.2617
 000085   E  0.496525  0.444674  0.558921    0.2657    0.3529    0.3140    0.1510    0.4054    0.1034    0.2704
 000086   G  0.447670  0.419301  0.553377    0.1805    0.3426    0.3160    0.1550    0.3765    0.1165    0.2814
 000087   R  0.389484  0.396129  0.549092    0.1495    0.2817    0.3440    0.1780    0.3516    0.1212    0.2914
 000088   T  0.369440  0.396823  0.546810    0.1456    0.2164    0.3470    0.1750    0.3371    0.1291    0.3025
 000089   L  0.389314  0.374411  0.543505    0.1566    0.2164    0.3480    0.1680    0.3380    0.1252    0.3126
 000090   R  0.439186  0.345264  0.538241    0.1060    0.1942    0.3440    0.1640    0.3278    0.1439    0.3243
 000091   A  0.435378  0.335054  0.531965    0.0660    0.1942    0.3190    0.1620    0.3136    0.1520    0.3404
 000092   V  0.433503  0.318140  0.524909    0.0935    0.2783    0.2850    0.1550    0.3221    0.1349    0.3528
 000093   E  0.435499  0.289644  0.517365    0.1456    0.2645    0.2600    0.1430    0.3188    0.1227    0.3658
 000094   H  0.412916  0.269004  0.509917    0.1416    0.2645    0.2680    0.1560    0.3109    0.1186    0.3823
 000095   L  0.415057  0.245148  0.505287    0.0771    0.2817    0.2540    0.1500    0.2964    0.1357    0.3893
 000096   A  0.429101  0.232653  0.502506    0.0771    0.2752    0.2360    0.1410    0.2921    0.1392    0.3936
 000097   R  0.382585  0.229430  0.500316    0.0789    0.1969    0.2310    0.1340    0.2698    0.1359    0.3945
 000098   V  0.296714  0.211064  0.495733    0.0858    0.1969    0.2370    0.1370    0.2539    0.1251    0.3990
 000099   V  0.230005  0.204485  0.491059    0.0502    0.1323    0.2410    0.1310    0.2248    0.1358    0.4003
 000100   L  0.216424  0.218398  0.485581    0.0813    0.1373    0.2450    0.1180    0.2306    0.1269    0.4039
 000101   A  0.195433  0.227229  0.481894    0.0478    0.0985    0.2440    0.1130    0.2157    0.1379    0.4055
 000102   R  0.177652  0.230379  0.476692    0.0387    0.1184    0.2600    0.1260    0.2170    0.1369    0.4072
 000103   R  0.182324  0.219501  0.472538    0.0327    0.1449    0.2930    0.1450    0.2242    0.1361    0.4120
 000104   F  0.165533  0.224739  0.468688    0.0327    0.1229    0.3590    0.1710    0.2289    0.1462    0.4190
 000105   G  0.151728  0.227106  0.467038    0.0252    0.1162    0.3980    0.1870    0.2309    0.1557    0.4179
 000106   T  0.202804  0.215666  0.466857    0.0336    0.1115    0.4090    0.2100    0.2399    0.1533    0.4229
 000107   G  0.257068  0.220771  0.467022    0.0414    0.1206    0.3390    0.1510    0.2410    0.1389    0.4270
 000108   Y  0.279800  0.213618  0.466127    0.0245    0.1275    0.2880    0.1220    0.2333    0.1382    0.4324
 000109   R  0.285134  0.220816  0.463721    0.0363    0.1671    0.2580    0.1150    0.2386    0.1288    0.4320
 000110   L  0.287648  0.228877  0.461770    0.0542    0.2002    0.2400    0.1030    0.2454    0.1208    0.4284
 000111   V  0.294415  0.241359  0.461578    0.0884    0.2752    0.2100    0.0890    0.2618    0.1113    0.4291
 000112   L  0.326069  0.272116  0.463199    0.0884    0.2715    0.1930    0.0880    0.2691    0.1150    0.4319
 000113   D  0.407542  0.308098  0.466677    0.0935    0.2752    0.1950    0.1010    0.2910    0.1247    0.4283
 000114   A  0.485792  0.338140  0.470976    0.0744    0.2034    0.2130    0.1020    0.2976    0.1489    0.4210
 000115   A  0.524193  0.361610  0.475697    0.1416    0.2918    0.2260    0.1080    0.3367    0.1339    0.4116
 000116   G  0.492957  0.379550  0.482060    0.0884    0.2817    0.2400    0.1220    0.3275    0.1419    0.4046
 000117   Y  0.489275  0.418088  0.490541    0.0832    0.2034    0.2760    0.1320    0.3267    0.1521    0.3982
 000118   R  0.506120  0.459810  0.500372    0.0832    0.1791    0.2950    0.1290    0.3372    0.1641    0.3952
 000119   S  0.525828  0.486553  0.508513    0.0909    0.2609    0.2990    0.1220    0.3619    0.1589    0.3939
 000120   R  0.540414  0.511941  0.516139    0.0813    0.2783    0.3000    0.1150    0.3713    0.1670    0.3913
 000121   A  0.531126  0.536528  0.523250    0.1380    0.3249    0.2760    0.0980    0.3883    0.1527    0.3892
 000122   E  0.470024  0.545356  0.531378    0.1998    0.3631    0.2700    0.0910    0.3966    0.1302    0.3899
 000123   A  0.408396  0.548158  0.539560    0.2657    0.3599    0.2990    0.0810    0.4035    0.1089    0.3933
 000124   R  0.350018  0.559568  0.547783    0.2432    0.3631    0.3150    0.0840    0.3964    0.1176    0.4003
 000125   I  0.377416  0.558244  0.554324    0.2080    0.3215    0.3200    0.0840    0.3900    0.1279    0.4066
 000126   R  0.402965  0.556460  0.559481    0.2602    0.3215    0.3010    0.0750    0.4003    0.1193    0.4147
 000127   R  0.455735  0.550955  0.563265    0.1958    0.2918    0.3270    0.0750    0.3974    0.1362    0.4227
 000128   L  0.507039  0.539641  0.567680    0.2558    0.3807    0.3300    0.0620    0.4301    0.1153    0.4306
 000129   A  0.546537  0.538182  0.572939    0.2292    0.3910    0.3010    0.0640    0.4298    0.1318    0.4320
 000130   E  0.582395  0.544730  0.580297    0.2432    0.3948    0.2830    0.0610    0.4380    0.1393    0.4295
 000131   E  0.626456  0.550245  0.588453    0.2531    0.4330    0.2700    0.0640    0.4536    0.1481    0.4281
 000132   A  0.676450  0.532373  0.596275    0.2913    0.3840    0.2730    0.0710    0.4590    0.1526    0.4286
 000133   A  0.724572  0.499274  0.605325    0.3053    0.3872    0.2860    0.0850    0.4680    0.1590    0.4310
 000134   L  0.755050  0.492733  0.616271    0.2748    0.3356    0.3110    0.0840    0.4643    0.1753    0.4355
 000135   T  0.793979  0.561549  0.628105    0.2913    0.3740    0.3250    0.0850    0.4957    0.1809    0.4426
 000136   V  0.807058  0.537234  0.637346    0.3096    0.4901    0.3350    0.0920    0.5194    0.1712    0.4530
 000137   A  0.825680  0.552024  0.644854    0.3311    0.4685    0.3390    0.0940    0.5269    0.1736    0.4661
 000138   M  0.853764  0.581809  0.654082    0.3535    0.5055    0.3700    0.1040    0.5531    0.1718    0.4793
 000139   T  0.884051  0.652833  0.668029    0.3992    0.6322    0.3990    0.1180    0.6058    0.1682    0.4898
 000140   G  0.904499  0.669798  0.685370    0.4513    0.6620    0.4450    0.1310    0.6364    0.1564    0.4999
 000141   E  0.919986  0.698053  0.704222    0.4703    0.6620    0.4460    0.1400    0.6500    0.1593    0.5099
 000142   P  0.929798  0.731039  0.722435    0.4749    0.6427    0.5010    0.1370    0.6670    0.1534    0.5196
 000143   L  0.937976  0.762998  0.740432    0.5229    0.6661    0.5980    0.1130    0.7048    0.1323    0.5282
 000144   H  0.939921  0.784013  0.756190    0.5412    0.5951    0.5930    0.1220    0.7016    0.1387    0.5311
 000145   L  0.934780  0.799680  0.770028    0.6124    0.6136    0.6170    0.1090    0.7246    0.1214    0.5325
 000146   P  0.918261  0.811944  0.780535    0.5473    0.6183    0.5700    0.1180    0.7077    0.1374    0.5297
 000147   P  0.897483  0.816509  0.788384    0.5623    0.6712    0.5790    0.1420    0.7192    0.1242    0.5320
 000148   M  0.860363  0.819716  0.793346    0.5992    0.6089    0.6040    0.1240    0.7142    0.1120    0.5403
 000149   P  0.781400  0.816917  0.796325    0.6035    0.5577    0.5270    0.1190    0.6805    0.1202    0.5494
 000150   P  0.745433  0.810776  0.799290    0.5473    0.5419    0.5060    0.1150    0.6584    0.1291    0.5671
 000151   G  0.729687  0.802003  0.802551    0.4967    0.5577    0.5230    0.1320    0.6519    0.1297    0.5859
 000152   E  0.720408  0.778358  0.806510    0.5008    0.5620    0.4780    0.1270    0.6410    0.1323    0.6030
 000153   R  0.692903  0.758525  0.809707    0.4879    0.5620    0.4780    0.1200    0.6315    0.1296    0.6238
 000154   R  0.647546  0.744839  0.812758    0.5583    0.6576    0.5050    0.1340    0.6544    0.1039    0.6456
 000155   I  0.635477  0.720928  0.816029    0.5667    0.5620    0.4910    0.1250    0.6321    0.1086    0.6717
 000156   V  0.624310  0.745783  0.820678    0.6293    0.6806    0.4110    0.0970    0.6519    0.1276    0.6969
 000157   H  0.624044  0.721835  0.825924    0.5583    0.6531    0.3800    0.0740    0.6271    0.1385    0.7206
 000158   M  0.669252  0.713115  0.831457    0.5473    0.6183    0.4610    0.1050    0.6400    0.1184    0.7380
 000159   L  0.671253  0.733540  0.835063    0.5802    0.6620    0.5020    0.1220    0.6639    0.1061    0.7409
 000160   L  0.655347  0.742170  0.838169    0.5583    0.6322    0.5310    0.1370    0.6596    0.1051    0.7420
 000161   K  0.648323  0.742489  0.840382    0.5473    0.5951    0.5610    0.1390    0.6558    0.1049    0.7307
 000162   N  0.665868  0.742884  0.843922    0.5583    0.5992    0.5820    0.1490    0.6654    0.1006    0.7188
 000163   H  0.706866  0.752352  0.848001    0.5473    0.5901    0.5930    0.1430    0.6729    0.1058    0.7082
 000164   P  0.719014  0.761593  0.852402    0.5473    0.6043    0.5560    0.1490    0.6734    0.1128    0.6880
 000165   R  0.733996  0.774633  0.856517    0.5549    0.6227    0.5990    0.1670    0.6903    0.1063    0.6653
 000166   V  0.756256  0.781571  0.860342    0.6079    0.7209    0.6020    0.1910    0.7214    0.0925    0.6401
 000167   T  0.778800  0.794361  0.865313    0.6516    0.8013    0.5810    0.1810    0.7454    0.0973    0.6094
 000168   T  0.798771  0.808009  0.870513    0.6412    0.7209    0.6140    0.1690    0.7422    0.0923    0.5811
 000169   E  0.819558  0.818402  0.874672    0.6789    0.6755    0.6220    0.1640    0.7482    0.0931    0.5577
 000170   S  0.826177  0.825930  0.876379    0.6756    0.6906    0.6710    0.1480    0.7609    0.0838    0.5481
 000171   Q  0.818508  0.829160  0.876470    0.6870    0.6755    0.7110    0.1490    0.7663    0.0779    0.5492
 000172   G  0.797228  0.832925  0.875554    0.6474    0.7163    0.7180    0.1430    0.7645    0.0778    0.5654
 000173   E  0.758459  0.834361  0.874076    0.5900    0.6948    0.7390    0.1140    0.7485    0.0925    0.5790
 000174   G  0.723696  0.831622  0.872178    0.6079    0.6755    0.7710    0.1060    0.7470    0.0898    0.5920
 000175   E  0.686061  0.824625  0.870129    0.5762    0.6427    0.7490    0.0970    0.7247    0.1016    0.6096
 000176   E  0.617664  0.817569  0.868217    0.5802    0.6136    0.7390    0.0980    0.7060    0.1096    0.6271
 000177   R  0.551840  0.801967  0.867361    0.6334    0.7080    0.7600    0.0790    0.7204    0.1048    0.6496
 000178   H  0.483854  0.776896  0.867511    0.6174    0.6948    0.7610    0.0780    0.7003    0.1233    0.6725
 000179   V  0.414203  0.758164  0.867885    0.6174    0.6661    0.7630    0.0920    0.6812    0.1432    0.6909
 000180   V  0.420432  0.718872  0.867309    0.6255    0.6482    0.8800    0.1130    0.6934    0.1565    0.7046
 000181   V  0.447630  0.695296  0.865416    0.6516    0.6269    0.9160    0.0700    0.7005    0.1558    0.7075
 000182   Y  0.500123  0.717127  0.863347    0.6715    0.5951    0.8710    0.1270    0.7031    0.1342    0.7011
 000183   P  0.553420  0.736928  0.861681    0.7034    0.5758    0.8330    0.1530    0.7106    0.1164    0.6821
 000184   R  0.609742  0.765741  0.860440    0.7418    0.5493    0.9270    0.0330    0.7424    0.1314    0.6655
 000185   R  0.696558  0.810276  0.859489    0.7724    0.5296    0.9480    0.0180    0.7694    0.1319    0.6590
 000186   E  0.956975  0.838406  0.858873    0.8200    0.4940    0.9570    0.0210    0.8209    0.1558    0.6549
 000187   A  0.995554  0.847673  0.859104    0.8556    0.4619    0.9380    0.0360    0.8263    0.1714    0.6467
 000188   Q  0.999638  0.853975  0.860169    0.8886    0.4369    0.9370    0.0570    0.8294    0.1824    0.6273
 000189   G  0.999791  0.858266  0.860799    0.9068    0.3807    0.9250    0.0640    0.8219    0.2029    0.6025
