#RESNUM RES     VL-XT     VSL2B       VL3  IUPred-S  IUPred-L  PONDRFIT  FITERROR       MDP  MDPERROR   ANCHOR2
 000001   M  0.631347  0.843995  0.144878    0.5374    0.0214    0.9790    0.0110    0.5022    0.3466    0.0012
 000002   L  0.624163  0.794981  0.145663    0.4420    0.0136    0.9500    0.0260    0.4707    0.3350    0.0013
 000003   A  0.649325  0.739434  0.146348    0.2700    0.0153    0.9370    0.0350    0.4351    0.3359    0.0014
 000004   R  0.743015  0.633053  0.146474    0.1178    0.0171    0.8940    0.0490    0.4008    0.3430    0.0015
 000005   L  0.545824  0.515057  0.146573    0.0643    0.0138    0.8860    0.0620    0.3376    0.3141    0.0017
 000006   G  0.525246  0.411752  0.144906    0.0327    0.0105    0.8680    0.0810    0.3080    0.3061    0.0020
 000007   Q  0.477126  0.311582  0.142323    0.0116    0.0151    0.7880    0.0460    0.2672    0.2774    0.0024
 000008   R  0.422882  0.228899  0.139909    0.0033    0.0165    0.7150    0.0890    0.2311    0.2506    0.0030
 000009   E  0.355976  0.167300  0.138889    0.0026    0.0127    0.5970    0.1470    0.1893    0.2094    0.0039
 000010   W  0.314055  0.117058  0.139554    0.0008    0.0105    0.5210    0.1550    0.1606    0.1844    0.0044
 000011   A  0.256025  0.085929  0.138294    0.0004    0.0134    0.5410    0.1290    0.1494    0.1868    0.0054
 000012   L  0.210583  0.066060  0.137723    0.0003    0.0104    0.4330    0.1270    0.1201    0.1505    0.0067
 000013   L  0.165111  0.052969  0.137342    0.0006    0.0108    0.3450    0.1030    0.0958    0.1203    0.0084
 000014   A  0.119639  0.042760  0.140020    0.0004    0.0082    0.2560    0.0600    0.0712    0.0923    0.0101
 000015   M  0.070067  0.036402  0.142520    0.0002    0.0065    0.1720    0.0520    0.0475    0.0696    0.0118
 000016   V  0.048836  0.032811  0.141961    0.0003    0.0066    0.1390    0.0390    0.0380    0.0627    0.0132
 000017   L  0.030934  0.029932  0.140982    0.0002    0.0051    0.1360    0.0430    0.0337    0.0632    0.0145
 000018   T  0.015289  0.026495  0.139147    0.0001    0.0039    0.1200    0.0350    0.0276    0.0612    0.0169
 000019   A  0.000119  0.024315  0.137004    0.0001    0.0031    0.1030    0.0280    0.0217    0.0593    0.0180
 000020   L  0.000145  0.022592  0.134463    0.0001    0.0023    0.0930    0.0260    0.0197    0.0572    0.0179
 000021   L  0.000217  0.018681  0.132255    0.0001    0.0037    0.0770    0.0150    0.0167    0.0544    0.0189
 000022   G  0.000234  0.015758  0.130344    0.0001    0.0042    0.0690    0.0170    0.0148    0.0529    0.0208
 000023   L  0.000248  0.013519  0.128931    0.0001    0.0054    0.0650    0.0200    0.0140    0.0521    0.0223
 000024   L  0.000280  0.011201  0.128308    0.0002    0.0071    0.0620    0.0200    0.0134    0.0515    0.0239
 000025   W  0.000312  0.009606  0.127591    0.0002    0.0083    0.0620    0.0250    0.0134    0.0513    0.0254
 000026   Y  0.000330  0.010567  0.125115    0.0003    0.0065    0.0680    0.0300    0.0143    0.0510    0.0272
 000027   Y  0.000513  0.013044  0.122992    0.0005    0.0075    0.0720    0.0320    0.0157    0.0505    0.0271
 000028   L  0.000908  0.015544  0.120876    0.0005    0.0109    0.0820    0.0390    0.0183    0.0505    0.0264
 000029   L  0.004113  0.020367  0.119057    0.0004    0.0080    0.0960    0.0450    0.0214    0.0516    0.0262
 000030   I  0.007445  0.030694  0.120854    0.0005    0.0087    0.1170    0.0480    0.0274    0.0551    0.0264
 000031   V  0.013528  0.048963  0.128603    0.0006    0.0125    0.1160    0.0430    0.0319    0.0553    0.0287
 000032   P  0.038193  0.077241  0.138963    0.0010    0.0209    0.1390    0.0550    0.0460    0.0590    0.0316
 000033   T  0.065847  0.119979  0.149413    0.0010    0.0120    0.1850    0.0750    0.0639    0.0727    0.0323
 000034   R  0.100362  0.171346  0.160544    0.0042    0.0202    0.2000    0.0770    0.0827    0.0796    0.0304
 000035   Q  0.135318  0.206531  0.172876    0.0042    0.0327    0.1790    0.0630    0.0930    0.0817    0.0287
 000036   E  0.203518  0.243321  0.186816    0.0090    0.0364    0.1650    0.0550    0.1095    0.0924    0.0275
 000037   I  0.252370  0.286796  0.205051    0.0194    0.0690    0.1860    0.0650    0.1356    0.1015    0.0253
 000038   A  0.301170  0.301192  0.222690    0.0182    0.0605    0.1690    0.0560    0.1418    0.1155    0.0265
 000039   T  0.333189  0.307598  0.241769    0.0414    0.1137    0.1830    0.0600    0.1632    0.1108    0.0269
 000040   V  0.363234  0.316208  0.259925    0.0425    0.1731    0.1960    0.0670    0.1818    0.1131    0.0259
 000041   R  0.380920  0.317697  0.274332    0.0884    0.2884    0.1630    0.0470    0.2064    0.1080    0.0259
 000042   Q  0.395600  0.299148  0.289049    0.1495    0.3529    0.1510    0.0430    0.2247    0.1051    0.0257
 000043   E  0.388024  0.311307  0.301261    0.1240    0.3215    0.1460    0.0460    0.2151    0.1088    0.0250
 000044   I  0.391665  0.323895  0.312294    0.1205    0.2193    0.1490    0.0620    0.2007    0.1108    0.0252
 000045   D  0.407973  0.336878  0.323639    0.1349    0.2292    0.1410    0.0600    0.2083    0.1155    0.0281
 000046   R  0.443406  0.347488  0.337464    0.0832    0.1969    0.1390    0.0550    0.2016    0.1392    0.0299
 000047   L  0.475988  0.370536  0.350619    0.0832    0.1791    0.1430    0.0560    0.2087    0.1520    0.0318
 000048   T  0.480323  0.372408  0.364128    0.1456    0.2715    0.1530    0.0700    0.2372    0.1355    0.0345
 000049   I  0.482021  0.375013  0.380321    0.1732    0.2680    0.1660    0.0790    0.2440    0.1318    0.0339
 000050   E  0.477898  0.420394  0.400076    0.1635    0.1702    0.1650    0.0720    0.2328    0.1508    0.0361
 000051   R  0.520256  0.455627  0.421387    0.2209    0.2715    0.1520    0.0550    0.2701    0.1507    0.0384
 000052   N  0.575395  0.467825  0.443051    0.1495    0.2918    0.1520    0.0440    0.2728    0.1773    0.0419
 000053   R  0.577880  0.485761  0.464539    0.1844    0.2002    0.1620    0.0460    0.2684    0.1846    0.0447
 000054   G  0.534446  0.520876  0.486215    0.1805    0.1823    0.1730    0.0580    0.2652    0.1867    0.0480
 000055   L  0.491069  0.532209  0.507572    0.2041    0.2541    0.1920    0.0690    0.2789    0.1709    0.0501
 000056   Q  0.449743  0.583339  0.528527    0.1921    0.2541    0.1920    0.0710    0.2785    0.1827    0.0520
 000057   A  0.473886  0.632868  0.547142    0.1766    0.1671    0.2030    0.0690    0.2755    0.2112    0.0578
 000058   R  0.474758  0.668625  0.566129    0.2913    0.2193    0.1980    0.0790    0.3087    0.2016    0.0627
 000059   R  0.475622  0.686535  0.583537    0.1844    0.1791    0.1890    0.0790    0.2858    0.2296    0.0705
 000060   A  0.433714  0.712184  0.599980    0.2602    0.1969    0.1750    0.0690    0.2963    0.2273    0.0849
 000061   L  0.389932  0.723847  0.614129    0.2292    0.1881    0.1800    0.0640    0.2851    0.2364    0.0984
 000062   P  0.387159  0.737547  0.622782    0.1532    0.1671    0.1670    0.0510    0.2687    0.2560    0.1146
 000063   E  0.383087  0.726915  0.627493    0.1532    0.1583    0.1630    0.0550    0.2641    0.2563    0.1276
 000064   L  0.359048  0.733721  0.629125    0.1322    0.1583    0.1820    0.0700    0.2609    0.2588    0.1400
 000065   R  0.323308  0.696019  0.630432    0.1292    0.0967    0.1910    0.0720    0.2394    0.2592    0.1514
 000066   A  0.266987  0.660693  0.630836    0.1958    0.1373    0.2160    0.0830    0.2462    0.2365    0.1703
 000067   T  0.235881  0.644318  0.631033    0.1240    0.0690    0.2680    0.0930    0.2235    0.2513    0.1895
 000068   I  0.204384  0.664375  0.625981    0.1240    0.0494    0.2920    0.1150    0.2224    0.2592    0.2075
 000069   A  0.169178  0.657915  0.619030    0.0744    0.0506    0.2970    0.1310    0.2082    0.2656    0.2379
 000070   A  0.136474  0.672430  0.610474    0.0441    0.0424    0.2970    0.1500    0.1988    0.2756    0.2611
 000071   L  0.115428  0.690120  0.599470    0.0502    0.0300    0.2930    0.1520    0.1965    0.2802    0.2794
 000072   Q  0.103362  0.673303  0.592524    0.0723    0.0662    0.2630    0.1330    0.1964    0.2677    0.2975
 000073   A  0.107058  0.649080  0.590857    0.0304    0.0518    0.2580    0.1250    0.1828    0.2695    0.3247
 000074   Q  0.119179  0.599015  0.592004    0.0395    0.0531    0.2530    0.1260    0.1773    0.2561    0.3497
 000075   R  0.132483  0.600495  0.592459    0.0660    0.1007    0.2540    0.1250    0.1923    0.2444    0.3797
 000076   L  0.154386  0.564506  0.591431    0.0744    0.1028    0.2430    0.1120    0.1899    0.2333    0.4120
 000077   A  0.174662  0.558562  0.590125    0.0991    0.0734    0.2280    0.1000    0.1890    0.2312    0.4302
 000078   F  0.194937  0.588879  0.593437    0.0832    0.0555    0.2460    0.0940    0.1948    0.2411    0.4237
 000079   L  0.218507  0.566507  0.596202    0.0909    0.1137    0.2670    0.0960    0.2094    0.2250    0.4250
 000080   R  0.254008  0.614864  0.598192    0.0884    0.0888    0.2950    0.1070    0.2234    0.2366    0.4228
 000081   A  0.278044  0.636578  0.595283    0.1060    0.0631    0.3440    0.1060    0.2380    0.2406    0.4107
 000082   L  0.327272  0.646053  0.593073    0.1178    0.1070    0.3780    0.1170    0.2627    0.2305    0.3983
 000083   P  0.382290  0.681942  0.590865    0.0660    0.1137    0.4090    0.1330    0.2755    0.2463    0.3809
 000084   R  0.428908  0.684362  0.592055    0.0813    0.0909    0.4700    0.1380    0.2925    0.2512    0.3516
 000085   E  0.484409  0.707231  0.593487    0.0832    0.0531    0.4430    0.1360    0.2952    0.2646    0.3293
 000086   E  0.548013  0.711657  0.594410    0.0542    0.0555    0.4240    0.1500    0.2990    0.2752    0.3111
 000087   R  0.612799  0.710769  0.595793    0.0607    0.1028    0.4470    0.1450    0.3224    0.2715    0.2925
 000088   L  0.677092  0.703571  0.599710    0.0771    0.1028    0.4540    0.1310    0.3358    0.2759    0.2835
 000089   A  0.719236  0.695284  0.601834    0.1380    0.2002    0.3940    0.0920    0.3578    0.2512    0.2723
 000090   E  0.762814  0.682037  0.604252    0.1805    0.2541    0.3910    0.0690    0.3784    0.2400    0.2685
 000091   V  0.785385  0.660560  0.606190    0.1958    0.2575    0.4230    0.0540    0.3870    0.2367    0.2712
 000092   L  0.799314  0.673245  0.606809    0.1998    0.2918    0.3670    0.0770    0.3885    0.2391    0.2736
 000093   S  0.813908  0.647895  0.605109    0.2913    0.3117    0.2970    0.0930    0.3937    0.2282    0.2726
 000094   E  0.815965  0.639244  0.605485    0.2657    0.2094    0.2750    0.0960    0.3676    0.2501    0.2720
 000095   V  0.808743  0.630342  0.606824    0.2080    0.1528    0.3050    0.1100    0.3507    0.2631    0.2753
 000096   L  0.800249  0.621695  0.607814    0.1416    0.1373    0.2900    0.1010    0.3319    0.2755    0.2786
 000097   Q  0.748028  0.626851  0.608950    0.0884    0.1251    0.2700    0.1020    0.3097    0.2790    0.2723
 000098   D  0.701810  0.629657  0.611665    0.0858    0.0676    0.2610    0.1070    0.2909    0.2826    0.2687
 000099   A  0.639919  0.648674  0.611710    0.1456    0.1206    0.2370    0.0950    0.2986    0.2569    0.2601
 000100   E  0.575840  0.633574  0.615450    0.1041    0.1399    0.2310    0.0830    0.2808    0.2507    0.2557
 000101   A  0.507566  0.633294  0.622039    0.1041    0.1275    0.2240    0.0630    0.2662    0.2473    0.2495
 000102   S  0.447226  0.638129  0.632019    0.1495    0.1791    0.2260    0.0560    0.2733    0.2304    0.2437
 000103   G  0.388285  0.634406  0.636810    0.2209    0.2715    0.2200    0.0550    0.2892    0.2080    0.2335
 000104   V  0.329698  0.607664  0.637872    0.2080    0.2715    0.2160    0.0590    0.2721    0.2070    0.2278
 000105   V  0.285093  0.618166  0.634849    0.2041    0.2258    0.2170    0.0610    0.2583    0.2151    0.2265
 000106   V  0.297253  0.623886  0.629396    0.2748    0.3286    0.2310    0.0680    0.2926    0.1952    0.2248
 000107   R  0.282990  0.635941  0.624279    0.3096    0.3426    0.2480    0.0670    0.3032    0.1910    0.2269
 000108   S  0.283332  0.617192  0.617657    0.3263    0.3740    0.2740    0.0630    0.3125    0.1790    0.2346
 000109   F  0.283548  0.630658  0.609221    0.2385    0.3774    0.3220    0.0550    0.3087    0.1846    0.2413
 000110   T  0.289438  0.632949  0.603754    0.2963    0.3426    0.3230    0.0420    0.3140    0.1768    0.2491
 000111   R  0.295624  0.634377  0.597342    0.3005    0.3215    0.3830    0.0570    0.3226    0.1721    0.2530
 000112   S  0.294293  0.643517  0.592442    0.2558    0.3215    0.3800    0.0690    0.3159    0.1789    0.2588
 000113   R  0.297302  0.648561  0.585844    0.2483    0.2609    0.4220    0.0850    0.3128    0.1854    0.2651
 000114   T  0.281144  0.652474  0.578902    0.2080    0.2752    0.4490    0.0880    0.3109    0.1916    0.2764
 000115   S  0.248006  0.649049  0.568563    0.1998    0.2680    0.4630    0.1270    0.3047    0.1953    0.2839
 000116   A  0.286500  0.642946  0.559112    0.2748    0.3087    0.4510    0.1470    0.3273    0.1700    0.2937
 000117   P  0.329912  0.629501  0.548319    0.2602    0.3019    0.4430    0.1730    0.3275    0.1626    0.3038
 000118   V  0.392547  0.600474  0.535055    0.2432    0.2849    0.4790    0.1610    0.3333    0.1566    0.3116
 000119   P  0.460645  0.569616  0.522470    0.1698    0.2129    0.4210    0.1820    0.3057    0.1737    0.3204
 000120   E  0.506738  0.523489  0.509623    0.2255    0.3392    0.3890    0.1870    0.3307    0.1383    0.3293
 000121   V  0.561353  0.483552  0.495556    0.1532    0.3019    0.3620    0.1650    0.3104    0.1606    0.3399
 000122   R  0.623133  0.457509  0.483168    0.1667    0.3392    0.3160    0.1620    0.3170    0.1654    0.3545
 000123   A  0.690139  0.426396  0.468852    0.1380    0.2436    0.3130    0.1530    0.3019    0.1934    0.3738
 000124   V  0.753692  0.407974  0.459924    0.1698    0.2849    0.2920    0.1460    0.3181    0.2007    0.3933
 000125   N  0.766181  0.360233  0.446151    0.0965    0.2849    0.2520    0.1460    0.2933    0.2206    0.4129
 000126   L  0.744940  0.349308  0.430453    0.1150    0.2988    0.2470    0.1320    0.2925    0.2084    0.4313
 000127   A  0.682542  0.358449  0.417609    0.1456    0.2575    0.2110    0.0940    0.2758    0.1888    0.4160
 000128   L  0.619322  0.355191  0.403986    0.1322    0.2002    0.1920    0.0810    0.2498    0.1785    0.4006
 000129   A  0.576427  0.373262  0.390593    0.1292    0.2002    0.1960    0.0930    0.2459    0.1656    0.3906
 000130   L  0.520011  0.372531  0.383441    0.0935    0.1162    0.1840    0.0760    0.2144    0.1694    0.3802
 000131   E  0.484923  0.372988  0.375845    0.0542    0.1028    0.1730    0.0540    0.1979    0.1708    0.3730
 000132   A  0.438346  0.394314  0.368515    0.0514    0.1449    0.1780    0.0500    0.2011    0.1569    0.3675
 000133   P  0.398349  0.390290  0.360669    0.0514    0.0985    0.1770    0.0570    0.1859    0.1545    0.3621
 000134   F  0.361673  0.411008  0.356409    0.0607    0.1275    0.1820    0.0580    0.1905    0.1451    0.3607
 000135   P  0.346002  0.412333  0.351862    0.0567    0.1914    0.1710    0.0420    0.1962    0.1376    0.3618
 000136   E  0.333388  0.418565  0.351226    0.0587    0.1206    0.1610    0.0400    0.1820    0.1454    0.3651
 000137   T  0.322761  0.436510  0.353817    0.1088    0.1791    0.1620    0.0500    0.2015    0.1316    0.3663
 000138   Y  0.306255  0.423524  0.354662    0.0771    0.2002    0.1600    0.0570    0.1945    0.1327    0.3658
 000139   A  0.294722  0.394314  0.353011    0.1205    0.1759    0.1500    0.0520    0.1892    0.1201    0.3719
 000140   Y  0.252114  0.415617  0.354726    0.1416    0.1969    0.1620    0.0650    0.1948    0.1166    0.3730
 000141   L  0.229358  0.418112  0.352869    0.1266    0.2817    0.1740    0.0700    0.2049    0.1161    0.3806
 000142   R  0.201321  0.430390  0.347850    0.1205    0.1942    0.1700    0.0680    0.1860    0.1230    0.3892
 000143   R  0.164960  0.426091  0.339467    0.1495    0.2164    0.1930    0.0870    0.1917    0.1154    0.3930
 000144   L  0.138176  0.435879  0.332140    0.0789    0.1881    0.2150    0.0920    0.1760    0.1319    0.3972
 000145   E  0.135910  0.439466  0.325956    0.1380    0.2094    0.2070    0.0760    0.1883    0.1212    0.4025
 000146   D  0.128676  0.455046  0.322539    0.1240    0.1914    0.2160    0.0630    0.1859    0.1286    0.4033
 000147   L  0.128442  0.464100  0.318862    0.0660    0.1206    0.2270    0.0560    0.1677    0.1462    0.4057
 000148   S  0.132301  0.460038  0.315736    0.0660    0.1115    0.2240    0.0510    0.1656    0.1452    0.4096
 000149   R  0.138869  0.454291  0.314329    0.0607    0.1162    0.2310    0.0560    0.1668    0.1432    0.4121
 000150   F  0.187456  0.454301  0.315075    0.0744    0.1349    0.2350    0.0510    0.1810    0.1349    0.4089
 000151   S  0.246859  0.433552  0.313465    0.0723    0.1914    0.2300    0.0530    0.1956    0.1221    0.4129
 000152   T  0.269393  0.427313  0.317888    0.1205    0.2680    0.2770    0.0580    0.2271    0.1046    0.4142
 000153   L  0.292655  0.447657  0.322955    0.1240    0.2884    0.2960    0.0700    0.2415    0.1086    0.4169
 000154   S  0.330040  0.463473  0.329585    0.1266    0.2645    0.3160    0.0800    0.2502    0.1140    0.4257
 000155   G  0.341299  0.465014  0.335626    0.2080    0.3529    0.3080    0.0790    0.2792    0.0939    0.4325
 000156   L  0.351546  0.492806  0.350604    0.1667    0.3740    0.3530    0.0810    0.2896    0.1118    0.4244
 000157   N  0.440530  0.513566  0.367887    0.1602    0.3704    0.4070    0.1260    0.3153    0.1247    0.4126
 000158   L  0.527497  0.518815  0.383418    0.2748    0.3704    0.4680    0.1700    0.3600    0.1103    0.4041
 000159   S  0.558166  0.550157  0.400309    0.2786    0.3426    0.4540    0.1570    0.3640    0.1222    0.3964
 000160   V  0.589261  0.570357  0.413332    0.2122    0.3599    0.4600    0.1400    0.3653    0.1455    0.3902
 000161   Q  0.647228  0.572894  0.424720    0.2786    0.4619    0.3960    0.0850    0.3928    0.1391    0.3853
 000162   S  0.701912  0.594118  0.437001    0.2786    0.3872    0.3890    0.0840    0.3918    0.1592    0.3866
 000163   Q  0.744692  0.601300  0.447818    0.2748    0.3872    0.4200    0.0860    0.4047    0.1701    0.3918
 000164   E  0.812869  0.612058  0.459269    0.2865    0.3872    0.4580    0.1120    0.4262    0.1859    0.3972
 000165   A  0.886046  0.605053  0.470191    0.2865    0.4017    0.4440    0.1300    0.4372    0.2061    0.4041
 000166   N  0.846237  0.610126  0.481801    0.2167    0.3356    0.4240    0.1360    0.4054    0.2171    0.4115
 000167   P  0.821007  0.597139  0.492204    0.3053    0.3392    0.3740    0.1200    0.4061    0.1965    0.4206
 000168   T  0.801740  0.556994  0.502689    0.2385    0.2645    0.3920    0.1310    0.3756    0.2090    0.4316
 000169   L  0.767322  0.509202  0.512260    0.2602    0.2752    0.3900    0.1110    0.3669    0.1924    0.4248
 000170   A  0.726576  0.473104  0.520721    0.2080    0.2503    0.3440    0.0890    0.3337    0.1965    0.4139
 000171   T  0.689872  0.443919  0.527829    0.2209    0.3182    0.2620    0.0550    0.3226    0.1852    0.4039
 000172   S  0.647583  0.433841  0.538023    0.1921    0.3149    0.2310    0.0340    0.3032    0.1864    0.3958
 000173   L  0.619633  0.384275  0.548587    0.1958    0.2575    0.2140    0.0300    0.2784    0.1880    0.3895
 000174   T  0.567497  0.375194  0.561247    0.1998    0.2752    0.1970    0.0300    0.2691    0.1806    0.3870
 000175   L  0.550851  0.375816  0.574906    0.1349    0.2258    0.2030    0.0440    0.2485    0.1956    0.3850
 000176   T  0.516697  0.346546  0.589581    0.1844    0.2752    0.2200    0.0570    0.2571    0.1794    0.3852
 000177   V  0.487360  0.353175  0.600327    0.1532    0.2715    0.2650    0.0940    0.2550    0.1796    0.3852
 000178   Y  0.470804  0.368192  0.607457    0.1416    0.2399    0.3540    0.1450    0.2624    0.1813    0.3883
 000179   V  0.476509  0.341816  0.615554    0.1456    0.2292    0.4720    0.2140    0.2775    0.1895    0.3950
 000180   L  0.473291  0.366105  0.624953    0.1998    0.3019    0.6110    0.2500    0.3254    0.1877    0.4026
 000181   A  0.485027  0.447954  0.631672    0.2292    0.3392    0.6430    0.2950    0.3575    0.1818    0.4115
 000182   Q  0.512970  0.453564  0.643015    0.2292    0.3599    0.6840    0.2540    0.3733    0.1898    0.4191
 000183   G  0.553891  0.481433  0.651097    0.2292    0.3566    0.7330    0.1780    0.3924    0.2021    0.4227
 000184   V  0.606008  0.525920  0.658737    0.3311    0.4149    0.8130    0.1020    0.4485    0.1928    0.4257
 000185   E  0.660419  0.567334  0.669188    0.3806    0.3840    0.8640    0.0500    0.4761    0.2033    0.4283
 000186   A  0.718928  0.614443  0.677208    0.4918    0.4507    0.8260    0.0900    0.5169    0.1715    0.4315
 000187   E  0.771661  0.642060  0.678951    0.5331    0.4186    0.7800    0.0900    0.5243    0.1711    0.4337
 000188   T  0.823238  0.669617  0.681597    0.6374    0.4831    0.8950    0.0770    0.5846    0.1745    0.4304
 000189   G  0.877910  0.668033  0.682798    0.7342    0.5758    0.8990    0.0780    0.6258    0.1619    0.4284
 000190   G  0.992249  0.703326  0.682943    0.8283    0.6755    0.8880    0.0580    0.6812    0.1641    0.4276
 000191   S  0.972601  0.676422  0.684247    0.9068    0.7982    0.8960    0.0990    0.7084    0.1603    0.4271
 000192   T  0.984851  0.702224  0.686092    0.9447    0.8421    0.9470    0.0280    0.7368    0.1652    0.4277
 000193   P  0.932407  0.732202  0.686436    0.9632    0.8343    0.9440    0.0370    0.7343    0.1569    0.4292
