#RESNUM RES     VL-XT     VSL2B       VL3  IUPred-S  IUPred-L  PONDRFIT  FITERROR       MDP  MDPERROR   ANCHOR2
 000001   M  0.919182  0.771686  0.680760    0.8984    0.2783    0.9720    0.0200    0.6400    0.2598    0.3262
 000002   K  0.697878  0.766935  0.659279    0.8350    0.1791    0.9330    0.0410    0.5687    0.2645    0.3287
 000003   R  0.707686  0.785619  0.640190    0.7605    0.2129    0.8980    0.0560    0.5607    0.2425    0.3238
 000004   R  0.672252  0.759249  0.623125    0.6474    0.2470    0.8640    0.0600    0.5317    0.2179    0.3233
 000005   E  0.683429  0.691184  0.607348    0.6079    0.1702    0.8720    0.0220    0.5041    0.2364    0.3278
 000006   V  0.638235  0.619060  0.593298    0.5623    0.1671    0.8200    0.0510    0.4678    0.2203    0.3278
 000007   L  0.602335  0.528182  0.579573    0.4379    0.1942    0.7190    0.1020    0.4135    0.1907    0.3268
 000008   Q  0.575703  0.452558  0.566389    0.3630    0.1399    0.6870    0.1510    0.3697    0.2006    0.3348
 000009   A  0.552570  0.398019  0.550969    0.3184    0.1611    0.6860    0.1590    0.3527    0.1959    0.3337
 000010   G  0.528307  0.363782  0.533298    0.1921    0.1881    0.5550    0.1260    0.3045    0.1802    0.3314
 000011   M  0.485355  0.344566  0.516986    0.1566    0.1852    0.6770    0.1800    0.3081    0.2043    0.3251
 000012   A  0.486825  0.339432  0.502712    0.1921    0.1501    0.5250    0.1840    0.2822    0.1723    0.3271
 000013   L  0.519708  0.356163  0.490395    0.1635    0.1275    0.4670    0.1840    0.2722    0.1763    0.3263
 000014   G  0.467234  0.363435  0.477728    0.0991    0.1373    0.4060    0.1540    0.2455    0.1712    0.3357
 000015   G  0.413990  0.360286  0.466311    0.0723    0.1349    0.3730    0.1250    0.2258    0.1658    0.3427
 000016   L  0.374156  0.376934  0.455631    0.0677    0.1206    0.3390    0.1190    0.2130    0.1618    0.3469
 000017   A  0.323659  0.370158  0.432446    0.1088    0.0929    0.2900    0.1230    0.1975    0.1462    0.3586
 000018   G  0.272852  0.369874  0.410625    0.1698    0.1528    0.2680    0.1200    0.2056    0.1166    0.3688
 000019   L  0.222339  0.365600  0.392086    0.0991    0.0888    0.2760    0.1140    0.1752    0.1347    0.3725
 000020   G  0.177056  0.357555  0.374705    0.1292    0.1137    0.2280    0.0880    0.1676    0.1205    0.3833
 000021   R  0.102718  0.344003  0.353996    0.0789    0.0704    0.2200    0.0760    0.1360    0.1332    0.3917
 000022   A  0.013774  0.339095  0.334343    0.1018    0.0605    0.2050    0.0710    0.1200    0.1392    0.4000
 000023   L  0.010083  0.320011  0.316222    0.0813    0.0765    0.1990    0.0700    0.1145    0.1314    0.4052
 000024   A  0.006896  0.302530  0.299636    0.0935    0.1298    0.1840    0.0660    0.1195    0.1180    0.4127
 000025   Q  0.005340  0.296919  0.285999    0.0991    0.1424    0.1720    0.0670    0.1193    0.1126    0.4161
 000026   G  0.004258  0.283569  0.274626    0.0991    0.1476    0.1920    0.0690    0.1210    0.1079    0.4182
 000027   G  0.003716  0.266334  0.264200    0.1566    0.2258    0.1650    0.0550    0.1362    0.1001    0.4196
 000028   F  0.003300  0.250099  0.255179    0.1878    0.2645    0.1650    0.0620    0.1451    0.0998    0.4138
 000029   T  0.004044  0.240872  0.249652    0.1921    0.2292    0.1570    0.0480    0.1372    0.0940    0.4092
 000030   L  0.008523  0.239677  0.245190    0.2820    0.3182    0.2000    0.0720    0.1748    0.1077    0.4069
 000031   T  0.011565  0.250208  0.238288    0.2531    0.2364    0.2370    0.0820    0.1647    0.0952    0.3996
 000032   L  0.053301  0.277218  0.231225    0.2558    0.2503    0.2790    0.0810    0.1860    0.0873    0.3925
 000033   V  0.082119  0.304421  0.226678    0.2041    0.3149    0.3030    0.0930    0.2014    0.0901    0.3893
 000034   H  0.108512  0.352384  0.224099    0.3053    0.3286    0.3070    0.1120    0.2337    0.0907    0.3831
 000035   T  0.137260  0.395836  0.215588    0.3668    0.3740    0.3830    0.1370    0.2762    0.1053    0.3827
 000036   N  0.173573  0.442136  0.207665    0.2963    0.2783    0.4140    0.1550    0.2674    0.1044    0.3819
 000037   D  0.224318  0.452050  0.201012    0.3096    0.2884    0.4170    0.1440    0.2818    0.0981    0.3807
 000038   T  0.295637  0.458096  0.195836    0.2209    0.2094    0.4390    0.1370    0.2706    0.1126    0.3787
 000039   H  0.365008  0.470766  0.193434    0.3225    0.3215    0.4500    0.1090    0.3217    0.0976    0.3789
 000040   A  0.439081  0.475273  0.193485    0.2385    0.3117    0.4030    0.1050    0.3113    0.1087    0.3833
 000041   H  0.484024  0.480312  0.197874    0.3225    0.4087    0.3600    0.0910    0.3426    0.1041    0.3879
 000042   L  0.539847  0.479007  0.200025    0.3225    0.4051    0.3530    0.0970    0.3499    0.1148    0.3979
 000043   E  0.599399  0.486402  0.200225    0.4078    0.4979    0.3080    0.0870    0.3832    0.1356    0.4122
 000044   P  0.649312  0.478356  0.198901    0.4749    0.6227    0.3150    0.0970    0.4233    0.1626    0.4241
 000045   V  0.688428  0.488209  0.197958    0.4749    0.5342    0.3350    0.1140    0.4202    0.1577    0.4278
 000046   E  0.719483  0.482262  0.196622    0.4967    0.5211    0.3080    0.1270    0.4212    0.1691    0.4186
 000047   L  0.736028  0.469470  0.196591    0.4282    0.5017    0.3150    0.1280    0.4085    0.1701    0.4069
 000048   T  0.754485  0.490473  0.195726    0.4282    0.4292    0.3360    0.1120    0.4063    0.1726    0.3928
 000049   L  0.770227  0.511734  0.192183    0.4282    0.3872    0.3610    0.1200    0.4097    0.1784    0.3773
 000050   S  0.774053  0.522558  0.185333    0.3630    0.3840    0.3550    0.1070    0.3998    0.1847    0.3612
 000051   G  0.766978  0.537312  0.178086    0.3668    0.4220    0.3530    0.1160    0.4076    0.1842    0.3488
 000052   E  0.735014  0.563322  0.173698    0.3491    0.3460    0.3470    0.1250    0.3900    0.1832    0.3388
 000053   K  0.674139  0.555875  0.168053    0.4245    0.3983    0.3440    0.1350    0.3994    0.1619    0.3291
 000054   T  0.626465  0.528624  0.159533    0.3359    0.3053    0.3330    0.1440    0.3549    0.1556    0.3228
 000055   P  0.570455  0.522744  0.153073    0.2748    0.1643    0.3100    0.1330    0.3070    0.1638    0.3175
 000056   V  0.500531  0.468723  0.145685    0.2602    0.2292    0.2980    0.1200    0.2928    0.1297    0.3102
 000057   G  0.424375  0.399767  0.137354    0.1566    0.2193    0.2770    0.1070    0.2462    0.1132    0.3026
 000058   G  0.426986  0.322623  0.128937    0.2432    0.2328    0.2740    0.1040    0.2499    0.0933    0.2968
 000059   V  0.423563  0.272986  0.119499    0.2333    0.1349    0.2690    0.1050    0.2223    0.1030    0.2923
 000060   A  0.433088  0.210574  0.110265    0.2385    0.1731    0.2310    0.0900    0.2144    0.1010    0.2857
 000061   R  0.466348  0.162667  0.101621    0.1566    0.1731    0.1900    0.0740    0.1914    0.1197    0.2782
 000062   R  0.535633  0.140533  0.095673    0.1240    0.1476    0.1300    0.0490    0.1796    0.1538    0.2723
 000063   V  0.593011  0.122204  0.089877    0.1150    0.1373    0.0930    0.0310    0.1767    0.1808    0.2652
 000064   A  0.630078  0.099458  0.083034    0.0884    0.1449    0.0810    0.0270    0.1739    0.1995    0.2607
 000065   L  0.665926  0.094240  0.075350    0.0858    0.1671    0.0790    0.0250    0.1819    0.2135    0.2548
 000066   F  0.750956  0.101860  0.072267    0.0723    0.0870    0.0780    0.0330    0.1817    0.2497    0.2471
 000067   D  0.756732  0.102819  0.068022    0.1322    0.0676    0.0660    0.0240    0.1875    0.2509    0.2421
 000068   R  0.682474  0.100398  0.062606    0.0744    0.0405    0.0610    0.0220    0.1597    0.2301    0.2396
 000069   V  0.598852  0.102047  0.056439    0.0387    0.0424    0.0570    0.0180    0.1398    0.2024    0.2384
 000070   W  0.515334  0.098887  0.047931    0.0304    0.0531    0.0550    0.0160    0.1254    0.1722    0.2355
 000071   A  0.430518  0.105444  0.039552    0.0363    0.0646    0.0540    0.0180    0.1152    0.1401    0.2375
 000072   R  0.349118  0.130855  0.030763    0.0297    0.0662    0.0540    0.0180    0.1049    0.1122    0.2393
 000073   A  0.292332  0.154360  0.023187    0.0304    0.0433    0.0620    0.0190    0.0970    0.0961    0.2414
 000074   K  0.238143  0.171697  0.016839    0.0464    0.0334    0.0640    0.0170    0.0922    0.0813    0.2437
 000075   N  0.136628  0.180099  0.011571    0.0327    0.0454    0.0680    0.0170    0.0771    0.0599    0.2441
 000076   P  0.035048  0.180819  0.009271    0.0268    0.0749    0.0770    0.0220    0.0657    0.0564    0.2469
 000077   L  0.022155  0.166593  0.006972    0.0526    0.1501    0.0930    0.0320    0.0807    0.0605    0.2469
 000078   F  0.018617  0.164295  0.001614    0.0478    0.0929    0.1090    0.0390    0.0722    0.0559    0.2463
 000079   L  0.014670  0.165345 -0.004808    0.0490    0.0518    0.1070    0.0400    0.0646    0.0572    0.2415
 000080   D  0.011998  0.171113 -0.010222    0.0405    0.0398    0.1100    0.0400    0.0623    0.0618    0.2333
 000081   A  0.008460  0.168964 -0.012826    0.0405    0.0851    0.1110    0.0320    0.0690    0.0621    0.2273
 000082   G  0.002735  0.156202 -0.015780    0.0259    0.1115    0.0960    0.0260    0.0653    0.0624    0.2200
 000083   D  0.002064  0.139572 -0.019357    0.0274    0.0631    0.0840    0.0230    0.0527    0.0533    0.2172
 000084   V  0.002242  0.130141 -0.022645    0.0395    0.0780    0.0790    0.0230    0.0548    0.0513    0.2091
 000085   F  0.003059  0.120740 -0.025332    0.0200    0.0780    0.0690    0.0210    0.0484    0.0497    0.2015
 000086   Q  0.007242  0.113456 -0.026845    0.0194    0.0433    0.0550    0.0160    0.0397    0.0439    0.1943
 000087   G  0.007362  0.119541 -0.027676    0.0141    0.0287    0.0530    0.0140    0.0371    0.0460    0.1820
 000088   T  0.007526  0.117712 -0.027827    0.0131    0.0506    0.0560    0.0180    0.0408    0.0462    0.1710
 000089   L  0.007702  0.104699 -0.027345    0.0226    0.1028    0.0610    0.0240    0.0498    0.0490    0.1601
 000090   Y  0.007398  0.104753 -0.024640    0.0441    0.0967    0.0630    0.0240    0.0526    0.0463    0.1519
 000091   F  0.008205  0.122137 -0.020973    0.0441    0.0473    0.0600    0.0190    0.0469    0.0446    0.1443
 000092   N  0.010461  0.128931 -0.017331    0.0308    0.0443    0.0640    0.0160    0.0464    0.0461    0.1346
 000093   Q  0.020646  0.138044 -0.016172    0.0144    0.0463    0.0640    0.0160    0.0473    0.0489    0.1239
 000094   Y  0.021165  0.148192 -0.013925    0.0099    0.0443    0.0700    0.0190    0.0490    0.0526    0.1124
 000095   R  0.033525  0.159532 -0.010582    0.0167    0.0398    0.0710    0.0190    0.0535    0.0542    0.1055
 000096   G  0.052572  0.163873 -0.005445    0.0376    0.0799    0.0790    0.0200    0.0688    0.0517    0.0978
 000097   L  0.093648  0.175720  0.003175    0.0173    0.0414    0.0920    0.0230    0.0701    0.0582    0.0923
 000098   A  0.149737  0.194412  0.015640    0.0179    0.0414    0.0810    0.0180    0.0807    0.0676    0.0893
 000099   D  0.203871  0.200197  0.025656    0.0086    0.0320    0.0690    0.0170    0.0856    0.0814    0.0892
 000100   R  0.257062  0.198458  0.040042    0.0194    0.0414    0.0640    0.0180    0.0968    0.0907    0.0899
 000101   Y  0.317038  0.182414  0.049499    0.0297    0.0592    0.0690    0.0180    0.1095    0.1021    0.0908
 000102   F  0.324425  0.166536  0.057049    0.0414    0.0719    0.0710    0.0230    0.1126    0.0994    0.0932
 000103   M  0.338312  0.162402  0.064100    0.0308    0.0646    0.0730    0.0290    0.1116    0.1052    0.0981
 000104   H  0.335685  0.165699  0.072176    0.0131    0.0662    0.0810    0.0340    0.1103    0.1061    0.1045
 000105   R  0.329599  0.166734  0.080457    0.0279    0.1162    0.0840    0.0310    0.1208    0.0977    0.1113
 000106   L  0.301642  0.169726  0.085029    0.0286    0.1251    0.0850    0.0240    0.1184    0.0881    0.1182
 000107   R  0.253216  0.191574  0.089169    0.0286    0.0631    0.0830    0.0210    0.1033    0.0796    0.1268
 000108   Y  0.210891  0.221894  0.095117    0.0542    0.1092    0.0840    0.0180    0.1134    0.0658    0.1307
 000109   R  0.170891  0.243521  0.103153    0.0336    0.0799    0.0840    0.0170    0.1019    0.0711    0.1374
 000110   A  0.124803  0.252467  0.113310    0.0316    0.0749    0.0880    0.0190    0.0952    0.0712    0.1424
 000111   M  0.123450  0.263188  0.121339    0.0167    0.0888    0.0960    0.0220    0.0980    0.0766    0.1462
 000112   A  0.126003  0.270261  0.131342    0.0316    0.1449    0.1040    0.0270    0.1128    0.0742    0.1496
 000113   L  0.130516  0.266058  0.141574    0.0771    0.2715    0.1420    0.0510    0.1479    0.0760    0.1509
 000114   G  0.129419  0.291718  0.155489    0.1060    0.2292    0.1480    0.0450    0.1507    0.0689    0.1518
 000115   N  0.130758  0.330910  0.168128    0.1349    0.1969    0.1610    0.0400    0.1591    0.0735    0.1521
 000116   H  0.136664  0.364701  0.182342    0.0832    0.2034    0.1640    0.0420    0.1587    0.0924    0.1508
 000117   E  0.140035  0.388026  0.196310    0.1205    0.1759    0.1480    0.0490    0.1622    0.0956    0.1478
 000118   F  0.140359  0.409794  0.207618    0.1240    0.1137    0.1410    0.0580    0.1548    0.1087    0.1432
 000119   D  0.139293  0.420078  0.219893    0.1266    0.1823    0.1340    0.0600    0.1671    0.1084    0.1439
 000120   L  0.132475  0.401406  0.233116    0.0771    0.1823    0.1410    0.0600    0.1557    0.1111    0.1429
 000121   G  0.118947  0.390674  0.240275    0.1018    0.1823    0.1300    0.0600    0.1540    0.1071    0.1430
 000122   P  0.103532  0.376637  0.246863    0.1380    0.2193    0.1010    0.0390    0.1564    0.1056    0.1439
 000123   G  0.095280  0.355130  0.250751    0.1380    0.1476    0.0890    0.0350    0.1375    0.1037    0.1437
 000124   P  0.081047  0.336762  0.258554    0.2255    0.2193    0.0730    0.0260    0.1559    0.1037    0.1460
 000125   L  0.068347  0.315889  0.264465    0.1416    0.1583    0.0740    0.0280    0.1264    0.1019    0.1464
 000126   A  0.053396  0.304387  0.270200    0.1380    0.1007    0.0660    0.0220    0.1104    0.1074    0.1476
 000127   D  0.038990  0.291227  0.273013    0.0965    0.0967    0.0680    0.0190    0.0985    0.1096    0.1509
 000128   F  0.024839  0.278470  0.272623    0.0554    0.0719    0.0910    0.0250    0.0869    0.1128    0.1558
 000129   L  0.015830  0.258669  0.269283    0.1150    0.1501    0.1040    0.0340    0.1072    0.0996    0.1619
 000130   K  0.012333  0.246195  0.268852    0.0909    0.0985    0.1060    0.0380    0.0924    0.1012    0.1654
 000131   G  0.013072  0.229592  0.264826    0.1532    0.1611    0.1100    0.0390    0.1112    0.0927    0.1670
 000132   A  0.032859  0.224818  0.266707    0.1041    0.1373    0.1060    0.0400    0.1008    0.0903    0.1701
 000133   R  0.061568  0.223813  0.267323    0.0935    0.1137    0.0890    0.0300    0.0970    0.0882    0.1760
 000134   F  0.107620  0.221543  0.267182    0.0723    0.1162    0.0820    0.0300    0.1000    0.0858    0.1834
 000135   K  0.180723  0.245571  0.268362    0.0607    0.1070    0.0770    0.0240    0.1119    0.0921    0.1901
 000136   V  0.290053  0.263049  0.266787    0.1041    0.1914    0.0960    0.0350    0.1574    0.0900    0.1975
 000137   V  0.369617  0.297962  0.267711    0.1322    0.2224    0.1210    0.0330    0.1905    0.0991    0.2068
 000138   S  0.442389  0.343452  0.266695    0.1495    0.1424    0.1540    0.0440    0.2054    0.1216    0.2154
 000139   A  0.484241  0.384885  0.262506    0.2292    0.2436    0.1720    0.0410    0.2523    0.1145    0.2245
 000140   N  0.489789  0.422207  0.258900    0.2122    0.3215    0.1870    0.0350    0.2721    0.1179    0.2348
 000141   V  0.510075  0.458649  0.252070    0.2080    0.2399    0.1930    0.0260    0.2682    0.1324    0.2465
 000142   D  0.512416  0.502386  0.250232    0.2041    0.1399    0.2360    0.0370    0.2659    0.1514    0.2652
 000143   A  0.501122  0.539899  0.247073    0.1667    0.1373    0.2890    0.0720    0.2724    0.1603    0.2870
 000144   S  0.463498  0.528692  0.241061    0.0991    0.1611    0.3170    0.1060    0.2615    0.1592    0.3063
 000145   R  0.381040  0.519372  0.232902    0.1456    0.1791    0.3330    0.1110    0.2597    0.1340    0.3258
 000146   E  0.323927  0.502833  0.225127    0.1667    0.1528    0.2700    0.0690    0.2360    0.1238    0.3468
 000147   P  0.270923  0.446858  0.217753    0.1602    0.1528    0.2150    0.0580    0.2077    0.1054    0.3683
 000148   R  0.253559  0.411802  0.210998    0.1958    0.1554    0.1760    0.0420    0.1987    0.0922    0.3864
 000149   L  0.258327  0.382472  0.209816    0.1456    0.1070    0.1260    0.0180    0.1698    0.1009    0.4036
 000150   K  0.277161  0.327670  0.206934    0.1292    0.0870    0.0960    0.0160    0.1529    0.0975    0.4185
 000151   G  0.289980  0.263615  0.199699    0.0884    0.0780    0.0920    0.0170    0.1353    0.0931    0.4335
 000152   L  0.308355  0.208214  0.195385    0.0991    0.1184    0.1000    0.0330    0.1390    0.0819    0.4194
 000153   F  0.281801  0.152899  0.187914    0.0935    0.1229    0.1050    0.0400    0.1260    0.0711    0.4155
 000154   A  0.257951  0.120166  0.182332    0.1178    0.1501    0.1030    0.0400    0.1249    0.0608    0.4219
 000155   P  0.235525  0.100531  0.175814    0.1292    0.1048    0.1060    0.0390    0.1127    0.0571    0.4284
 000156   Y  0.217303  0.093995  0.171928    0.1292    0.1028    0.1350    0.0510    0.1131    0.0509    0.4282
 000157   A  0.195097  0.087801  0.166812    0.0813    0.0531    0.1500    0.0520    0.0946    0.0583    0.4118
 000158   V  0.183193  0.087018  0.163526    0.0701    0.0248    0.1880    0.0580    0.0922    0.0678    0.3932
 000159   V  0.124710  0.098089  0.162706    0.0441    0.0244    0.2050    0.0660    0.0827    0.0686    0.3741
 000160   V  0.161771  0.109701  0.161835    0.0490    0.0248    0.2130    0.0730    0.0931    0.0716    0.3550
 000161   V  0.180170  0.127339  0.158673    0.0514    0.0263    0.2160    0.0590    0.1002    0.0728    0.3378
 000162   G  0.222587  0.143263  0.155673    0.0308    0.0281    0.2270    0.0630    0.1086    0.0846    0.3211
 000163   G  0.260282  0.155068  0.151747    0.0526    0.0568    0.2420    0.0860    0.1277    0.0842    0.3062
 000164   E  0.328133  0.163296  0.150994    0.0965    0.1229    0.2100    0.1000    0.1534    0.0795    0.2956
 000165   R  0.392877  0.172525  0.149294    0.1349    0.1528    0.1740    0.0810    0.1712    0.0924    0.2894
 000166   V  0.464445  0.174632  0.149101    0.1292    0.1349    0.1570    0.0750    0.1767    0.1211    0.2835
 000167   G  0.539527  0.181180  0.151150    0.1921    0.2224    0.1720    0.0750    0.2178    0.1367    0.2822
 000168   I  0.621193  0.192195  0.153079    0.2167    0.1671    0.2250    0.0910    0.2370    0.1644    0.2855
 000169   I  0.626107  0.210653  0.154749    0.3053    0.2292    0.1810    0.0610    0.2588    0.1618    0.2901
 000170   G  0.643649  0.219426  0.155842    0.2748    0.3117    0.1490    0.0550    0.2664    0.1696    0.2981
 000171   L  0.686042  0.238297  0.156327    0.3359    0.4087    0.1900    0.0700    0.3098    0.1803    0.3066
 000172   T  0.747475  0.276803  0.157489    0.3939    0.4766    0.2210    0.0760    0.3527    0.1975    0.3146
 000173   T  0.783897  0.319904  0.156904    0.4203    0.5098    0.2800    0.0640    0.3857    0.2012    0.3189
 000174   P  0.765631  0.370137  0.156590    0.4149    0.5176    0.3290    0.1010    0.3995    0.1885    0.3209
 000175   D  0.738793  0.460118  0.159127    0.4282    0.4292    0.3780    0.1130    0.4057    0.1715    0.3232
 000176   T  0.716239  0.527554  0.159724    0.4282    0.3948    0.4590    0.1070    0.4210    0.1678    0.3219
 000177   R  0.693412  0.593398  0.160544    0.4333    0.3494    0.4660    0.1290    0.4227    0.1725    0.3174
 000178   E  0.668910  0.648493  0.158317    0.3992    0.2680    0.4630    0.1630    0.4079    0.1875    0.3120
 000179   I  0.663268  0.649474  0.156123    0.3939    0.3704    0.4180    0.2000    0.4158    0.1760    0.3042
 000180   S  0.656585  0.605396  0.148089    0.3885    0.4940    0.3270    0.1450    0.4120    0.1738    0.3029
 000181   N  0.635929  0.556487  0.140239    0.4037    0.4017    0.2790    0.1110    0.3795    0.1661    0.2994
 000182   P  0.615574  0.500629  0.135350    0.5084    0.4979    0.2330    0.0910    0.3926    0.1720    0.2981
 000183   G  0.650767  0.414321  0.132308    0.4245    0.4864    0.2070    0.0890    0.3638    0.1741    0.2971
 000184   P  0.677336  0.330625  0.130411    0.4379    0.4476    0.1590    0.0730    0.3421    0.1876    0.3016
 000185   T  0.665905  0.307355  0.130978    0.4149    0.4256    0.1320    0.0540    0.3244    0.1869    0.3039
 000186   V  0.615155  0.274862  0.131091    0.3578    0.4119    0.1310    0.0530    0.2984    0.1700    0.3011
 000187   A  0.566930  0.247833  0.129544    0.3717    0.3740    0.1490    0.0690    0.2849    0.1522    0.3005
 000188   F  0.492691  0.263091  0.127999    0.3630    0.3019    0.1730    0.0800    0.2657    0.1224    0.3020
 000189   L  0.410365  0.294522  0.124663    0.3053    0.2002    0.1750    0.0770    0.2309    0.0976    0.2983
 000190   D  0.333151  0.288645  0.119548    0.3311    0.3053    0.1560    0.0610    0.2357    0.0877    0.2974
 000191   P  0.249065  0.305191  0.114399    0.2531    0.2258    0.1440    0.0440    0.1962    0.0685    0.2918
 000192   Y  0.166231  0.337236  0.111539    0.2657    0.1424    0.1400    0.0350    0.1752    0.0826    0.2859
 000193   E  0.092916  0.339106  0.107362    0.1635    0.1028    0.1130    0.0240    0.1352    0.0880    0.2785
 000194   S  0.050236  0.345658  0.104757    0.1041    0.1028    0.0970    0.0210    0.1166    0.0981    0.2701
 000195   A  0.038114  0.366429  0.102872    0.0677    0.0870    0.0910    0.0200    0.1084    0.1110    0.2576
 000196   Q  0.025160  0.366857  0.101852    0.0677    0.0543    0.0840    0.0210    0.0997    0.1157    0.2491
 000197   K  0.015000  0.325688  0.098352    0.1018    0.0909    0.0870    0.0220    0.1033    0.0981    0.2459
 000198   A  0.009985  0.312307  0.096432    0.0723    0.1070    0.0910    0.0280    0.0988    0.0951    0.2431
 000199   V  0.005422  0.286925  0.094090    0.1240    0.1184    0.0920    0.0300    0.1044    0.0856    0.2425
 000200   Y  0.004714  0.239633  0.091399    0.1805    0.1298    0.0880    0.0380    0.1070    0.0759    0.2434
 000201   E  0.003771  0.207475  0.090900    0.0884    0.0835    0.0780    0.0330    0.0769    0.0616    0.2386
 000202   L  0.002789  0.182800  0.090481    0.0455    0.0433    0.0610    0.0160    0.0559    0.0583    0.2338
 000203   L  0.001827  0.169304  0.089416    0.0464    0.0749    0.0500    0.0100    0.0571    0.0535    0.2312
 000204   A  0.001282  0.151288  0.088647    0.0218    0.0704    0.0430    0.0090    0.0479    0.0512    0.2264
 000205   K  0.000722  0.145939  0.087001    0.0218    0.0424    0.0420    0.0100    0.0421    0.0499    0.2269
 000206   G  0.000693  0.164751  0.086020    0.0304    0.0518    0.0410    0.0120    0.0481    0.0543    0.2343
 000207   V  0.002394  0.166389  0.085996    0.0131    0.0281    0.0410    0.0120    0.0418    0.0578    0.2418
 000208   N  0.002448  0.166709  0.085748    0.0141    0.0287    0.0370    0.0110    0.0414    0.0579    0.2533
 000209   K  0.002254  0.166195  0.087534    0.0090    0.0389    0.0330    0.0050    0.0416    0.0582    0.2658
 000210   I  0.002207  0.158042  0.089696    0.0144    0.0646    0.0350    0.0040    0.0457    0.0546    0.2794
 000211   V  0.002197  0.134944  0.091354    0.0279    0.0690    0.0360    0.0050    0.0449    0.0466    0.3009
 000212   V  0.004638  0.125130  0.092938    0.0268    0.0605    0.0400    0.0110    0.0429    0.0434    0.3295
 000213   L  0.018384  0.119738  0.095603    0.0212    0.0592    0.0480    0.0150    0.0445    0.0403    0.3567
 000214   S  0.029612  0.127918  0.100077    0.0376    0.0799    0.0640    0.0200    0.0566    0.0380    0.3806
 000215   H  0.037832  0.134574  0.103786    0.0245    0.0967    0.0820    0.0270    0.0625    0.0418    0.4065
 000216   L  0.044690  0.158997  0.106205    0.0179    0.0985    0.0950    0.0230    0.0692    0.0486    0.4217
 000217   G  0.054592  0.206907  0.110287    0.0182    0.0592    0.1090    0.0210    0.0747    0.0629    0.4300
 000218   Y  0.068927  0.283587  0.116462    0.0336    0.0592    0.1320    0.0230    0.0963    0.0845    0.4255
 000219   G  0.083261  0.345831  0.123043    0.0167    0.0543    0.1480    0.0260    0.1080    0.1082    0.4238
 000220   E  0.098111  0.378029  0.128983    0.0102    0.0356    0.1530    0.0420    0.1124    0.1218    0.4227
 000221   D  0.103748  0.392379  0.135554    0.0268    0.0690    0.1650    0.0630    0.1262    0.1198    0.4263
 000222   L  0.105551  0.372044  0.140562    0.0279    0.0676    0.1360    0.0430    0.1182    0.1126    0.4248
 000223   K  0.120262  0.300859  0.145403    0.0514    0.0555    0.0860    0.0320    0.1024    0.0881    0.4028
 000224   L  0.126823  0.245569  0.153212    0.0621    0.0581    0.0680    0.0280    0.0934    0.0716    0.3800
 000225   A  0.137994  0.202478  0.157564    0.0350    0.0581    0.0520    0.0200    0.0809    0.0675    0.3557
 000226   R  0.138515  0.154996  0.159941    0.0212    0.0568    0.0410    0.0130    0.0687    0.0630    0.3338
 000227   R  0.125193  0.123930  0.165883    0.0414    0.0967    0.0360    0.0080    0.0705    0.0543    0.3155
 000228   L  0.112232  0.108087  0.172623    0.0425    0.0967    0.0370    0.0080    0.0661    0.0541    0.3014
 000229   V  0.098756  0.094585  0.177843    0.0789    0.1611    0.0400    0.0090    0.0789    0.0558    0.2818
 000230   G  0.092444  0.107194  0.186810    0.0813    0.1702    0.0460    0.0150    0.0829    0.0584    0.2696
 000231   V  0.083637  0.139390  0.199399    0.0832    0.0985    0.0550    0.0190    0.0765    0.0579    0.2596
 000232   Q  0.057927  0.167389  0.212234    0.0813    0.0543    0.0580    0.0210    0.0699    0.0712    0.2543
 000233   V  0.043640  0.184999  0.223007    0.1088    0.0909    0.0620    0.0220    0.0818    0.0744    0.2545
 000234   I  0.024700  0.206901  0.235284    0.0723    0.0929    0.0720    0.0280    0.0782    0.0860    0.2556
 000235   V  0.015845  0.233205  0.246313    0.1380    0.0780    0.0970    0.0420    0.0936    0.0923    0.2633
 000236   G  0.016599  0.252917  0.254430    0.1732    0.1115    0.1250    0.0460    0.1133    0.0936    0.2750
 000237   G  0.016316  0.269361  0.261882    0.1018    0.1162    0.1470    0.0540    0.1084    0.0996    0.2882
 000238   H  0.016715  0.284208  0.269315    0.1117    0.1137    0.1590    0.0630    0.1142    0.1037    0.3076
 000239   S  0.017637  0.322349  0.275669    0.1878    0.1881    0.1730    0.0650    0.1481    0.1060    0.3204
 000240   H  0.014382  0.359966  0.278712    0.2558    0.1759    0.2000    0.0710    0.1677    0.1167    0.3347
 000241   T  0.019809  0.403096  0.283797    0.2657    0.1759    0.2740    0.0610    0.1897    0.1267    0.3424
 000242   L  0.032332  0.447778  0.285720    0.2558    0.2680    0.3420    0.0690    0.2244    0.1338    0.3473
 000243   L  0.038369  0.501692  0.288265    0.2385    0.2292    0.3510    0.0800    0.2265    0.1476    0.3507
 000244   G  0.048980  0.538730  0.291108    0.3263    0.2951    0.3890    0.0830    0.2664    0.1536    0.3526
 000245   S  0.070464  0.590661  0.290436    0.3885    0.4220    0.4430    0.1160    0.3192    0.1669    0.3547
 000246   F  0.080419  0.579370  0.291627    0.4600    0.4051    0.4810    0.1370    0.3344    0.1677    0.3532
 000247   P  0.093519  0.612672  0.293055    0.4781    0.4330    0.4720    0.1440    0.3483    0.1719    0.3486
 000248   H  0.092636  0.614073  0.292787    0.3806    0.4441    0.5370    0.1420    0.3447    0.1765    0.3435
 000249   K  0.092438  0.604098  0.290780    0.3939    0.3704    0.5600    0.1300    0.3369    0.1768    0.3342
 000250   E  0.101021  0.639556  0.290711    0.3885    0.3019    0.5680    0.1340    0.3332    0.1865    0.3294
 000251   L  0.111135  0.655680  0.289545    0.3263    0.2918    0.5450    0.1590    0.3216    0.1860    0.3252
 000252   S  0.123885  0.639863  0.291682    0.2657    0.2951    0.4620    0.1890    0.2977    0.1709    0.3235
 000253   P  0.128004  0.620663  0.290127    0.3263    0.4087    0.4150    0.1880    0.3165    0.1566    0.3215
 000254   A  0.120506  0.583073  0.290052    0.3992    0.5139    0.3970    0.2000    0.3355    0.1577    0.3189
 000255   G  0.129217  0.517741  0.286135    0.4116    0.5139    0.3600    0.1950    0.3220    0.1432    0.3160
 000256   P  0.179267  0.487303  0.282817    0.4203    0.5098    0.2990    0.1380    0.3159    0.1278    0.3130
 000257   Y  0.228971  0.477367  0.281714    0.5229    0.6755    0.2620    0.1120    0.3612    0.1693    0.3077
 000258   P  0.286914  0.470824  0.279056    0.4918    0.5456    0.2210    0.0730    0.3359    0.1325    0.3057
 000259   T  0.321616  0.474354  0.272751    0.5008    0.4541    0.2210    0.0730    0.3287    0.1164    0.3015
 000260   V  0.322425  0.504770  0.266690    0.4379    0.3948    0.2260    0.0800    0.3143    0.1066    0.3009
 000261   V  0.303794  0.525018  0.257665    0.3578    0.3117    0.2170    0.0860    0.2859    0.1071    0.3013
 000262   K  0.288397  0.516781  0.244993    0.3806    0.4017    0.2080    0.0730    0.2992    0.1124    0.3034
 000263   N  0.272615  0.524863  0.232229    0.3146    0.3740    0.2190    0.0680    0.2841    0.1111    0.3070
 000264   P  0.253178  0.533595  0.220657    0.3005    0.2541    0.1990    0.0580    0.2568    0.1177    0.3123
 000265   E  0.188477  0.483791  0.209803    0.2963    0.3019    0.1820    0.0370    0.2422    0.1098    0.3247
 000266   G  0.137129  0.416542  0.199615    0.2167    0.2094    0.1490    0.0490    0.1882    0.0980    0.3392
 000267   K  0.076106  0.380386  0.191041    0.2080    0.1852    0.1100    0.0450    0.1599    0.1017    0.3620
 000268   D  0.027444  0.288818  0.181879    0.2292    0.2645    0.0780    0.0240    0.1480    0.1005    0.3886
 000269   V  0.003595  0.206138  0.172885    0.2122    0.1731    0.0650    0.0240    0.1101    0.0826    0.4079
 000270   L  0.002700  0.141781  0.164818    0.1998    0.1137    0.0600    0.0200    0.0863    0.0714    0.4294
 000271   V  0.001753  0.109407  0.158276    0.1844    0.1643    0.0520    0.0120    0.0853    0.0708    0.4249
 000272   V  0.001766  0.079731  0.149762    0.1732    0.1528    0.0490    0.0100    0.0761    0.0671    0.4151
 000273   Q  0.001425  0.075268  0.148007    0.1766    0.0985    0.0500    0.0150    0.0670    0.0636    0.4040
 000274   A  0.001159  0.073191  0.146102    0.1117    0.1007    0.0520    0.0200    0.0565    0.0523    0.3895
 000275   W  0.000939  0.067961  0.142927    0.0567    0.0543    0.0420    0.0130    0.0370    0.0487    0.3740
 000276   E  0.000722  0.074974  0.143236    0.0587    0.0506    0.0350    0.0120    0.0367    0.0496    0.3741
 000277   W  0.000431  0.087837  0.143906    0.0376    0.0258    0.0410    0.0200    0.0322    0.0528    0.3773
 000278   G  0.000293  0.086888  0.144482    0.0395    0.0287    0.0430    0.0190    0.0331    0.0525    0.3970
 000279   K  0.000261  0.086675  0.145745    0.0179    0.0223    0.0440    0.0160    0.0285    0.0552    0.4153
 000280   V  0.000197  0.086123  0.147008    0.0308    0.0320    0.0450    0.0150    0.0324    0.0536    0.4268
 000281   V  0.000180  0.084082  0.147808    0.0387    0.0518    0.0490    0.0140    0.0373    0.0519    0.4250
 000282   G  0.001899  0.084316  0.150307    0.0490    0.0870    0.0500    0.0120    0.0453    0.0519    0.4140
 000283   L  0.001907  0.092711  0.154341    0.0744    0.0780    0.0490    0.0100    0.0493    0.0526    0.4077
 000284   L  0.002040  0.110277  0.162635    0.0789    0.0443    0.0480    0.0090    0.0472    0.0582    0.3972
 000285   E  0.002170  0.124965  0.167436    0.0554    0.0443    0.0460    0.0100    0.0455    0.0621    0.3796
 000286   V  0.006750  0.141256  0.174547    0.0514    0.0443    0.0500    0.0100    0.0489    0.0660    0.3568
 000287   T  0.012360  0.174513  0.182587    0.0387    0.0398    0.0570    0.0130    0.0537    0.0746    0.3413
 000288   F  0.017245  0.182501  0.189657    0.0304    0.0704    0.0730    0.0210    0.0623    0.0752    0.3206
 000289   D  0.020407  0.206962  0.195196    0.0279    0.0780    0.0810    0.0290    0.0691    0.0808    0.3068
 000290   A  0.025066  0.245463  0.206527    0.0297    0.0646    0.0930    0.0390    0.0764    0.0920    0.2875
 000291   K  0.029737  0.268027  0.212666    0.0526    0.0605    0.1050    0.0410    0.0860    0.0953    0.2658
 000292   G  0.033355  0.282142  0.221033    0.0660    0.0555    0.1190    0.0390    0.0927    0.0989    0.2512
 000293   E  0.044209  0.292593  0.230441    0.0387    0.0424    0.1240    0.0410    0.0902    0.1071    0.2375
 000294   L  0.055152  0.291022  0.240516    0.0376    0.0765    0.1130    0.0350    0.0956    0.1040    0.2201
 000295   L  0.079114  0.283433  0.250687    0.0455    0.1449    0.0990    0.0270    0.1086    0.0975    0.2067
 000296   A  0.105094  0.289879  0.260025    0.0414    0.1449    0.0890    0.0240    0.1117    0.1003    0.1962
 000297   Y  0.137161  0.296847  0.270133    0.0813    0.1759    0.1060    0.0290    0.1328    0.0922    0.1910
 000298   K  0.208357  0.316464  0.279164    0.0935    0.1449    0.1120    0.0350    0.1458    0.0955    0.1896
 000299   G  0.253124  0.311581  0.284023    0.1240    0.2715    0.1280    0.0450    0.1814    0.0884    0.1922
 000300   E  0.269682  0.306520  0.288908    0.0884    0.2752    0.1280    0.0530    0.1780    0.0976    0.2003
 000301   A  0.295340  0.305741  0.296452    0.1349    0.3149    0.1260    0.0560    0.1962    0.0954    0.2100
 000302   L  0.293556  0.311704  0.304819    0.1698    0.2129    0.1110    0.0420    0.1832    0.0910    0.2256
 000303   L  0.292347  0.334973  0.314417    0.1844    0.1275    0.1240    0.0500    0.1771    0.1020    0.2415
 000304   M  0.331372  0.369624  0.322054    0.1041    0.0985    0.1350    0.0570    0.1731    0.1276    0.2587
 000305   T  0.388677  0.403184  0.331902    0.1018    0.1528    0.1460    0.0650    0.1988    0.1353    0.2759
 000306   P  0.435574  0.421126  0.338261    0.1322    0.2399    0.1590    0.0740    0.2313    0.1318    0.2887
 000307   E  0.439121  0.437021  0.342761    0.1495    0.2399    0.1720    0.0950    0.2396    0.1305    0.2994
 000308   A  0.411245  0.434651  0.346050    0.2700    0.2503    0.1580    0.0810    0.2540    0.1120    0.3029
 000309   A  0.415954  0.459193  0.351974    0.2385    0.1759    0.1240    0.0560    0.2357    0.1366    0.3084
 000310   P  0.422282  0.468327  0.354789    0.1635    0.1528    0.1050    0.0440    0.2187    0.1541    0.3172
 000311   E  0.457363  0.460858  0.358824    0.0909    0.0835    0.1020    0.0390    0.1990    0.1804    0.3190
 000312   D  0.487299  0.447103  0.359228    0.0909    0.0835    0.1200    0.0540    0.2048    0.1813    0.3200
 000313   F  0.451200  0.407229  0.357329    0.0884    0.1373    0.1360    0.0580    0.2034    0.1575    0.3095
 000314   F  0.384210  0.362795  0.349268    0.1178    0.2364    0.1360    0.0540    0.2061    0.1228    0.2925
 000315   A  0.315870  0.333038  0.342099    0.1566    0.2064    0.1060    0.0400    0.1863    0.1083    0.2766
 000316   K  0.253951  0.306721  0.336319    0.1805    0.1643    0.0880    0.0240    0.1656    0.1026    0.2628
 000317   E  0.242888  0.274220  0.329431    0.0965    0.1206    0.0900    0.0260    0.1374    0.1087    0.2570
 000318   A  0.216100  0.242802  0.323481    0.0621    0.0676    0.0910    0.0270    0.1133    0.1130    0.2500
 000319   L  0.180670  0.232264  0.318956    0.0660    0.0646    0.1020    0.0320    0.1076    0.1074    0.2503
 000320   L  0.137455  0.216852  0.317075    0.0514    0.0817    0.1310    0.0450    0.1030    0.1032    0.2496
 000321   A  0.119066  0.209957  0.311855    0.0316    0.0719    0.1800    0.0800    0.1020    0.1063    0.2438
 000322   Y  0.114538  0.220930  0.310841    0.0286    0.0424    0.2210    0.1000    0.1045    0.1150    0.2417
 000323   A  0.162784  0.231649  0.305988    0.0268    0.0227    0.2300    0.1000    0.1124    0.1180    0.2413
 000324   Q  0.168635  0.214942  0.299034    0.0304    0.0364    0.2190    0.0850    0.1116    0.1102    0.2432
 000325   P  0.166727  0.206769  0.290657    0.0297    0.0780    0.1950    0.0710    0.1127    0.0986    0.2486
 000326   V  0.180165  0.202940  0.282827    0.0297    0.0780    0.1940    0.0700    0.1141    0.0962    0.2514
 000327   M  0.203210  0.188567  0.274681    0.0336    0.0780    0.1940    0.0710    0.1162    0.0933    0.2566
 000328   A  0.219330  0.191222  0.269195    0.0212    0.0463    0.1700    0.0580    0.1080    0.1004    0.2552
 000329   L  0.243871  0.181652  0.264057    0.0286    0.0618    0.1580    0.0470    0.1124    0.0973    0.2550
 000330   M  0.288514  0.188716  0.258910    0.0308    0.0618    0.1580    0.0380    0.1214    0.1037    0.2515
 000331   Q  0.340743  0.187246  0.254508    0.0567    0.0676    0.1810    0.0510    0.1388    0.1081    0.2463
 000332   Q  0.342299  0.190830  0.247834    0.0395    0.0799    0.2130    0.0670    0.1443    0.1095    0.2424
 000333   V  0.392597  0.193612  0.242861    0.0441    0.1501    0.2350    0.0740    0.1693    0.1128    0.2379
 000334   I  0.445210  0.193883  0.236058    0.0554    0.1731    0.2320    0.0720    0.1832    0.1227    0.2360
 000335   A  0.491298  0.203295  0.231770    0.0567    0.1449    0.2050    0.0630    0.1835    0.1387    0.2377
 000336   E  0.533737  0.229147  0.225667    0.0478    0.0835    0.2070    0.0680    0.1835    0.1610    0.2405
 000337   A  0.584701  0.242593  0.222072    0.0660    0.0835    0.2460    0.0880    0.2038    0.1743    0.2428
 000338   K  0.635872  0.251404  0.218988    0.0567    0.1028    0.2660    0.1040    0.2187    0.1902    0.2443
 000339   V  0.648579  0.249019  0.215959    0.0478    0.1229    0.2390    0.1010    0.2178    0.1936    0.2508
 000340   D  0.650281  0.251856  0.211188    0.0789    0.1852    0.2070    0.1150    0.2289    0.1841    0.2614
 000341   L  0.659161  0.256103  0.207923    0.0991    0.2364    0.2040    0.1140    0.2424    0.1813    0.2686
 000342   V  0.668911  0.272300  0.203775    0.0965    0.2292    0.1770    0.0880    0.2407    0.1874    0.2760
 000343   G  0.673527  0.293182  0.202938    0.0965    0.2328    0.1570    0.0660    0.2421    0.1910    0.2852
 000344   E  0.670884  0.322223  0.203284    0.1495    0.2164    0.1470    0.0520    0.2510    0.1853    0.2949
 000345   R  0.630455  0.330751  0.206875    0.2385    0.3053    0.1430    0.0420    0.2747    0.1601    0.3005
 000346   A  0.590675  0.332925  0.212623    0.1998    0.3460    0.1520    0.0400    0.2702    0.1498    0.3021
 000347   V  0.541382  0.349846  0.217223    0.1921    0.2470    0.1580    0.0540    0.2481    0.1345    0.3010
 000348   V  0.493665  0.395884  0.226249    0.2333    0.1852    0.1640    0.0620    0.2454    0.1259    0.3033
 000349   R  0.446015  0.429938  0.233295    0.1698    0.1969    0.1880    0.0860    0.2384    0.1217    0.3034
 000350   R  0.394834  0.438986  0.239511    0.1667    0.2783    0.1860    0.0850    0.2441    0.1090    0.3023
 000351   R  0.356219  0.450482  0.238735    0.1602    0.2609    0.1640    0.0760    0.2319    0.1110    0.3016
 000352   E  0.303627  0.460675  0.237891    0.2483    0.3053    0.1280    0.0380    0.2410    0.1074    0.2999
 000353   S  0.254808  0.406027  0.241030    0.3263    0.2884    0.1200    0.0300    0.2326    0.0958    0.3017
 000354   N  0.331390  0.398543  0.249798    0.3053    0.2094    0.1150    0.0300    0.2265    0.1001    0.3040
 000355   L  0.407422  0.388875  0.258159    0.2255    0.1914    0.1000    0.0270    0.2188    0.1162    0.3163
 000356   G  0.406850  0.356403  0.261437    0.1667    0.2002    0.0840    0.0250    0.2024    0.1185    0.3284
 000357   N  0.379820  0.311874  0.262530    0.1998    0.2258    0.0790    0.0260    0.1994    0.1035    0.3457
 000358   L  0.349124  0.271834  0.261981    0.2700    0.3053    0.0780    0.0250    0.2124    0.0955    0.3656
 000359   I  0.327058  0.222666  0.258088    0.3359    0.3392    0.0730    0.0210    0.2163    0.1032    0.3805
 000360   T  0.286485  0.198758  0.256139    0.3359    0.3426    0.0740    0.0210    0.2064    0.1014    0.4001
 000361   D  0.270100  0.191684  0.258650    0.3096    0.3529    0.0820    0.0280    0.2010    0.0976    0.4161
 000362   G  0.253892  0.187751  0.258270    0.3096    0.3599    0.0880    0.0360    0.1998    0.0973    0.4295
 000363   M  0.153557  0.179908  0.256713    0.3053    0.2503    0.0920    0.0360    0.1635    0.0834    0.4232
 000364   L  0.052232  0.199623  0.253296    0.3146    0.2193    0.1130    0.0360    0.1498    0.0967    0.4151
 000365   W  0.030879  0.222950  0.249274    0.2333    0.1399    0.1480    0.0380    0.1292    0.0858    0.4116
 000366   K  0.040082  0.238606  0.244276    0.2820    0.2129    0.1700    0.0480    0.1573    0.0882    0.4261
 000367   T  0.053600  0.251631  0.239293    0.2041    0.2292    0.2110    0.0640    0.1582    0.0776    0.4251
 000368   R  0.103644  0.262743  0.235079    0.2122    0.2129    0.2600    0.0720    0.1752    0.0662    0.4035
 000369   N  0.137540  0.261900  0.231020    0.2865    0.2951    0.2720    0.0760    0.2088    0.0656    0.3781
 000370   A  0.170048  0.262334  0.228093    0.3630    0.3840    0.2510    0.0940    0.2384    0.0839    0.3557
 000371   G  0.232430  0.284325  0.227206    0.3578    0.2817    0.2230    0.0930    0.2299    0.0606    0.3303
 000372   T  0.299259  0.313018  0.224669    0.3578    0.2680    0.2360    0.0950    0.2457    0.0592    0.3068
 000373   Q  0.395642  0.322367  0.220990    0.2657    0.2328    0.2520    0.0870    0.2448    0.0707    0.2843
 000374   I  0.481684  0.338704  0.214851    0.2963    0.2715    0.2760    0.0920    0.2773    0.0911    0.2649
 000375   A  0.573217  0.356382  0.209169    0.3263    0.2609    0.2820    0.1040    0.2998    0.1216    0.2506
 000376   L  0.665109  0.369234  0.201449    0.4037    0.3740    0.3080    0.1290    0.3533    0.1447    0.2354
 000377   Q  0.713619  0.361993  0.192106    0.3053    0.3740    0.2940    0.1300    0.3415    0.1663    0.2258
 000378   N  0.782480  0.370493  0.184048    0.3263    0.3631    0.3230    0.1450    0.3609    0.1879    0.2204
 000379   G  0.850188  0.365464  0.172307    0.3225    0.3948    0.3180    0.1510    0.3752    0.2134    0.2175
 000380   G  0.888499  0.370770  0.162928    0.3184    0.2918    0.2650    0.1270    0.3557    0.2363    0.2197
 000381   G  0.925941  0.370621  0.152498    0.3806    0.3321    0.3150    0.1570    0.3873    0.2429    0.2227
 000382   I  0.931947  0.385492  0.146159    0.2913    0.2645    0.3290    0.1620    0.3670    0.2536    0.2279
 000383   R  0.944239  0.403525  0.139389    0.2913    0.2503    0.3110    0.1480    0.3667    0.2611    0.2356
 000384   A  0.898644  0.415451  0.129299    0.2041    0.2436    0.3220    0.1240    0.3473    0.2543    0.2429
 000385   S  0.837538  0.430461  0.115556    0.2748    0.2680    0.3150    0.1120    0.3543    0.2279    0.2490
 000386   I  0.756546  0.443014  0.104195    0.3005    0.2129    0.2990    0.1150    0.3354    0.2081    0.2512
 000387   P  0.692970  0.433923  0.098328    0.3005    0.3087    0.2440    0.1170    0.3300    0.1848    0.2575
 000388   K  0.593136  0.408792  0.094724    0.1998    0.2364    0.2130    0.0910    0.2752    0.1646    0.2628
 000389   G  0.494961  0.387157  0.092412    0.2122    0.1501    0.1730    0.0760    0.2362    0.1429    0.2666
 000390   P  0.389549  0.345739  0.091054    0.1532    0.1791    0.1440    0.0610    0.2019    0.1114    0.2726
 000391   I  0.286003  0.279752  0.088199    0.0965    0.1028    0.1290    0.0480    0.1490    0.0865    0.2749
 000392   T  0.182554  0.258109  0.084720    0.1117    0.1028    0.1070    0.0340    0.1271    0.0623    0.2819
 000393   V  0.123916  0.227285  0.083548    0.1088    0.1852    0.0950    0.0240    0.1233    0.0536    0.2845
 000394   G  0.077301  0.194497  0.083526    0.1060    0.1942    0.0770    0.0120    0.1082    0.0538    0.2834
 000395   K  0.053795  0.166594  0.083949    0.1292    0.1528    0.0730    0.0140    0.0959    0.0444    0.2862
 000396   V  0.015469  0.156632  0.083796    0.1266    0.1070    0.0780    0.0230    0.0806    0.0463    0.2916
 000397   Y  0.013438  0.136399  0.083153    0.1322    0.1251    0.0680    0.0210    0.0791    0.0460    0.3001
 000398   E  0.008699  0.123049  0.081616    0.0771    0.0817    0.0550    0.0150    0.0575    0.0370    0.3075
 000399   V  0.007807  0.116621  0.079631    0.0490    0.0888    0.0500    0.0150    0.0520    0.0371    0.3200
 000400   L  0.006808  0.110235  0.077537    0.0405    0.0543    0.0490    0.0190    0.0435    0.0344    0.3355
 000401   P  0.006617  0.104641  0.075089    0.0363    0.0433    0.0450    0.0180    0.0393    0.0334    0.3473
 000402   F  0.007569  0.097992  0.069188    0.0363    0.0765    0.0420    0.0130    0.0433    0.0319    0.3564
 000403   G  0.008544  0.098370  0.066412    0.0336    0.0719    0.0390    0.0120    0.0418    0.0313    0.3514
 000404   N  0.016753  0.093373  0.063428    0.0542    0.1184    0.0370    0.0080    0.0533    0.0355    0.3502
 000405   T  0.014640  0.094664  0.062079    0.0526    0.0704    0.0350    0.0080    0.0446    0.0274    0.3522
 000406   L  0.014798  0.103674  0.061113    0.0587    0.0433    0.0370    0.0120    0.0429    0.0291    0.3491
 000407   V  0.027189  0.107122  0.058869    0.0526    0.0543    0.0370    0.0150    0.0463    0.0271    0.3450
 000408   V  0.034100  0.123133  0.056745    0.0542    0.0765    0.0470    0.0180    0.0558    0.0303    0.3393
 000409   M  0.049172  0.148233  0.053919    0.0405    0.0414    0.0690    0.0230    0.0581    0.0386    0.3332
 000410   D  0.059397  0.182989  0.050907    0.0490    0.0690    0.1010    0.0280    0.0768    0.0477    0.3197
 000411   L  0.072037  0.203852  0.047278    0.0455    0.1229    0.1460    0.0420    0.0983    0.0578    0.3003
 000412   K  0.086016  0.248842  0.043831    0.0425    0.1007    0.1120    0.0330    0.0983    0.0696    0.2802
 000413   G  0.077445  0.270715  0.040725    0.0789    0.1251    0.1350    0.0460    0.1145    0.0742    0.2640
 000414   K  0.087313  0.292410  0.038588    0.0789    0.1275    0.1420    0.0580    0.1213    0.0812    0.2554
 000415   E  0.100445  0.278567  0.037010    0.0478    0.1206    0.1310    0.0500    0.1130    0.0795    0.2465
 000416   I  0.101279  0.278261  0.036126    0.0478    0.0676    0.1360    0.0450    0.1051    0.0820    0.2341
 000417   L  0.096855  0.269536  0.036053    0.0858    0.1206    0.1160    0.0470    0.1148    0.0723    0.2337
 000418   A  0.086233  0.243656  0.036642    0.0744    0.1791    0.1040    0.0410    0.1145    0.0700    0.2284
 000419   A  0.132528  0.231221  0.035457    0.1205    0.2503    0.1230    0.0510    0.1429    0.0729    0.2236
 000420   L  0.155335  0.247721  0.033444    0.1495    0.2575    0.1390    0.0580    0.1581    0.0752    0.2216
 000421   E  0.180129  0.248177  0.031390    0.1380    0.2436    0.1400    0.0580    0.1583    0.0738    0.2209
 000422   N  0.181521  0.248799  0.030919    0.1805    0.3249    0.1580    0.0720    0.1824    0.0897    0.2237
 000423   G  0.173475  0.295971  0.033434    0.1878    0.2292    0.1500    0.0670    0.1728    0.0801    0.2282
 000424   V  0.165806  0.328363  0.035119    0.1844    0.1611    0.1530    0.0700    0.1654    0.0857    0.2343
 000425   S  0.159547  0.335647  0.037384    0.1205    0.1702    0.1560    0.0660    0.1569    0.0892    0.2433
 000426   Q  0.161286  0.356577  0.040309    0.0660    0.1115    0.1490    0.0530    0.1408    0.1030    0.2494
 000427   W  0.165974  0.363998  0.043783    0.1266    0.1791    0.1390    0.0530    0.1624    0.0973    0.2582
 000428   E  0.110214  0.318422  0.049599    0.1380    0.2541    0.1100    0.0360    0.1552    0.0930    0.2521
 000429   N  0.074333  0.294018  0.056049    0.1667    0.2094    0.1030    0.0340    0.1413    0.0835    0.2484
 000430   T  0.034862  0.289714  0.060680    0.2041    0.2364    0.0900    0.0230    0.1426    0.0960    0.2460
 000431   A  0.036065  0.252650  0.063543    0.2209    0.2399    0.0790    0.0190    0.1381    0.0911    0.2401
 000432   G  0.035466  0.212050  0.067052    0.1998    0.2002    0.0720    0.0240    0.1199    0.0748    0.2389
 000433   R  0.031753  0.198733  0.075742    0.1349    0.1115    0.0700    0.0240    0.0912    0.0549    0.2376
 000434   F  0.038117  0.188540  0.082429    0.1178    0.1206    0.0720    0.0280    0.0895    0.0493    0.2409
 000435   L  0.043859  0.161176  0.089756    0.1060    0.1115    0.0630    0.0160    0.0810    0.0403    0.2397
 000436   Q  0.044883  0.161947  0.098811    0.1150    0.1115    0.0570    0.0100    0.0817    0.0422    0.2352
 000437   V  0.054455  0.162376  0.108147    0.0660    0.1070    0.0580    0.0120    0.0747    0.0420    0.2362
 000438   S  0.064933  0.154168  0.117311    0.1117    0.1969    0.0620    0.0190    0.0982    0.0514    0.2384
 000439   G  0.085859  0.145154  0.121369    0.0991    0.1583    0.0620    0.0200    0.0917    0.0390    0.2475
 000440   L  0.092508  0.150466  0.131563    0.1150    0.1476    0.0640    0.0180    0.0950    0.0377    0.2573
 000441   R  0.105430  0.159434  0.141824    0.0935    0.1399    0.0730    0.0240    0.0953    0.0384    0.2639
 000442   Y  0.134612  0.175529  0.151605    0.1178    0.1643    0.0930    0.0320    0.1142    0.0377    0.2734
 000443   A  0.150468  0.226258  0.161670    0.1150    0.1162    0.1120    0.0410    0.1200    0.0484    0.2775
 000444   F  0.162876  0.277560  0.169046    0.1178    0.0799    0.1600    0.0650    0.1330    0.0669    0.2807
 000445   D  0.173982  0.312457  0.175605    0.1266    0.1424    0.1980    0.0820    0.1589    0.0670    0.2764
 000446   L  0.217096  0.356811  0.179545    0.1349    0.1501    0.2340    0.0920    0.1821    0.0792    0.2716
 000447   S  0.260677  0.389831  0.179225    0.1266    0.1554    0.2410    0.1010    0.1956    0.0919    0.2668
 000448   R  0.280872  0.390006  0.179267    0.1205    0.1554    0.2320    0.0920    0.1965    0.0945    0.2565
 000449   P  0.358957  0.394175  0.178685    0.1240    0.1501    0.2600    0.0810    0.2145    0.1071    0.2464
 000450   A  0.432927  0.405945  0.183039    0.0744    0.1583    0.2530    0.0800    0.2208    0.1336    0.2303
 000451   G  0.503960  0.403313  0.188707    0.1205    0.2436    0.2350    0.0920    0.2510    0.1344    0.2159
 000452   S  0.576274  0.415278  0.195486    0.1240    0.2399    0.2380    0.1040    0.2656    0.1556    0.2037
 000453   R  0.658487  0.403015  0.201145    0.1921    0.3149    0.2750    0.1200    0.3072    0.1624    0.1894
 000454   V  0.739772  0.390798  0.200302    0.2122    0.2645    0.2700    0.1160    0.3129    0.1894    0.1794
 000455   V  0.778796  0.379927  0.199048    0.3053    0.2988    0.2380    0.0840    0.3334    0.1957    0.1745
 000456   R  0.809607  0.394335  0.197334    0.2209    0.3182    0.2270    0.0720    0.3283    0.2141    0.1729
 000457   V  0.855486  0.402510  0.193169    0.2292    0.3149    0.2400    0.0710    0.3403    0.2288    0.1765
 000458   E  0.854059  0.415144  0.190162    0.2558    0.3286    0.2110    0.0630    0.3441    0.2289    0.1846
 000459   V  0.850187  0.433230  0.186166    0.1844    0.2503    0.2190    0.0720    0.3229    0.2395    0.1943
 000460   K  0.755062  0.445461  0.181677    0.1667    0.2328    0.2050    0.0710    0.3009    0.2134    0.2062
 000461   T  0.692531  0.446223  0.179288    0.1322    0.2328    0.1820    0.0660    0.2809    0.2006    0.2235
 000462   E  0.626890  0.435322  0.179226    0.1322    0.2436    0.1510    0.0600    0.2649    0.1819    0.2383
 000463   K  0.532004  0.401514  0.177319    0.1088    0.1702    0.1230    0.0420    0.2225    0.1610    0.2548
 000464   G  0.446982  0.368745  0.169099    0.1117    0.1702    0.1070    0.0300    0.2007    0.1339    0.2792
 000465   Y  0.367897  0.329721  0.162327    0.1060    0.1702    0.0940    0.0180    0.1780    0.1093    0.3029
 000466   V  0.288792  0.290293  0.155742    0.1566    0.1702    0.0830    0.0170    0.1648    0.0796    0.3161
 000467   P  0.209654  0.259060  0.147272    0.1088    0.1206    0.0710    0.0120    0.1282    0.0681    0.3285
 000468   L  0.129727  0.231412  0.138418    0.1178    0.1823    0.0700    0.0140    0.1219    0.0558    0.3338
 000469   D  0.122992  0.209586  0.129679    0.0771    0.1823    0.0640    0.0160    0.1094    0.0563    0.3306
 000470   L  0.088002  0.183708  0.124690    0.1266    0.1449    0.0640    0.0170    0.1013    0.0437    0.3252
 000471   E  0.053012  0.161270  0.115357    0.1292    0.0909    0.0590    0.0160    0.0822    0.0429    0.3166
 000472   A  0.057095  0.136439  0.105282    0.0744    0.0704    0.0580    0.0200    0.0660    0.0335    0.3069
 000473   T  0.065311  0.112996  0.095945    0.0441    0.0704    0.0510    0.0150    0.0573    0.0290    0.3009
 000474   Y  0.070190  0.094153  0.087391    0.0350    0.0719    0.0460    0.0120    0.0528    0.0256    0.2925
 000475   R  0.069072  0.081923  0.079366    0.0363    0.0719    0.0430    0.0100    0.0504    0.0220    0.2762
 000476   V  0.066724  0.072192  0.072082    0.0567    0.1229    0.0430    0.0120    0.0602    0.0276    0.2605
 000477   V  0.067571  0.076019  0.066862    0.0858    0.1702    0.0390    0.0090    0.0732    0.0424    0.2508
 000478   V  0.066946  0.087925  0.065275    0.0789    0.0780    0.0400    0.0130    0.0586    0.0188    0.2389
 000479   N  0.062911  0.101624  0.062037    0.1292    0.1323    0.0450    0.0120    0.0786    0.0356    0.2328
 000480   N  0.060215  0.118067  0.059180    0.0660    0.0835    0.0470    0.0130    0.0625    0.0251    0.2313
 000481   F  0.050780  0.135771  0.054389    0.1060    0.0835    0.0560    0.0140    0.0721    0.0325    0.2314
 000482   I  0.036110  0.155927  0.048720    0.0677    0.0734    0.0640    0.0200    0.0662    0.0394    0.2328
 000483   A  0.026372  0.176906  0.041692    0.0502    0.0967    0.0860    0.0210    0.0727    0.0504    0.2299
 000484   N  0.019781  0.206643  0.034720    0.0464    0.0734    0.1100    0.0220    0.0760    0.0632    0.2265
 000485   G  0.018498  0.223529  0.032308    0.0858    0.1229    0.1200    0.0260    0.0951    0.0680    0.2258
 000486   G  0.015544  0.219338  0.032923    0.0660    0.1251    0.1100    0.0240    0.0893    0.0680    0.2269
 000487   D  0.021187  0.221276  0.033201    0.1060    0.1137    0.1070    0.0190    0.0948    0.0656    0.2274
 000488   G  0.044740  0.236786  0.038241    0.1495    0.1583    0.1320    0.0350    0.1202    0.0689    0.2321
 000489   F  0.076237  0.240849  0.041485    0.1380    0.1583    0.1670    0.0530    0.1301    0.0649    0.2372
 000490   T  0.082617  0.250753  0.047965    0.1292    0.1554    0.1770    0.0660    0.1324    0.0660    0.2364
 000491   V  0.092170  0.272523  0.054938    0.0813    0.1528    0.1660    0.0650    0.1275    0.0728    0.2344
 000492   L  0.099086  0.298190  0.061620    0.1495    0.2503    0.1800    0.0740    0.1629    0.0824    0.2340
 000493   K  0.106656  0.299079  0.062827    0.2167    0.2292    0.1690    0.0760    0.1701    0.0794    0.2271
 000494   E  0.126550  0.311247  0.067447    0.2483    0.2609    0.1710    0.0760    0.1863    0.0846    0.2313
 000495   A  0.150181  0.302489  0.073867    0.1635    0.2575    0.1670    0.0820    0.1734    0.0756    0.2361
 000496   Q  0.171048  0.287224  0.079328    0.1635    0.2258    0.1590    0.0850    0.1678    0.0653    0.2438
 000497   G  0.175041  0.277384  0.084897    0.1766    0.2436    0.1410    0.0670    0.1690    0.0649    0.2542
 000498   Y  0.167333  0.291166  0.095336    0.1380    0.2292    0.1420    0.0680    0.1612    0.0669    0.2678
 000499   R  0.161024  0.306347  0.106008    0.1532    0.1399    0.1330    0.0510    0.1490    0.0672    0.2699
 000500   V  0.154932  0.347799  0.114825    0.2483    0.2002    0.1360    0.0470    0.1813    0.0813    0.2797
 000501   D  0.146812  0.380810  0.126208    0.1732    0.2034    0.1370    0.0470    0.1735    0.0896    0.2942
 000502   T  0.140123  0.405618  0.141012    0.2041    0.1942    0.1380    0.0450    0.1803    0.0970    0.3091
 000503   G  0.116995  0.426881  0.155978    0.2963    0.1942    0.1430    0.0460    0.1962    0.1110    0.3244
 000504   F  0.090787  0.443892  0.175882    0.2385    0.1942    0.1410    0.0450    0.1847    0.1162    0.3493
 000505   S  0.069254  0.414595  0.193128    0.1635    0.1942    0.1190    0.0400    0.1600    0.1133    0.3610
 000506   D  0.044108  0.427766  0.210409    0.1844    0.1554    0.1050    0.0410    0.1527    0.1252    0.3718
 000507   A  0.024538  0.419197  0.222814    0.1921    0.1449    0.0980    0.0430    0.1464    0.1288    0.3783
 000508   E  0.027487  0.376103  0.236181    0.1380    0.1028    0.0940    0.0450    0.1231    0.1207    0.3802
 000509   S  0.028548  0.335624  0.246760    0.1921    0.1137    0.0830    0.0340    0.1254    0.1116    0.3787
 000510   F  0.031924  0.335153  0.260310    0.1456    0.1251    0.0710    0.0230    0.1182    0.1138    0.3820
 000511   M  0.039925  0.300470  0.271142    0.1532    0.1501    0.0680    0.0220    0.1186    0.1059    0.3755
 000512   D  0.047505  0.270615  0.282015    0.1495    0.1424    0.0770    0.0240    0.1144    0.1003    0.3643
 000513   Y  0.080681  0.274211  0.294688    0.1266    0.0851    0.0950    0.0260    0.1102    0.1024    0.3501
 000514   L  0.103834  0.276193  0.302127    0.1292    0.0929    0.1190    0.0310    0.1202    0.0988    0.3343
 000515   K  0.129826  0.254520  0.308848    0.1416    0.1671    0.1430    0.0570    0.1394    0.0845    0.3136
 000516   E  0.145981  0.269902  0.319129    0.1532    0.1643    0.1620    0.0730    0.1492    0.0855    0.3002
 000517   L  0.179753  0.278807  0.327954    0.1416    0.0948    0.1820    0.0870    0.1462    0.0964    0.2839
 000518   K  0.212210  0.272124  0.338103    0.1635    0.1229    0.1830    0.0890    0.1590    0.0909    0.2667
 000519   V  0.248198  0.268072  0.347785    0.0884    0.0765    0.1900    0.0910    0.1452    0.1131    0.2550
 000520   V  0.325292  0.298727  0.359964    0.0935    0.0463    0.1900    0.0800    0.1589    0.1326    0.2442
 000521   E  0.395132  0.300901  0.366641    0.1041    0.0985    0.2080    0.0820    0.1845    0.1326    0.2372
 000522   A  0.450081  0.287927  0.369915    0.0771    0.1323    0.2220    0.0830    0.1950    0.1431    0.2313
 000523   G  0.510379  0.295268  0.375849    0.0723    0.1449    0.2160    0.0790    0.2065    0.1585    0.2302
 000524   L  0.575197  0.304510  0.385323    0.1205    0.2034    0.2090    0.0780    0.2354    0.1621    0.2337
 000525   E  0.647121  0.300163  0.393713    0.1921    0.2783    0.1930    0.0670    0.2685    0.1691    0.2301
 000526   G  0.702048  0.311112  0.403031    0.1921    0.2988    0.1900    0.0620    0.2823    0.1864    0.2263
 000527   R  0.755955  0.337472  0.409691    0.1805    0.2817    0.1900    0.0650    0.2910    0.2061    0.2234
 000528   I  0.804362  0.357918  0.418120    0.2531    0.3872    0.2060    0.0750    0.3348    0.2057    0.2231
 000529   E  0.806242  0.382421  0.420646    0.2558    0.3631    0.2170    0.0690    0.3374    0.2044    0.2262
 000530   V  0.787218  0.442172  0.425956    0.3456    0.3566    0.2360    0.0650    0.3613    0.1863    0.2266
 000531   L  0.777503  0.491759  0.430385    0.3762    0.3149    0.2360    0.0650    0.3660    0.1867    0.2313
 000532   N  0.751604  0.535648  0.432006    0.2913    0.2715    0.2340    0.0610    0.3474    0.1948    0.2340
 000533   E  0.726216  0.545485  0.426487    0.2432    0.2292    0.2450    0.0640    0.3315    0.1985    0.2398
 000534   P  0.698773  0.578670  0.430384    0.2080    0.2258    0.2410    0.0690    0.3253    0.2023    0.2456
 000535   K  0.671476  0.536005  0.424680    0.2080    0.2399    0.2390    0.0870    0.3158    0.1871    0.2455
 000536   G  0.646193  0.517416  0.422838    0.1844    0.2575    0.2470    0.0930    0.3088    0.1790    0.2549
 000537   E  0.604178  0.489261  0.425910    0.1292    0.2575    0.2380    0.0880    0.2864    0.1777    0.2684
 000538   R  0.571079  0.455853  0.427567    0.1566    0.1881    0.2310    0.0940    0.2671    0.1701    0.2775
 000539   P  0.561711  0.397687  0.428655    0.2385    0.2094    0.2480    0.1050    0.2758    0.1452    0.2926
 000540   A  0.515171  0.331591  0.433058    0.1667    0.1969    0.3340    0.1440    0.2574    0.1418    0.3041
 000541   Y  0.468896  0.261956  0.434767    0.1667    0.1969    0.3620    0.1490    0.2427    0.1357    0.3149
 000542   F  0.415994  0.210521  0.439276    0.2385    0.2680    0.3540    0.1420    0.2478    0.1141    0.3129
 000543   A  0.379374  0.174072  0.442276    0.1698    0.2292    0.4710    0.1000    0.2373    0.1446    0.3041
 000544   Y  0.360021  0.170817  0.443604    0.1998    0.1914    0.4150    0.1540    0.2228    0.1345    0.2935
 000545   R  0.337613  0.196255  0.451356    0.2167    0.1399    0.4290    0.1100    0.2200    0.1404    0.2782
 000546   V  0.373549  0.221351  0.460823    0.2700    0.1206    0.4840    0.1050    0.2449    0.1511    0.2697
 000547   P  0.369543  0.271263  0.465773    0.3184    0.0985    0.5220    0.0890    0.2633    0.1578    0.2605
 000548   G  0.376183  0.358842  0.470156    0.3535    0.0676    0.6300    0.0670    0.2976    0.1853    0.2555
 000549   L  0.400072  0.463719  0.472855    0.4078    0.0506    0.7120    0.1200    0.3390    0.2097    0.2515
 000550   V  0.742131  0.552120  0.471051    0.4282    0.0269    0.7710    0.1410    0.4201    0.2587    0.2411
 000551   G  0.462891  0.583181  0.465646    0.5043    0.0244    0.7960    0.0990    0.3951    0.2432    0.2313
 000552   V  0.509533  0.676596  0.462407    0.6219    0.0356    0.8510    0.0850    0.4491    0.2639    0.2188
