#RESNUM RES     VL-XT     VSL2B       VL3  IUPred-S  IUPred-L  PONDRFIT  FITERROR       MDP  MDPERROR   ANCHOR2
 000001   M  0.616925  0.770735  0.318886    0.6870    0.1251    0.9550    0.0240    0.5258    0.2834    0.2827
 000002   F  0.647882  0.748801  0.321497    0.6715    0.0835    0.9000    0.0350    0.5086    0.2807    0.2940
 000003   K  0.507904  0.741481  0.327462    0.6334    0.1298    0.8530    0.0660    0.4776    0.2514    0.3079
 000004   S  0.367399  0.651967  0.331671    0.5084    0.1298    0.7900    0.0590    0.4080    0.2238    0.3190
 000005   L  0.498590  0.558762  0.333522    0.4749    0.0870    0.7200    0.0970    0.3899    0.2048    0.3300
 000006   S  0.479681  0.486075  0.334570    0.3939    0.1137    0.6760    0.1330    0.3582    0.1797    0.3392
 000007   Q  0.444364  0.416054  0.341173    0.2558    0.0780    0.6930    0.0830    0.3146    0.1961    0.3491
 000008   L  0.422828  0.363118  0.356082    0.2122    0.1092    0.6780    0.1100    0.2976    0.1875    0.3550
 000009   F  0.429511  0.332848  0.369602    0.1060    0.0704    0.6210    0.1750    0.2599    0.1983    0.3680
 000010   R  0.436867  0.307580  0.376533    0.0858    0.0888    0.5900    0.0690    0.2515    0.1921    0.3914
 000011   P  0.420382  0.308678  0.387323    0.0350    0.0909    0.5900    0.1520    0.2408    0.2021    0.4149
 000012   R  0.423046  0.325278  0.397826    0.0441    0.1115    0.5490    0.1360    0.2422    0.1890    0.4282
 000013   V  0.409097  0.327265  0.408328    0.0701    0.1702    0.4520    0.1080    0.2381    0.1553    0.4119
 000014   E  0.387082  0.346157  0.418105    0.0677    0.1070    0.3080    0.0850    0.2026    0.1525    0.4007
 000015   A  0.417901  0.347658  0.429827    0.0554    0.1048    0.3000    0.0900    0.2043    0.1624    0.3911
 000016   L  0.468687  0.372558  0.438493    0.0660    0.1028    0.3070    0.0880    0.2196    0.1724    0.3832
 000017   G  0.518660  0.402211  0.450480    0.0677    0.0646    0.3220    0.0810    0.2291    0.1934    0.3750
 000018   L  0.552758  0.413444  0.463386    0.0405    0.0676    0.3610    0.0750    0.2393    0.2093    0.3646
 000019   E  0.566884  0.414332  0.475120    0.0464    0.0690    0.3600    0.0770    0.2428    0.2125    0.3521
 000020   I  0.603877  0.406257  0.484281    0.0991    0.1298    0.3530    0.0910    0.2654    0.1984    0.3378
 000021   G  0.605475  0.410626  0.494786    0.0621    0.1323    0.3320    0.0940    0.2572    0.2084    0.3375
 000022   A  0.620709  0.426456  0.505578    0.0526    0.1229    0.3320    0.0950    0.2591    0.2183    0.3386
 000023   S  0.642319  0.439599  0.519429    0.0542    0.1424    0.3180    0.0900    0.2660    0.2231    0.3418
 000024   A  0.577918  0.457913  0.536021    0.0935    0.2292    0.3070    0.0980    0.2776    0.1943    0.3448
 000025   L  0.514995  0.455444  0.549166    0.1041    0.1881    0.2950    0.1010    0.2597    0.1906    0.3484
 000026   K  0.465162  0.483532  0.566331    0.1456    0.1449    0.2950    0.1040    0.2557    0.1907    0.3489
 000027   L  0.435183  0.517453  0.581245    0.1921    0.2094    0.3160    0.1050    0.2784    0.1766    0.3508
 000028   V  0.429490  0.553267  0.596096    0.1292    0.1823    0.3290    0.1060    0.2705    0.2010    0.3498
 000029   E  0.403551  0.575288  0.612187    0.2041    0.1852    0.3520    0.1070    0.2867    0.1933    0.3521
 000030   V  0.411621  0.596252  0.623152    0.1667    0.1501    0.4050    0.1080    0.2883    0.2120    0.3564
 000031   S  0.419115  0.605721  0.633170    0.1844    0.2399    0.4050    0.1220    0.3091    0.1978    0.3677
 000032   G  0.461576  0.615734  0.645251    0.1566    0.2292    0.4030    0.1310    0.3111    0.2106    0.3743
 000033   N  0.555544  0.643411  0.658556    0.1878    0.2884    0.4040    0.1330    0.3464    0.2086    0.3811
 000034   P  0.641726  0.660679  0.669896    0.1878    0.3019    0.4150    0.1430    0.3678    0.2202    0.3894
 000035   P  0.717261  0.656993  0.679177    0.2432    0.3599    0.4690    0.1370    0.4078    0.2100    0.3964
 000036   A  0.775713  0.679259  0.692919    0.3263    0.4725    0.4950    0.1280    0.4582    0.1931    0.4014
 000037   L  0.826613  0.695009  0.705807    0.3535    0.4766    0.4530    0.1120    0.4674    0.2045    0.4093
 000038   K  0.884852  0.700527  0.714607    0.4600    0.4801    0.4280    0.1100    0.4923    0.2050    0.4108
 000039   A  0.931651  0.708645  0.717131    0.5296    0.4725    0.4560    0.1200    0.5164    0.2063    0.4158
 000040   L  0.979145  0.721923  0.718547    0.4420    0.4186    0.5420    0.1210    0.5173    0.2279    0.4215
 000041   A  0.987641  0.727472  0.723993    0.4513    0.5176    0.5350    0.1270    0.5364    0.2171    0.4288
 000042   S  0.974852  0.725470  0.727172    0.4149    0.5211    0.5550    0.1390    0.5319    0.2184    0.4330
 000043   R  0.958077  0.728508  0.727626    0.4245    0.4801    0.5770    0.1220    0.5280    0.2162    0.4286
 000044   P  0.952252  0.733617  0.723480    0.4282    0.3910    0.5940    0.1060    0.5165    0.2271    0.4198
 000045   T  0.950604  0.726703  0.717796    0.3762    0.3321    0.6400    0.1000    0.5042    0.2445    0.4162
 000046   P  0.948710  0.724265  0.710944    0.2865    0.3215    0.5980    0.1130    0.4798    0.2612    0.4153
 000047   P  0.947206  0.723090  0.706390    0.2913    0.3807    0.5870    0.1090    0.4881    0.2495    0.4154
 000048   G  0.945702  0.690310  0.700740    0.3762    0.4330    0.6170    0.1240    0.5103    0.2212    0.4177
 000049   L  0.943270  0.667946  0.694226    0.4078    0.4087    0.6320    0.1640    0.5099    0.2169    0.4168
 000050   L  0.940037  0.621489  0.682850    0.4078    0.3566    0.6330    0.1720    0.4932    0.2227    0.4180
 000051   M  0.940241  0.633032  0.674135    0.4458    0.4051    0.6070    0.1790    0.5052    0.2074    0.4205
 000052   E  0.937565  0.623567  0.663296    0.4037    0.4409    0.5590    0.1670    0.4941    0.2071    0.4303
 000053   G  0.924758  0.597722  0.647406    0.3668    0.4582    0.5330    0.1470    0.4801    0.2064    0.4252
 000054   M  0.903349  0.580102  0.628607    0.3762    0.3599    0.5400    0.1250    0.4600    0.2093    0.4159
 000055   V  0.878306  0.566562  0.609273    0.3630    0.3321    0.5490    0.1100    0.4482    0.2065    0.3933
 000056   A  0.853263  0.554705  0.592790    0.2531    0.3356    0.5360    0.1180    0.4221    0.2166    0.3763
 000057   E  0.834064  0.537932  0.574568    0.2292    0.2258    0.5310    0.1210    0.3930    0.2318    0.3636
 000058   P  0.815490  0.522190  0.554636    0.2122    0.1349    0.5530    0.1110    0.3729    0.2470    0.3540
 000059   A  0.802631  0.496647  0.535643    0.1380    0.0817    0.6230    0.0960    0.3570    0.2722    0.3490
 000060   A  0.794722  0.454958  0.516474    0.1322    0.1424    0.6220    0.1160    0.3578    0.2559    0.3491
 000061   L  0.794533  0.465852  0.501877    0.1150    0.1823    0.5770    0.1330    0.3558    0.2460    0.3512
 000062   A  0.795638  0.471567  0.486952    0.1416    0.2094    0.5360    0.1420    0.3591    0.2312    0.3500
 000063   Q  0.806866  0.452486  0.469487    0.1041    0.2064    0.5170    0.1400    0.3478    0.2396    0.3535
 000064   E  0.821404  0.453163  0.452023    0.1018    0.2002    0.4830    0.1280    0.3432    0.2418    0.3617
 000065   I  0.833399  0.432721  0.434002    0.1205    0.2292    0.4790    0.1140    0.3492    0.2353    0.3666
 000066   K  0.838407  0.419629  0.420893    0.1667    0.2988    0.4220    0.1110    0.3577    0.2172    0.3840
 000067   E  0.843540  0.402688  0.406272    0.1921    0.2328    0.4340    0.0770    0.3509    0.2216    0.3980
 000068   L  0.849583  0.395789  0.393743    0.1844    0.1528    0.4560    0.0840    0.3398    0.2376    0.4086
 000069   L  0.854230  0.384478  0.382158    0.1018    0.0851    0.4230    0.0870    0.3081    0.2630    0.4127
 000070   L  0.858277  0.362829  0.370260    0.0771    0.1115    0.3800    0.0970    0.2983    0.2625    0.4057
 000071   E  0.851984  0.364041  0.362284    0.0554    0.1092    0.3330    0.1150    0.2857    0.2643    0.3914
 000072   A  0.840040  0.358563  0.350911    0.0965    0.1070    0.3140    0.1190    0.2860    0.2534    0.3769
 000073   R  0.795880  0.343735  0.338933    0.0965    0.1275    0.2920    0.1200    0.2759    0.2357    0.3644
 000074   T  0.712025  0.328603  0.323658    0.0502    0.1349    0.2580    0.1050    0.2474    0.2160    0.3560
 000075   R  0.629720  0.323356  0.314485    0.0490    0.0734    0.2110    0.0810    0.2145    0.2007    0.3409
 000076   K  0.547474  0.314806  0.307799    0.0935    0.1115    0.1800    0.0600    0.2079    0.1632    0.3298
 000077   R  0.507392  0.291241  0.299770    0.0526    0.0719    0.1960    0.0660    0.1866    0.1622    0.3157
 000078   Y  0.489189  0.273486  0.295186    0.0425    0.0341    0.2490    0.0800    0.1814    0.1642    0.3009
 000079   V  0.454830  0.244876  0.286836    0.0455    0.0341    0.2850    0.0960    0.1774    0.1544    0.2867
 000080   V  0.379277  0.224698  0.278192    0.0441    0.0555    0.2960    0.0960    0.1666    0.1324    0.2777
 000081   T  0.300604  0.205349  0.272702    0.0478    0.1115    0.2840    0.0880    0.1583    0.1048    0.2741
 000082   A  0.262080  0.198953  0.266325    0.0414    0.0543    0.2970    0.0990    0.1423    0.1116    0.2679
 000083   L  0.265794  0.187344  0.263351    0.0621    0.0690    0.2990    0.1050    0.1472    0.1045    0.2554
 000084   S  0.295713  0.174037  0.262932    0.0336    0.0433    0.2990    0.1060    0.1409    0.1196    0.2392
 000085   N  0.369659  0.155771  0.263615    0.0350    0.0483    0.3170    0.0980    0.1543    0.1355    0.2157
 000086   L  0.393411  0.173559  0.266288    0.0212    0.0483    0.3040    0.0800    0.1568    0.1415    0.1970
 000087   A  0.407588  0.148161  0.267754    0.0259    0.0389    0.2740    0.0680    0.1491    0.1437    0.1755
 000088   V  0.369423  0.148672  0.268769    0.0245    0.0473    0.2750    0.0630    0.1441    0.1336    0.1592
 000089   I  0.381647  0.126526  0.271677    0.0327    0.0506    0.2620    0.0670    0.1422    0.1348    0.1486
 000090   L  0.421260  0.137880  0.274094    0.0621    0.0799    0.2400    0.0510    0.1568    0.1328    0.1439
 000091   R  0.488080  0.156260  0.277125    0.0542    0.1373    0.2360    0.0450    0.1787    0.1452    0.1356
 000092   P  0.555083  0.174210  0.278664    0.0502    0.1028    0.2310    0.0510    0.1856    0.1696    0.1303
 000093   I  0.596883  0.196299  0.280096    0.0677    0.1373    0.2480    0.0630    0.2077    0.1746    0.1295
 000094   Q  0.604451  0.223221  0.282942    0.0909    0.2224    0.2480    0.0700    0.2315    0.1643    0.1341
 000095   V  0.608276  0.278353  0.286476    0.0935    0.1942    0.2470    0.0570    0.2368    0.1656    0.1426
 000096   P  0.613647  0.357124  0.293722    0.0991    0.1229    0.2630    0.0570    0.2427    0.1773    0.1591
 000097   K  0.687508  0.422267  0.298058    0.1322    0.1852    0.3770    0.0860    0.3007    0.1880    0.1727
 000098   M  0.752509  0.461764  0.299170    0.0965    0.1298    0.4490    0.1110    0.3149    0.2285    0.1920
 000099   P  0.799718  0.519687  0.304549    0.1349    0.2064    0.4030    0.1120    0.3439    0.2259    0.2068
 000100   L  0.795272  0.520932  0.308303    0.1292    0.2715    0.3940    0.1080    0.3518    0.2179    0.2191
 000101   K  0.786937  0.494336  0.312818    0.2041    0.3740    0.3480    0.1190    0.3678    0.1923    0.2279
 000102   E  0.783250  0.512518  0.315375    0.1878    0.3704    0.3120    0.1050    0.3609    0.1983    0.2410
 000103   M  0.739384  0.521545  0.320013    0.1805    0.2541    0.2950    0.1020    0.3317    0.1969    0.2498
 000104   E  0.736522  0.482282  0.327390    0.2602    0.2503    0.2140    0.0700    0.3239    0.1902    0.2504
 000105   E  0.718565  0.460664  0.338965    0.1732    0.2752    0.1780    0.0490    0.3009    0.1973    0.2452
 000106   A  0.690333  0.418429  0.348889    0.1766    0.2364    0.1420    0.0360    0.2773    0.1940    0.2400
 000107   V  0.676110  0.377243  0.359802    0.1766    0.2364    0.1220    0.0280    0.2647    0.1915    0.2338
 000108   R  0.668754  0.326642  0.366896    0.1178    0.1501    0.1200    0.0260    0.2305    0.2047    0.2356
 000109   W  0.668192  0.292456  0.370545    0.1667    0.1969    0.1270    0.0290    0.2419    0.1923    0.2339
 000110   E  0.665945  0.273910  0.376661    0.0965    0.1852    0.1180    0.0200    0.2232    0.2045    0.2374
 000111   A  0.624014  0.248067  0.381558    0.1878    0.1969    0.1190    0.0250    0.2293    0.1800    0.2418
 000112   E  0.583018  0.228195  0.386720    0.2080    0.1399    0.1190    0.0220    0.2130    0.1740    0.2409
 000113   R  0.510996  0.208614  0.393432    0.1349    0.0765    0.1310    0.0210    0.1770    0.1700    0.2363
 000114   Y  0.445509  0.185532  0.398867    0.1205    0.1070    0.1690    0.0460    0.1713    0.1494    0.2354
 000115   I  0.384306  0.173454  0.408775    0.0677    0.0483    0.2000    0.0660    0.1456    0.1557    0.2412
 000116   P  0.359840  0.180618  0.418690    0.0771    0.0356    0.2390    0.0920    0.1487    0.1552    0.2545
 000117   F  0.303143  0.185614  0.426614    0.0542    0.0518    0.2840    0.1270    0.1464    0.1532    0.2669
 000118   P  0.250377  0.186147  0.430855    0.0789    0.0494    0.3010    0.1230    0.1444    0.1489    0.2764
 000119   I  0.192048  0.203941  0.435598    0.1018    0.0568    0.3400    0.1470    0.1491    0.1495    0.2795
 000120   D  0.192464  0.226962  0.442401    0.1088    0.1229    0.3620    0.1340    0.1688    0.1424    0.2955
 000121   E  0.250002  0.251256  0.452012    0.1018    0.0662    0.3690    0.1190    0.1730    0.1553    0.3056
 000122   V  0.316235  0.243317  0.457114    0.1416    0.0817    0.3790    0.1350    0.1937    0.1509    0.3137
 000123   V  0.392923  0.220646  0.468583    0.0771    0.0799    0.3590    0.1480    0.1883    0.1707    0.3313
 000124   L  0.481306  0.242260  0.475632    0.0884    0.0518    0.3290    0.1300    0.1989    0.1867    0.3567
 000125   D  0.529368  0.242028  0.486866    0.1602    0.0967    0.3160    0.1300    0.2240    0.1786    0.3758
 000126   F  0.599872  0.251063  0.496092    0.1532    0.1823    0.3460    0.1240    0.2554    0.1829    0.3816
 000127   A  0.670280  0.236136  0.497848    0.1349    0.1583    0.3270    0.1090    0.2544    0.2087    0.3789
 000128   P  0.747237  0.262587  0.500667    0.2209    0.2817    0.3130    0.1120    0.3043    0.2017    0.3761
 000129   L  0.799075  0.289381  0.505746    0.1998    0.2575    0.3250    0.1150    0.3118    0.2203    0.3761
 000130   T  0.825069  0.307066  0.505745    0.3053    0.2849    0.3050    0.1000    0.3379    0.2127    0.3773
 000131   P  0.843320  0.353433  0.506923    0.2820    0.2752    0.3170    0.0890    0.3452    0.2176    0.3580
 000132   L  0.844148  0.406203  0.513218    0.1878    0.1852    0.3830    0.0960    0.3344    0.2391    0.3388
 000133   S  0.844688  0.462477  0.518596    0.2602    0.2193    0.4250    0.0970    0.3686    0.2218    0.3151
 000134   E  0.842839  0.501205  0.523491    0.2558    0.2193    0.4940    0.1000    0.3856    0.2228    0.2876
 000135   V  0.834391  0.556961  0.524834    0.3005    0.2680    0.5440    0.0910    0.4174    0.2070    0.2511
 000136   Q  0.834419  0.595901  0.528124    0.1921    0.2164    0.5400    0.0890    0.3965    0.2393    0.2237
 000137   E  0.838408  0.580049  0.529109    0.2333    0.2951    0.5470    0.0770    0.4156    0.2174    0.2063
 000138   G  0.841012  0.567398  0.528860    0.2255    0.3182    0.5230    0.0890    0.4126    0.2149    0.1894
 000139   E  0.842241  0.548993  0.533685    0.1635    0.2951    0.5260    0.0980    0.3960    0.2319    0.1708
 000140   Q  0.841760  0.483177  0.531339    0.2333    0.3910    0.5080    0.0970    0.4095    0.2034    0.1489
 000141   V  0.844501  0.439382  0.532159    0.2292    0.3460    0.4790    0.0860    0.3897    0.2103    0.1329
 000142   Q  0.840886  0.395435  0.534523    0.2209    0.2436    0.4620    0.0850    0.3604    0.2257    0.1246
 000143   V  0.834747  0.338826  0.532546    0.2700    0.2918    0.4580    0.1140    0.3655    0.2129    0.1174
 000144   M  0.832102  0.314146  0.526760    0.1921    0.2918    0.4640    0.1140    0.3491    0.2263    0.1151
 000145   V  0.826610  0.317430  0.521151    0.1416    0.2034    0.4700    0.1210    0.3264    0.2443    0.1104
 000146   A  0.805027  0.330734  0.509025    0.2122    0.1942    0.4530    0.1080    0.3326    0.2246    0.1094
 000147   A  0.782070  0.334244  0.498328    0.1456    0.2034    0.4700    0.1090    0.3225    0.2271    0.1066
 000148   A  0.765339  0.343309  0.487328    0.0771    0.1611    0.4860    0.1150    0.3055    0.2421    0.1044
 000149   R  0.748284  0.345569  0.481126    0.0832    0.1007    0.5160    0.1120    0.2989    0.2484    0.1035
 000150   Q  0.737534  0.368845  0.474711    0.0542    0.0851    0.5280    0.0990    0.2956    0.2548    0.1075
 000151   E  0.719022  0.358173  0.467137    0.0304    0.0835    0.5290    0.1110    0.2866    0.2550    0.1122
 000152   A  0.703033  0.343982  0.458265    0.0490    0.1070    0.5190    0.0920    0.2869    0.2410    0.1130
 000153   V  0.695766  0.343500  0.456155    0.0478    0.1028    0.5010    0.0820    0.2819    0.2382    0.1116
 000154   A  0.684910  0.330296  0.450604    0.0587    0.0967    0.4960    0.0790    0.2777    0.2333    0.1144
 000155   G  0.686040  0.318296  0.447667    0.0744    0.0765    0.4780    0.0720    0.2722    0.2323    0.1163
 000156   V  0.681830  0.315017  0.441947    0.0677    0.1449    0.4320    0.0640    0.2736    0.2163    0.1176
 000157   L  0.677053  0.319933  0.433638    0.0542    0.1162    0.3670    0.0600    0.2558    0.2182    0.1230
 000158   E  0.626617  0.319118  0.426432    0.0832    0.0909    0.3290    0.0570    0.2415    0.2017    0.1279
 000159   A  0.558238  0.314390  0.418693    0.0643    0.0676    0.3070    0.0560    0.2186    0.1911    0.1266
 000160   L  0.516578  0.309654  0.410216    0.0425    0.0780    0.2900    0.0510    0.2061    0.1821    0.1279
 000161   R  0.450615  0.309315  0.400947    0.0231    0.0473    0.2610    0.0470    0.1818    0.1761    0.1298
 000162   G  0.375060  0.283524  0.392927    0.0231    0.0405    0.2460    0.0400    0.1615    0.1608    0.1338
 000163   A  0.307164  0.259259  0.375335    0.0157    0.0605    0.2380    0.0380    0.1467    0.1435    0.1386
 000164   G  0.243820  0.234225  0.356116    0.0268    0.0473    0.2320    0.0390    0.1306    0.1306    0.1462
 000165   L  0.178577  0.210643  0.339109    0.0414    0.0483    0.2300    0.0450    0.1182    0.1186    0.1505
 000166   V  0.107730  0.199283  0.324393    0.0182    0.0483    0.2300    0.0530    0.1007    0.1199    0.1528
 000167   P  0.083626  0.185308  0.309198    0.0252    0.0454    0.2140    0.0440    0.0923    0.1136    0.1613
 000168   V  0.076296  0.151972  0.295039    0.0441    0.0454    0.2050    0.0410    0.0872    0.1041    0.1591
 000169   V  0.049220  0.154371  0.281298    0.0200    0.0494    0.1880    0.0430    0.0769    0.1041    0.1621
 000170   L  0.055969  0.146017  0.266383    0.0141    0.0349    0.1840    0.0550    0.0725    0.1005    0.1759
 000171   D  0.057048  0.161246  0.258631    0.0336    0.0676    0.1790    0.0570    0.0831    0.0908    0.1859
 000172   V  0.059665  0.171691  0.250717    0.0173    0.0581    0.1760    0.0700    0.0804    0.0925    0.1891
 000173   K  0.108533  0.165019  0.242720    0.0212    0.0543    0.1500    0.0630    0.0831    0.0836    0.1947
 000174   P  0.174229  0.168379  0.238411    0.0200    0.0389    0.1250    0.0490    0.0878    0.0866    0.2032
 000175   F  0.248716  0.174444  0.238373    0.0179    0.0313    0.1210    0.0470    0.0988    0.0994    0.2014
 000176   A  0.323340  0.167790  0.239539    0.0167    0.0605    0.1190    0.0440    0.1145    0.1115    0.1971
 000177   G  0.397516  0.159568  0.241553    0.0231    0.1048    0.1250    0.0340    0.1350    0.1254    0.1958
 000178   L  0.473902  0.175881  0.245657    0.0212    0.1048    0.1510    0.0590    0.1545    0.1478    0.1918
 000179   Y  0.516789  0.201195  0.248782    0.0405    0.1702    0.1730    0.0750    0.1835    0.1508    0.1970
 000180   P  0.550824  0.222435  0.248543    0.0789    0.2258    0.1470    0.0500    0.2042    0.1538    0.2004
 000181   L  0.573013  0.265839  0.248567    0.1495    0.2364    0.1490    0.0290    0.2290    0.1488    0.1911
 000182   E  0.575916  0.317814  0.248974    0.1292    0.1298    0.1600    0.0340    0.2187    0.1621    0.1848
 000183   A  0.562056  0.338926  0.246307    0.1349    0.1251    0.2400    0.0470    0.2335    0.1532    0.1793
 000184   R  0.530038  0.361391  0.240878    0.0789    0.1115    0.3080    0.0630    0.2316    0.1579    0.1747
 000185   L  0.507317  0.393228  0.235677    0.0363    0.0555    0.3190    0.0690    0.2185    0.1751    0.1695
 000186   A  0.491233  0.411322  0.227905    0.0587    0.1229    0.2920    0.0970    0.2294    0.1560    0.1698
 000187   E  0.489921  0.394791  0.221681    0.0425    0.0817    0.2730    0.1200    0.2137    0.1630    0.1756
 000188   E  0.518733  0.393934  0.217106    0.0455    0.0835    0.2570    0.1280    0.2164    0.1690    0.1707
 000189   P  0.542970  0.372308  0.217349    0.0425    0.1137    0.2120    0.1120    0.2139    0.1697    0.1630
 000190   D  0.577709  0.317279  0.217144    0.0744    0.1942    0.1800    0.0990    0.2239    0.1629    0.1475
 000191   R  0.597737  0.258962  0.215072    0.0478    0.1671    0.1440    0.0730    0.2026    0.1771    0.1311
 000192   V  0.629394  0.203145  0.214682    0.0991    0.2609    0.1090    0.0470    0.2169    0.1816    0.1219
 000193   F  0.665273  0.160618  0.212624    0.0884    0.2399    0.0940    0.0330    0.2080    0.1999    0.1163
 000194   L  0.658437  0.150818  0.211658    0.1178    0.1881    0.0820    0.0200    0.1996    0.1973    0.1128
 000195   A  0.607561  0.169096  0.210345    0.1266    0.1373    0.0810    0.0170    0.1870    0.1803    0.1084
 000196   L  0.538328  0.180399  0.208918    0.1349    0.1373    0.0830    0.0170    0.1790    0.1543    0.1039
 000197   D  0.462943  0.198197  0.205200    0.1150    0.1028    0.0920    0.0210    0.1619    0.1319    0.1006
 000198   I  0.409141  0.215047  0.202794    0.0607    0.0851    0.1070    0.0280    0.1461    0.1223    0.0947
 000199   G  0.363269  0.244915  0.201131    0.0308    0.0780    0.1130    0.0350    0.1383    0.1167    0.0984
 000200   A  0.327160  0.260233  0.198103    0.0245    0.0719    0.1270    0.0380    0.1352    0.1101    0.1033
 000201   E  0.301140  0.275354  0.194594    0.0218    0.0605    0.1400    0.0500    0.1331    0.1080    0.1147
 000202   S  0.272604  0.289042  0.191861    0.0252    0.0780    0.1410    0.0580    0.1343    0.1012    0.1255
 000203   T  0.279724  0.283372  0.188353    0.0395    0.0719    0.1460    0.0670    0.1368    0.0986    0.1369
 000204   S  0.307430  0.279869  0.187024    0.0965    0.1162    0.1380    0.0580    0.1563    0.0862    0.1444
 000205   L  0.336298  0.263977  0.186092    0.0884    0.1184    0.1300    0.0550    0.1562    0.0928    0.1509
 000206   V  0.361732  0.258077  0.184877    0.0858    0.1298    0.1110    0.0380    0.1578    0.1004    0.1574
 000207   L  0.374290  0.257235  0.182282    0.0884    0.1373    0.1080    0.0230    0.1609    0.1032    0.1637
 000208   L  0.356210  0.275325  0.180127    0.0813    0.0765    0.1070    0.0180    0.1494    0.1090    0.1682
 000209   R  0.314592  0.286413  0.174016    0.0965    0.1449    0.1330    0.0240    0.1627    0.0857    0.1752
 000210   G  0.267689  0.287680  0.168872    0.0514    0.0888    0.1540    0.0300    0.1417    0.0904    0.1792
 000211   D  0.229809  0.288310  0.167892    0.0660    0.1070    0.1330    0.0330    0.1374    0.0799    0.1862
 000212   K  0.181105  0.274647  0.167203    0.0327    0.0967    0.0940    0.0210    0.1132    0.0824    0.1889
 000213   P  0.145874  0.257636  0.163212    0.0327    0.0909    0.0760    0.0160    0.1005    0.0775    0.1987
 000214   L  0.148246  0.236466  0.161582    0.0327    0.0929    0.0690    0.0160    0.0966    0.0723    0.1999
 000215   A  0.162043  0.220703  0.157696    0.0308    0.0463    0.0620    0.0120    0.0871    0.0752    0.2036
 000216   V  0.165108  0.205700  0.150492    0.0554    0.0851    0.0620    0.0120    0.0955    0.0617    0.2096
 000217   R  0.184981  0.193146  0.146067    0.0441    0.1424    0.0590    0.0110    0.1039    0.0625    0.2185
 000218   V  0.196736  0.174233  0.137927    0.0771    0.1881    0.0680    0.0160    0.1173    0.0564    0.2341
 000219   L  0.203070  0.171838  0.132049    0.1349    0.1759    0.0700    0.0220    0.1260    0.0478    0.2505
 000220   T  0.195937  0.190626  0.124531    0.1150    0.1611    0.0800    0.0310    0.1238    0.0466    0.2597
 000221   L  0.198861  0.206282  0.118648    0.0607    0.1501    0.0910    0.0290    0.1179    0.0568    0.2619
 000222   S  0.199005  0.246324  0.115905    0.0464    0.1373    0.1020    0.0350    0.1218    0.0681    0.2562
 000223   G  0.169877  0.276904  0.114758    0.0478    0.0749    0.1260    0.0540    0.1160    0.0766    0.2491
 000224   K  0.127369  0.307031  0.118450    0.0376    0.0676    0.1760    0.1100    0.1193    0.0893    0.2420
 000225   D  0.105940  0.316188  0.124743    0.0414    0.0676    0.1760    0.1010    0.1178    0.0924    0.2447
 000226   F  0.089267  0.326532  0.131764    0.0526    0.0888    0.1510    0.0770    0.1180    0.0919    0.2488
 000227   T  0.082315  0.314237  0.138899    0.0554    0.0851    0.1350    0.0580    0.1119    0.0885    0.2517
 000228   E  0.106036  0.298615  0.146595    0.0607    0.0543    0.1330    0.0470    0.1087    0.0850    0.2556
 000229   A  0.167607  0.261400  0.151389    0.0587    0.0690    0.1390    0.0470    0.1160    0.0720    0.2559
 000230   I  0.221438  0.238217  0.158189    0.0643    0.0948    0.1330    0.0420    0.1252    0.0681    0.2550
 000231   A  0.276952  0.213553  0.162881    0.0514    0.0967    0.1120    0.0310    0.1251    0.0803    0.2617
 000232   R  0.313114  0.199111  0.173233    0.0789    0.1702    0.1190    0.0390    0.1468    0.0786    0.2715
 000233   S  0.382861  0.198788  0.181537    0.0909    0.1162    0.1220    0.0370    0.1518    0.1020    0.2913
 000234   F  0.442047  0.193886  0.190607    0.1041    0.1115    0.1300    0.0320    0.1636    0.1201    0.3108
 000235   N  0.472615  0.194196  0.199354    0.0701    0.1092    0.1360    0.0400    0.1637    0.1355    0.3217
 000236   L  0.503645  0.205610  0.210474    0.0587    0.1070    0.1490    0.0450    0.1706    0.1476    0.3261
 000237   D  0.509372  0.227405  0.223708    0.1041    0.1251    0.1570    0.0470    0.1871    0.1405    0.3289
 000238   L  0.488645  0.242309  0.239715    0.1041    0.1184    0.1690    0.0550    0.1870    0.1346    0.3350
 000239   L  0.471556  0.259819  0.254479    0.0621    0.0870    0.1750    0.0560    0.1760    0.1423    0.3349
 000240   A  0.459588  0.289517  0.271684    0.0832    0.0870    0.1800    0.0540    0.1832    0.1383    0.3367
 000241   A  0.484274  0.311123  0.286201    0.1240    0.1583    0.1880    0.0560    0.2110    0.1299    0.3397
 000242   E  0.486916  0.334110  0.297686    0.1292    0.1206    0.1870    0.0530    0.2097    0.1385    0.3408
 000243   E  0.502325  0.357075  0.308257    0.1349    0.1528    0.2150    0.0780    0.2270    0.1375    0.3427
 000244   V  0.546505  0.378300  0.321109    0.0832    0.1611    0.2380    0.1020    0.2345    0.1601    0.3408
 000245   K  0.593758  0.382749  0.330236    0.1698    0.2817    0.2250    0.0940    0.2754    0.1470    0.3429
 000246   R  0.634563  0.383161  0.343198    0.1698    0.2817    0.2260    0.0990    0.2826    0.1600    0.3536
 000247   T  0.672392  0.382188  0.359917    0.2558    0.3807    0.2170    0.0910    0.3180    0.1579    0.3719
 000248   Y  0.709015  0.368888  0.370815    0.2558    0.3840    0.2080    0.0680    0.3210    0.1714    0.3895
 000249   G  0.738525  0.370602  0.378060    0.3630    0.3872    0.1990    0.0680    0.3431    0.1738    0.4000
 000250   M  0.724177  0.381517  0.385305    0.4600    0.3910    0.2110    0.0690    0.3613    0.1662    0.4150
 000251   A  0.702527  0.402178  0.396229    0.4116    0.3426    0.2110    0.0610    0.3450    0.1613    0.4234
 000252   T  0.688040  0.422834  0.404710    0.3762    0.3910    0.2240    0.0660    0.3504    0.1530    0.4329
 000253   L  0.686305  0.444794  0.411918    0.2748    0.2609    0.2360    0.0710    0.3171    0.1699    0.4262
 000254   P  0.683729  0.489069  0.418759    0.2657    0.2575    0.2170    0.0690    0.3189    0.1775    0.4184
 000255   T  0.699910  0.506496  0.425179    0.2531    0.2988    0.2260    0.0770    0.3306    0.1799    0.4143
 000256   E  0.712537  0.521148  0.432020    0.2865    0.3249    0.2310    0.0920    0.3461    0.1777    0.4130
 000257   D  0.721635  0.525417  0.442027    0.2865    0.3249    0.2160    0.0920    0.3457    0.1843    0.4146
 000258   E  0.735572  0.518576  0.452209    0.3005    0.3321    0.2030    0.0910    0.3482    0.1887    0.4256
 000259   E  0.773316  0.490932  0.464043    0.3630    0.4051    0.1900    0.0870    0.3704    0.1912    0.4333
 000260   L  0.815733  0.469951  0.474090    0.3717    0.3182    0.1530    0.0640    0.3548    0.2169    0.4243
 000261   L  0.836909  0.456360  0.485485    0.3885    0.3494    0.1210    0.0360    0.3586    0.2280    0.4159
 000262   L  0.838750  0.441997  0.493299    0.3399    0.4149    0.1080    0.0250    0.3573    0.2320    0.4089
 000263   D  0.794376  0.449614  0.491637    0.3399    0.4051    0.1090    0.0220    0.3497    0.2194    0.4012
 000264   F  0.731245  0.463007  0.489147    0.4651    0.4801    0.1400    0.0420    0.3799    0.1903    0.3924
 000265   D  0.653235  0.478990  0.482565    0.4333    0.3494    0.1420    0.0330    0.3428    0.1747    0.3737
 000266   A  0.573741  0.494254  0.476847    0.4078    0.2609    0.1690    0.0380    0.3176    0.1610    0.3556
 000267   E  0.495831  0.509328  0.469012    0.3053    0.2575    0.1690    0.0310    0.2895    0.1522    0.3438
 000268   R  0.416116  0.518207  0.462095    0.2255    0.2164    0.1760    0.0420    0.2586    0.1546    0.3316
 000269   E  0.333344  0.513342  0.454025    0.2255    0.1251    0.1890    0.0590    0.2311    0.1596    0.3294
 000270   R  0.263331  0.524617  0.448705    0.1844    0.1048    0.2300    0.0790    0.2179    0.1651    0.3230
 000271   Y  0.204164  0.507285  0.442412    0.1766    0.1914    0.2510    0.0970    0.2218    0.1496    0.3213
 000272   S  0.212323  0.497648  0.442468    0.2122    0.2034    0.2330    0.1110    0.2265    0.1421    0.3150
 000273   P  0.215295  0.485705  0.443702    0.3263    0.2034    0.2150    0.0990    0.2410    0.1360    0.3111
 000274   G  0.223144  0.458503  0.442459    0.2333    0.1349    0.2380    0.1140    0.2146    0.1407    0.3079
 000275   R  0.253883  0.418497  0.437737    0.2333    0.2503    0.2240    0.1110    0.2300    0.1153    0.3052
 000276   I  0.280193  0.393034  0.432061    0.1532    0.1611    0.1970    0.1100    0.1974    0.1313    0.3159
 000277   Y  0.318424  0.363588  0.426121    0.1844    0.1969    0.1650    0.0970    0.2047    0.1220    0.3314
 000278   D  0.344452  0.344964  0.414481    0.1088    0.1881    0.1380    0.0800    0.1874    0.1352    0.3382
 000279   A  0.353761  0.329186  0.407347    0.1205    0.2129    0.1340    0.0730    0.1917    0.1294    0.3427
 000280   I  0.354528  0.318474  0.404830    0.1178    0.1275    0.1260    0.0700    0.1741    0.1380    0.3427
 000281   R  0.328258  0.293411  0.402167    0.1349    0.1275    0.1310    0.0690    0.1692    0.1287    0.3466
 000282   P  0.341460  0.279197  0.398320    0.1240    0.1852    0.1390    0.0730    0.1781    0.1224    0.3508
 000283   V  0.345991  0.267944  0.398129    0.1088    0.1852    0.1580    0.0860    0.1777    0.1226    0.3489
 000284   L  0.325020  0.282693  0.397675    0.0789    0.1007    0.1690    0.0870    0.1594    0.1351    0.3468
 000285   V  0.302156  0.284446  0.398542    0.0771    0.1092    0.1890    0.0920    0.1603    0.1308    0.3410
 000286   E  0.263800  0.321030  0.399853    0.0490    0.0618    0.2060    0.0980    0.1502    0.1446    0.3373
 000287   L  0.238109  0.348807  0.397847    0.0909    0.0581    0.2200    0.0960    0.1593    0.1400    0.3305
 000288   T  0.232267  0.361848  0.390490    0.0789    0.0870    0.2400    0.0990    0.1667    0.1366    0.3225
 000289   Q  0.241548  0.360494  0.386635    0.0405    0.0454    0.2590    0.1010    0.1579    0.1512    0.3108
 000290   E  0.286181  0.371095  0.380568    0.0441    0.0568    0.2930    0.0950    0.1753    0.1516    0.2996
 000291   L  0.300872  0.366628  0.379009    0.0405    0.0618    0.3070    0.1000    0.1794    0.1522    0.2849
 000292   R  0.345634  0.347752  0.371017    0.0514    0.0749    0.2840    0.0970    0.1839    0.1457    0.2677
 000293   R  0.380162  0.336696  0.368617    0.0200    0.0662    0.2730    0.1050    0.1794    0.1570    0.2547
 000294   S  0.444560  0.337701  0.370431    0.0376    0.0851    0.2500    0.1170    0.1925    0.1608    0.2552
 000295   L  0.508279  0.323863  0.372632    0.0660    0.1323    0.2400    0.1110    0.2118    0.1606    0.2550
 000296   E  0.571325  0.300878  0.377393    0.0884    0.2193    0.2150    0.1010    0.2325    0.1642    0.2552
 000297   F  0.599613  0.296222  0.379239    0.0832    0.2193    0.2160    0.0780    0.2357    0.1735    0.2552
 000298   F  0.614361  0.290337  0.378329    0.1667    0.2328    0.2030    0.0710    0.2513    0.1629    0.2475
 000299   R  0.615625  0.293522  0.371638    0.1732    0.2224    0.2020    0.0700    0.2511    0.1626    0.2325
 000300   I  0.619145  0.292796  0.364591    0.1060    0.1476    0.2140    0.0830    0.2299    0.1807    0.2320
 000301   Q  0.616227  0.331682  0.358105    0.1060    0.0851    0.2350    0.0910    0.2290    0.1884    0.2399
 000302   L  0.640004  0.351678  0.347121    0.1117    0.0870    0.2840    0.0910    0.2457    0.1922    0.2530
 000303   E  0.625647  0.366629  0.334266    0.0771    0.0948    0.3120    0.0910    0.2461    0.1924    0.2709
 000304   E  0.622800  0.383540  0.327359    0.0490    0.1048    0.3670    0.0940    0.2545    0.1978    0.2845
 000305   A  0.626634  0.406318  0.316523    0.0502    0.1070    0.3860    0.1030    0.2626    0.2002    0.2941
 000306   S  0.662129  0.415053  0.316200    0.0935    0.1643    0.3460    0.0940    0.2801    0.1906    0.3053
 000307   P  0.700843  0.417133  0.318613    0.0935    0.1424    0.2940    0.0960    0.2747    0.2060    0.3194
 000308   E  0.717678  0.423691  0.319218    0.1532    0.1643    0.2570    0.0970    0.2859    0.1999    0.3270
 000309   V  0.730698  0.412781  0.318080    0.2209    0.2503    0.2010    0.0780    0.3026    0.1895    0.3425
 000310   G  0.747155  0.400299  0.315486    0.1495    0.2645    0.1500    0.0460    0.2852    0.2100    0.3607
 000311   Y  0.739601  0.371321  0.313819    0.2255    0.2783    0.1430    0.0360    0.2929    0.1972    0.3732
 000312   L  0.719132  0.377389  0.313017    0.2209    0.2436    0.1320    0.0460    0.2822    0.1952    0.3764
 000313   L  0.674706  0.367071  0.308246    0.2292    0.3215    0.1440    0.0580    0.2895    0.1735    0.3736
 000314   G  0.618479  0.369982  0.300303    0.1921    0.2258    0.1440    0.0570    0.2584    0.1645    0.3646
 000315   G  0.541261  0.421269  0.291396    0.1844    0.1449    0.1500    0.0590    0.2403    0.1561    0.3571
 000316   G  0.458521  0.439035  0.279806    0.1566    0.1791    0.1580    0.0540    0.2318    0.1357    0.3510
 000317   S  0.378941  0.440721  0.267220    0.1041    0.1942    0.1610    0.0510    0.2132    0.1272    0.3457
 000318   K  0.296728  0.444120  0.261486    0.0832    0.1759    0.1380    0.0320    0.1897    0.1262    0.3449
 000319   L  0.219379  0.448206  0.260012    0.0832    0.1048    0.1360    0.0240    0.1653    0.1311    0.3549
 000320   R  0.149154  0.425969  0.252737    0.1349    0.1554    0.1280    0.0270    0.1656    0.1141    0.3608
 000321   G  0.110919  0.392314  0.245977    0.0858    0.1048    0.1310    0.0320    0.1375    0.1163    0.3747
 000322   L  0.091884  0.363290  0.241783    0.1380    0.1731    0.1300    0.0290    0.1494    0.0989    0.3832
 000323   A  0.073016  0.319003  0.234488    0.1456    0.1501    0.1210    0.0250    0.1348    0.0897    0.3888
 000324   S  0.072311  0.273910  0.227347    0.2209    0.2364    0.1190    0.0240    0.1537    0.0807    0.3969
 000325   L  0.085722  0.240779  0.223466    0.1380    0.2680    0.1270    0.0280    0.1433    0.0765    0.4085
 000326   L  0.080939  0.224163  0.226048    0.1495    0.1969    0.1390    0.0320    0.1318    0.0641    0.4204
 000327   T  0.090172  0.203156  0.228851    0.1698    0.2064    0.1550    0.0450    0.1373    0.0592    0.4259
 000328   D  0.091248  0.198848  0.233410    0.1205    0.2436    0.1570    0.0530    0.1353    0.0684    0.4260
 000329   T  0.106740  0.206228  0.240792    0.1292    0.1583    0.1620    0.0550    0.1271    0.0603    0.4229
 000330   L  0.113316  0.211684  0.249001    0.2385    0.2470    0.1430    0.0460    0.1589    0.0675    0.4180
 000331   G  0.107196  0.212069  0.255944    0.1805    0.2328    0.1280    0.0520    0.1434    0.0687    0.4159
 000332   V  0.127360  0.215854  0.261905    0.1958    0.1702    0.1290    0.0560    0.1397    0.0646    0.4093
 000333   N  0.174903  0.227910  0.270327    0.2531    0.2164    0.1300    0.0560    0.1670    0.0654    0.4093
 000334   F  0.198989  0.225055  0.275714    0.2080    0.1791    0.1440    0.0560    0.1593    0.0612    0.4155
 000335   E  0.224326  0.222798  0.275125    0.1844    0.1942    0.1520    0.0470    0.1630    0.0598    0.4171
 000336   P  0.217045  0.236057  0.281111    0.1766    0.3053    0.1570    0.0480    0.1820    0.0705    0.4192
 000337   V  0.254651  0.234868  0.279801    0.2700    0.3704    0.1690    0.0490    0.2166    0.0759    0.4198
 000338   N  0.292657  0.232681  0.279234    0.2913    0.3426    0.1700    0.0520    0.2215    0.0715    0.4241
 000339   P  0.358210  0.235559  0.282554    0.2602    0.2224    0.1650    0.0630    0.2069    0.0756    0.4294
 000340   W  0.432028  0.251359  0.295052    0.2385    0.2258    0.1730    0.0610    0.2201    0.0950    0.4336
 000341   E  0.492294  0.242254  0.304553    0.2209    0.3053    0.1700    0.0540    0.2385    0.1142    0.4296
 000342   A  0.518660  0.240775  0.310896    0.2385    0.3182    0.1910    0.0670    0.2512    0.1179    0.4218
 000343   V  0.563416  0.253729  0.317853    0.3096    0.3948    0.1970    0.0690    0.2864    0.1285    0.4141
 000344   A  0.624287  0.282461  0.327139    0.3263    0.3019    0.2000    0.0640    0.2892    0.1433    0.4036
 000345   V  0.704386  0.302196  0.335127    0.4282    0.4149    0.2100    0.0620    0.3432    0.1645    0.3914
 000346   D  0.741228  0.357252  0.352641    0.3359    0.4149    0.1930    0.0660    0.3403    0.1773    0.3832
 000347   P  0.784881  0.405083  0.365102    0.3184    0.2849    0.2080    0.0750    0.3336    0.1950    0.3713
 000348   K  0.795665  0.447790  0.374917    0.4037    0.3566    0.2530    0.0930    0.3761    0.1814    0.3542
 000349   R  0.805607  0.475098  0.382856    0.3184    0.3774    0.3140    0.0930    0.3817    0.1812    0.3424
 000350   F  0.807512  0.492020  0.391799    0.2913    0.3599    0.3370    0.1030    0.3812    0.1847    0.3404
 000351   E  0.818767  0.521947  0.405201    0.3992    0.3599    0.3010    0.1090    0.4001    0.1833    0.3386
 000352   S  0.822534  0.548880  0.417328    0.3992    0.3149    0.3290    0.1160    0.4024    0.1876    0.3430
 000353   E  0.826262  0.536440  0.422396    0.3456    0.2752    0.3480    0.1420    0.3886    0.1962    0.3507
 000354   Q  0.825750  0.535444  0.435201    0.3939    0.3149    0.3410    0.1240    0.4019    0.1870    0.3556
 000355   L  0.826199  0.524368  0.449226    0.3491    0.2609    0.3380    0.1440    0.3830    0.1995    0.3632
 000356   Q  0.815562  0.488498  0.463788    0.3992    0.3321    0.3260    0.1300    0.3935    0.1828    0.3690
 000357   E  0.813453  0.436750  0.468537    0.2963    0.2364    0.3920    0.1360    0.3625    0.2005    0.3776
 000358   I  0.806114  0.405445  0.474080    0.2748    0.1823    0.4350    0.1530    0.3506    0.2109    0.3905
 000359   G  0.795215  0.362663  0.473477    0.2122    0.1251    0.4120    0.1320    0.3179    0.2278    0.4155
 000360   P  0.767303  0.317634  0.470395    0.2041    0.1275    0.4040    0.1260    0.3034    0.2214    0.4287
 000361   E  0.737761  0.275277  0.471088    0.2167    0.2193    0.3700    0.1120    0.3032    0.1987    0.4200
 000362   F  0.709787  0.234208  0.471654    0.1844    0.1399    0.3850    0.1080    0.2756    0.2111    0.4106
 000363   A  0.683735  0.210271  0.474277    0.1921    0.1528    0.4200    0.1210    0.2765    0.2051    0.4085
 000364   V  0.640148  0.191646  0.478156    0.1117    0.1671    0.4630    0.1500    0.2623    0.2108    0.4087
 000365   A  0.600396  0.204624  0.484038    0.1205    0.1007    0.4590    0.1270    0.2475    0.2100    0.4042
 000366   L  0.571978  0.184381  0.490386    0.2167    0.1702    0.4980    0.1400    0.2735    0.1863    0.4027
 000367   G  0.539330  0.162261  0.497022    0.1292    0.1583    0.4980    0.1470    0.2479    0.1997    0.3966
 000368   L  0.528170  0.183952  0.504188    0.1349    0.1229    0.6100    0.0680    0.2633    0.2202    0.3929
 000369   A  0.534204  0.220072  0.511951    0.2483    0.1791    0.6520    0.1750    0.3056    0.2006    0.3941
 000370   L  0.559708  0.260294  0.515813    0.2820    0.1501    0.5440    0.1900    0.2994    0.1820    0.4051
 000371   R  0.588782  0.352006  0.512553    0.3005    0.0985    0.6030    0.1830    0.3238    0.1983    0.4207
 000372   G  0.633892  0.450421  0.517488    0.3263    0.0676    0.7830    0.1530    0.3769    0.2431    0.4173
 000373   V  0.688003  0.549571  0.526376    0.4513    0.1206    0.8070    0.1460    0.4361    0.2317    0.4203
 000374   E  0.789390  0.604039  0.534024    0.5173    0.1162    0.8300    0.1320    0.4762    0.2498    0.4170
 000375   P  0.827821  0.655863  0.540837    0.6334    0.1554    0.8510    0.1220    0.5205    0.2477    0.4121
 000376   L  0.958288  0.635711  0.552638    0.6944    0.1528    0.8850    0.0580    0.5544    0.2769    0.4095
 000377   D  0.890122  0.644726  0.549831    0.8074    0.2364    0.9440    0.0180    0.5872    0.2568    0.4065
