#RESNUM RES     VL-XT     VSL2B       VL3  IUPred-S  IUPred-L  PONDRFIT  FITERROR       MDP  MDPERROR   ANCHOR2
 000001   M  0.980267  0.774664  0.659238    0.9632    0.6620    0.9800    0.0160    0.7268    0.1805    0.4266
 000002   T  0.961997  0.808580  0.639224    0.9491    0.4685    0.9820    0.0100    0.6951    0.2182    0.4289
 000003   E  0.746111  0.832683  0.620650    0.9280    0.4864    0.9680    0.0260    0.6603    0.1981    0.4291
 000004   K  0.834842  0.783402  0.602527    0.8521    0.3840    0.9630    0.0220    0.6362    0.2157    0.4303
 000005   G  0.858189  0.727643  0.586051    0.8036    0.3215    0.9530    0.0150    0.6107    0.2287    0.4289
 000006   R  0.778617  0.681180  0.570158    0.7111    0.3599    0.9260    0.0210    0.5761    0.1997    0.4276
 000007   A  0.724012  0.662002  0.555861    0.6219    0.3948    0.8930    0.0450    0.5493    0.1782    0.4237
 000008   I  0.694874  0.619062  0.541776    0.5900    0.4330    0.9010    0.0380    0.5397    0.1708    0.4218
 000009   E  0.660963  0.576752  0.528864    0.5623    0.4149    0.8270    0.0770    0.5069    0.1543    0.4239
 000010   E  0.639747  0.534664  0.515783    0.5331    0.4330    0.7900    0.0980    0.4885    0.1425    0.4237
 000011   E  0.615752  0.506241  0.503417    0.4703    0.4801    0.7980    0.1110    0.4784    0.1429    0.4223
 000012   S  0.595160  0.471684  0.492315    0.5008    0.5254    0.7340    0.0880    0.4711    0.1216    0.4193
 000013   F  0.603579  0.427059  0.481739    0.5253    0.5098    0.6620    0.0990    0.4547    0.1117    0.4113
 000014   R  0.619109  0.423016  0.472082    0.5043    0.3910    0.5160    0.1230    0.4089    0.1075    0.4098
 000015   I  0.689229  0.418836  0.460971    0.5173    0.3910    0.5080    0.1000    0.4208    0.1235    0.4008
 000016   V  0.711557  0.433752  0.449403    0.4282    0.4186    0.4910    0.0870    0.4138    0.1268    0.3981
 000017   D  0.707804  0.463853  0.424132    0.4556    0.3426    0.4340    0.0910    0.4006    0.1332    0.3957
 000018   Q  0.664502  0.493886  0.397808    0.4967    0.3872    0.3690    0.0700    0.4019    0.1209    0.3962
 000019   E  0.598065  0.489905  0.373677    0.4703    0.3872    0.2680    0.0500    0.3689    0.1212    0.3943
 000020   A  0.539104  0.467040  0.348972    0.4651    0.4051    0.2240    0.0610    0.3500    0.1166    0.3857
 000021   G  0.478690  0.453989  0.328235    0.3630    0.3249    0.1910    0.0590    0.3020    0.1091    0.3780
 000022   P  0.408078  0.431740  0.306507    0.3885    0.2436    0.1780    0.0490    0.2750    0.1054    0.3711
 000023   H  0.338421  0.405416  0.282332    0.3146    0.2399    0.1660    0.0390    0.2441    0.0889    0.3654
 000024   G  0.250415  0.378727  0.263318    0.3184    0.3321    0.1590    0.0430    0.2398    0.0828    0.3651
 000025   F  0.186761  0.351006  0.238596    0.3225    0.2988    0.1490    0.0360    0.2180    0.0829    0.3618
 000026   S  0.137688  0.347449  0.225115    0.3668    0.2918    0.1210    0.0240    0.2107    0.1027    0.3671
 000027   P  0.123077  0.312104  0.208253    0.3806    0.3631    0.1170    0.0240    0.2160    0.1129    0.3696
 000028   L  0.115512  0.275497  0.194479    0.2913    0.3249    0.1050    0.0240    0.1854    0.0915    0.3703
 000029   E  0.097186  0.246381  0.182732    0.2748    0.3249    0.0800    0.0200    0.1705    0.0951    0.3724
 000030   W  0.088529  0.214675  0.171560    0.2292    0.2817    0.0750    0.0220    0.1482    0.0799    0.3743
 000031   P  0.073566  0.182004  0.159341    0.2483    0.3215    0.0620    0.0250    0.1480    0.0951    0.3871
 000032   V  0.064791  0.150948  0.147707    0.2122    0.2164    0.0590    0.0230    0.1173    0.0671    0.4004
 000033   V  0.065007  0.136354  0.140913    0.1958    0.2064    0.0500    0.0150    0.1089    0.0636    0.4092
 000034   R  0.059820  0.122626  0.135251    0.1266    0.1229    0.0470    0.0140    0.0798    0.0417    0.4177
 000035   R  0.066887  0.115544  0.130706    0.1292    0.1184    0.0470    0.0150    0.0795    0.0390    0.4224
 000036   M  0.079845  0.111402  0.127807    0.1178    0.1702    0.0470    0.0140    0.0877    0.0440    0.4245
 000037   I  0.090427  0.113916  0.124904    0.1178    0.1070    0.0470    0.0130    0.0794    0.0332    0.4275
 000038   H  0.102122  0.129874  0.122474    0.0789    0.0967    0.0470    0.0110    0.0758    0.0343    0.4332
 000039   A  0.105332  0.151981  0.123208    0.0723    0.1501    0.0550    0.0150    0.0891    0.0419    0.4244
 000040   T  0.112629  0.185613  0.122611    0.0660    0.0749    0.0610    0.0170    0.0834    0.0478    0.4138
 000041   A  0.107025  0.214520  0.121579    0.1150    0.1251    0.0620    0.0140    0.1039    0.0499    0.4051
 000042   D  0.097975  0.233618  0.120495    0.0502    0.1092    0.0640    0.0150    0.0925    0.0627    0.4040
 000043   F  0.109847  0.263786  0.119159    0.0789    0.1554    0.0680    0.0130    0.1126    0.0682    0.4011
 000044   E  0.125296  0.273539  0.117405    0.1205    0.1881    0.0650    0.0170    0.1287    0.0692    0.3826
 000045   Y  0.144666  0.276991  0.115145    0.1266    0.1349    0.0730    0.0220    0.1260    0.0660    0.3638
 000046   K  0.155924  0.269764  0.114741    0.1060    0.1501    0.0690    0.0240    0.1252    0.0659    0.3423
 000047   A  0.152402  0.254672  0.114996    0.0832    0.1528    0.0760    0.0270    0.1198    0.0628    0.3204
 000048   L  0.147697  0.233169  0.116625    0.1349    0.2292    0.0810    0.0280    0.1377    0.0595    0.3031
 000049   T  0.134467  0.224546  0.119904    0.1060    0.1476    0.0750    0.0270    0.1146    0.0504    0.2887
 000050   R  0.140544  0.232099  0.123085    0.1266    0.1702    0.0880    0.0230    0.1262    0.0497    0.2747
 000051   F  0.139376  0.252074  0.129832    0.0723    0.1349    0.0890    0.0220    0.1146    0.0614    0.2648
 000052   S  0.125271  0.279302  0.135219    0.0858    0.0967    0.0960    0.0320    0.1138    0.0700    0.2488
 000053   Q  0.107150  0.302658  0.138726    0.0621    0.0948    0.1090    0.0430    0.1125    0.0814    0.2299
 000054   G  0.080311  0.302235  0.142801    0.0587    0.1424    0.1300    0.0470    0.1189    0.0816    0.2136
 000055   A  0.061113  0.314443  0.147483    0.0567    0.1298    0.1540    0.0530    0.1194    0.0890    0.2024
 000056   V  0.055136  0.304274  0.151270    0.0832    0.1791    0.1520    0.0500    0.1289    0.0835    0.1917
 000057   E  0.047612  0.325945  0.154813    0.0789    0.1823    0.1350    0.0530    0.1283    0.0928    0.1853
 000058   A  0.083824  0.342645  0.157327    0.0771    0.1298    0.1220    0.0540    0.1258    0.0933    0.1764
 000059   G  0.099350  0.357430  0.159593    0.1322    0.1323    0.1160    0.0510    0.1396    0.0914    0.1666
 000060   L  0.133651  0.341873  0.161610    0.0744    0.0817    0.1150    0.0570    0.1244    0.0941    0.1572
 000061   K  0.163874  0.301053  0.162816    0.0441    0.0909    0.0900    0.0420    0.1150    0.0871    0.1495
 000062   A  0.182293  0.264120  0.164621    0.0502    0.1349    0.0850    0.0460    0.1193    0.0744    0.1399
 000063   I  0.206024  0.226001  0.166760    0.0514    0.1349    0.0640    0.0290    0.1138    0.0715    0.1337
 000064   Q  0.200406  0.181007  0.167451    0.0387    0.1028    0.0530    0.0240    0.0960    0.0688    0.1324
 000065   A  0.197427  0.163920  0.167335    0.0387    0.0581    0.0490    0.0200    0.0845    0.0707    0.1358
 000066   G  0.195364  0.159761  0.166810    0.0387    0.0568    0.0440    0.0150    0.0825    0.0705    0.1396
 000067   A  0.157235  0.141766  0.164303    0.0350    0.0605    0.0400    0.0110    0.0724    0.0620    0.1434
 000068   R  0.131695  0.126074  0.162469    0.0268    0.0555    0.0430    0.0140    0.0638    0.0579    0.1491
 000069   I  0.115488  0.114290  0.161464    0.0218    0.0389    0.0420    0.0110    0.0555    0.0576    0.1568
 000070   L  0.103326  0.108911  0.158293    0.0218    0.0424    0.0470    0.0080    0.0538    0.0542    0.1686
 000071   V  0.096327  0.094956  0.157074    0.0200    0.0870    0.0540    0.0090    0.0588    0.0495    0.1773
 000072   D  0.089759  0.089874  0.157194    0.0212    0.0985    0.0630    0.0130    0.0603    0.0485    0.1885
 000073   A  0.109188  0.085298  0.156663    0.0327    0.1162    0.0720    0.0180    0.0692    0.0467    0.2014
 000074   R  0.123894  0.081739  0.154646    0.0643    0.1206    0.0800    0.0270    0.0784    0.0406    0.2162
 000075   M  0.132180  0.077979  0.154617    0.0607    0.1115    0.0840    0.0280    0.0777    0.0415    0.2275
 000076   I  0.141411  0.085797  0.155461    0.0455    0.0817    0.0820    0.0210    0.0727    0.0459    0.2289
 000077   A  0.155301  0.107165  0.160045    0.0455    0.0424    0.0820    0.0180    0.0720    0.0542    0.2348
 000078   C  0.154024  0.130393  0.166730    0.0336    0.0518    0.0970    0.0220    0.0777    0.0570    0.2449
 000079   G  0.150262  0.154336  0.174267    0.0179    0.0568    0.1160    0.0300    0.0826    0.0634    0.2473
 000080   L  0.171747  0.174834  0.177024    0.0363    0.1115    0.1370    0.0340    0.1053    0.0581    0.2500
 000081   N  0.204306  0.199615  0.180757    0.0607    0.1229    0.1480    0.0510    0.1225    0.0584    0.2514
 000082   P  0.232430  0.212796  0.186054    0.1060    0.1229    0.1520    0.0570    0.1378    0.0553    0.2560
 000083   E  0.271612  0.214729  0.193060    0.0643    0.1275    0.1630    0.0700    0.1402    0.0731    0.2548
 000084   R  0.309985  0.219690  0.199047    0.0526    0.0929    0.1710    0.0740    0.1410    0.0905    0.2530
 000085   L  0.369628  0.223066  0.203667    0.0587    0.0568    0.1780    0.0800    0.1476    0.1119    0.2496
 000086   R  0.436069  0.220211  0.202310    0.0478    0.0592    0.1850    0.0870    0.1581    0.1328    0.2475
 000087   L  0.503337  0.207939  0.204767    0.0526    0.1115    0.2020    0.0930    0.1796    0.1458    0.2495
 000088   F  0.569824  0.209526  0.206839    0.0526    0.1528    0.2030    0.0810    0.1980    0.1641    0.2518
 000089   G  0.612712  0.211975  0.209057    0.0832    0.2193    0.1930    0.0690    0.2200    0.1702    0.2470
 000090   N  0.593632  0.208968  0.208673    0.0991    0.1583    0.2070    0.0630    0.2112    0.1641    0.2487
 000091   E  0.606051  0.213426  0.208632    0.1766    0.1702    0.2080    0.0570    0.2291    0.1578    0.2496
 000092   V  0.626649  0.211336  0.207407    0.1266    0.1349    0.2210    0.0650    0.2202    0.1739    0.2460
 000093   V  0.654057  0.202239  0.206770    0.0701    0.1137    0.2260    0.0750    0.2110    0.1940    0.2427
 000094   E  0.662848  0.202719  0.208818    0.0526    0.0835    0.2250    0.0790    0.2045    0.2034    0.2430
 000095   L  0.662523  0.211436  0.207810    0.0502    0.0835    0.2410    0.0830    0.2082    0.2033    0.2400
 000096   L  0.661372  0.213876  0.206967    0.0744    0.1162    0.2340    0.0790    0.2166    0.1952    0.2366
 000097   A  0.661501  0.224935  0.205521    0.0723    0.1251    0.2140    0.0680    0.2163    0.1947    0.2295
 000098   H  0.651053  0.250750  0.204519    0.0991    0.1914    0.2070    0.0630    0.2333    0.1808    0.2263
 000099   P  0.689358  0.269146  0.204081    0.1667    0.2918    0.1910    0.0560    0.2680    0.1818    0.2132
 000100   E  0.718843  0.278234  0.201446    0.1667    0.3053    0.1930    0.0600    0.2770    0.1919    0.1985
 000101   V  0.722792  0.304294  0.199422    0.1635    0.2918    0.1750    0.0580    0.2762    0.1955    0.1830
 000102   V  0.733956  0.350693  0.198160    0.1566    0.2399    0.1900    0.0530    0.2786    0.2013    0.1699
 000103   A  0.743228  0.400024  0.196651    0.2080    0.3249    0.2380    0.0620    0.3190    0.1917    0.1599
 000104   R  0.746794  0.446504  0.195023    0.2432    0.3599    0.2770    0.0800    0.3455    0.1868    0.1526
 000105   A  0.754608  0.504130  0.193843    0.2483    0.3117    0.3380    0.0900    0.3594    0.1913    0.1454
 000106   K  0.756707  0.527367  0.190721    0.2913    0.3249    0.3340    0.0960    0.3724    0.1893    0.1410
 000107   A  0.691293  0.518522  0.187492    0.3263    0.3774    0.3180    0.0930    0.3720    0.1645    0.1365
 000108   T  0.648830  0.534947  0.180579    0.2913    0.3117    0.2890    0.0880    0.3460    0.1644    0.1357
 000109   G  0.597410  0.547815  0.171696    0.2558    0.2715    0.2920    0.0820    0.3274    0.1608    0.1301
 000110   G  0.560143  0.548128  0.161717    0.1456    0.1611    0.2920    0.0880    0.2844    0.1803    0.1297
 000111   T  0.477454  0.537730  0.154842    0.1117    0.1611    0.2450    0.0860    0.2555    0.1677    0.1389
 000112   R  0.391342  0.484335  0.147342    0.1117    0.2258    0.2260    0.0550    0.2398    0.1342    0.1482
 000113   A  0.328370  0.435590  0.134615    0.1766    0.2951    0.1690    0.0380    0.2342    0.1085    0.1577
 000114   E  0.263657  0.373825  0.121759    0.1958    0.2399    0.1400    0.0250    0.2022    0.0866    0.1671
 000115   A  0.204905  0.309276  0.110383    0.1998    0.1611    0.1510    0.0370    0.1710    0.0649    0.1723
 000116   A  0.216547  0.235754  0.100278    0.1532    0.2002    0.1330    0.0410    0.1565    0.0509    0.1774
 000117   V  0.194622  0.194077  0.095853    0.0991    0.2002    0.1050    0.0330    0.1322    0.0508    0.1858
 000118   A  0.168209  0.162005  0.089608    0.1292    0.2002    0.1010    0.0330    0.1268    0.0416    0.1960
 000119   Y  0.127006  0.146693  0.083582    0.1205    0.1137    0.1060    0.0330    0.1024    0.0238    0.2042
 000120   A  0.125283  0.147265  0.078224    0.1018    0.0749    0.1120    0.0360    0.0935    0.0285    0.2120
 000121   W  0.123716  0.150777  0.075622    0.0567    0.0734    0.1010    0.0310    0.0842    0.0347    0.2184
 000122   E  0.099008  0.153426  0.072920    0.0363    0.0433    0.0740    0.0250    0.0677    0.0408    0.2045
 000123   K  0.072266  0.153800  0.071366    0.0376    0.0424    0.0640    0.0220    0.0616    0.0401    0.1860
 000124   G  0.045680  0.142158  0.068936    0.0274    0.0581    0.0600    0.0210    0.0555    0.0379    0.1671
 000125   L  0.028818  0.132465  0.063308    0.0245    0.0414    0.0580    0.0220    0.0476    0.0376    0.1504
 000126   L  0.018061  0.126833  0.060990    0.0304    0.0618    0.0610    0.0250    0.0496    0.0359    0.1358
 000127   D  0.005529  0.135252  0.059594    0.0286    0.0817    0.0600    0.0240    0.0518    0.0422    0.1252
 000128   G  0.008465  0.138285  0.058520    0.0542    0.0646    0.0550    0.0160    0.0535    0.0395    0.1132
 000129   A  0.007511  0.148084  0.057315    0.0701    0.0454    0.0520    0.0110    0.0538    0.0436    0.1035
 000130   I  0.007549  0.143144  0.055687    0.0643    0.0494    0.0560    0.0120    0.0533    0.0415    0.0947
 000131   V  0.010615  0.145248  0.054800    0.0455    0.0483    0.0530    0.0140    0.0504    0.0421    0.0900
 000132   G  0.015907  0.140162  0.053070    0.0363    0.0483    0.0490    0.0150    0.0483    0.0401    0.0866
 000133   V  0.021009  0.140843  0.050779    0.0231    0.0281    0.0510    0.0190    0.0441    0.0422    0.0888
 000134   G  0.023177  0.131988  0.049101    0.0102    0.0306    0.0470    0.0150    0.0404    0.0404    0.0948
 000135   N  0.025041  0.126997  0.048159    0.0067    0.0253    0.0400    0.0090    0.0374    0.0396    0.1036
 000136   A  0.027289  0.124660  0.049372    0.0131    0.0235    0.0350    0.0090    0.0372    0.0380    0.1134
 000137   P  0.027154  0.113184  0.051745    0.0179    0.0398    0.0300    0.0100    0.0380    0.0327    0.1231
 000138   T  0.033576  0.088709  0.052962    0.0078    0.0389    0.0300    0.0120    0.0332    0.0263    0.1288
 000139   F  0.043685  0.077059  0.055091    0.0079    0.0389    0.0320    0.0120    0.0333    0.0230    0.1316
 000140   L  0.053802  0.073135  0.057879    0.0099    0.0380    0.0330    0.0110    0.0347    0.0224    0.1285
 000141   L  0.055741  0.065456  0.060416    0.0194    0.0704    0.0370    0.0120    0.0414    0.0204    0.1234
 000142   A  0.055698  0.063782  0.063642    0.0245    0.1298    0.0390    0.0100    0.0521    0.0348    0.1161
 000143   L  0.057562  0.076665  0.065259    0.0252    0.1092    0.0600    0.0200    0.0548    0.0273    0.1105
 000144   V  0.058122  0.091343  0.069352    0.0502    0.0985    0.0670    0.0190    0.0609    0.0207    0.1035
 000145   E  0.058513  0.117651  0.071367    0.0395    0.0662    0.0660    0.0150    0.0580    0.0265    0.0968
 000146   A  0.092539  0.149060  0.073211    0.0212    0.0349    0.0850    0.0250    0.0638    0.0434    0.0867
 000147   I  0.131728  0.182545  0.074718    0.0160    0.0424    0.1060    0.0290    0.0797    0.0569    0.0776
 000148   R  0.194948  0.201076  0.075492    0.0069    0.0269    0.1160    0.0240    0.0910    0.0764    0.0726
 000149   Q  0.191015  0.223216  0.077354    0.0069    0.0306    0.1140    0.0160    0.0943    0.0799    0.0690
 000150   G  0.194255  0.238335  0.079114    0.0090    0.0380    0.1110    0.0170    0.0984    0.0826    0.0696
 000151   A  0.202164  0.247676  0.081099    0.0252    0.0646    0.0930    0.0220    0.1055    0.0800    0.0699
 000152   R  0.200298  0.228777  0.084191    0.0268    0.0568    0.0810    0.0230    0.0990    0.0760    0.0708
 000153   P  0.198832  0.234376  0.089854    0.0363    0.0443    0.0720    0.0240    0.0976    0.0778    0.0721
 000154   A  0.206693  0.212411  0.094244    0.0363    0.0835    0.0690    0.0220    0.1013    0.0697    0.0696
 000155   L  0.178708  0.181763  0.098891    0.0376    0.0835    0.0660    0.0200    0.0912    0.0570    0.0685
 000156   V  0.137185  0.155359  0.102676    0.0327    0.0433    0.0590    0.0210    0.0713    0.0497    0.0654
 000157   L  0.068404  0.142818  0.106172    0.0279    0.0605    0.0560    0.0220    0.0592    0.0414    0.0647
 000158   G  0.063741  0.118602  0.107543    0.0336    0.0909    0.0550    0.0220    0.0603    0.0349    0.0657
 000159   M  0.055080  0.107349  0.108552    0.0363    0.0909    0.0540    0.0210    0.0572    0.0335    0.0648
 000160   P  0.042437  0.100335  0.109690    0.0279    0.0851    0.0470    0.0160    0.0505    0.0360    0.0637
 000161   V  0.066814  0.096217  0.110838    0.0279    0.0704    0.0460    0.0130    0.0512    0.0336    0.0612
 000162   G  0.100768  0.096468  0.111881    0.0376    0.0506    0.0450    0.0120    0.0550    0.0353    0.0612
 000163   F  0.141866  0.103845  0.112838    0.0297    0.0389    0.0490    0.0110    0.0606    0.0461    0.0615
 000164   V  0.186978  0.111877  0.113030    0.0128    0.0356    0.0560    0.0120    0.0672    0.0613    0.0617
 000165   N  0.245701  0.124769  0.112356    0.0128    0.0356    0.0660    0.0150    0.0807    0.0786    0.0662
 000166   V  0.245347  0.148414  0.112065    0.0286    0.0749    0.0900    0.0230    0.0979    0.0706    0.0700
 000167   L  0.242211  0.176053  0.111314    0.0363    0.0749    0.1040    0.0220    0.1056    0.0700    0.0786
 000168   E  0.241383  0.200372  0.110053    0.0771    0.1501    0.1010    0.0270    0.1284    0.0607    0.0870
 000169   A  0.241377  0.233348  0.109915    0.0455    0.0967    0.1190    0.0430    0.1227    0.0743    0.0946
 000170   K  0.264523  0.268910  0.109427    0.0744    0.0676    0.1290    0.0560    0.1341    0.0854    0.1096
 000171   R  0.286846  0.269150  0.107689    0.0376    0.0356    0.1520    0.0700    0.1301    0.1019    0.1226
 000172   A  0.309320  0.248678  0.106298    0.0336    0.0618    0.1400    0.0690    0.1323    0.1003    0.1363
 000173   L  0.335967  0.235565  0.104589    0.0194    0.0704    0.1090    0.0490    0.1285    0.1086    0.1516
 000174   M  0.360554  0.206822  0.104084    0.0425    0.1298    0.0960    0.0420    0.1393    0.1050    0.1688
 000175   E  0.403135  0.170516  0.100585    0.0744    0.1852    0.0860    0.0430    0.1532    0.1135    0.1847
 000176   A  0.456801  0.158045  0.098662    0.0744    0.1731    0.0790    0.0370    0.1569    0.1332    0.1957
 000177   P  0.506365  0.148068  0.096969    0.1088    0.2364    0.0630    0.0300    0.1772    0.1510    0.2112
 000178   V  0.528157  0.132598  0.095482    0.1667    0.3182    0.0700    0.0350    0.2026    0.1606    0.2169
 000179   P  0.496036  0.131367  0.094972    0.1602    0.3053    0.0710    0.0320    0.1940    0.1492    0.2252
 000180   W  0.459634  0.138677  0.093048    0.1878    0.3529    0.0960    0.0420    0.2059    0.1388    0.2306
 000181   I  0.405747  0.170317  0.092405    0.1921    0.2680    0.1220    0.0450    0.1931    0.1053    0.2219
 000182   V  0.351190  0.227980  0.091422    0.1958    0.2034    0.1190    0.0320    0.1829    0.0850    0.2264
 000183   T  0.277679  0.279871  0.089733    0.1635    0.1731    0.1540    0.0670    0.1747    0.0700    0.2347
 000184   E  0.233586  0.335798  0.086046    0.1805    0.2193    0.1630    0.0790    0.1887    0.0773    0.2366
 000185   G  0.182676  0.385711  0.084343    0.1667    0.2292    0.1520    0.0620    0.1860    0.0945    0.2360
 000186   R  0.132482  0.413724  0.086167    0.1322    0.1399    0.1500    0.0440    0.1615    0.1092    0.2386
 000187   K  0.114141  0.419634  0.092282    0.1416    0.1759    0.1340    0.0300    0.1641    0.1114    0.2435
 000188   G  0.104534  0.418708  0.100718    0.0771    0.1251    0.1150    0.0220    0.1401    0.1192    0.2494
 000189   G  0.089831  0.414492  0.110642    0.1322    0.1162    0.0990    0.0230    0.1419    0.1159    0.2559
 000190   S  0.075975  0.395189  0.121280    0.0965    0.0518    0.0820    0.0210    0.1168    0.1191    0.2639
 000191   T  0.055352  0.343680  0.131074    0.1041    0.0888    0.0800    0.0280    0.1119    0.0991    0.2700
 000192   L  0.042938  0.264330  0.137015    0.1178    0.0948    0.0700    0.0230    0.0983    0.0745    0.2774
 000193   V  0.043246  0.203776  0.141801    0.1698    0.1184    0.0620    0.0190    0.0996    0.0612    0.2788
 000194   V  0.045183  0.146748  0.146008    0.1088    0.0888    0.0590    0.0180    0.0748    0.0461    0.2782
 000195   A  0.047046  0.110357  0.149531    0.0832    0.0870    0.0560    0.0140    0.0639    0.0423    0.2815
 000196   A  0.044562  0.092341  0.152214    0.0677    0.0870    0.0560    0.0130    0.0580    0.0432    0.2879
 000197   L  0.038052  0.088682  0.155173    0.0723    0.0870    0.0740    0.0240    0.0600    0.0437    0.2935
 000198   H  0.034193  0.088162  0.158492    0.0744    0.0555    0.0900    0.0280    0.0571    0.0469    0.2968
 000199   A  0.035767  0.092386  0.163126    0.0723    0.0618    0.1160    0.0430    0.0630    0.0492    0.2929
 000200   L  0.040056  0.103338  0.169652    0.0478    0.0676    0.1510    0.0470    0.0684    0.0572    0.2904
 000201   I  0.071411  0.121108  0.175648    0.0478    0.0676    0.1930    0.0640    0.0836    0.0628    0.2840
 000202   R  0.103798  0.145566  0.182783    0.0478    0.0618    0.2670    0.1040    0.1043    0.0808    0.2849
 000203   L  0.146917  0.193543  0.192242    0.0789    0.0835    0.3720    0.1440    0.1458    0.1033    0.2880
 000204   A  0.195296  0.240447  0.195415    0.1150    0.0676    0.4820    0.1790    0.1834    0.1358    0.2902
 000205   A  0.290231  0.283909  0.198721    0.1292    0.1028    0.6490    0.1970    0.2424    0.1840    0.2915
 000206   D  0.372090  0.327870  0.203520    0.0935    0.1373    0.7230    0.1710    0.2757    0.2121    0.2913
 000207   G  0.469869  0.389480  0.209398    0.1150    0.1611    0.7600    0.1520    0.3159    0.2244    0.2903
 000208   G  0.562220  0.431524  0.215659    0.1878    0.2328    0.7770    0.1340    0.3652    0.2175    0.2889
 000209   V  0.651720  0.469209  0.222107    0.1766    0.1969    0.7050    0.1110    0.3665    0.2206    0.2883
 000210   D  0.717130  0.533352  0.228513    0.2483    0.2064    0.7920    0.1240    0.4161    0.2424    0.2895
 000211   T  0.792078  0.569527  0.236159    0.3668    0.2752    0.8230    0.0840    0.4711    0.2384    0.2886
 000212   S  0.852288  0.585123  0.242838    0.4918    0.3667    0.7810    0.1290    0.5128    0.2187    0.2873
 000213   R  0.911956  0.606586  0.250697    0.5331    0.3426    0.7680    0.1110    0.5271    0.2321    0.2814
 000214   A  0.925543  0.666369  0.258915    0.6557    0.4330    0.7760    0.1240    0.5762    0.2228    0.2805
 000215   Y  0.995771  0.722272  0.267229    0.7232    0.4619    0.8550    0.0750    0.6263    0.2460    0.2792
 000216   R  0.987798  0.762860  0.275838    0.7951    0.4979    0.8860    0.0420    0.6550    0.2463    0.2778
 000217   E  0.999077  0.825410  0.278115    0.8311    0.4541    0.9000    0.0330    0.6682    0.2621    0.2785
 000218   G  0.999213  0.841432  0.274330    0.8677    0.4330    0.8650    0.0800    0.6678    0.2674    0.2771
