#RESNUM RES     VL-XT     VSL2B       VL3  IUPred-S  IUPred-L  PONDRFIT  FITERROR       MDP  MDPERROR   ANCHOR2
 000001   M  0.327302  0.797948  0.164977    0.4600    0.0031    0.9660    0.0280    0.4257    0.3386    0.0000
 000002   D  0.801750  0.749530  0.163713    0.3399    0.0033    0.9410    0.0380    0.4726    0.3507    0.0000
 000003   L  0.855061  0.672096  0.162027    0.1532    0.0035    0.9290    0.0540    0.4355    0.3690    0.0000
 000004   Y  0.889261  0.560426  0.160828    0.0813    0.0027    0.9230    0.0530    0.4094    0.3767    0.0000
 000005   A  0.680923  0.425649  0.159403    0.0405    0.0024    0.8670    0.0620    0.3361    0.3262    0.0000
 000006   V  0.711141  0.309426  0.159494    0.0109    0.0022    0.8700    0.0660    0.3172    0.3363    0.0000
 000007   M  0.655715  0.207917  0.159184    0.0035    0.0015    0.8310    0.1020    0.2832    0.3207    0.0000
 000008   P  0.594369  0.145744  0.159274    0.0008    0.0013    0.6130    0.1630    0.2258    0.2573    0.0000
 000009   P  0.509804  0.101898  0.158999    0.0003    0.0012    0.5200    0.1640    0.1888    0.2205    0.0000
 000010   L  0.434299  0.072723  0.160200    0.0001    0.0015    0.4260    0.1680    0.1557    0.1851    0.0000
 000011   M  0.335741  0.056312  0.160812    0.0001    0.0019    0.4140    0.1540    0.1346    0.1638    0.0000
 000012   F  0.270499  0.046521  0.161740    0.0001    0.0016    0.4240    0.1400    0.1238    0.1578    0.0000
 000013   A  0.217849  0.041521  0.162890    0.0001    0.0017    0.3350    0.1110    0.0993    0.1266    0.0000
 000014   A  0.154347  0.035873  0.163410    0.0001    0.0017    0.2360    0.0600    0.0714    0.0946    0.0000
 000015   L  0.087787  0.031536  0.163622    0.0002    0.0023    0.1800    0.0480    0.0503    0.0777    0.0000
 000016   V  0.054148  0.030351  0.163820    0.0001    0.0016    0.1970    0.0340    0.0471    0.0822    0.0000
 000017   V  0.020512  0.028598  0.162070    0.0002    0.0023    0.1820    0.0300    0.0389    0.0804    0.0000
 000018   F  0.006290  0.029952  0.160189    0.0001    0.0019    0.1810    0.0350    0.0366    0.0813    0.0000
 000019   L  0.000627  0.040515  0.160307    0.0001    0.0017    0.1720    0.0460    0.0358    0.0793    0.0000
 000020   L  0.000508  0.050293  0.159366    0.0001    0.0013    0.1610    0.0460    0.0356    0.0764    0.0000
 000021   S  0.000376  0.063466  0.158463    0.0001    0.0014    0.1420    0.0480    0.0346    0.0721    0.0000
 000022   G  0.000352  0.080136  0.156295    0.0001    0.0017    0.1350    0.0490    0.0362    0.0706    0.0000
 000023   Y  0.000326  0.091470  0.156126    0.0001    0.0018    0.1410    0.0470    0.0392    0.0722    0.0000
 000024   P  0.000311  0.104143  0.156459    0.0002    0.0016    0.1250    0.0430    0.0386    0.0707    0.0000
 000025   V  0.000314  0.111207  0.155683    0.0001    0.0012    0.1190    0.0390    0.0387    0.0705    0.0000
 000026   A  0.000320  0.118228  0.155349    0.0001    0.0017    0.1180    0.0390    0.0397    0.0710    0.0000
 000027   F  0.000333  0.110083  0.155777    0.0001    0.0014    0.1130    0.0300    0.0374    0.0695    0.0000
 000028   S  0.000269  0.106607  0.156473    0.0002    0.0014    0.0930    0.0280    0.0335    0.0673    0.0000
 000029   L  0.000227  0.092786  0.157300    0.0002    0.0022    0.0900    0.0270    0.0309    0.0658    0.0000
 000030   G  0.000260  0.078798  0.156958    0.0002    0.0021    0.0830    0.0220    0.0275    0.0641    0.0000
 000031   A  0.000282  0.064502  0.156884    0.0003    0.0025    0.0740    0.0180    0.0236    0.0626    0.0000
 000032   V  0.000293  0.056890  0.157520    0.0002    0.0017    0.0650    0.0170    0.0206    0.0622    0.0000
 000033   G  0.000333  0.048821  0.158529    0.0002    0.0019    0.0590    0.0180    0.0184    0.0621    0.0000
 000034   I  0.000415  0.040096  0.160146    0.0002    0.0020    0.0620    0.0170    0.0174    0.0628    0.0000
 000035   V  0.000468  0.038390  0.162322    0.0002    0.0011    0.0610    0.0160    0.0169    0.0637    0.0000
 000036   F  0.000520  0.031883  0.165071    0.0001    0.0017    0.0620    0.0180    0.0161    0.0649    0.0000
 000037   G  0.000551  0.029037  0.167783    0.0001    0.0022    0.0620    0.0200    0.0157    0.0660    0.0000
 000038   F  0.000562  0.027882  0.171338    0.0002    0.0030    0.0630    0.0210    0.0157    0.0673    0.0000
 000039   L  0.000516  0.029545  0.175128    0.0003    0.0022    0.0590    0.0200    0.0153    0.0687    0.0000
 000040   G  0.000508  0.031631  0.177368    0.0005    0.0022    0.0570    0.0180    0.0152    0.0694    0.0000
 000041   I  0.000532  0.038654  0.178907    0.0002    0.0022    0.0550    0.0170    0.0161    0.0698    0.0000
 000042   A  0.000672  0.050149  0.181034    0.0002    0.0022    0.0560    0.0160    0.0182    0.0705    0.0000
 000043   L  0.002042  0.057832  0.184473    0.0003    0.0024    0.0590    0.0140    0.0203    0.0718    0.0000
 000044   D  0.002883  0.071566  0.188575    0.0002    0.0026    0.0620    0.0160    0.0232    0.0737    0.0001
 000045   L  0.003725  0.087203  0.193192    0.0003    0.0041    0.0780    0.0180    0.0288    0.0762    0.0001
 000046   F  0.005185  0.107752  0.198963    0.0007    0.0055    0.0890    0.0200    0.0347    0.0798    0.0001
 000047   P  0.006112  0.138475  0.202963    0.0026    0.0059    0.0840    0.0200    0.0395    0.0838    0.0002
 000048   P  0.007501  0.171042  0.207508    0.0026    0.0039    0.0800    0.0180    0.0442    0.0901    0.0003
 000049   A  0.009297  0.193482  0.210969    0.0028    0.0059    0.0970    0.0220    0.0515    0.0948    0.0003
 000050   L  0.011870  0.203639  0.214619    0.0028    0.0057    0.1150    0.0290    0.0565    0.0979    0.0004
 000051   L  0.012180  0.215130  0.217794    0.0029    0.0047    0.1170    0.0340    0.0586    0.1011    0.0005
 000052   K  0.011209  0.212378  0.220910    0.0029    0.0069    0.1110    0.0370    0.0573    0.1011    0.0006
 000053   A  0.012483  0.204500  0.225533    0.0028    0.0087    0.1130    0.0400    0.0569    0.1005    0.0008
 000054   M  0.012205  0.199672  0.229629    0.0075    0.0148    0.1010    0.0340    0.0558    0.0990    0.0010
 000055   P  0.011051  0.197887  0.234128    0.0067    0.0087    0.0720    0.0280    0.0494    0.1014    0.0012
 000056   D  0.010340  0.184832  0.239286    0.0160    0.0088    0.0680    0.0310    0.0480    0.0997    0.0014
 000057   R  0.009591  0.171097  0.243809    0.0173    0.0099    0.0610    0.0300    0.0449    0.0992    0.0014
 000058   I  0.008005  0.155381  0.248957    0.0066    0.0074    0.0660    0.0330    0.0406    0.1005    0.0011
 000059   F  0.005774  0.137921  0.253153    0.0013    0.0046    0.0700    0.0350    0.0366    0.1012    0.0011
 000060   G  0.005671  0.129630  0.255043    0.0021    0.0059    0.0710    0.0360    0.0357    0.1009    0.0011
 000061   I  0.005513  0.117149  0.257733    0.0026    0.0053    0.0680    0.0320    0.0331    0.1010    0.0011
 000062   M  0.003552  0.108274  0.260267    0.0086    0.0048    0.0630    0.0250    0.0313    0.1011    0.0011
 000063   S  0.002982  0.097309  0.263187    0.0040    0.0050    0.0580    0.0200    0.0279    0.1023    0.0011
 000064   N  0.002654  0.086437  0.264990    0.0026    0.0039    0.0590    0.0190    0.0257    0.1029    0.0010
 000065   Q  0.002446  0.076562  0.266344    0.0042    0.0039    0.0600    0.0180    0.0244    0.1031    0.0009
 000066   L  0.001816  0.066703  0.266177    0.0009    0.0036    0.0610    0.0190    0.0223    0.1034    0.0006
 000067   L  0.001695  0.057030  0.264252    0.0007    0.0023    0.0620    0.0180    0.0206    0.1029    0.0006
 000068   L  0.001376  0.054241  0.260593    0.0007    0.0015    0.0670    0.0190    0.0207    0.1016    0.0005
 000069   A  0.001079  0.052447  0.256380    0.0008    0.0015    0.0720    0.0210    0.0212    0.1000    0.0005
 000070   I  0.000824  0.045322  0.251891    0.0009    0.0027    0.0730    0.0190    0.0205    0.0983    0.0005
 000071   P  0.000647  0.042599  0.249711    0.0006    0.0027    0.0700    0.0230    0.0194    0.0976    0.0006
 000072   F  0.000628  0.040888  0.247166    0.0013    0.0040    0.0720    0.0260    0.0198    0.0965    0.0006
 000073   F  0.001832  0.038363  0.243894    0.0028    0.0048    0.0770    0.0280    0.0207    0.0950    0.0006
 000074   T  0.010214  0.039726  0.238626    0.0028    0.0035    0.0800    0.0300    0.0228    0.0923    0.0007
 000075   F  0.018589  0.043863  0.233074    0.0029    0.0029    0.0880    0.0330    0.0260    0.0896    0.0008
 000076   M  0.023544  0.053189  0.226640    0.0008    0.0031    0.1080    0.0430    0.0314    0.0878    0.0009
 000077   G  0.034680  0.066282  0.218718    0.0013    0.0044    0.1190    0.0480    0.0376    0.0843    0.0012
 000078   I  0.041027  0.084450  0.212091    0.0055    0.0044    0.1350    0.0440    0.0451    0.0824    0.0015
 000079   I  0.072230  0.128604  0.205904    0.0121    0.0044    0.1390    0.0410    0.0594    0.0796    0.0020
 000080   L  0.133135  0.167975  0.200955    0.0075    0.0054    0.1530    0.0520    0.0778    0.0839    0.0028
 000081   E  0.192850  0.217924  0.195264    0.0069    0.0084    0.1750    0.0630    0.1001    0.0950    0.0043
 000082   K  0.263943  0.273265  0.189433    0.0059    0.0061    0.1870    0.0640    0.1228    0.1144    0.0055
 000083   S  0.306488  0.304545  0.183836    0.0121    0.0097    0.2140    0.0590    0.1411    0.1259    0.0070
 000084   G  0.349033  0.319368  0.177551    0.0194    0.0202    0.2440    0.0700    0.1587    0.1343    0.0084
 000085   L  0.411323  0.362864  0.171012    0.0182    0.0108    0.2540    0.0750    0.1762    0.1573    0.0097
 000086   A  0.466957  0.401225  0.163760    0.0395    0.0108    0.2540    0.0750    0.1954    0.1727    0.0121
 000087   E  0.514122  0.400662  0.156421    0.0268    0.0143    0.2430    0.0720    0.1998    0.1858    0.0146
 000088   D  0.509372  0.393302  0.149248    0.0102    0.0171    0.2340    0.0730    0.1940    0.1861    0.0156
 000089   L  0.468147  0.375922  0.140201    0.0226    0.0184    0.2180    0.0750    0.1838    0.1704    0.0163
 000090   L  0.423659  0.324879  0.132297    0.0526    0.0398    0.2050    0.0780    0.1743    0.1417    0.0160
 000091   D  0.366012  0.265750  0.126704    0.0526    0.0799    0.1940    0.0770    0.1597    0.1110    0.0165
 000092   T  0.329733  0.239024  0.121122    0.0464    0.0631    0.2020    0.0780    0.1468    0.1023    0.0153
 000093   M  0.295072  0.233430  0.115637    0.0455    0.0300    0.1990    0.0620    0.1339    0.0993    0.0140
 000094   G  0.234357  0.224467  0.110525    0.0441    0.0223    0.1730    0.0600    0.1163    0.0846    0.0129
 000095   R  0.168994  0.223297  0.106552    0.0226    0.0125    0.1670    0.0720    0.0990    0.0799    0.0117
 000096   L  0.116662  0.241388  0.102746    0.0376    0.0218    0.1560    0.0690    0.0956    0.0755    0.0096
 000097   F  0.091583  0.244561  0.100521    0.0268    0.0171    0.1570    0.0710    0.0896    0.0795    0.0084
 000098   G  0.072124  0.253199  0.099859    0.0231    0.0096    0.1420    0.0660    0.0833    0.0834    0.0074
 000099   P  0.057124  0.261500  0.099816    0.0102    0.0057    0.1060    0.0420    0.0734    0.0875    0.0067
 000100   L  0.042654  0.257557  0.099839    0.0137    0.0060    0.0880    0.0290    0.0680    0.0864    0.0056
 000101   R  0.028124  0.227024  0.099816    0.0141    0.0084    0.0870    0.0360    0.0608    0.0773    0.0049
 000102   G  0.011919  0.201424  0.099460    0.0075    0.0066    0.0890    0.0390    0.0528    0.0724    0.0039
 000103   G  0.005395  0.171051  0.099285    0.0070    0.0044    0.0870    0.0370    0.0458    0.0647    0.0031
 000104   L  0.004938  0.139086  0.099848    0.0074    0.0038    0.0720    0.0260    0.0379    0.0554    0.0024
 000105   A  0.004527  0.110989  0.100089    0.0029    0.0033    0.0570    0.0200    0.0297    0.0489    0.0019
 000106   L  0.003553  0.095526  0.099226    0.0009    0.0027    0.0470    0.0160    0.0250    0.0457    0.0016
 000107   S  0.003879  0.083809  0.098729    0.0018    0.0040    0.0480    0.0120    0.0235    0.0430    0.0014
 000108   V  0.004930  0.062621  0.098463    0.0033    0.0064    0.0500    0.0080    0.0213    0.0394    0.0013
 000109   V  0.005839  0.050850  0.099093    0.0034    0.0064    0.0570    0.0080    0.0207    0.0390    0.0012
 000110   F  0.006628  0.049620  0.098556    0.0027    0.0044    0.0700    0.0120    0.0222    0.0404    0.0012
 000111   V  0.009684  0.053018  0.097343    0.0062    0.0047    0.0850    0.0190    0.0264    0.0414    0.0012
 000112   G  0.011551  0.056227  0.096518    0.0029    0.0041    0.1000    0.0240    0.0290    0.0445    0.0013
 000113   A  0.015016  0.058476  0.096218    0.0010    0.0036    0.1070    0.0220    0.0309    0.0461    0.0014
 000114   I  0.016908  0.066136  0.095386    0.0008    0.0036    0.1120    0.0270    0.0332    0.0471    0.0015
 000115   L  0.021090  0.074559  0.095069    0.0010    0.0039    0.1090    0.0400    0.0349    0.0465    0.0019
 000116   A  0.029464  0.096381  0.095468    0.0018    0.0038    0.1010    0.0500    0.0387    0.0466    0.0023
 000117   A  0.126976  0.118378  0.096459    0.0024    0.0046    0.1010    0.0520    0.0589    0.0540    0.0029
 000118   T  0.222199  0.137784  0.097804    0.0010    0.0040    0.1020    0.0520    0.0779    0.0783    0.0036
 000119   T  0.320722  0.150850  0.098861    0.0013    0.0052    0.1090    0.0550    0.0978    0.1084    0.0042
 000120   G  0.407468  0.171088  0.100735    0.0022    0.0050    0.1230    0.0560    0.1182    0.1373    0.0044
 000121   V  0.510513  0.192454  0.102081    0.0055    0.0055    0.1390    0.0550    0.1421    0.1719    0.0043
 000122   V  0.612181  0.198467  0.103413    0.0049    0.0073    0.1730    0.0750    0.1659    0.2063    0.0040
 000123   A  0.715779  0.194918  0.104365    0.0013    0.0053    0.1970    0.0770    0.1857    0.2430    0.0039
 000124   A  0.814057  0.199212  0.104816    0.0029    0.0068    0.2060    0.0690    0.2048    0.2772    0.0037
 000125   S  0.905841  0.186985  0.104059    0.0029    0.0078    0.2030    0.0600    0.2177    0.3103    0.0037
 000126   V  0.896055  0.157847  0.103698    0.0081    0.0093    0.2470    0.1040    0.2197    0.3067    0.0032
 000127   M  0.888770  0.141212  0.103229    0.0069    0.0076    0.2790    0.1140    0.2206    0.3058    0.0029
 000128   A  0.831809  0.142373  0.102159    0.0069    0.0093    0.3230    0.1530    0.2190    0.2872    0.0025
 000129   M  0.797945  0.135646  0.101095    0.0029    0.0061    0.3400    0.1590    0.2137    0.2780    0.0023
 000130   G  0.774305  0.138077  0.100091    0.0029    0.0059    0.3390    0.1630    0.2100    0.2698    0.0021
 000131   L  0.753970  0.131178  0.098612    0.0009    0.0042    0.3470    0.1620    0.2062    0.2646    0.0020
 000132   I  0.704365  0.128037  0.097250    0.0028    0.0058    0.3510    0.1600    0.1987    0.2483    0.0019
 000133   S  0.673915  0.117307  0.095624    0.0026    0.0085    0.3390    0.1580    0.1902    0.2375    0.0021
 000134   L  0.657575  0.111983  0.093650    0.0035    0.0101    0.3220    0.1480    0.1842    0.2307    0.0022
 000135   P  0.657129  0.109796  0.091609    0.0069    0.0089    0.2690    0.0970    0.1753    0.2267    0.0026
 000136   V  0.643273  0.116264  0.090932    0.0074    0.0076    0.2710    0.0900    0.1743    0.2219    0.0027
 000137   M  0.645699  0.123354  0.089974    0.0070    0.0104    0.2860    0.1080    0.1788    0.2230    0.0030
 000138   L  0.634597  0.144264  0.089143    0.0070    0.0134    0.2990    0.1440    0.1830    0.2189    0.0033
 000139   K  0.628407  0.169881  0.089027    0.0099    0.0109    0.2700    0.1160    0.1816    0.2140    0.0039
 000140   Y  0.617783  0.204924  0.087753    0.0157    0.0089    0.3170    0.1440    0.1941    0.2130    0.0041
 000141   G  0.654181  0.227656  0.087453    0.0084    0.0064    0.3380    0.1450    0.2058    0.2279    0.0042
 000142   Y  0.650879  0.238409  0.087208    0.0082    0.0090    0.3270    0.1230    0.2056    0.2257    0.0043
 000143   N  0.625563  0.234368  0.087236    0.0083    0.0148    0.3060    0.0970    0.1982    0.2151    0.0046
 000144   P  0.593965  0.232528  0.086776    0.0082    0.0119    0.2820    0.0870    0.1882    0.2038    0.0045
 000145   R  0.602826  0.221368  0.087048    0.0182    0.0223    0.3100    0.1070    0.1957    0.2052    0.0041
 000146   V  0.649178  0.223716  0.088301    0.0099    0.0109    0.3210    0.1120    0.2024    0.2239    0.0035
 000147   A  0.689476  0.224139  0.088075    0.0194    0.0134    0.3080    0.0990    0.2091    0.2344    0.0032
 000148   S  0.712459  0.229596  0.088589    0.0128    0.0191    0.2970    0.1060    0.2119    0.2416    0.0030
 000149   G  0.743828  0.226333  0.089617    0.0194    0.0178    0.3110    0.1210    0.2197    0.2519    0.0026
 000150   V  0.758799  0.215140  0.090725    0.0200    0.0100    0.3200    0.1310    0.2206    0.2585    0.0020
 000151   I  0.791316  0.193947  0.092904    0.0179    0.0202    0.3160    0.1230    0.2233    0.2685    0.0015
 000152   L  0.838469  0.182399  0.095086    0.0082    0.0240    0.3120    0.1180    0.2275    0.2856    0.0014
 000153   G  0.886614  0.176500  0.097568    0.0226    0.0473    0.3080    0.1190    0.2402    0.2976    0.0013
 000154   S  0.903676  0.165635  0.100051    0.0274    0.0248    0.3250    0.1480    0.2411    0.3066    0.0012
 000155   A  0.902412  0.155491  0.103401    0.0231    0.0134    0.3460    0.1680    0.2402    0.3094    0.0010
 000156   T  0.885575  0.154969  0.107130    0.0116    0.0086    0.3540    0.1730    0.2359    0.3058    0.0009
 000157   L  0.867915  0.158316  0.110037    0.0124    0.0076    0.3550    0.1720    0.2335    0.2995    0.0008
 000158   A  0.802944  0.158695  0.112908    0.0087    0.0066    0.3680    0.1600    0.2242    0.2787    0.0006
 000159   Q  0.766954  0.156268  0.115572    0.0042    0.0049    0.3800    0.1410    0.2187    0.2686    0.0004
 000160   I  0.704359  0.146556  0.117775    0.0021    0.0044    0.3720    0.1260    0.2049    0.2483    0.0003
 000161   I  0.627793  0.134327  0.119761    0.0013    0.0059    0.3280    0.0730    0.1829    0.2197    0.0003
 000162   P  0.540954  0.114360  0.122183    0.0029    0.0088    0.2730    0.0360    0.1567    0.1870    0.0003
 000163   P  0.470812  0.092220  0.124296    0.0081    0.0088    0.2460    0.0330    0.1376    0.1624    0.0003
 000164   S  0.421142  0.075759  0.125852    0.0081    0.0088    0.2240    0.0300    0.1230    0.1458    0.0002
 000165   V  0.399493  0.061404  0.127761    0.0029    0.0066    0.2120    0.0320    0.1137    0.1402    0.0002
 000166   V  0.337070  0.053002  0.129552    0.0044    0.0076    0.1910    0.0300    0.0988    0.1194    0.0002
 000167   L  0.335397  0.051226  0.129227    0.0015    0.0056    0.1860    0.0310    0.0966    0.1193    0.0002
 000168   I  0.321132  0.055445  0.129593    0.0044    0.0076    0.1850    0.0380    0.0955    0.1137    0.0002
 000169   V  0.296188  0.063472  0.130193    0.0029    0.0096    0.1920    0.0490    0.0941    0.1066    0.0002
 000170   L  0.270752  0.077068  0.131417    0.0027    0.0076    0.1890    0.0510    0.0912    0.0987    0.0003
 000171   A  0.254667  0.097214  0.133110    0.0079    0.0081    0.1810    0.0460    0.0914    0.0916    0.0005
 000172   D  0.225199  0.115492  0.133586    0.0097    0.0091    0.1740    0.0450    0.0888    0.0828    0.0008
 000173   Q  0.186365  0.127864  0.134120    0.0035    0.0070    0.1620    0.0440    0.0812    0.0754    0.0009
 000174   L  0.153408  0.145045  0.133243    0.0009    0.0057    0.1560    0.0490    0.0768    0.0716    0.0011
 000175   G  0.183986  0.167084  0.133841    0.0007    0.0042    0.1600    0.0590    0.0861    0.0795    0.0015
 000176   V  0.211279  0.186133  0.133861    0.0007    0.0042    0.1670    0.0650    0.0949    0.0872    0.0020
 000177   S  0.220637  0.195641  0.133142    0.0006    0.0060    0.1740    0.0670    0.0994    0.0904    0.0028
 000178   V  0.272834  0.194015  0.132904    0.0006    0.0083    0.1690    0.0670    0.1074    0.1004    0.0035
 000179   G  0.340127  0.183035  0.132124    0.0013    0.0108    0.1540    0.0560    0.1149    0.1162    0.0048
 000180   D  0.412060  0.175492  0.130831    0.0034    0.0101    0.1390    0.0510    0.1233    0.1376    0.0058
 000181   M  0.484713  0.155504  0.130341    0.0053    0.0181    0.1300    0.0460    0.1323    0.1602    0.0056
 000182   Y  0.517568  0.141011  0.128814    0.0027    0.0146    0.1250    0.0440    0.1335    0.1727    0.0056
 000183   V  0.504160  0.132960  0.127779    0.0022    0.0133    0.1240    0.0500    0.1294    0.1684    0.0052
 000184   A  0.455558  0.131101  0.125304    0.0008    0.0084    0.1270    0.0550    0.1205    0.1524    0.0057
 000185   A  0.388342  0.124921  0.123593    0.0028    0.0083    0.1360    0.0560    0.1100    0.1293    0.0062
 000186   L  0.321120  0.123445  0.121828    0.0009    0.0054    0.1550    0.0610    0.1010    0.1091    0.0067
 000187   V  0.254754  0.121573  0.119567    0.0009    0.0050    0.1560    0.0630    0.0897    0.0900    0.0072
 000188   P  0.183199  0.119452  0.117668    0.0005    0.0037    0.1380    0.0520    0.0741    0.0711    0.0077
 000189   S  0.109029  0.112881  0.115199    0.0005    0.0037    0.1330    0.0370    0.0599    0.0582    0.0075
 000190   A  0.034859  0.098390  0.113425    0.0003    0.0025    0.1340    0.0300    0.0450    0.0568    0.0065
 000191   L  0.000486  0.079952  0.112610    0.0002    0.0016    0.1370    0.0340    0.0365    0.0599    0.0054
 000192   T  0.000105  0.062044  0.113684    0.0002    0.0014    0.1280    0.0350    0.0320    0.0575    0.0049
 000193   V  0.000025  0.048830  0.114994    0.0002    0.0017    0.1140    0.0340    0.0274    0.0543    0.0040
 000194   G  0.000017  0.035125  0.114986    0.0002    0.0015    0.1060    0.0280    0.0237    0.0529    0.0034
 000195   L  0.000014  0.024392  0.115991    0.0002    0.0011    0.0920    0.0200    0.0196    0.0510    0.0027
 000196   Y  0.000011  0.017892  0.116705    0.0002    0.0013    0.0750    0.0130    0.0158    0.0491    0.0021
 000197   F  0.000011  0.013810  0.117418    0.0002    0.0020    0.0600    0.0120    0.0127    0.0477    0.0017
 000198   L  0.000010  0.010761  0.119922    0.0003    0.0027    0.0510    0.0130    0.0108    0.0480    0.0014
 000199   Y  0.000008  0.010616  0.122554    0.0003    0.0017    0.0450    0.0130    0.0096    0.0487    0.0012
 000200   V  0.000007  0.010806  0.124900    0.0003    0.0013    0.0380    0.0100    0.0084    0.0494    0.0011
 000201   I  0.000007  0.011645  0.126279    0.0003    0.0016    0.0370    0.0110    0.0085    0.0498    0.0011
 000202   Y  0.000007  0.012118  0.128632    0.0003    0.0020    0.0410    0.0130    0.0092    0.0508    0.0013
 000203   L  0.000022  0.014507  0.132046    0.0004    0.0013    0.0460    0.0170    0.0104    0.0523    0.0015
 000204   A  0.000143  0.018707  0.135617    0.0005    0.0019    0.0590    0.0250    0.0134    0.0541    0.0019
 000205   L  0.001600  0.022996  0.140866    0.0003    0.0022    0.0920    0.0470    0.0198    0.0589    0.0023
 000206   F  0.004454  0.032961  0.144722    0.0006    0.0032    0.1560    0.0960    0.0329    0.0712    0.0031
 000207   R  0.025224  0.053015  0.152289    0.0010    0.0039    0.2660    0.1770    0.0581    0.0994    0.0046
 000208   P  0.050955  0.074475  0.157900    0.0042    0.0058    0.4010    0.2770    0.0894    0.1402    0.0064
 000209   Q  0.079382  0.102958  0.164361    0.0069    0.0090    0.5090    0.3120    0.1180    0.1738    0.0083
 000210   W  0.115185  0.136573  0.169762    0.0118    0.0165    0.5480    0.2700    0.1379    0.1825    0.0106
 000211   V  0.195771  0.187952  0.175473    0.0268    0.0205    0.3550    0.1390    0.1310    0.1174    0.0136
 000212   P  0.283377  0.260808  0.183170    0.0542    0.0443    0.2210    0.1010    0.1440    0.0988    0.0175
 000213   A  0.380677  0.342661  0.187951    0.0771    0.0929    0.2390    0.1160    0.1887    0.1188    0.0205
 000214   L  0.477838  0.414399  0.189960    0.1322    0.1942    0.3080    0.1360    0.2545    0.1298    0.0240
 000215   P  0.571933  0.489854  0.192238    0.1602    0.2680    0.3230    0.1300    0.3022    0.1537    0.0306
 000216   P  0.644664  0.573587  0.196022    0.2657    0.4017    0.3610    0.1170    0.3744    0.1619    0.0379
 000217   E  0.716074  0.638484  0.203051    0.3992    0.5017    0.3570    0.1030    0.4354    0.1760    0.0459
 000218   A  0.784443  0.696727  0.207932    0.4203    0.4507    0.3620    0.0630    0.4524    0.1996    0.0491
 000219   R  0.843508  0.767136  0.209391    0.3630    0.2849    0.4090    0.1080    0.4446    0.2422    0.0539
 000220   P  0.858342  0.834535  0.211562    0.3225    0.2328    0.4410    0.1440    0.4483    0.2695    0.0576
 000221   E  0.861259  0.857705  0.213428    0.3399    0.2436    0.4620    0.1860    0.4607    0.2711    0.0592
 000222   A  0.850254  0.851219  0.213608    0.4037    0.2258    0.5060    0.2150    0.4729    0.2645    0.0547
 000223   G  0.832699  0.829420  0.210960    0.2963    0.1969    0.5290    0.1800    0.4474    0.2716    0.0493
 000224   K  0.812735  0.799829  0.209266    0.2558    0.1424    0.5170    0.1080    0.4214    0.2756    0.0445
 000225   E  0.796218  0.758901  0.209309    0.3717    0.1424    0.4280    0.1160    0.4162    0.2522    0.0369
 000226   P  0.743788  0.672463  0.208403    0.2432    0.0646    0.3580    0.1340    0.3471    0.2494    0.0264
 000227   E  0.683947  0.547311  0.206818    0.1495    0.0306    0.2470    0.1090    0.2764    0.2316    0.0180
 000228   A  0.603012  0.427247  0.204823    0.0813    0.0205    0.1710    0.0700    0.2171    0.2051    0.0113
 000229   A  0.507760  0.316137  0.203032    0.0660    0.0165    0.1280    0.0470    0.1724    0.1691    0.0075
 000230   F  0.417246  0.206566  0.201844    0.0607    0.0163    0.1060    0.0330    0.1345    0.1353    0.0049
 000231   A  0.330913  0.135067  0.200778    0.0308    0.0138    0.0900    0.0220    0.1001    0.1133    0.0036
 000232   L  0.249881  0.105626  0.200630    0.0286    0.0079    0.0870    0.0240    0.0799    0.0931    0.0028
 000233   L  0.172916  0.098470  0.199504    0.0387    0.0093    0.0870    0.0250    0.0677    0.0753    0.0024
 000234   S  0.095934  0.086849  0.198706    0.0194    0.0066    0.0870    0.0250    0.0493    0.0708    0.0022
 000235   Y  0.051223  0.077591  0.198129    0.0179    0.0065    0.0900    0.0280    0.0405    0.0712    0.0020
 000236   L  0.014269  0.074124  0.196714    0.0069    0.0060    0.0910    0.0320    0.0320    0.0752    0.0021
 000237   L  0.000340  0.070022  0.195964    0.0061    0.0037    0.1000    0.0380    0.0301    0.0777    0.0025
 000238   V  0.000181  0.070138  0.191231    0.0053    0.0025    0.0980    0.0400    0.0294    0.0761    0.0033
 000239   A  0.000177  0.076358  0.186791    0.0022    0.0028    0.0820    0.0320    0.0273    0.0740    0.0046
 000240   V  0.000099  0.083601  0.182719    0.0008    0.0024    0.0670    0.0220    0.0256    0.0725    0.0064
 000241   G  0.000068  0.100627  0.177896    0.0013    0.0039    0.0560    0.0200    0.0270    0.0718    0.0093
 000242   S  0.000062  0.114977  0.171810    0.0006    0.0044    0.0490    0.0180    0.0281    0.0716    0.0125
 000243   W  0.000083  0.123143  0.162534    0.0012    0.0042    0.0450    0.0150    0.0289    0.0697    0.0164
 000244   K  0.000105  0.136287  0.155936    0.0033    0.0042    0.0390    0.0110    0.0305    0.0699    0.0208
 000245   L  0.000141  0.142165  0.151851    0.0009    0.0045    0.0440    0.0130    0.0319    0.0700    0.0233
 000246   G  0.000164  0.137113  0.149110    0.0008    0.0062    0.0520    0.0200    0.0328    0.0678    0.0278
 000247   G  0.000177  0.126785  0.144183    0.0018    0.0061    0.0640    0.0270    0.0332    0.0644    0.0302
 000248   F  0.000165  0.111637  0.135594    0.0042    0.0094    0.0780    0.0330    0.0339    0.0591    0.0285
 000249   L  0.000169  0.094951  0.130432    0.0028    0.0093    0.0790    0.0350    0.0310    0.0555    0.0273
 000250   H  0.000328  0.101469  0.128507    0.0037    0.0075    0.0730    0.0300    0.0309    0.0555    0.0252
 000251   L  0.000545  0.111489  0.125999    0.0034    0.0070    0.0660    0.0220    0.0314    0.0561    0.0218
 000252   P  0.000752  0.117005  0.123112    0.0009    0.0070    0.0540    0.0110    0.0299    0.0564    0.0179
 000253   G  0.000741  0.121635  0.121398    0.0005    0.0050    0.0510    0.0090    0.0298    0.0571    0.0145
 000254   W  0.000716  0.139299  0.120949    0.0008    0.0061    0.0550    0.0080    0.0336    0.0608    0.0107
 000255   L  0.000719  0.147076  0.119243    0.0005    0.0044    0.0600    0.0110    0.0355    0.0626    0.0079
 000256   E  0.000727  0.141016  0.117941    0.0007    0.0042    0.0480    0.0120    0.0325    0.0608    0.0058
 000257   G  0.000748  0.143029  0.117248    0.0004    0.0044    0.0440    0.0120    0.0321    0.0612    0.0039
 000258   L  0.000770  0.133272  0.116334    0.0002    0.0033    0.0410    0.0110    0.0297    0.0588    0.0027
 000259   E  0.000642  0.102050  0.116167    0.0004    0.0036    0.0390    0.0110    0.0243    0.0521    0.0020
 000260   V  0.000444  0.075899  0.116407    0.0005    0.0036    0.0390    0.0110    0.0199    0.0480    0.0013
 000261   L  0.000480  0.062569  0.115416    0.0003    0.0026    0.0410    0.0120    0.0178    0.0464    0.0009
 000262   L  0.001294  0.044573  0.115155    0.0003    0.0039    0.0430    0.0120    0.0155    0.0449    0.0006
 000263   G  0.001596  0.038220  0.114229    0.0001    0.0036    0.0490    0.0140    0.0154    0.0447    0.0005
 000264   L  0.001843  0.035926  0.113572    0.0002    0.0024    0.0540    0.0150    0.0157    0.0448    0.0004
 000265   A  0.002511  0.030277  0.112671    0.0003    0.0034    0.0620    0.0140    0.0164    0.0450    0.0003
 000266   L  0.003455  0.025521  0.111433    0.0002    0.0046    0.0740    0.0150    0.0179    0.0459    0.0002
 000267   W  0.004219  0.024927  0.110182    0.0002    0.0045    0.0990    0.0180    0.0222    0.0497    0.0002
 000268   T  0.011835  0.027796  0.108672    0.0002    0.0049    0.1040    0.0180    0.0248    0.0492    0.0002
 000269   L  0.099311  0.031533  0.108690    0.0004    0.0049    0.0910    0.0230    0.0379    0.0486    0.0002
 000270   L  0.184372  0.041704  0.109493    0.0004    0.0034    0.0820    0.0290    0.0520    0.0669    0.0002
 000271   L  0.268873  0.054712  0.109330    0.0003    0.0044    0.0780    0.0380    0.0677    0.0922    0.0003
 000272   L  0.312788  0.068944  0.110388    0.0003    0.0059    0.0740    0.0370    0.0769    0.1063    0.0003
 000273   P  0.368785  0.105833  0.113203    0.0006    0.0073    0.0700    0.0290    0.0920    0.1247    0.0005
 000274   R  0.412248  0.154405  0.116829    0.0005    0.0052    0.0770    0.0260    0.1082    0.1401    0.0006
 000275   I  0.451786  0.201915  0.120006    0.0007    0.0048    0.1010    0.0340    0.1267    0.1543    0.0006
 000276   R  0.505575  0.246067  0.122543    0.0005    0.0055    0.1280    0.0460    0.1477    0.1735    0.0008
 000277   R  0.566846  0.277267  0.124598    0.0004    0.0065    0.1740    0.0670    0.1709    0.1942    0.0010
 000278   N  0.548257  0.295852  0.126721    0.0008    0.0070    0.2190    0.0890    0.1785    0.1897    0.0012
 000279   P  0.534374  0.282656  0.128365    0.0006    0.0074    0.2240    0.0870    0.1748    0.1843    0.0013
 000280   L  0.506120  0.249385  0.128735    0.0006    0.0125    0.2500    0.1160    0.1697    0.1736    0.0014
 000281   L  0.469153  0.231103  0.129222    0.0022    0.0123    0.2140    0.1040    0.1547    0.1594    0.0017
 000282   R  0.417761  0.222450  0.129423    0.0075    0.0134    0.1600    0.0850    0.1368    0.1407    0.0019
 000283   R  0.374257  0.190999  0.130068    0.0083    0.0133    0.1340    0.0770    0.1201    0.1251    0.0020
 000284   A  0.333919  0.169187  0.130456    0.0033    0.0073    0.1170    0.0570    0.1051    0.1134    0.0018
 000285   L  0.279473  0.159842  0.131050    0.0010    0.0047    0.1010    0.0400    0.0909    0.0979    0.0016
 000286   F  0.210664  0.133003  0.131675    0.0015    0.0050    0.1040    0.0410    0.0757    0.0774    0.0015
 000287   S  0.141884  0.107728  0.131476    0.0007    0.0039    0.1110    0.0460    0.0609    0.0621    0.0014
 000288   M  0.070594  0.091053  0.132288    0.0005    0.0028    0.1290    0.0620    0.0490    0.0578    0.0011
 000289   V  0.013595  0.076078  0.135266    0.0003    0.0027    0.1410    0.0700    0.0390    0.0640    0.0009
 000290   P  0.006389  0.061895  0.137907    0.0002    0.0026    0.1350    0.0650    0.0344    0.0640    0.0008
 000291   P  0.001566  0.051887  0.139592    0.0003    0.0027    0.1300    0.0520    0.0311    0.0640    0.0007
 000292   L  0.000968  0.043082  0.140502    0.0006    0.0027    0.1280    0.0370    0.0293    0.0642    0.0005
 000293   V  0.001352  0.034189  0.139632    0.0004    0.0018    0.1240    0.0380    0.0270    0.0635    0.0004
 000294   L  0.001572  0.027947  0.137670    0.0002    0.0018    0.1180    0.0370    0.0250    0.0621    0.0003
 000295   I  0.002238  0.025187  0.135898    0.0002    0.0015    0.1070    0.0300    0.0227    0.0596    0.0002
 000296   F  0.003270  0.022381  0.134667    0.0003    0.0018    0.0970    0.0180    0.0207    0.0575    0.0002
 000297   L  0.003929  0.019244  0.134088    0.0003    0.0030    0.0850    0.0220    0.0186    0.0556    0.0002
 000298   V  0.004292  0.024385  0.133471    0.0002    0.0033    0.0800    0.0220    0.0187    0.0544    0.0002
 000299   L  0.005058  0.027999  0.132853    0.0003    0.0041    0.0820    0.0220    0.0199    0.0540    0.0003
 000300   G  0.006117  0.031274  0.131157    0.0006    0.0057    0.0940    0.0300    0.0230    0.0547    0.0004
 000301   T  0.007999  0.038561  0.128874    0.0005    0.0045    0.1010    0.0380    0.0255    0.0547    0.0006
 000302   V  0.011011  0.048585  0.126085    0.0005    0.0042    0.1000    0.0420    0.0274    0.0533    0.0007
 000303   L  0.051482  0.066425  0.123459    0.0007    0.0050    0.0920    0.0290    0.0359    0.0486    0.0011
 000304   I  0.100478  0.089086  0.120650    0.0012    0.0055    0.0930    0.0270    0.0483    0.0512    0.0015
 000305   G  0.169536  0.131214  0.117600    0.0027    0.0076    0.1050    0.0250    0.0694    0.0655    0.0026
 000306   L  0.258492  0.174596  0.114829    0.0040    0.0085    0.1380    0.0310    0.0972    0.0917    0.0041
 000307   A  0.322591  0.224990  0.112467    0.0086    0.0100    0.1680    0.0370    0.1223    0.1143    0.0060
 000308   T  0.363246  0.272617  0.110652    0.0087    0.0168    0.1960    0.0340    0.1430    0.1311    0.0081
 000309   P  0.395453  0.310616  0.108700    0.0087    0.0209    0.2140    0.0330    0.1583    0.1451    0.0098
 000310   T  0.449363  0.358445  0.107922    0.0218    0.0202    0.2500    0.0440    0.1833    0.1655    0.0100
 000311   E  0.523081  0.383232  0.107080    0.0144    0.0109    0.2910    0.0600    0.2038    0.1933    0.0085
 000312   A  0.530412  0.383026  0.106911    0.0074    0.0069    0.3270    0.0880    0.2091    0.1997    0.0063
 000313   G  0.551535  0.367555  0.106064    0.0078    0.0080    0.3180    0.0960    0.2087    0.2024    0.0050
 000314   A  0.545105  0.333427  0.104495    0.0086    0.0097    0.2850    0.0890    0.1969    0.1943    0.0036
 000315   M  0.508707  0.267697  0.103123    0.0167    0.0099    0.2510    0.0890    0.1757    0.1747    0.0025
 000316   G  0.459892  0.211518  0.101400    0.0121    0.0104    0.1930    0.0810    0.1478    0.1543    0.0015
 000317   V  0.442199  0.163456  0.101034    0.0131    0.0174    0.1290    0.0560    0.1275    0.1450    0.0009
 000318   V  0.409331  0.134251  0.100556    0.0200    0.0218    0.0800    0.0330    0.1110    0.1334    0.0006
 000319   G  0.354334  0.115366  0.100896    0.0200    0.0107    0.0610    0.0240    0.0936    0.1168    0.0004
 000320   A  0.277590  0.102597  0.099204    0.0160    0.0093    0.0560    0.0190    0.0769    0.0914    0.0003
 000321   L  0.229772  0.091338  0.096733    0.0074    0.0054    0.0580    0.0190    0.0654    0.0771    0.0003
 000322   L  0.159223  0.090219  0.094661    0.0066    0.0056    0.0570    0.0190    0.0530    0.0560    0.0002
 000323   L  0.095754  0.091250  0.094174    0.0037    0.0047    0.0580    0.0180    0.0423    0.0430    0.0003
 000324   A  0.042829  0.107911  0.094869    0.0053    0.0034    0.0550    0.0150    0.0358    0.0430    0.0003
 000325   A  0.027743  0.121950  0.096176    0.0035    0.0026    0.0570    0.0170    0.0356    0.0479    0.0003
 000326   L  0.008867  0.131837  0.097257    0.0022    0.0032    0.0610    0.0180    0.0345    0.0529    0.0004
 000327   N  0.013816  0.135793  0.097529    0.0007    0.0027    0.0620    0.0180    0.0358    0.0537    0.0005
 000328   R  0.020846  0.142708  0.096378    0.0015    0.0031    0.0620    0.0140    0.0384    0.0544    0.0007
 000329   R  0.031749  0.142020  0.095448    0.0028    0.0044    0.0640    0.0130    0.0408    0.0526    0.0008
 000330   L  0.041920  0.134197  0.094169    0.0012    0.0044    0.0670    0.0140    0.0414    0.0500    0.0008
 000331   S  0.048224  0.132787  0.092762    0.0028    0.0052    0.0690    0.0200    0.0430    0.0488    0.0010
 000332   F  0.054453  0.136028  0.091954    0.0066    0.0064    0.0890    0.0390    0.0488    0.0495    0.0012
 000333   P  0.064384  0.134998  0.092196    0.0116    0.0095    0.0880    0.0410    0.0513    0.0474    0.0015
 000334   V  0.066845  0.129085  0.092713    0.0144    0.0094    0.1100    0.0430    0.0550    0.0480    0.0016
 000335   L  0.062713  0.139152  0.093717    0.0212    0.0123    0.1410    0.0600    0.0628    0.0536    0.0017
 000336   Y  0.057453  0.153228  0.095229    0.0109    0.0123    0.1530    0.0570    0.0645    0.0610    0.0021
 000337   Q  0.049593  0.166084  0.097382    0.0259    0.0108    0.1470    0.0320    0.0665    0.0610    0.0027
 000338   A  0.038154  0.210137  0.100184    0.0167    0.0073    0.1400    0.0330    0.0687    0.0747    0.0031
 000339   M  0.027702  0.236377  0.102151    0.0070    0.0049    0.1470    0.0500    0.0706    0.0862    0.0038
 000340   E  0.021071  0.252569  0.104162    0.0033    0.0033    0.1330    0.0540    0.0689    0.0913    0.0045
 000341   G  0.014542  0.258319  0.105307    0.0035    0.0032    0.1010    0.0310    0.0634    0.0920    0.0047
 000342   T  0.004240  0.254147  0.107368    0.0009    0.0023    0.0890    0.0290    0.0584    0.0922    0.0043
 000343   A  0.001606  0.199443  0.109008    0.0010    0.0024    0.0930    0.0440    0.0496    0.0761    0.0036
 000344   K  0.001132  0.156578  0.112664    0.0005    0.0022    0.0840    0.0430    0.0407    0.0647    0.0027
 000345   L  0.001047  0.112537  0.116280    0.0004    0.0028    0.0740    0.0360    0.0319    0.0551    0.0021
 000346   T  0.001097  0.075137  0.118650    0.0008    0.0043    0.0660    0.0290    0.0245    0.0494    0.0016
 000347   A  0.001112  0.042441  0.121215    0.0024    0.0043    0.0540    0.0220    0.0174    0.0473    0.0012
 000348   F  0.001072  0.028102  0.123057    0.0024    0.0027    0.0470    0.0170    0.0136    0.0478    0.0008
 000349   V  0.001062  0.020228  0.125178    0.0010    0.0031    0.0420    0.0130    0.0112    0.0488    0.0005
 000350   I  0.001061  0.016593  0.125728    0.0008    0.0026    0.0410    0.0120    0.0104    0.0492    0.0003
 000351   F  0.001033  0.017481  0.127382    0.0007    0.0017    0.0460    0.0110    0.0112    0.0501    0.0002
 000352   I  0.000621  0.018805  0.130913    0.0004    0.0011    0.0490    0.0120    0.0117    0.0517    0.0001
 000353   L  0.000430  0.021107  0.134232    0.0003    0.0010    0.0500    0.0140    0.0121    0.0530    0.0001
 000354   I  0.000488  0.025305  0.137297    0.0002    0.0012    0.0530    0.0150    0.0134    0.0541    0.0001
 000355   G  0.001203  0.031590  0.140545    0.0002    0.0008    0.0560    0.0170    0.0149    0.0553    0.0001
 000356   S  0.001847  0.037693  0.143275    0.0004    0.0014    0.0560    0.0170    0.0162    0.0561    0.0001
 000357   T  0.001884  0.043032  0.145432    0.0002    0.0013    0.0550    0.0170    0.0169    0.0569    0.0001
 000358   L  0.001930  0.051325  0.147101    0.0003    0.0015    0.0540    0.0150    0.0182    0.0575    0.0001
 000359   F  0.002909  0.062023  0.149535    0.0006    0.0017    0.0550    0.0150    0.0203    0.0587    0.0001
 000360   S  0.004546  0.081330  0.151891    0.0009    0.0016    0.0520    0.0140    0.0234    0.0606    0.0001
 000361   L  0.006431  0.094249  0.154966    0.0008    0.0018    0.0550    0.0170    0.0264    0.0627    0.0001
 000362   V  0.007527  0.098089  0.158689    0.0009    0.0032    0.0550    0.0170    0.0275    0.0641    0.0001
 000363   F  0.008319  0.098853  0.162779    0.0009    0.0046    0.0570    0.0180    0.0283    0.0653    0.0001
 000364   R  0.008552  0.104088  0.166327    0.0037    0.0044    0.0500    0.0140    0.0285    0.0668    0.0001
 000365   G  0.008905  0.114216  0.169542    0.0084    0.0046    0.0500    0.0140    0.0310    0.0685    0.0002
 000366   V  0.010886  0.112088  0.173035    0.0029    0.0047    0.0460    0.0130    0.0295    0.0700    0.0002
 000367   D  0.012587  0.118270  0.176443    0.0008    0.0048    0.0450    0.0120    0.0302    0.0721    0.0002
 000368   G  0.014332  0.124008  0.179367    0.0008    0.0033    0.0450    0.0120    0.0312    0.0739    0.0002
 000369   D  0.024300  0.129097  0.181643    0.0027    0.0051    0.0460    0.0130    0.0345    0.0738    0.0002
 000370   L  0.041535  0.110935  0.186352    0.0018    0.0081    0.0560    0.0200    0.0364    0.0712    0.0002
 000371   W  0.070350  0.108786  0.191922    0.0028    0.0083    0.0630    0.0210    0.0422    0.0716    0.0003
 000372   V  0.078055  0.115336  0.197314    0.0069    0.0151    0.0590    0.0160    0.0458    0.0724    0.0003
 000373   E  0.084586  0.121489  0.200895    0.0118    0.0148    0.0560    0.0130    0.0480    0.0737    0.0004
 000374   G  0.085558  0.122489  0.205061    0.0327    0.0341    0.0580    0.0140    0.0555    0.0692    0.0004
 000375   F  0.084075  0.128825  0.208161    0.0157    0.0146    0.0680    0.0150    0.0519    0.0756    0.0003
 000376   L  0.082402  0.147386  0.211569    0.0157    0.0085    0.0810    0.0190    0.0559    0.0794    0.0003
 000377   T  0.079780  0.177126  0.216442    0.0118    0.0084    0.0970    0.0290    0.0623    0.0855    0.0004
 000378   G  0.075004  0.209699  0.221281    0.0042    0.0050    0.1160    0.0450    0.0683    0.0947    0.0003
 000379   L  0.061570  0.232639  0.225008    0.0013    0.0038    0.1410    0.0680    0.0733    0.1025    0.0002
 000380   P  0.031712  0.240773  0.228002    0.0006    0.0031    0.1390    0.0690    0.0692    0.1080    0.0002
 000381   G  0.023174  0.234022  0.231704    0.0006    0.0033    0.1490    0.0710    0.0684    0.1092    0.0002
 000382   G  0.015724  0.204805  0.235303    0.0006    0.0032    0.1400    0.0650    0.0608    0.1053    0.0001
 000383   E  0.013834  0.161908  0.237998    0.0006    0.0032    0.1440    0.0720    0.0538    0.1005    0.0001
 000384   V  0.013392  0.117864  0.240755    0.0003    0.0018    0.1500    0.0770    0.0473    0.0987    0.0000
 000385   G  0.013366  0.089426  0.243379    0.0001    0.0013    0.1470    0.0700    0.0419    0.0984    0.0000
 000386   F  0.013274  0.060822  0.245624    0.0002    0.0014    0.1540    0.0660    0.0383    0.1003    0.0000
 000387   I  0.006417  0.035021  0.246844    0.0001    0.0021    0.1520    0.0550    0.0326    0.1023    0.0000
 000388   V  0.000734  0.019874  0.249115    0.0001    0.0012    0.1490    0.0500    0.0284    0.1045    0.0000
 000389   F  0.000587  0.014036  0.252164    0.0001    0.0006    0.1520    0.0530    0.0278    0.1065    0.0000
 000390   V  0.000510  0.009513  0.255390    0.0001    0.0006    0.1540    0.0630    0.0275    0.1084    0.0000
 000391   M  0.000414  0.007274  0.258365    0.0001    0.0005    0.1650    0.0750    0.0289    0.1111    0.0000
 000392   V  0.000314  0.006148  0.262368    0.0001    0.0003    0.1770    0.0880    0.0306    0.1143    0.0000
 000393   L  0.000210  0.006170  0.263796    0.0001    0.0001    0.1920    0.1030    0.0331    0.1172    0.0000
 000394   V  0.000161  0.006064  0.265952    0.0001    0.0001    0.2210    0.1290    0.0379    0.1230    0.0000
 000395   F  0.000127  0.006189  0.269052    0.0001    0.0001    0.2330    0.1400    0.0399    0.1263    0.0000
 000396   L  0.000121  0.007595  0.272081    0.0001    0.0001    0.2440    0.1530    0.0419    0.1292    0.0000
 000397   L  0.000077  0.008381  0.273493    0.0001    0.0001    0.2330    0.1470    0.0403    0.1274    0.0000
 000398   G  0.000079  0.008936  0.274866    0.0001    0.0001    0.2180    0.1350    0.0378    0.1249    0.0000
 000399   F  0.000093  0.009933  0.276113    0.0001    0.0001    0.2090    0.1270    0.0365    0.1237    0.0000
 000400   F  0.000099  0.011171  0.276146    0.0001    0.0001    0.1910    0.1160    0.0338    0.1207    0.0000
 000401   I  0.000116  0.011300  0.275072    0.0001    0.0002    0.1870    0.1120    0.0332    0.1197    0.0000
 000402   D  0.000137  0.012266  0.272569    0.0001    0.0001    0.1710    0.0980    0.0306    0.1164    0.0000
 000403   F  0.000198  0.014406  0.269877    0.0001    0.0001    0.1750    0.1020    0.0316    0.1158    0.0000
 000404   F  0.000307  0.014616  0.267488    0.0001    0.0002    0.1690    0.0920    0.0308    0.1142    0.0000
 000405   E  0.000765  0.014037  0.264341    0.0001    0.0002    0.1500    0.0780    0.0276    0.1107    0.0000
 000406   I  0.001778  0.014222  0.262644    0.0001    0.0004    0.1490    0.0730    0.0275    0.1098    0.0000
 000407   A  0.002873  0.014446  0.259479    0.0001    0.0005    0.1350    0.0620    0.0255    0.1069    0.0000
 000408   F  0.004553  0.012944  0.256213    0.0001    0.0009    0.1340    0.0530    0.0254    0.1056    0.0000
 000409   I  0.004763  0.014490  0.253656    0.0001    0.0008    0.1280    0.0470    0.0248    0.1039    0.0000
 000410   V  0.006817  0.018857  0.251574    0.0001    0.0008    0.1120    0.0410    0.0230    0.1011    0.0000
 000411   L  0.010242  0.023036  0.249088    0.0001    0.0015    0.1070    0.0370    0.0237    0.0992    0.0000
 000412   P  0.010267  0.029017  0.244351    0.0001    0.0015    0.0890    0.0290    0.0216    0.0959    0.0000
 000413   L  0.010164  0.037285  0.239378    0.0001    0.0015    0.0880    0.0250    0.0228    0.0935    0.0000
 000414   L  0.009699  0.046154  0.234501    0.0001    0.0025    0.0860    0.0230    0.0241    0.0912    0.0000
 000415   A  0.008691  0.061835  0.228131    0.0001    0.0028    0.0870    0.0250    0.0267    0.0885    0.0000
 000416   L  0.007591  0.090398  0.220966    0.0001    0.0017    0.0870    0.0240    0.0311    0.0866    0.0000
 000417   G  0.005908  0.115876  0.214180    0.0001    0.0016    0.0820    0.0230    0.0343    0.0860    0.0000
 000418   A  0.005698  0.123302  0.207961    0.0001    0.0019    0.0840    0.0230    0.0358    0.0846    0.0000
 000419   D  0.003631  0.127404  0.200181    0.0001    0.0021    0.0780    0.0220    0.0352    0.0825    0.0001
 000420   A  0.000183  0.128967  0.192168    0.0002    0.0021    0.0700    0.0180    0.0335    0.0804    0.0001
 000421   L  0.000108  0.111312  0.184122    0.0002    0.0021    0.0670    0.0180    0.0302    0.0756    0.0001
 000422   N  0.000105  0.093255  0.176873    0.0002    0.0031    0.0580    0.0160    0.0257    0.0710    0.0001
 000423   I  0.000118  0.086181  0.167958    0.0001    0.0020    0.0510    0.0180    0.0233    0.0673    0.0001
 000424   D  0.000120  0.078473  0.161402    0.0002    0.0031    0.0400    0.0140    0.0204    0.0643    0.0001
 000425   K  0.000126  0.059846  0.154178    0.0003    0.0031    0.0350    0.0130    0.0164    0.0604    0.0001
 000426   V  0.000125  0.047545  0.145703    0.0004    0.0036    0.0330    0.0130    0.0141    0.0567    0.0001
 000427   W  0.000119  0.036161  0.137038    0.0006    0.0052    0.0320    0.0140    0.0124    0.0530    0.0001
 000428   F  0.000121  0.028773  0.129464    0.0006    0.0052    0.0320    0.0160    0.0112    0.0500    0.0000
 000429   G  0.000126  0.026678  0.121105    0.0008    0.0039    0.0300    0.0160    0.0102    0.0469    0.0001
 000430   L  0.000141  0.031860  0.113116    0.0007    0.0026    0.0310    0.0170    0.0110    0.0439    0.0000
 000431   L  0.000145  0.035705  0.106199    0.0006    0.0032    0.0360    0.0170    0.0126    0.0413    0.0001
 000432   V  0.000162  0.040310  0.098085    0.0007    0.0048    0.0410    0.0180    0.0145    0.0384    0.0001
 000433   G  0.000167  0.060255  0.089883    0.0006    0.0051    0.0550    0.0230    0.0202    0.0381    0.0001
 000434   V  0.000203  0.087873  0.082022    0.0028    0.0046    0.0660    0.0250    0.0269    0.0410    0.0001
 000435   N  0.000268  0.116054  0.075144    0.0031    0.0045    0.0830    0.0270    0.0345    0.0478    0.0002
 000436   L  0.000307  0.139823  0.068916    0.0009    0.0028    0.1020    0.0320    0.0409    0.0562    0.0002
 000437   Q  0.000309  0.172985  0.061897    0.0033    0.0034    0.0970    0.0330    0.0461    0.0641    0.0004
 000438   T  0.000304  0.186816  0.056922    0.0028    0.0033    0.1040    0.0340    0.0495    0.0691    0.0005
 000439   S  0.000356  0.183663  0.051743    0.0067    0.0033    0.1080    0.0410    0.0503    0.0679    0.0006
 000440   F  0.000417  0.182208  0.046077    0.0027    0.0023    0.1170    0.0480    0.0507    0.0693    0.0006
 000441   L  0.000458  0.178546  0.041142    0.0031    0.0023    0.1000    0.0440    0.0474    0.0661    0.0007
 000442   T  0.000514  0.163439  0.037175    0.0038    0.0033    0.0720    0.0310    0.0406    0.0584    0.0009
 000443   P  0.000605  0.146694  0.034739    0.0038    0.0046    0.0540    0.0220    0.0350    0.0515    0.0009
 000444   P  0.000555  0.130539  0.032226    0.0038    0.0035    0.0410    0.0170    0.0299    0.0456    0.0009
 000445   F  0.000685  0.103202  0.030032    0.0083    0.0040    0.0460    0.0210    0.0270    0.0359    0.0007
 000446   G  0.000771  0.080614  0.028752    0.0040    0.0042    0.0470    0.0240    0.0227    0.0293    0.0006
 000447   F  0.000799  0.061011  0.028400    0.0070    0.0059    0.0480    0.0260    0.0205    0.0233    0.0006
 000448   A  0.000780  0.051765  0.028047    0.0081    0.0062    0.0460    0.0250    0.0187    0.0204    0.0005
 000449   L  0.000744  0.044453  0.028204    0.0081    0.0044    0.0540    0.0260    0.0186    0.0210    0.0006
 000450   F  0.000762  0.044714  0.029380    0.0090    0.0045    0.0690    0.0310    0.0213    0.0249    0.0007
 000451   Y  0.000714  0.051412  0.030964    0.0097    0.0073    0.0730    0.0310    0.0237    0.0267    0.0009
 000452   L  0.000595  0.065374  0.032562    0.0218    0.0074    0.0780    0.0300    0.0288    0.0290    0.0011
 000453   R  0.000596  0.093551  0.034179    0.0226    0.0074    0.0840    0.0230    0.0347    0.0364    0.0013
 000454   N  0.000621  0.124630  0.036564    0.0070    0.0046    0.1090    0.0270    0.0410    0.0512    0.0017
 000455   V  0.000757  0.178235  0.039261    0.0066    0.0030    0.1410    0.0350    0.0550    0.0717    0.0020
 000456   A  0.000953  0.233722  0.042134    0.0061    0.0047    0.1710    0.0440    0.0694    0.0922    0.0026
 000457   P  0.006011  0.276690  0.045811    0.0027    0.0047    0.1950    0.0570    0.0808    0.1081    0.0033
 000458   K  0.010912  0.310034  0.049939    0.0069    0.0076    0.2350    0.0810    0.0951    0.1227    0.0039
 000459   E  0.015975  0.334429  0.054856    0.0086    0.0061    0.2440    0.0920    0.1015    0.1303    0.0043
 000460   V  0.016560  0.330277  0.059447    0.0194    0.0102    0.2440    0.0960    0.1034    0.1268    0.0040
 000461   K  0.016888  0.305390  0.062716    0.0167    0.0101    0.2030    0.0830    0.0921    0.1131    0.0042
 000462   T  0.017411  0.289049  0.066908    0.0441    0.0096    0.1820    0.0850    0.0903    0.1020    0.0039
 000463   L  0.017520  0.245286  0.069808    0.0395    0.0171    0.1630    0.0790    0.0804    0.0853    0.0031
 000464   D  0.017373  0.196434  0.074047    0.0150    0.0097    0.1280    0.0520    0.0611    0.0703    0.0026
 000465   I  0.017620  0.164015  0.077553    0.0150    0.0094    0.0940    0.0260    0.0500    0.0572    0.0020
 000466   Y  0.012531  0.147369  0.081098    0.0128    0.0087    0.0670    0.0170    0.0415    0.0519    0.0019
 000467   Q  0.007623  0.122536  0.084625    0.0194    0.0068    0.0520    0.0140    0.0347    0.0452    0.0017
 000468   G  0.002502  0.111332  0.088269    0.0069    0.0045    0.0430    0.0150    0.0280    0.0455    0.0015
 000469   G  0.001925  0.111187  0.091176    0.0028    0.0032    0.0400    0.0160    0.0265    0.0470    0.0013
 000470   L  0.001576  0.098636  0.094012    0.0008    0.0022    0.0370    0.0130    0.0234    0.0452    0.0010
 000471   P  0.001033  0.083873  0.095540    0.0008    0.0020    0.0360    0.0110    0.0206    0.0428    0.0009
 000472   F  0.000729  0.071229  0.097432    0.0005    0.0021    0.0380    0.0130    0.0187    0.0413    0.0006
 000473   I  0.000736  0.060355  0.099559    0.0003    0.0013    0.0400    0.0130    0.0170    0.0408    0.0005
 000474   G  0.000469  0.049389  0.101368    0.0006    0.0013    0.0390    0.0130    0.0151    0.0404    0.0005
 000475   L  0.000843  0.042693  0.103177    0.0003    0.0007    0.0380    0.0120    0.0137    0.0407    0.0005
 000476   Q  0.001002  0.034596  0.104223    0.0003    0.0013    0.0380    0.0110    0.0126    0.0407    0.0004
 000477   L  0.001349  0.025127  0.104754    0.0003    0.0021    0.0390    0.0120    0.0112    0.0408    0.0003
 000478   L  0.004985  0.020505  0.105978    0.0002    0.0023    0.0400    0.0110    0.0113    0.0410    0.0003
 000479   V  0.008650  0.019537  0.105641    0.0003    0.0014    0.0410    0.0110    0.0118    0.0407    0.0003
 000480   L  0.013119  0.021908  0.106130    0.0003    0.0012    0.0430    0.0100    0.0133    0.0406    0.0003
 000481   V  0.023194  0.024298  0.106491    0.0003    0.0019    0.0450    0.0090    0.0159    0.0401    0.0003
 000482   L  0.042846  0.028040  0.106544    0.0002    0.0010    0.0520    0.0110    0.0207    0.0402    0.0004
 000483   T  0.057319  0.035403  0.106619    0.0004    0.0012    0.0610    0.0140    0.0259    0.0410    0.0005
 000484   Y  0.071820  0.041439  0.106336    0.0004    0.0018    0.0750    0.0170    0.0317    0.0428    0.0005
 000485   L  0.085828  0.050385  0.107187    0.0002    0.0020    0.0920    0.0310    0.0385    0.0462    0.0006
 000486   L  0.119431  0.068916  0.107441    0.0003    0.0017    0.1060    0.0470    0.0495    0.0526    0.0007
 000487   Q  0.148373  0.092717  0.107731    0.0003    0.0017    0.1190    0.0560    0.0604    0.0599    0.0009
 000488   E  0.163750  0.105414  0.107350    0.0003    0.0016    0.1360    0.0530    0.0678    0.0655    0.0012
 000489   P  0.176567  0.117551  0.106713    0.0005    0.0024    0.1630    0.0520    0.0767    0.0723    0.0014
 000490   I  0.171501  0.124536  0.103983    0.0004    0.0026    0.2590    0.0950    0.0931    0.0928    0.0014
 000491   M  0.153435  0.132265  0.101967    0.0008    0.0032    0.3870    0.0870    0.1129    0.1304    0.0016
 000492   E  0.141553  0.163521  0.101014    0.0029    0.0037    0.4530    0.0890    0.1274    0.1522    0.0019
 000493   F  0.134521  0.225784  0.098872    0.0099    0.0046    0.5170    0.1050    0.1486    0.1752    0.0018
 000494   V  0.123079  0.299491  0.098855    0.0141    0.0036    0.4690    0.1150    0.1515    0.1668    0.0018
 000495   R  0.104061  0.377546  0.097690    0.0414    0.0046    0.4760    0.1310    0.1673    0.1783    0.0020
 000496   N  0.025265  0.494696  0.097640    0.1178    0.0062    0.5490    0.0750    0.1988    0.2214    0.0021
 000497   F  0.070866  0.592097  0.097394    0.2700    0.0091    0.6680    0.0770    0.2683    0.2581    0.0020
 000498   R  0.024823  0.638164  0.095967    0.3146    0.0067    0.7320    0.0810    0.2860    0.2903    0.0019
 000499   F  0.134717  0.690738  0.094018    0.3399    0.0045    0.8430    0.0340    0.3354    0.3140    0.0017
