#RESNUM RES     VL-XT     VSL2B       VL3  IUPred-S  IUPred-L  PONDRFIT  FITERROR       MDP  MDPERROR   ANCHOR2
 000001   M  0.704804  0.585257  0.069161    0.3939    0.0102    0.8930    0.0410    0.4427    0.3216    0.0029
 000002   R  0.227427  0.513652  0.068617    0.2531    0.0119    0.7820    0.0730    0.3095    0.2651    0.0029
 000003   V  0.033037  0.451887  0.067593    0.1635    0.0095    0.6950    0.1040    0.2368    0.2528    0.0030
 000004   V  0.019659  0.335402  0.066622    0.0965    0.0081    0.4330    0.1050    0.1598    0.1636    0.0033
 000005   L  0.119199  0.227444  0.065721    0.0336    0.0109    0.3440    0.0940    0.1335    0.1176    0.0036
 000006   D  0.048101  0.154263  0.064259    0.0097    0.0157    0.3250    0.0840    0.1028    0.1101    0.0040
 000007   I  0.027523  0.105146  0.062943    0.0078    0.0209    0.2950    0.0920    0.0865    0.0985    0.0041
 000008   N  0.030286  0.071361  0.061657    0.0052    0.0178    0.4100    0.0910    0.0994    0.1410    0.0054
 000009   V  0.041652  0.047618  0.060596    0.0034    0.0191    0.3410    0.0860    0.0856    0.1157    0.0065
 000010   L  0.051219  0.040481  0.059123    0.0008    0.0205    0.3430    0.1190    0.0859    0.1168    0.0083
 000011   V  0.050336  0.042541  0.057342    0.0006    0.0275    0.4990    0.1160    0.1129    0.1738    0.0102
 000012   A  0.050297  0.046776  0.055766    0.0006    0.0218    0.2330    0.0610    0.0681    0.0763    0.0128
 000013   A  0.049625  0.062996  0.054896    0.0006    0.0153    0.1700    0.0550    0.0589    0.0544    0.0160
 000014   L  0.047238  0.078740  0.054625    0.0006    0.0240    0.1720    0.0550    0.0628    0.0544    0.0186
 000015   L  0.040389  0.096008  0.055018    0.0006    0.0223    0.1820    0.0540    0.0660    0.0595    0.0222
 000016   T  0.036490  0.118759  0.054861    0.0022    0.0202    0.1440    0.0390    0.0627    0.0515    0.0263
 000017   Q  0.030777  0.137768  0.054240    0.0007    0.0123    0.1190    0.0310    0.0592    0.0520    0.0289
 000018   G  0.017772  0.131653  0.053250    0.0009    0.0181    0.1090    0.0290    0.0551    0.0491    0.0335
 000019   V  0.005786  0.121522  0.052678    0.0005    0.0165    0.0900    0.0210    0.0479    0.0452    0.0348
 000020   A  0.004968  0.111526  0.053197    0.0007    0.0235    0.0670    0.0130    0.0435    0.0387    0.0388
 000021   A  0.004151  0.095591  0.055163    0.0015    0.0231    0.0540    0.0100    0.0389    0.0331    0.0414
 000022   Q  0.004295  0.081876  0.057963    0.0040    0.0372    0.0480    0.0090    0.0388    0.0280    0.0440
 000023   V  0.004478  0.076743  0.061190    0.0029    0.0258    0.0440    0.0070    0.0359    0.0276    0.0476
 000024   V  0.004685  0.072876  0.064185    0.0049    0.0188    0.0410    0.0070    0.0344    0.0271    0.0529
 000025   D  0.004203  0.066520  0.067953    0.0059    0.0327    0.0400    0.0060    0.0362    0.0255    0.0597
 000026   L  0.004015  0.058340  0.073914    0.0074    0.0454    0.0450    0.0090    0.0390    0.0255    0.0664
 000027   W  0.003730  0.054017  0.081196    0.0075    0.0443    0.0550    0.0160    0.0409    0.0274    0.0745
 000028   L  0.004172  0.053883  0.089481    0.0069    0.0269    0.0580    0.0160    0.0399    0.0303    0.0824
 000029   A  0.010901  0.059527  0.097196    0.0069    0.0275    0.0660    0.0200    0.0446    0.0324    0.0897
 000030   G  0.023739  0.063422  0.105033    0.0075    0.0248    0.0810    0.0270    0.0510    0.0349    0.0963
 000031   R  0.039462  0.068663  0.112991    0.0097    0.0294    0.1000    0.0370    0.0600    0.0373    0.1008
 000032   Y  0.065330  0.075369  0.124618    0.0078    0.0372    0.1100    0.0380    0.0701    0.0400    0.1073
 000033   T  0.092229  0.087709  0.141217    0.0078    0.0454    0.1120    0.0370    0.0810    0.0435    0.1118
 000034   L  0.120144  0.114635  0.162987    0.0137    0.0690    0.1160    0.0400    0.0994    0.0470    0.1117
 000035   L  0.155826  0.151387  0.185932    0.0350    0.1048    0.1140    0.0450    0.1245    0.0483    0.1108
 000036   T  0.190271  0.196891  0.208197    0.0308    0.0631    0.1180    0.0440    0.1346    0.0690    0.1097
 000037   A  0.285284  0.245041  0.230498    0.0587    0.0618    0.1270    0.0440    0.1680    0.0899    0.1050
 000038   E  0.314732  0.292267  0.252692    0.0677    0.1137    0.1400    0.0440    0.1968    0.0940    0.1020
 000039   V  0.345701  0.315394  0.275649    0.0789    0.1881    0.1550    0.0470    0.2265    0.0939    0.1030
 000040   Q  0.378982  0.349795  0.299413    0.0965    0.2224    0.1650    0.0530    0.2520    0.1004    0.1084
 000041   L  0.402103  0.386401  0.324777    0.0965    0.1229    0.2000    0.0600    0.2554    0.1221    0.1172
 000042   R  0.433309  0.416402  0.351879    0.1060    0.1528    0.2190    0.0710    0.2799    0.1274    0.1289
 000043   E  0.473359  0.428512  0.379812    0.0991    0.2364    0.2270    0.0770    0.3074    0.1306    0.1441
 000044   P  0.505419  0.443859  0.407902    0.1150    0.1449    0.2320    0.0860    0.3082    0.1511    0.1642
 000045   R  0.581281  0.450765  0.436076    0.1766    0.2541    0.2660    0.1170    0.3608    0.1394    0.1858
 000046   R  0.595862  0.442429  0.463988    0.1878    0.3356    0.2970    0.1350    0.3872    0.1310    0.2124
 000047   V  0.670018  0.456182  0.492208    0.2080    0.2918    0.3100    0.1390    0.4047    0.1533    0.2407
 000048   L  0.737015  0.490556  0.520582    0.2385    0.3286    0.2600    0.0980    0.4292    0.1741    0.2757
 000049   R  0.798063  0.528065  0.548849    0.2122    0.2470    0.2540    0.0850    0.4314    0.2125    0.3039
 000050   D  0.859467  0.559843  0.576549    0.3053    0.3182    0.2630    0.0990    0.4804    0.2095    0.3305
 000051   K  0.911709  0.582186  0.602506    0.2333    0.3117    0.2830    0.1100    0.4874    0.2379    0.3478
 000052   F  0.950779  0.587772  0.626465    0.3359    0.3117    0.3070    0.1340    0.5200    0.2324    0.3572
 000053   P  0.934158  0.588742  0.649080    0.3359    0.2436    0.3150    0.1330    0.5111    0.2397    0.3611
 000054   E  0.930777  0.615773  0.670678    0.2786    0.2503    0.3670    0.1530    0.5189    0.2432    0.3574
 000055   L  0.931125  0.631454  0.691833    0.1921    0.1424    0.3740    0.1400    0.4938    0.2823    0.3542
 000056   P  0.928177  0.651887  0.711388    0.2080    0.0888    0.3340    0.1190    0.4870    0.2978    0.3546
 000057   R  0.916621  0.669828  0.729392    0.1698    0.0888    0.3740    0.1060    0.4914    0.3024    0.3511
 000058   A  0.850412  0.707719  0.745940    0.1844    0.1323    0.3760    0.1060    0.4994    0.2819    0.3480
 000059   K  0.816546  0.724389  0.761450    0.2657    0.2064    0.3660    0.0900    0.5234    0.2499    0.3410
 000060   V  0.773567  0.728876  0.776416    0.2700    0.1823    0.3620    0.0860    0.5156    0.2500    0.3353
 000061   G  0.724501  0.734943  0.790114    0.2865    0.1791    0.3530    0.0880    0.5114    0.2446    0.3306
 000062   R  0.780192  0.720229  0.802104    0.2531    0.1206    0.3680    0.1080    0.5073    0.2709    0.3249
 000063   L  0.780349  0.753787  0.809941    0.3578    0.1528    0.3520    0.0950    0.5345    0.2564    0.3254
 000064   V  0.776777  0.724648  0.812827    0.2602    0.1070    0.3200    0.0880    0.5002    0.2797    0.3261
 000065   N  0.777150  0.732213  0.811540    0.2080    0.1007    0.3450    0.1060    0.4958    0.2876    0.3310
 000066   L  0.750868  0.734240  0.808281    0.2657    0.1914    0.3890    0.1130    0.5233    0.2490    0.3335
 000067   L  0.784397  0.740468  0.804282    0.2292    0.1583    0.3960    0.1320    0.5188    0.2677    0.3338
 000068   R  0.778533  0.750628  0.798740    0.2657    0.1942    0.4120    0.1490    0.5333    0.2513    0.3294
 000069   R  0.769088  0.761730  0.791940    0.2820    0.2575    0.4650    0.1720    0.5545    0.2295    0.3289
 000070   Q  0.794722  0.773306  0.784502    0.3053    0.2541    0.5020    0.1640    0.5690    0.2281    0.3338
 000071   A  0.745912  0.781298  0.777131    0.4037    0.2399    0.5110    0.1550    0.5764    0.2075    0.3396
 000072   E  0.708357  0.780928  0.770069    0.3939    0.2399    0.4940    0.1280    0.5645    0.2038    0.3460
 000073   V  0.653263  0.766546  0.762486    0.3146    0.2783    0.4900    0.1030    0.5442    0.1981    0.3582
 000074   V  0.589855  0.754906  0.754529    0.3806    0.3704    0.4630    0.0990    0.5521    0.1602    0.3681
 000075   A  0.564742  0.735008  0.745864    0.4703    0.4801    0.4650    0.1150    0.5769    0.1203    0.3775
 000076   R  0.559689  0.734105  0.736802    0.4703    0.4725    0.4650    0.1260    0.5731    0.1192    0.3849
 000077   P  0.551214  0.743100  0.727536    0.5514    0.5854    0.4930    0.1510    0.6086    0.0937    0.3950
 000078   R  0.546651  0.760683  0.718645    0.6219    0.7120    0.5080    0.1370    0.6446    0.0934    0.4029
 000079   P  0.504582  0.770746  0.710745    0.6334    0.5992    0.5000    0.1290    0.6198    0.0994    0.4178
 000080   P  0.485204  0.777975  0.703551    0.6516    0.5017    0.5210    0.1470    0.6069    0.1109    0.4275
 000081   G  0.460021  0.784722  0.696979    0.5549    0.4087    0.5940    0.1650    0.5832    0.1292    0.4337
 000082   L  0.443793  0.789974  0.690562    0.5126    0.4409    0.5980    0.1530    0.5794    0.1285    0.4253
 000083   S  0.456385  0.783538  0.683902    0.4379    0.3249    0.5790    0.1550    0.5443    0.1555    0.4216
 000084   P  0.452386  0.786549  0.676331    0.5084    0.3704    0.5360    0.1640    0.5550    0.1387    0.4283
 000085   D  0.423643  0.771172  0.666164    0.4967    0.3529    0.5170    0.1700    0.5380    0.1416    0.4298
 000086   P  0.391221  0.747542  0.653469    0.4918    0.3149    0.4160    0.1500    0.5025    0.1517    0.4257
 000087   D  0.351783  0.716090  0.640258    0.4245    0.3182    0.4100    0.2020    0.4768    0.1483    0.4193
 000088   D  0.314853  0.674149  0.626385    0.3225    0.2817    0.3840    0.2060    0.4340    0.1565    0.4117
 000089   D  0.280611  0.617935  0.612542    0.3359    0.2541    0.2820    0.1680    0.3973    0.1560    0.4063
 000090   L  0.238906  0.567872  0.597797    0.3005    0.2292    0.2590    0.1640    0.3656    0.1555    0.3984
 000091   L  0.204598  0.501876  0.582328    0.2333    0.1501    0.2280    0.1360    0.3167    0.1633    0.3882
 000092   L  0.150092  0.445968  0.566554    0.2385    0.0929    0.2240    0.1340    0.2863    0.1664    0.3778
 000093   G  0.107147  0.410680  0.551296    0.2700    0.1028    0.2110    0.1220    0.2754    0.1616    0.3645
 000094   I  0.065099  0.377225  0.537204    0.1805    0.1092    0.2060    0.1090    0.2459    0.1630    0.3526
 000095   A  0.036197  0.415630  0.523674    0.1041    0.0888    0.1730    0.1020    0.2236    0.1812    0.3527
 000096   L  0.022762  0.446745  0.509389    0.0965    0.0909    0.1590    0.0980    0.2209    0.1869    0.3525
 000097   V  0.018907  0.401591  0.496513    0.0813    0.0749    0.1620    0.0930    0.2059    0.1790    0.3474
 000098   G  0.015052  0.399405  0.485764    0.0789    0.0719    0.1690    0.0950    0.2034    0.1768    0.3450
 000099   R  0.015631  0.396838  0.478263    0.0701    0.0835    0.1640    0.0810    0.2013    0.1741    0.3435
 000100   A  0.015323  0.382114  0.473783    0.0660    0.0463    0.1920    0.0940    0.1959    0.1750    0.3471
 000101   D  0.015437  0.376539  0.471468    0.1322    0.0483    0.2260    0.1110    0.2117    0.1665    0.3545
 000102   C  0.016240  0.401146  0.469990    0.1088    0.0835    0.2290    0.1180    0.2181    0.1673    0.3673
 000103   L  0.030516  0.402269  0.468117    0.0884    0.0851    0.2200    0.1160    0.2158    0.1664    0.3763
 000104   V  0.051616  0.434497  0.464778    0.0858    0.0851    0.2090    0.1180    0.2217    0.1686    0.3852
 000105   T  0.064595  0.457822  0.460986    0.0677    0.1070    0.2240    0.1130    0.2304    0.1704    0.3967
 000106   G  0.077575  0.474818  0.457579    0.0832    0.1298    0.2910    0.1460    0.2523    0.1670    0.3997
 000107   D  0.086228  0.476714  0.456821    0.0789    0.2002    0.3550    0.1630    0.2757    0.1632    0.4044
 000108   K  0.094016  0.481413  0.457996    0.1178    0.1942    0.3370    0.1590    0.2803    0.1548    0.4101
 000109   S  0.130477  0.480924  0.461115    0.1150    0.1881    0.3390    0.1630    0.2857    0.1497    0.4165
 000110   P  0.170951  0.476549  0.464861    0.0621    0.1162    0.3120    0.1600    0.2671    0.1628    0.4182
 000111   L  0.265135  0.466661  0.469139    0.0771    0.0870    0.3050    0.1510    0.2784    0.1581    0.4035
 000112   L  0.348995  0.457144  0.473897    0.0405    0.0835    0.2870    0.1510    0.2818    0.1682    0.3822
 000113   S  0.353757  0.442322  0.479056    0.0327    0.0765    0.2840    0.1550    0.2780    0.1703    0.3540
 000114   L  0.364691  0.426532  0.484340    0.0567    0.1251    0.2900    0.1520    0.2912    0.1547    0.3271
 000115   K  0.380580  0.399166  0.489570    0.0542    0.1823    0.2900    0.1500    0.2993    0.1453    0.2971
 000116   V  0.419319  0.362951  0.497600    0.0542    0.0967    0.3230    0.1500    0.2922    0.1629    0.2676
 000117   K  0.449295  0.349398  0.505730    0.0542    0.0605    0.3520    0.1690    0.2952    0.1767    0.2409
 000118   G  0.446720  0.321769  0.512758    0.0252    0.0555    0.3960    0.1820    0.2930    0.1877    0.2137
 000119   L  0.450568  0.271205  0.517480    0.0128    0.0568    0.4540    0.2420    0.2939    0.1983    0.1880
 000120   R  0.426243  0.244801  0.523238    0.0131    0.0372    0.5400    0.2910    0.2974    0.2151    0.1615
 000121   I  0.408413  0.236613  0.530779    0.0099    0.0300    0.5140    0.2870    0.2883    0.2125    0.1359
 000122   L  0.422843  0.219426  0.540921    0.0118    0.0494    0.4180    0.2040    0.2770    0.1984    0.1225
 000123   S  0.467210  0.229017  0.553693    0.0259    0.0662    0.5790    0.1210    0.3202    0.2246    0.1103
 000124   V  0.515250  0.262993  0.568780    0.0336    0.0518    0.6390    0.1880    0.3452    0.2432    0.0994
 000125   R  0.540664  0.346839  0.584231    0.0935    0.0734    0.6190    0.1820    0.3763    0.2243    0.0909
 000126   S  0.594890  0.424263  0.600314    0.1178    0.0555    0.7460    0.1330    0.4231    0.2560    0.0856
 000127   F  0.618295  0.524600  0.617377    0.2255    0.0719    0.8390    0.0780    0.4827    0.2582    0.0786
 000128   L  0.616615  0.615381  0.635240    0.2657    0.0531    0.8680    0.0620    0.5091    0.2693    0.0749
 000129   R  0.664782  0.684591  0.653907    0.3096    0.0364    0.8790    0.0730    0.5380    0.2801    0.0715
 000130   E  0.859234  0.765355  0.672339    0.4556    0.0568    0.9110    0.0440    0.6201    0.2916    0.0680
 000131   V  0.528272  0.774339  0.689810    0.5008    0.0405    0.9400    0.0230    0.5790    0.2827    0.0658
 000132   S  0.408840  0.786789  0.697925    0.6334    0.0817    0.9430    0.0280    0.5920    0.2793    0.0665
