#RESNUM RES     VL-XT     VSL2B       VL3  IUPred-S  IUPred-L  PONDRFIT  FITERROR       MDP  MDPERROR   ANCHOR2
 000001   M  0.744090  0.838145  0.471986    0.8595    0.1702    0.9800    0.0110    0.5987    0.2863    0.2716
 000002   R  0.854313  0.819886  0.459834    0.8521    0.1702    0.9450    0.0290    0.6069    0.2867    0.2707
 000003   G  0.830037  0.797239  0.448309    0.7317    0.2193    0.9310    0.0280    0.5849    0.2578    0.2751
 000004   I  0.694153  0.711018  0.436151    0.6681    0.2503    0.9120    0.0390    0.5393    0.2249    0.2753
 000005   R  0.589304  0.630846  0.425763    0.6374    0.2002    0.8590    0.0600    0.4862    0.2157    0.2817
 000006   D  0.574738  0.549849  0.419528    0.5941    0.1881    0.8280    0.0750    0.4559    0.2057    0.2877
 000007   P  0.563452  0.458589  0.412063    0.4825    0.2258    0.7990    0.1200    0.4215    0.1852    0.3063
 000008   R  0.562210  0.382318  0.401164    0.4078    0.2541    0.7560    0.1140    0.3937    0.1730    0.3161
 000009   L  0.568215  0.317539  0.390713    0.3668    0.2783    0.6650    0.1860    0.3660    0.1534    0.3296
 000010   I  0.587237  0.298722  0.382149    0.3263    0.2951    0.6780    0.1200    0.3642    0.1628    0.3334
 000011   P  0.612368  0.319342  0.371639    0.2820    0.2399    0.7320    0.1120    0.3642    0.1919    0.3387
 000012   I  0.664302  0.331623  0.363410    0.3053    0.2783    0.7070    0.1140    0.3810    0.1850    0.3405
 000013   A  0.718358  0.346768  0.355681    0.2255    0.1852    0.6860    0.1340    0.3603    0.2173    0.3493
 000014   E  0.763759  0.362579  0.348484    0.2255    0.1914    0.5730    0.1580    0.3527    0.2081    0.3553
 000015   K  0.775430  0.370642  0.344421    0.2041    0.2715    0.4670    0.1470    0.3481    0.1931    0.3621
 000016   V  0.771574  0.396349  0.342790    0.2080    0.2783    0.3660    0.1270    0.3367    0.1887    0.3578
 000017   M  0.720035  0.402956  0.325109    0.2041    0.1969    0.2890    0.1010    0.3021    0.1854    0.3514
 000018   E  0.669151  0.428960  0.315515    0.1805    0.1298    0.2330    0.0870    0.2735    0.1886    0.3388
 000019   G  0.633982  0.439382  0.310176    0.1266    0.0835    0.1950    0.0670    0.2465    0.1979    0.3366
 000020   K  0.551653  0.435973  0.309818    0.1380    0.0780    0.1630    0.0450    0.2277    0.1778    0.3366
 000021   R  0.472090  0.416073  0.300662    0.1456    0.1298    0.1420    0.0320    0.2176    0.1470    0.3419
 000022   L  0.401842  0.387766  0.289769    0.0744    0.1162    0.1200    0.0260    0.1834    0.1421    0.3442
 000023   S  0.349173  0.349851  0.277098    0.1349    0.1759    0.1020    0.0210    0.1853    0.1095    0.3465
 000024   F  0.303869  0.310183  0.267930    0.1602    0.2034    0.0980    0.0200    0.1793    0.0895    0.3446
 000025   E  0.232978  0.283796  0.261976    0.1566    0.1298    0.0860    0.0170    0.1482    0.0844    0.3357
 000026   D  0.201707  0.258839  0.254247    0.1566    0.1501    0.0810    0.0140    0.1414    0.0754    0.3321
 000027   G  0.185669  0.229437  0.250854    0.1456    0.2064    0.0770    0.0100    0.1406    0.0713    0.3343
 000028   L  0.157996  0.198590  0.247555    0.1958    0.1671    0.0810    0.0140    0.1334    0.0653    0.3366
 000029   V  0.162090  0.178950  0.245489    0.1921    0.1298    0.1020    0.0310    0.1275    0.0613    0.3375
 000030   L  0.162717  0.180142  0.243214    0.1240    0.1275    0.1420    0.0490    0.1227    0.0575    0.3364
 000031   Y  0.172050  0.192994  0.241190    0.1018    0.0799    0.1850    0.0710    0.1219    0.0682    0.3300
 000032   Q  0.139076  0.225216  0.240642    0.1041    0.0690    0.2110    0.0860    0.1247    0.0761    0.3209
 000033   T  0.107132  0.243791  0.237923    0.1117    0.1184    0.2130    0.0870    0.1323    0.0722    0.3151
 000034   K  0.116520  0.256643  0.235772    0.0909    0.0734    0.1870    0.0660    0.1207    0.0808    0.3083
 000035   D  0.140968  0.259256  0.233366    0.1635    0.0948    0.1640    0.0490    0.1370    0.0676    0.3037
 000036   L  0.213654  0.251796  0.230774    0.1041    0.0888    0.1600    0.0590    0.1363    0.0731    0.3083
 000037   P  0.291337  0.226241  0.228424    0.0660    0.0929    0.1240    0.0440    0.1334    0.0902    0.3079
 000038   T  0.367766  0.210193  0.227647    0.0660    0.0909    0.1170    0.0600    0.1420    0.1095    0.3050
 000039   L  0.438796  0.196928  0.229900    0.1150    0.1424    0.1040    0.0480    0.1662    0.1200    0.3020
 000040   M  0.517694  0.176838  0.229932    0.1602    0.1881    0.0900    0.0360    0.1889    0.1417    0.2973
 000041   R  0.598346  0.168645  0.230324    0.2209    0.2680    0.0920    0.0470    0.2247    0.1644    0.2827
 000042   L  0.638122  0.194271  0.233063    0.2913    0.3529    0.0980    0.0530    0.2625    0.1744    0.2685
 000043   A  0.633816  0.217774  0.233356    0.2700    0.3426    0.0980    0.0450    0.2603    0.1710    0.2533
 000044   N  0.608572  0.262531  0.233566    0.2531    0.3426    0.1280    0.0610    0.2658    0.1547    0.2362
 000045   L  0.524691  0.343082  0.234995    0.2483    0.2503    0.1890    0.0850    0.2592    0.1178    0.2229
 000046   V  0.445477  0.434753  0.234900    0.2385    0.1501    0.2590    0.0940    0.2546    0.1158    0.2072
 000047   R  0.359693  0.480327  0.230331    0.2432    0.1643    0.3320    0.1160    0.2633    0.1099    0.1904
 000048   E  0.282994  0.534186  0.227216    0.1322    0.1449    0.3720    0.1440    0.2444    0.1441    0.1771
 000049   R  0.180573  0.550622  0.219026    0.0884    0.1373    0.3680    0.1520    0.2208    0.1615    0.1650
 000050   K  0.106656  0.539599  0.206381    0.1322    0.1349    0.3270    0.1300    0.2067    0.1560    0.1544
 000051   H  0.074082  0.531876  0.196997    0.1602    0.1643    0.2670    0.1110    0.1996    0.1492    0.1488
 000052   G  0.073719  0.538071  0.194291    0.1018    0.1206    0.2330    0.0810    0.1779    0.1597    0.1458
 000053   H  0.082777  0.510539  0.188708    0.1566    0.1823    0.2190    0.0610    0.1918    0.1388    0.1451
 000054   K  0.079153  0.474389  0.184255    0.1240    0.2129    0.2180    0.0640    0.1848    0.1295    0.1453
 000055   T  0.070394  0.421923  0.178166    0.1178    0.2064    0.2000    0.0540    0.1695    0.1145    0.1458
 000056   Y  0.064084  0.361888  0.172165    0.1844    0.3019    0.1830    0.0550    0.1825    0.1005    0.1463
 000057   F  0.057775  0.305671  0.170073    0.2483    0.2783    0.1610    0.0580    0.1752    0.0885    0.1452
 000058   V  0.050536  0.277934  0.168296    0.2385    0.2064    0.1510    0.0570    0.1541    0.0776    0.1409
 000059   H  0.041443  0.249347  0.167115    0.1635    0.1251    0.1270    0.0530    0.1178    0.0681    0.1331
 000060   S  0.031711  0.218067  0.166297    0.0789    0.0888    0.1050    0.0440    0.0871    0.0669    0.1277
 000061   I  0.018105  0.186733  0.163622    0.0464    0.0909    0.0980    0.0430    0.0733    0.0654    0.1242
 000062   R  0.001671  0.172168  0.161916    0.0336    0.0592    0.0840    0.0380    0.0585    0.0685    0.1183
 000063   V  0.000290  0.160407  0.160488    0.0363    0.0605    0.0760    0.0370    0.0556    0.0657    0.1139
 000064   S  0.000057  0.157205  0.160021    0.0160    0.0306    0.0590    0.0270    0.0439    0.0701    0.1084
 000065   Q  0.000070  0.151958  0.158984    0.0150    0.0205    0.0500    0.0240    0.0396    0.0702    0.1064
 000066   T  0.000124  0.134975  0.160870    0.0079    0.0171    0.0550    0.0350    0.0359    0.0686    0.1030
 000067   N  0.000282  0.111166  0.160656    0.0066    0.0157    0.0560    0.0390    0.0316    0.0651    0.1016
 000068   I  0.000495  0.076279  0.157820    0.0090    0.0300    0.0450    0.0240    0.0269    0.0591    0.1054
 000069   C  0.000550  0.048589  0.154632    0.0079    0.0443    0.0400    0.0150    0.0235    0.0567    0.1085
 000070   Y  0.001303  0.030498  0.152733    0.0082    0.0443    0.0360    0.0130    0.0201    0.0563    0.1162
 000071   V  0.005185  0.025401  0.153289    0.0070    0.0231    0.0330    0.0120    0.0156    0.0571    0.1212
 000072   G  0.009157  0.022576  0.152602    0.0097    0.0389    0.0290    0.0080    0.0183    0.0559    0.1257
 000073   C  0.013160  0.020134  0.152703    0.0055    0.0424    0.0280    0.0080    0.0181    0.0562    0.1303
 000074   T  0.013416  0.020984  0.154112    0.0083    0.0676    0.0280    0.0100    0.0231    0.0570    0.1379
 000075   F  0.014563  0.026038  0.155238    0.0084    0.0690    0.0330    0.0130    0.0252    0.0567    0.1451
 000076   C  0.014539  0.037873  0.154666    0.0086    0.0555    0.0370    0.0140    0.0256    0.0552    0.1473
 000077   A  0.016907  0.061586  0.153015    0.0087    0.0275    0.0390    0.0140    0.0256    0.0549    0.1585
 000078   F  0.019431  0.090756  0.154284    0.0078    0.0263    0.0460    0.0150    0.0316    0.0570    0.1679
 000079   Q  0.022073  0.118786  0.153114    0.0078    0.0240    0.0510    0.0180    0.0372    0.0599    0.1687
 000080   R  0.024761  0.150705  0.151353    0.0200    0.0389    0.0660    0.0200    0.0501    0.0610    0.1781
 000081   R  0.026551  0.178278  0.147697    0.0231    0.0454    0.0960    0.0280    0.0615    0.0648    0.1844
 000082   F  0.029453  0.217102  0.141311    0.0363    0.0704    0.1470    0.0460    0.0833    0.0714    0.1935
 000083   G  0.040250  0.240089  0.134969    0.0226    0.0734    0.1700    0.0640    0.0911    0.0795    0.1958
 000084   E  0.045635  0.271154  0.133197    0.0514    0.0780    0.1550    0.0760    0.1002    0.0808    0.1969
 000085   E  0.054342  0.294787  0.132278    0.0567    0.0506    0.1590    0.0840    0.1026    0.0896    0.1970
 000086   G  0.069001  0.290977  0.132240    0.0789    0.0851    0.1670    0.0830    0.1151    0.0798    0.2014
 000087   A  0.067730  0.253210  0.132284    0.1117    0.0704    0.1380    0.0680    0.1069    0.0657    0.2085
 000088   W  0.065643  0.236729  0.131872    0.1205    0.0555    0.0990    0.0500    0.0962    0.0635    0.2136
 000089   D  0.059522  0.198840  0.131290    0.1349    0.1092    0.0630    0.0330    0.0943    0.0522    0.2162
 000090   W  0.054177  0.155481  0.129543    0.0991    0.1092    0.0580    0.0260    0.0793    0.0423    0.2244
 000091   D  0.047639  0.137798  0.126954    0.1117    0.1092    0.0480    0.0210    0.0757    0.0417    0.2231
 000092   V  0.036719  0.127079  0.124872    0.1349    0.0618    0.0440    0.0140    0.0674    0.0465    0.2204
 000093   D  0.030195  0.102772  0.122119    0.1998    0.1251    0.0420    0.0150    0.0833    0.0602    0.2143
 000094   E  0.021406  0.091516  0.118034    0.1292    0.1424    0.0410    0.0150    0.0709    0.0492    0.2113
 000095   V  0.008009  0.087196  0.113458    0.1349    0.1349    0.0440    0.0140    0.0681    0.0509    0.2092
 000096   V  0.010288  0.094108  0.109402    0.1495    0.0780    0.0440    0.0120    0.0627    0.0484    0.2039
 000097   A  0.042115  0.103880  0.103712    0.1532    0.0799    0.0480    0.0140    0.0712    0.0415    0.1958
 000098   W  0.071648  0.126148  0.100446    0.1178    0.1007    0.0630    0.0250    0.0800    0.0281    0.1870
 000099   V  0.106513  0.155116  0.098092    0.1698    0.1115    0.0780    0.0230    0.1035    0.0360    0.1703
 000100   K  0.130863  0.185066  0.095227    0.1698    0.1115    0.1020    0.0310    0.1165    0.0375    0.1570
 000101   E  0.133273  0.192945  0.090928    0.1532    0.1251    0.1140    0.0290    0.1197    0.0355    0.1449
 000102   R  0.135112  0.217726  0.087539    0.1349    0.1251    0.1200    0.0340    0.1221    0.0422    0.1367
 000103   Y  0.136464  0.225981  0.084422    0.1240    0.1528    0.1060    0.0290    0.1242    0.0470    0.1305
 000104   Q  0.135554  0.245971  0.082216    0.1205    0.1501    0.0870    0.0350    0.1231    0.0562    0.1285
 000105   P  0.152495  0.271221  0.081504    0.0965    0.1449    0.0980    0.0440    0.1272    0.0653    0.1303
 000106   G  0.189623  0.304331  0.078630    0.1349    0.2002    0.1390    0.0640    0.1614    0.0716    0.1332
 000107   L  0.243043  0.317224  0.077266    0.1805    0.2884    0.1650    0.0620    0.1990    0.0819    0.1384
 000108   T  0.215601  0.344414  0.074066    0.1958    0.3149    0.1520    0.0530    0.2037    0.0930    0.1432
 000109   E  0.195802  0.367763  0.069105    0.3005    0.4119    0.1450    0.0600    0.2368    0.1226    0.1486
 000110   I  0.198175  0.389456  0.065510    0.3630    0.5055    0.1610    0.0620    0.2695    0.1512    0.1574
 000111   H  0.197501  0.410226  0.062126    0.3630    0.3910    0.1610    0.0620    0.2538    0.1315    0.1637
 000112   L  0.196334  0.426989  0.060425    0.3717    0.3566    0.1820    0.0620    0.2556    0.1292    0.1727
 000113   T  0.194061  0.445130  0.060450    0.2963    0.2680    0.2080    0.0690    0.2353    0.1168    0.1846
 000114   A  0.174190  0.460650  0.060455    0.3578    0.2680    0.2270    0.0760    0.2480    0.1283    0.1941
 000115   G  0.104366  0.467184  0.060880    0.2602    0.1791    0.2560    0.0790    0.2111    0.1323    0.1980
 000116   H  0.021298  0.499855  0.061485    0.1635    0.1643    0.2480    0.0720    0.1829    0.1562    0.1982
 000117   H  0.014009  0.498877  0.060784    0.1041    0.1048    0.2220    0.0580    0.1574    0.1614    0.1973
 000118   P  0.009676  0.492898  0.059844    0.1667    0.1184    0.1840    0.0490    0.1620    0.1557    0.1958
 000119   K  0.005031  0.464033  0.060387    0.1060    0.1137    0.1430    0.0350    0.1387    0.1481    0.1944
 000120   R  0.006168  0.414223  0.060852    0.0660    0.0929    0.1320    0.0410    0.1185    0.1335    0.1927
 000121   P  0.008228  0.333083  0.062047    0.1150    0.0948    0.1090    0.0400    0.1101    0.1022    0.1966
 000122   F  0.007835  0.271493  0.064064    0.1041    0.0929    0.0970    0.0390    0.0956    0.0814    0.2032
 000123   A  0.007899  0.191239  0.064628    0.1060    0.1554    0.0770    0.0260    0.0896    0.0611    0.2061
 000124   Y  0.008706  0.133863  0.064917    0.1117    0.1611    0.0540    0.0080    0.0783    0.0527    0.2036
 000125   Y  0.008963  0.107245  0.064649    0.1349    0.1048    0.0420    0.0080    0.0664    0.0442    0.2034
 000126   L  0.011046  0.081849  0.064872    0.1349    0.1206    0.0400    0.0090    0.0647    0.0445    0.2065
 000127   D  0.010799  0.070025  0.065116    0.0723    0.1206    0.0410    0.0080    0.0524    0.0351    0.2108
 000128   L  0.010551  0.078477  0.065573    0.0858    0.0817    0.0450    0.0110    0.0503    0.0285    0.2149
 000129   V  0.008430  0.092566  0.065442    0.0723    0.0749    0.0520    0.0160    0.0500    0.0286    0.2189
 000130   R  0.006123  0.106423  0.065549    0.0464    0.0518    0.0630    0.0240    0.0457    0.0316    0.2247
 000131   A  0.005883  0.140948  0.067013    0.0526    0.0531    0.0700    0.0290    0.0538    0.0415    0.2329
 000132   L  0.005469  0.187763  0.068620    0.0279    0.0380    0.0750    0.0210    0.0556    0.0600    0.2360
 000133   K  0.004672  0.223407  0.071573    0.0526    0.0398    0.0800    0.0260    0.0668    0.0701    0.2369
 000134   E  0.005450  0.252230  0.074522    0.0490    0.0494    0.0760    0.0210    0.0721    0.0795    0.2408
 000135   N  0.004214  0.261733  0.076258    0.0395    0.0765    0.0780    0.0220    0.0766    0.0825    0.2489
 000136   F  0.005044  0.252235  0.074746    0.0643    0.1162    0.0770    0.0230    0.0857    0.0773    0.2559
 000137   P  0.005255  0.225277  0.075189    0.0858    0.1881    0.0600    0.0260    0.0941    0.0769    0.2611
 000138   G  0.005040  0.206943  0.074081    0.0643    0.1206    0.0630    0.0280    0.0766    0.0638    0.2657
 000139   V  0.005105  0.185702  0.074244    0.1088    0.1852    0.0760    0.0230    0.0935    0.0654    0.2700
 000140   Q  0.005146  0.170374  0.075640    0.0884    0.2436    0.0760    0.0240    0.0973    0.0777    0.2778
 000141   V  0.004854  0.158176  0.077421    0.0909    0.1501    0.0750    0.0190    0.0799    0.0530    0.2875
 000142   K  0.004423  0.175668  0.079697    0.1117    0.1702    0.0690    0.0130    0.0885    0.0610    0.2977
 000143   A  0.003481  0.167519  0.081962    0.1060    0.2436    0.0640    0.0090    0.0974    0.0780    0.3107
 000144   W  0.002275  0.165532  0.083853    0.1018    0.1643    0.0640    0.0070    0.0830    0.0587    0.3286
 000145   T  0.001379  0.189219  0.086045    0.0991    0.1349    0.0550    0.0110    0.0800    0.0607    0.3398
 000146   A  0.001160  0.193032  0.087652    0.0554    0.1229    0.0560    0.0140    0.0714    0.0621    0.3488
 000147   A  0.001446  0.187050  0.088877    0.0909    0.1399    0.0560    0.0160    0.0792    0.0607    0.3593
 000148   E  0.002505  0.192465  0.090553    0.0789    0.1399    0.0570    0.0160    0.0784    0.0621    0.3710
 000149   I  0.004191  0.184875  0.092253    0.0464    0.0817    0.0600    0.0190    0.0629    0.0575    0.3843
 000150   H  0.005252  0.190485  0.094527    0.0884    0.1162    0.0610    0.0200    0.0769    0.0581    0.3965
 000151   H  0.029472  0.204663  0.098815    0.0405    0.1184    0.0690    0.0210    0.0770    0.0607    0.3967
 000152   F  0.053531  0.225571  0.101755    0.0660    0.1184    0.0820    0.0320    0.0910    0.0593    0.3853
 000153   S  0.070082  0.250033  0.106605    0.0701    0.0719    0.0890    0.0400    0.0918    0.0666    0.3664
 000154   K  0.079316  0.266332  0.114482    0.0554    0.0835    0.0980    0.0460    0.0971    0.0721    0.3452
 000155   I  0.088805  0.258933  0.126600    0.0701    0.1298    0.1160    0.0490    0.1106    0.0643    0.3219
 000156   A  0.103197  0.245711  0.137165    0.0723    0.0765    0.1130    0.0330    0.1018    0.0627    0.3067
 000157   R  0.127660  0.224169  0.147833    0.0771    0.0870    0.1250    0.0280    0.1069    0.0540    0.2920
 000158   L  0.152516  0.200965  0.163760    0.0554    0.1092    0.1420    0.0290    0.1099    0.0532    0.2774
 000159   P  0.247916  0.197064  0.179322    0.0567    0.0888    0.1280    0.0270    0.1198    0.0718    0.2612
 000160   Y  0.317614  0.194811  0.194979    0.1117    0.1424    0.1240    0.0250    0.1485    0.0763    0.2447
 000161   R  0.373434  0.210782  0.211710    0.0884    0.0888    0.1220    0.0240    0.1472    0.1056    0.2323
 000162   E  0.445718  0.235462  0.227960    0.0858    0.0929    0.1290    0.0330    0.1649    0.1294    0.2252
 000163   V  0.525990  0.254675  0.241154    0.0935    0.1476    0.1510    0.0510    0.1955    0.1469    0.2235
 000164   L  0.585738  0.282261  0.255586    0.0935    0.1229    0.1580    0.0580    0.2070    0.1702    0.2300
 000165   K  0.648634  0.305746  0.269383    0.0744    0.1476    0.1550    0.0610    0.2220    0.1928    0.2430
 000166   A  0.692451  0.335427  0.278668    0.1041    0.2224    0.1780    0.0680    0.2554    0.1949    0.2569
 000167   L  0.756724  0.361283  0.284594    0.1456    0.2541    0.1870    0.0680    0.2842    0.2077    0.2679
 000168   K  0.738397  0.383741  0.291173    0.1456    0.2645    0.1850    0.0630    0.2862    0.2019    0.2793
 000169   E  0.672046  0.402947  0.296857    0.2167    0.3215    0.2000    0.0650    0.3021    0.1659    0.2904
 000170   A  0.624671  0.429971  0.304204    0.1921    0.3087    0.2000    0.0650    0.2926    0.1572    0.3041
 000171   G  0.610175  0.457532  0.312021    0.2602    0.3215    0.2130    0.0740    0.3105    0.1435    0.3155
 000172   L  0.610671  0.466886  0.318588    0.2602    0.2258    0.2340    0.0830    0.2997    0.1507    0.3250
 000173   D  0.630590  0.483166  0.326251    0.1698    0.1914    0.2310    0.0740    0.2843    0.1760    0.3392
 000174   A  0.640480  0.484719  0.332307    0.1667    0.2645    0.2350    0.0730    0.2986    0.1709    0.3540
 000175   M  0.629310  0.459003  0.338362    0.2122    0.3392    0.2380    0.0810    0.3130    0.1519    0.3641
 000176   P  0.589465  0.443197  0.342727    0.2122    0.2817    0.2120    0.0680    0.2897    0.1463    0.3635
 000177   G  0.557937  0.433264  0.347271    0.2333    0.3019    0.2240    0.0780    0.2918    0.1304    0.3628
 000178   G  0.575838  0.418270  0.351041    0.2531    0.3807    0.2140    0.0700    0.3070    0.1314    0.3618
 000179   G  0.591848  0.414437  0.357016    0.2483    0.3807    0.2010    0.0720    0.3060    0.1391    0.3594
 000180   A  0.567897  0.404319  0.362707    0.2333    0.2817    0.2150    0.0770    0.2837    0.1347    0.3583
 000181   E  0.581265  0.390495  0.367298    0.2657    0.2817    0.2270    0.0820    0.2910    0.1322    0.3556
 000182   I  0.594970  0.371206  0.369653    0.1921    0.2752    0.2590    0.0970    0.2820    0.1427    0.3573
 000183   F  0.609661  0.357061  0.372525    0.2531    0.3286    0.2860    0.1150    0.3058    0.1311    0.3581
 000184   A  0.653307  0.349517  0.372777    0.2432    0.3215    0.2820    0.1190    0.3083    0.1472    0.3509
 000185   E  0.702889  0.336493  0.369899    0.2483    0.2849    0.2920    0.1280    0.3107    0.1648    0.3427
 000186   R  0.756883  0.334317  0.361769    0.2820    0.3182    0.3110    0.1350    0.3337    0.1748    0.3352
 000187   V  0.819058  0.331623  0.357498    0.1844    0.2645    0.3150    0.1200    0.3192    0.2132    0.3337
 000188   R  0.877315  0.341042  0.354321    0.1878    0.2752    0.2950    0.1100    0.3293    0.2328    0.3341
 000189   R  0.934355  0.364076  0.345917    0.1635    0.2715    0.2830    0.1170    0.3361    0.2568    0.3355
 000190   K  0.941089  0.391638  0.337346    0.1667    0.1671    0.2900    0.1160    0.3261    0.2691    0.3382
 000191   I  0.948418  0.411398  0.329156    0.1958    0.1229    0.3090    0.1190    0.3312    0.2737    0.3424
 000192   A  0.957207  0.417469  0.316531    0.1266    0.1251    0.2940    0.1340    0.3200    0.2862    0.3507
 000193   R  0.964666  0.409793  0.303571    0.1322    0.1206    0.2640    0.1310    0.3152    0.2901    0.3553
 000194   A  0.973697  0.385247  0.291940    0.1998    0.2064    0.2320    0.1250    0.3329    0.2766    0.3629
 000195   K  0.937311  0.335666  0.276938    0.1532    0.2258    0.2150    0.1220    0.3111    0.2694    0.3760
 000196   V  0.884622  0.296564  0.261560    0.1566    0.2193    0.1990    0.1110    0.2927    0.2530    0.3877
 000197   S  0.821684  0.301641  0.249759    0.1495    0.1969    0.1730    0.0830    0.2737    0.2356    0.3992
 000198   A  0.769105  0.294015  0.243243    0.2122    0.2645    0.1450    0.0570    0.2808    0.2095    0.4098
 000199   E  0.705303  0.276085  0.236808    0.1958    0.2817    0.1330    0.0520    0.2652    0.1903    0.4203
 000200   G  0.631405  0.277873  0.232206    0.2080    0.2064    0.1320    0.0560    0.2425    0.1670    0.4321
 000201   W  0.556476  0.286064  0.226863    0.2122    0.2094    0.1320    0.0530    0.2328    0.1406    0.4217
 000202   L  0.502063  0.272321  0.221835    0.2080    0.2094    0.1270    0.0400    0.2197    0.1234    0.4122
 000203   E  0.452890  0.263116  0.217887    0.2333    0.2645    0.1330    0.0490    0.2244    0.1031    0.4095
 000204   I  0.443037  0.261603  0.214785    0.1667    0.2752    0.1410    0.0550    0.2147    0.1046    0.4038
 000205   H  0.443175  0.253316  0.210980    0.2209    0.3149    0.1430    0.0540    0.2292    0.1012    0.4005
 000206   R  0.402625  0.239898  0.206637    0.2255    0.2884    0.1590    0.0530    0.2192    0.0844    0.4039
 000207   T  0.350516  0.253019  0.209168    0.2963    0.3599    0.1580    0.0450    0.2363    0.0806    0.4027
 000208   A  0.364181  0.284902  0.215296    0.2700    0.3182    0.1550    0.0440    0.2320    0.0768    0.4022
 000209   H  0.386910  0.312522  0.220042    0.3053    0.2645    0.1610    0.0420    0.2385    0.0806    0.3989
 000210   E  0.359775  0.358879  0.227499    0.2748    0.1671    0.1900    0.0470    0.2251    0.0848    0.3965
 000211   L  0.363894  0.387720  0.235799    0.2041    0.1671    0.2130    0.0530    0.2227    0.0921    0.3959
 000212   G  0.373933  0.389970  0.236480    0.2122    0.2715    0.1900    0.0610    0.2397    0.0864    0.3990
 000213   I  0.358123  0.362934  0.237185    0.2963    0.2609    0.1910    0.0660    0.2448    0.0738    0.3983
 000214   P  0.368828  0.352455  0.240574    0.2820    0.2645    0.1720    0.0590    0.2399    0.0778    0.3934
 000215   T  0.435892  0.322106  0.241428    0.2913    0.3566    0.1710    0.0630    0.2628    0.0932    0.3924
 000216   N  0.517735  0.301461  0.239826    0.3005    0.2715    0.1570    0.0700    0.2580    0.1169    0.3917
 000217   A  0.535823  0.277763  0.240960    0.3184    0.2884    0.1350    0.0600    0.2593    0.1271    0.3828
 000218   T  0.555422  0.260919  0.239982    0.2292    0.2951    0.1230    0.0540    0.2439    0.1384    0.3800
 000219   M  0.618307  0.230642  0.238100    0.2700    0.3182    0.1190    0.0520    0.2594    0.1599    0.3783
 000220   L  0.636307  0.221551  0.234023    0.2820    0.2328    0.1110    0.0450    0.2473    0.1693    0.3840
 000221   Y  0.628067  0.223275  0.230483    0.2786    0.2258    0.1100    0.0410    0.2443    0.1671    0.3900
 000222   G  0.647883  0.240843  0.228373    0.2748    0.3087    0.1010    0.0300    0.2621    0.1726    0.3969
 000223   H  0.632473  0.275556  0.230643    0.2748    0.2715    0.1040    0.0290    0.2597    0.1657    0.4002
 000224   I  0.594382  0.316113  0.233157    0.3535    0.3631    0.1300    0.0460    0.2929    0.1473    0.4038
 000225   E  0.530304  0.352454  0.236429    0.2820    0.3321    0.1510    0.0630    0.2746    0.1236    0.4088
 000226   T  0.469018  0.416155  0.241982    0.2865    0.2470    0.2140    0.0800    0.2721    0.1038    0.4132
 000227   L  0.411322  0.480524  0.250546    0.2865    0.2258    0.2190    0.0780    0.2705    0.1074    0.4154
 000228   E  0.360445  0.512635  0.257171    0.2292    0.2503    0.2100    0.0890    0.2605    0.1134    0.4253
 000229   E  0.321164  0.520494  0.265195    0.2209    0.1702    0.2340    0.1030    0.2445    0.1216    0.4330
 000230   R  0.303852  0.561463  0.279811    0.2385    0.2193    0.2540    0.0870    0.2628    0.1250    0.4280
 000231   L  0.298153  0.547231  0.289860    0.2333    0.3053    0.2320    0.1080    0.2694    0.1172    0.4296
 000232   D  0.277170  0.512246  0.301051    0.3263    0.4119    0.2050    0.1150    0.2888    0.1109    0.4281
 000233   H  0.262438  0.516714  0.312710    0.3263    0.4186    0.2010    0.1120    0.2875    0.1155    0.4287
 000234   M  0.261618  0.527332  0.324155    0.3491    0.4186    0.2280    0.1240    0.2975    0.1133    0.4253
 000235   D  0.263358  0.509001  0.333464    0.4333    0.5139    0.2450    0.1180    0.3274    0.1224    0.4167
 000236   R  0.261643  0.513891  0.339321    0.4282    0.3948    0.2150    0.0660    0.3022    0.1154    0.4098
 000237   L  0.253652  0.535422  0.346651    0.4333    0.3529    0.1950    0.0420    0.2951    0.1256    0.4088
 000238   R  0.231033  0.528736  0.346905    0.4379    0.4369    0.1990    0.0380    0.3057    0.1311    0.4063
 000239   R  0.200549  0.522817  0.346215    0.3992    0.3182    0.2210    0.0450    0.2770    0.1230    0.4102
 000240   L  0.163223  0.534226  0.346244    0.3847    0.2193    0.2340    0.0500    0.2560    0.1370    0.4198
 000241   Q  0.148283  0.541682  0.342163    0.3184    0.2575    0.2350    0.0730    0.2502    0.1346    0.4241
 000242   D  0.143688  0.507080  0.337539    0.3263    0.2575    0.2230    0.0850    0.2429    0.1266    0.4284
 000243   E  0.135395  0.497046  0.339912    0.3630    0.2258    0.1920    0.0710    0.2355    0.1339    0.4300
 000244   T  0.131628  0.474754  0.342413    0.3005    0.1373    0.1600    0.0570    0.2007    0.1388    0.4217
 000245   G  0.128452  0.419622  0.342768    0.3146    0.1759    0.1460    0.0520    0.1974    0.1239    0.4088
 000246   G  0.134738  0.376673  0.346024    0.2209    0.1969    0.1240    0.0440    0.1756    0.1128    0.3911
 000247   F  0.144921  0.359332  0.350105    0.2483    0.2064    0.1160    0.0390    0.1791    0.1099    0.3718
 000248   M  0.149659  0.323358  0.348030    0.3668    0.2884    0.1070    0.0280    0.2058    0.1153    0.3604
 000249   S  0.142988  0.317244  0.344905    0.3717    0.3053    0.1160    0.0250    0.2089    0.1147    0.3525
 000250   F  0.129707  0.302934  0.342431    0.3847    0.3215    0.1590    0.0500    0.2163    0.1108    0.3475
 000251   I  0.127255  0.301551  0.340791    0.4703    0.3215    0.1710    0.0540    0.2319    0.1267    0.3504
 000252   P  0.124244  0.344068  0.336866    0.4651    0.2817    0.1740    0.0540    0.2316    0.1262    0.3498
 000253   L  0.117804  0.309289  0.331459    0.3806    0.2715    0.2090    0.0750    0.2148    0.1022    0.3509
 000254   A  0.112993  0.329499  0.324861    0.3311    0.2752    0.2350    0.0820    0.2140    0.0946    0.3583
 000255   F  0.099581  0.381020  0.318374    0.3225    0.1914    0.2590    0.0870    0.2089    0.1075    0.3660
 000256   Q  0.124617  0.390678  0.312856    0.3399    0.1914    0.2740    0.0840    0.2201    0.1040    0.3794
 000257   P  0.155768  0.401194  0.310926    0.2432    0.1852    0.3170    0.0950    0.2171    0.0984    0.3950
 000258   D  0.204704  0.423114  0.302740    0.3225    0.2783    0.3390    0.1110    0.2612    0.0828    0.4170
 000259   G  0.250782  0.437820  0.294582    0.3399    0.3286    0.3250    0.1150    0.2804    0.0750    0.4320
 000260   N  0.297428  0.448183  0.286386    0.3311    0.2258    0.3610    0.1210    0.2772    0.0839    0.4181
 000261   Q  0.338218  0.464066  0.274277    0.4203    0.3356    0.3850    0.1250    0.3239    0.0769    0.4075
 000262   L  0.412124  0.452980  0.263728    0.3939    0.4330    0.4660    0.1520    0.3596    0.0801    0.3985
 000263   A  0.483930  0.459779  0.248318    0.3491    0.4017    0.4150    0.1310    0.3516    0.0880    0.3842
 000264   R  0.548443  0.473284  0.231390    0.4149    0.4017    0.3880    0.1280    0.3711    0.1037    0.3692
 000265   E  0.570243  0.487192  0.214077    0.4379    0.4369    0.3910    0.1380    0.3872    0.1144    0.3615
 000266   L  0.590379  0.489824  0.196949    0.4245    0.5533    0.4080    0.1450    0.4109    0.1321    0.3523
 000267   G  0.597282  0.527815  0.185554    0.4116    0.4476    0.4060    0.1350    0.3984    0.1318    0.3428
 000268   K  0.613546  0.561652  0.173785    0.3717    0.4087    0.3680    0.1140    0.3872    0.1462    0.3348
 000269   K  0.622126  0.555783  0.163761    0.2786    0.4119    0.3630    0.1340    0.3720    0.1582    0.3293
 000270   E  0.638881  0.528706  0.151027    0.2700    0.3286    0.3760    0.1670    0.3570    0.1633    0.3253
 000271   F  0.622522  0.493270  0.138822    0.2700    0.2951    0.3460    0.1590    0.3378    0.1588    0.3194
 000272   T  0.564309  0.455345  0.126202    0.1766    0.2193    0.2970    0.1200    0.2854    0.1572    0.3114
 000273   T  0.513144  0.399265  0.113343    0.2209    0.2752    0.2940    0.1240    0.2838    0.1285    0.3044
 000274   G  0.453709  0.359451  0.100295    0.1878    0.2951    0.2670    0.1190    0.2606    0.1150    0.3013
 000275   L  0.391720  0.325770  0.087773    0.1635    0.2193    0.2450    0.0930    0.2242    0.1009    0.2985
 000276   D  0.333657  0.295526  0.075110    0.1416    0.1323    0.2210    0.0990    0.1873    0.0931    0.2902
 000277   D  0.274636  0.271261  0.063150    0.1380    0.1323    0.2100    0.0920    0.1711    0.0781    0.2827
 000278   L  0.215145  0.245239  0.053695    0.0858    0.1373    0.2040    0.0820    0.1479    0.0707    0.2778
 000279   R  0.154133  0.212338  0.048822    0.0502    0.1501    0.1590    0.0680    0.1210    0.0605    0.2727
 000280   N  0.092020  0.184276  0.046352    0.0514    0.0851    0.1270    0.0370    0.0900    0.0478    0.2691
 000281   L  0.071499  0.161882  0.042753    0.0464    0.0948    0.1030    0.0300    0.0795    0.0410    0.2666
 000282   A  0.058651  0.127804  0.040284    0.0464    0.1643    0.0730    0.0160    0.0784    0.0460    0.2680
 000283   V  0.047142  0.107368  0.039977    0.0567    0.0985    0.0630    0.0170    0.0622    0.0262    0.2700
 000284   A  0.038641  0.107129  0.038807    0.0514    0.0909    0.0630    0.0200    0.0585    0.0267    0.2697
 000285   R  0.032201  0.098923  0.037875    0.0274    0.0909    0.0650    0.0220    0.0524    0.0290    0.2649
 000286   L  0.027678  0.089360  0.037674    0.0464    0.0888    0.0620    0.0170    0.0524    0.0247    0.2671
 000287   Y  0.021038  0.099510  0.038191    0.0464    0.0433    0.0560    0.0120    0.0444    0.0251    0.2744
 000288   L  0.015918  0.105864  0.033297    0.0268    0.0356    0.0560    0.0140    0.0400    0.0300    0.2884
 000289   D  0.011903  0.099242  0.033124    0.0259    0.0631    0.0580    0.0150    0.0431    0.0293    0.3053
 000290   N  0.007595  0.104421  0.033796    0.0200    0.0398    0.0570    0.0150    0.0381    0.0317    0.3216
 000291   F  0.001298  0.105866  0.035500    0.0182    0.0389    0.0660    0.0190    0.0383    0.0344    0.3427
 000292   P  0.000073  0.096933  0.034149    0.0167    0.0799    0.0500    0.0200    0.0406    0.0343    0.3589
 000293   H  0.000060  0.095629  0.034190    0.0200    0.1007    0.0480    0.0200    0.0440    0.0376    0.3726
 000294   I  0.000057  0.106331  0.037783    0.0405    0.0909    0.0490    0.0190    0.0478    0.0359    0.3866
 000295   K  0.000121  0.108795  0.041156    0.0542    0.0909    0.0460    0.0190    0.0500    0.0359    0.4072
 000296   G  0.000179  0.108372  0.044782    0.0297    0.1028    0.0500    0.0190    0.0485    0.0392    0.4322
 000297   Y  0.000213  0.118323  0.047499    0.0425    0.1137    0.0570    0.0170    0.0553    0.0421    0.4094
 000298   W  0.000235  0.122336  0.050054    0.0744    0.1791    0.0650    0.0160    0.0736    0.0570    0.3954
 000299   A  0.000232  0.110182  0.052917    0.0832    0.1759    0.0590    0.0140    0.0714    0.0550    0.3970
 000300   T  0.000241  0.125908  0.055128    0.0832    0.1791    0.0690    0.0160    0.0762    0.0568    0.4024
 000301   L  0.000275  0.149052  0.058659    0.0455    0.0929    0.0730    0.0130    0.0601    0.0464    0.4055
 000302   T  0.000330  0.161751  0.062843    0.0965    0.1643    0.0570    0.0130    0.0801    0.0595    0.4147
 000303   P  0.000336  0.165572  0.067672    0.0455    0.0967    0.0510    0.0120    0.0599    0.0523    0.4217
 000304   E  0.000589  0.192525  0.074754    0.0514    0.1028    0.0510    0.0130    0.0663    0.0607    0.4321
 000305   L  0.018983  0.188503  0.081823    0.0643    0.1702    0.0640    0.0210    0.0843    0.0623    0.4260
 000306   A  0.037114  0.178701  0.086880    0.0701    0.1229    0.0570    0.0140    0.0776    0.0491    0.4108
 000307   Q  0.047526  0.179267  0.095729    0.0744    0.1251    0.0480    0.0090    0.0790    0.0491    0.3912
 000308   V  0.058449  0.181298  0.102066    0.0832    0.1969    0.0460    0.0090    0.0943    0.0604    0.3752
 000309   S  0.105519  0.168163  0.106319    0.1495    0.3087    0.0420    0.0100    0.1290    0.0846    0.3623
 000310   L  0.165889  0.162350  0.108877    0.1844    0.2541    0.0410    0.0100    0.1346    0.0682    0.3568
 000311   D  0.185630  0.173748  0.110830    0.1878    0.1671    0.0410    0.0120    0.1258    0.0561    0.3532
 000312   W  0.205942  0.171177  0.112821    0.2122    0.2575    0.0420    0.0120    0.1482    0.0734    0.3453
 000313   G  0.221962  0.172227  0.114295    0.1495    0.2645    0.0420    0.0120    0.1417    0.0744    0.3373
 000314   V  0.213488  0.181883  0.116471    0.1380    0.2224    0.0500    0.0130    0.1342    0.0630    0.3301
 000315   T  0.208504  0.188241  0.118527    0.1380    0.1373    0.0690    0.0200    0.1235    0.0497    0.3255
 000316   D  0.208247  0.196773  0.119669    0.2255    0.1501    0.1170    0.0450    0.1496    0.0472    0.3180
 000317   V  0.213889  0.193683  0.120464    0.1805    0.1702    0.1500    0.0640    0.1513    0.0362    0.3113
 000318   D  0.192818  0.208960  0.122605    0.1240    0.1323    0.1380    0.0590    0.1328    0.0401    0.3066
 000319   G  0.211638  0.217328  0.124721    0.1766    0.1583    0.1350    0.0630    0.1498    0.0408    0.3029
 000320   T  0.269584  0.238556  0.126140    0.1566    0.1611    0.1430    0.0740    0.1614    0.0567    0.3011
 000321   L  0.335691  0.242601  0.129396    0.2080    0.2328    0.1440    0.0760    0.1938    0.0717    0.2990
 000322   I  0.406492  0.254249  0.131932    0.1998    0.2609    0.1260    0.0680    0.2078    0.0975    0.2974
 000323   E  0.488543  0.269930  0.135599    0.2913    0.3740    0.1100    0.0580    0.2556    0.1325    0.3003
 000324   E  0.565904  0.268927  0.140362    0.3146    0.4051    0.1130    0.0550    0.2780    0.1562    0.3045
 000325   R  0.649943  0.257294  0.144087    0.3847    0.4801    0.1380    0.0570    0.3184    0.1858    0.3080
 000326   I  0.708812  0.249314  0.146261    0.4149    0.4725    0.1480    0.0540    0.3323    0.2015    0.3122
 000327   V  0.767779  0.261725  0.151103    0.4116    0.3807    0.1480    0.0470    0.3283    0.2126    0.3211
 000328   H  0.781604  0.294929  0.159367    0.4781    0.4541    0.1530    0.0530    0.3603    0.2190    0.3313
 000329   M  0.796811  0.325218  0.165511    0.3847    0.4409    0.1750    0.0610    0.3538    0.2133    0.3420
 000330   A  0.800331  0.378587  0.172702    0.3847    0.4292    0.2060    0.0600    0.3664    0.2066    0.3465
 000331   G  0.790701  0.456116  0.177047    0.3806    0.4369    0.2530    0.0790    0.3862    0.1969    0.3435
 000332   S  0.757267  0.501061  0.178175    0.4458    0.4330    0.3140    0.1150    0.4085    0.1799    0.3412
 000333   P  0.725321  0.531422  0.178953    0.5296    0.4901    0.2750    0.0960    0.4252    0.1825    0.3389
 000334   T  0.681237  0.589161  0.181779    0.4282    0.4652    0.3060    0.1170    0.4117    0.1690    0.3356
 000335   P  0.681366  0.602926  0.181608    0.3806    0.3599    0.3030    0.1080    0.3880    0.1746    0.3273
 000336   Q  0.670393  0.615925  0.182459    0.3717    0.2817    0.3200    0.1200    0.3766    0.1796    0.3171
 000337   G  0.656137  0.617238  0.184129    0.3717    0.2884    0.3260    0.1280    0.3766    0.1749    0.3098
 000338   L  0.637377  0.554124  0.181993    0.3668    0.3117    0.3130    0.1230    0.3639    0.1578    0.3021
 000339   T  0.594361  0.479742  0.180937    0.2865    0.2849    0.2770    0.1030    0.3203    0.1439    0.2975
 000340   K  0.563803  0.423693  0.182512    0.2865    0.3249    0.2360    0.0950    0.3058    0.1299    0.2909
 000341   R  0.542853  0.336803  0.185311    0.2913    0.3392    0.2040    0.0710    0.2858    0.1213    0.2918
 000342   E  0.551972  0.272454  0.188589    0.2865    0.2503    0.1640    0.0620    0.2543    0.1307    0.2987
 000343   L  0.571121  0.225304  0.191849    0.2748    0.2817    0.1520    0.0540    0.2508    0.1403    0.3046
 000344   A  0.561159  0.187769  0.196663    0.1635    0.1914    0.1310    0.0380    0.2059    0.1495    0.3100
 000345   R  0.556731  0.161831  0.201841    0.1844    0.1969    0.1250    0.0300    0.2042    0.1487    0.3128
 000346   I  0.543664  0.139542  0.206621    0.1117    0.1611    0.1110    0.0220    0.1779    0.1556    0.3252
 000347   I  0.492666  0.121499  0.209110    0.1088    0.1611    0.1030    0.0220    0.1646    0.1404    0.3377
 000348   L  0.468907  0.123247  0.210312    0.1018    0.1373    0.1100    0.0220    0.1570    0.1335    0.3466
 000349   M  0.445149  0.128291  0.210244    0.1635    0.1399    0.1320    0.0350    0.1681    0.1171    0.3538
 000350   A  0.431669  0.141100  0.209860    0.1349    0.0799    0.1570    0.0590    0.1575    0.1188    0.3533
 000351   G  0.397598  0.149147  0.207662    0.0858    0.0780    0.1770    0.0810    0.1479    0.1122    0.3520
 000352   R  0.350959  0.168077  0.206402    0.0502    0.0909    0.1890    0.0890    0.1415    0.1016    0.3449
 000353   I  0.313342  0.198553  0.206655    0.0425    0.0543    0.1970    0.0870    0.1343    0.1002    0.3415
 000354   P  0.272795  0.228051  0.209146    0.0723    0.0870    0.1990    0.0810    0.1432    0.0813    0.3384
 000355   V  0.292598  0.248906  0.213878    0.0526    0.0704    0.2200    0.0940    0.1474    0.0966    0.3301
 000356   E  0.359521  0.283473  0.220909    0.0490    0.0380    0.2490    0.1240    0.1632    0.1241    0.3227
 000357   R  0.411382  0.298947  0.231262    0.0490    0.0719    0.2690    0.1430    0.1833    0.1326    0.3128
 000358   D  0.442033  0.275826  0.230637    0.0376    0.1137    0.2740    0.1430    0.1905    0.1344    0.3090
 000359   A  0.458554  0.246415  0.227085    0.0621    0.1229    0.2440    0.1310    0.1891    0.1297    0.3021
 000360   L  0.483432  0.227888  0.225626    0.0660    0.1611    0.2700    0.1350    0.2014    0.1326    0.2938
 000361   Y  0.489681  0.203270  0.221861    0.0464    0.1611    0.2220    0.1340    0.1871    0.1383    0.2837
 000362   R  0.509585  0.190524  0.221332    0.0425    0.1528    0.2400    0.1470    0.1893    0.1467    0.2736
 000363   E  0.572532  0.195870  0.223185    0.0376    0.1373    0.4610    0.1560    0.2340    0.1895    0.2688
 000364   V  0.545407  0.191702  0.225643    0.0858    0.1914    0.5030    0.1920    0.2529    0.1753    0.2604
 000365   R  0.503134  0.207871  0.225246    0.0935    0.1349    0.4650    0.1190    0.2341    0.1613    0.2508
 000366   V  0.502933  0.264996  0.226175    0.1732    0.1671    0.5450    0.1260    0.2755    0.1576    0.2513
 000367   W  0.477639  0.365087  0.225984    0.2080    0.1251    0.5320    0.1630    0.2846    0.1525    0.2534
 000368   D  0.517312  0.475410  0.226806    0.2602    0.1048    0.6060    0.1260    0.3273    0.1825    0.2504
 000369   R  0.430602  0.569674  0.228132    0.2963    0.0734    0.6200    0.0610    0.3316    0.1950    0.2416
 000370   V  0.673695  0.646318  0.230861    0.3668    0.0676    0.6770    0.0950    0.4052    0.2415    0.2353
 000371   E  0.256955  0.689618  0.233182    0.5008    0.1092    0.6780    0.1290    0.3725    0.2283    0.2299
 000372   A  0.723234  0.775150  0.236413    0.6293    0.1852    0.7500    0.1420    0.5104    0.2475    0.2323
