#RESNUM RES     VL-XT     VSL2B       VL3  IUPred-S  IUPred-L  PONDRFIT  FITERROR       MDP  MDPERROR   ANCHOR2
 000001   M  0.418298  0.718199  0.172214    0.7192    0.1298    0.8420    0.0880    0.4713    0.2795    0.1106
 000002   R  0.195852  0.678137  0.164082    0.6870    0.1671    0.8040    0.1000    0.4220    0.2782    0.1081
 000003   V  0.237296  0.653132  0.156282    0.6442    0.2034    0.7900    0.0770    0.4213    0.2553    0.1032
 000004   A  0.282985  0.590480  0.148980    0.5992    0.2364    0.6330    0.0760    0.3904    0.1984    0.0992
 000005   L  0.353523  0.535549  0.142632    0.5514    0.2193    0.6560    0.0960    0.3860    0.1874    0.0972
 000006   T  0.371158  0.493746  0.136919    0.5043    0.2503    0.5940    0.1340    0.3689    0.1594    0.0948
 000007   I  0.432917  0.478099  0.132084    0.4116    0.1914    0.6350    0.1530    0.3582    0.1724    0.0895
 000008   A  0.481512  0.493685  0.126127    0.3630    0.2258    0.7240    0.1050    0.3813    0.1956    0.0875
 000009   G  0.515078  0.529882  0.121023    0.2385    0.2164    0.7940    0.1080    0.3824    0.2329    0.0866
 000010   S  0.542912  0.571288  0.115945    0.2041    0.2575    0.8270    0.0830    0.4005    0.2488    0.0859
 000011   D  0.499905  0.627274  0.112220    0.1292    0.1942    0.8370    0.0660    0.3812    0.2747    0.0856
 000012   S  0.460657  0.653457  0.108233    0.1667    0.2328    0.8090    0.0760    0.3871    0.2597    0.0840
 000013   G  0.422653  0.676564  0.107155    0.0991    0.1611    0.8090    0.0700    0.3613    0.2819    0.0825
 000014   G  0.362472  0.670757  0.107572    0.1416    0.1349    0.7980    0.0670    0.3513    0.2744    0.0826
 000015   G  0.300597  0.660018  0.106222    0.1205    0.0870    0.7820    0.0630    0.3249    0.2792    0.0845
 000016   A  0.218765  0.584457  0.103939    0.1178    0.1476    0.7350    0.0570    0.3006    0.2489    0.0866
 000017   G  0.144505  0.511633  0.087100    0.0643    0.0719    0.6850    0.0520    0.2461    0.2455    0.0912
 000018   V  0.079627  0.420392  0.074337    0.1240    0.1275    0.5650    0.0370    0.2194    0.1906    0.0959
 000019   Q  0.013410  0.322086  0.059899    0.0858    0.1028    0.4020    0.0520    0.1543    0.1446    0.1021
 000020   A  0.010293  0.244737  0.048454    0.0858    0.0581    0.2510    0.0480    0.1083    0.0959    0.1087
 000021   D  0.009476  0.196692  0.042928    0.0554    0.0581    0.1790    0.0430    0.0831    0.0713    0.1166
 000022   L  0.007209  0.150746  0.039870    0.0304    0.0568    0.1390    0.0390    0.0640    0.0550    0.1222
 000023   K  0.005203  0.109969  0.034118    0.0308    0.0568    0.1110    0.0370    0.0523    0.0404    0.1308
 000024   V  0.003003  0.084727  0.029488    0.0316    0.0454    0.0930    0.0330    0.0429    0.0319    0.1411
 000025   F  0.001351  0.068530  0.024075    0.0327    0.0258    0.0740    0.0210    0.0337    0.0259    0.1539
 000026   F  0.000684  0.058928  0.019380    0.0259    0.0281    0.0560    0.0130    0.0283    0.0206    0.1629
 000027   R  0.000588  0.057843  0.017864    0.0179    0.0209    0.0410    0.0090    0.0230    0.0187    0.1682
 000028   F  0.000510  0.064799  0.015778    0.0179    0.0143    0.0380    0.0080    0.0227    0.0210    0.1689
 000029   G  0.000420  0.069756  0.013861    0.0157    0.0227    0.0380    0.0100    0.0244    0.0224    0.1673
 000030   V  0.000397  0.075199  0.011648    0.0083    0.0181    0.0420    0.0140    0.0239    0.0256    0.1642
 000031   Y  0.000409  0.091508  0.009741    0.0116    0.0227    0.0550    0.0200    0.0302    0.0318    0.1640
 000032   G  0.000499  0.115218  0.009651    0.0081    0.0227    0.0540    0.0180    0.0334    0.0398    0.1607
 000033   T  0.001441  0.129013  0.009469    0.0144    0.0414    0.0540    0.0140    0.0401    0.0432    0.1597
 000034   S  0.004201  0.151166  0.009619    0.0160    0.0244    0.0530    0.0140    0.0415    0.0508    0.1567
 000035   A  0.076184  0.169680  0.011424    0.0274    0.0380    0.0610    0.0160    0.0621    0.0518    0.1509
 000036   L  0.126738  0.175166  0.012762    0.0259    0.0483    0.0850    0.0270    0.0768    0.0574    0.1443
 000037   T  0.164857  0.188570  0.015112    0.0490    0.1028    0.0930    0.0290    0.0998    0.0604    0.1371
 000038   L  0.196256  0.199450  0.017625    0.0268    0.1007    0.1140    0.0380    0.1062    0.0719    0.1307
 000039   V  0.208701  0.213362  0.021043    0.0526    0.1275    0.1090    0.0290    0.1186    0.0720    0.1265
 000040   T  0.240249  0.226042  0.023015    0.0526    0.1373    0.0980    0.0310    0.1256    0.0817    0.1247
 000041   A  0.284628  0.240857  0.025360    0.0502    0.1298    0.1290    0.0440    0.1391    0.0936    0.1249
 000042   Q  0.307855  0.256776  0.026774    0.0935    0.1373    0.1390    0.0550    0.1557    0.0953    0.1258
 000043   N  0.336085  0.259030  0.028460    0.0526    0.1643    0.1530    0.0610    0.1608    0.1078    0.1279
 000044   T  0.285336  0.252453  0.027776    0.0316    0.1852    0.1670    0.0680    0.1536    0.0992    0.1327
 000045   L  0.274368  0.246993  0.025783    0.0395    0.2034    0.1700    0.0620    0.1556    0.0960    0.1406
 000046   G  0.290672  0.247328  0.025477    0.0643    0.1702    0.1390    0.0410    0.1519    0.0936    0.1527
 000047   V  0.318102  0.230669  0.026192    0.1266    0.1852    0.1360    0.0400    0.1661    0.0910    0.1619
 000048   Q  0.342168  0.218266  0.026633    0.0858    0.1092    0.1400    0.0390    0.1492    0.1022    0.1737
 000049   R  0.379703  0.202826  0.027874    0.1018    0.1476    0.1280    0.0310    0.1599    0.1097    0.1883
 000050   V  0.410938  0.185463  0.029512    0.1018    0.2164    0.1280    0.0290    0.1738    0.1199    0.2013
 000051   H  0.456961  0.172700  0.032113    0.0813    0.1275    0.1110    0.0220    0.1583    0.1381    0.2145
 000052   L  0.505353  0.170224  0.035781    0.1088    0.1671    0.1100    0.0300    0.1770    0.1511    0.2116
 000053   L  0.562678  0.174551  0.039433    0.0587    0.1611    0.1000    0.0270    0.1761    0.1770    0.2073
 000054   P  0.601777  0.186787  0.042854    0.0643    0.0985    0.0680    0.0170    0.1700    0.1956    0.2015
 000055   P  0.598454  0.198909  0.049711    0.0677    0.0765    0.0640    0.0150    0.1676    0.1956    0.1851
 000056   E  0.603387  0.196468  0.056674    0.0813    0.1323    0.0600    0.0200    0.1788    0.1921    0.1626
 000057   V  0.627285  0.176716  0.064392    0.0643    0.1424    0.0630    0.0250    0.1789    0.2009    0.1372
 000058   V  0.618618  0.176690  0.070084    0.1150    0.1162    0.0600    0.0220    0.1811    0.1945    0.1219
 000059   Y  0.611461  0.189563  0.075888    0.1266    0.1349    0.0560    0.0200    0.1865    0.1897    0.1098
 000060   A  0.616759  0.188919  0.080244    0.0660    0.0817    0.0530    0.0140    0.1678    0.2003    0.0999
 000061   Q  0.576654  0.202286  0.084134    0.1322    0.1349    0.0600    0.0200    0.1843    0.1756    0.0926
 000062   I  0.526054  0.210856  0.087110    0.0701    0.1048    0.0710    0.0300    0.1638    0.1634    0.0895
 000063   E  0.451831  0.217708  0.089227    0.1292    0.1373    0.0740    0.0310    0.1684    0.1293    0.0957
 000064   S  0.407183  0.220154  0.091785    0.1635    0.2094    0.0830    0.0290    0.1805    0.1092    0.1006
 000065   V  0.348539  0.254581  0.094753    0.1117    0.1881    0.0790    0.0280    0.1636    0.0981    0.1058
 000066   A  0.298593  0.268395  0.095811    0.0884    0.1583    0.0740    0.0280    0.1480    0.0903    0.1200
 000067   Q  0.275293  0.277856  0.096751    0.0789    0.1206    0.0760    0.0230    0.1381    0.0892    0.1406
 000068   D  0.242246  0.296699  0.097579    0.1240    0.1115    0.0780    0.0170    0.1421    0.0829    0.1694
 000069   F  0.212790  0.296529  0.097974    0.1456    0.1611    0.0820    0.0170    0.1496    0.0742    0.1949
 000070   P  0.175648  0.275578  0.098294    0.1416    0.2575    0.0770    0.0150    0.1546    0.0764    0.2205
 000071   L  0.148669  0.283260  0.099342    0.1698    0.2575    0.0900    0.0200    0.1581    0.0752    0.2469
 000072   H  0.172851  0.318289  0.099943    0.1844    0.2164    0.1100    0.0360    0.1670    0.0746    0.2731
 000073   A  0.195053  0.335998  0.101133    0.2432    0.2164    0.1430    0.0600    0.1890    0.0765    0.2852
 000074   A  0.211282  0.343342  0.103275    0.1844    0.1399    0.1650    0.0710    0.1740    0.0779    0.2849
 000075   K  0.205871  0.381418  0.107210    0.1150    0.1554    0.1680    0.0610    0.1710    0.0939    0.2845
 000076   T  0.232117  0.377265  0.110653    0.1150    0.1914    0.1790    0.0570    0.1825    0.0915    0.2866
 000077   G  0.246897  0.375038  0.115101    0.1495    0.1583    0.1820    0.0550    0.1853    0.0883    0.2774
 000078   A  0.255442  0.350756  0.122080    0.1205    0.1275    0.1480    0.0330    0.1670    0.0891    0.2632
 000079   L  0.333280  0.320205  0.127536    0.0677    0.1298    0.1230    0.0320    0.1624    0.1056    0.2463
 000080   G  0.413122  0.285664  0.131278    0.1088    0.1942    0.0880    0.0240    0.1817    0.1163    0.2321
 000081   D  0.437875  0.268092  0.134324    0.0991    0.1115    0.0830    0.0270    0.1665    0.1288    0.2175
 000082   A  0.448818  0.239516  0.138656    0.1380    0.1759    0.0840    0.0310    0.1811    0.1212    0.1960
 000083   A  0.463708  0.212792  0.143673    0.0813    0.1671    0.0740    0.0210    0.1664    0.1335    0.1774
 000084   I  0.480016  0.205849  0.148689    0.1060    0.1092    0.0710    0.0180    0.1621    0.1398    0.1640
 000085   V  0.441086  0.215899  0.155659    0.1292    0.1323    0.0710    0.0210    0.1650    0.1225    0.1578
 000086   E  0.415250  0.210922  0.160163    0.0701    0.0870    0.0800    0.0210    0.1438    0.1233    0.1544
 000087   A  0.382965  0.211251  0.164320    0.0677    0.0817    0.0880    0.0240    0.1387    0.1128    0.1462
 000088   V  0.325869  0.218314  0.166058    0.0425    0.1028    0.0960    0.0240    0.1309    0.0972    0.1418
 000089   A  0.265885  0.218283  0.170478    0.0526    0.0749    0.1000    0.0230    0.1186    0.0826    0.1428
 000090   E  0.236326  0.221260  0.182992    0.1117    0.0817    0.1130    0.0300    0.1273    0.0662    0.1449
 000091   A  0.221394  0.229538  0.199584    0.0643    0.0531    0.1310    0.0380    0.1165    0.0792    0.1460
 000092   V  0.211723  0.226570  0.213289    0.0376    0.0531    0.1400    0.0420    0.1114    0.0850    0.1457
 000093   R  0.206840  0.224765  0.223521    0.0297    0.0799    0.1470    0.0460    0.1146    0.0836    0.1545
 000094   R  0.198894  0.228258  0.237064    0.0414    0.0631    0.1600    0.0510    0.1153    0.0864    0.1660
 000095   F  0.200222  0.225289  0.248533    0.0884    0.0948    0.1650    0.0500    0.1290    0.0739    0.1769
 000096   G  0.205998  0.231287  0.257973    0.0858    0.0967    0.1710    0.0410    0.1318    0.0777    0.1897
 000097   V  0.196047  0.225435  0.268151    0.0587    0.0719    0.1760    0.0370    0.1213    0.0888    0.2012
 000098   R  0.206799  0.226971  0.278370    0.0455    0.0870    0.1740    0.0340    0.1233    0.0928    0.2186
 000099   P  0.221765  0.232113  0.284301    0.0542    0.1323    0.1730    0.0320    0.1355    0.0884    0.2363
 000100   L  0.211060  0.231334  0.287349    0.0677    0.1583    0.1830    0.0390    0.1419    0.0831    0.2473
 000101   V  0.189626  0.233342  0.296842    0.0607    0.1501    0.1760    0.0370    0.1349    0.0879    0.2554
 000102   V  0.231318  0.255697  0.306721    0.0789    0.2094    0.1700    0.0410    0.1575    0.0879    0.2680
 000103   D  0.249776  0.276324  0.319408    0.1322    0.2002    0.1640    0.0400    0.1704    0.0838    0.2866
 000104   P  0.303449  0.290064  0.329090    0.1495    0.1349    0.1670    0.0380    0.1742    0.0969    0.2983
 000105   V  0.327031  0.304878  0.337257    0.0965    0.1137    0.1820    0.0470    0.1706    0.1148    0.3066
 000106   M  0.348470  0.324526  0.344453    0.1088    0.2002    0.1890    0.0530    0.1951    0.1081    0.3205
 000107   V  0.365188  0.355042  0.355845    0.0884    0.2193    0.1980    0.0620    0.2043    0.1192    0.3226
 000108   A  0.383950  0.401186  0.367350    0.1380    0.2575    0.2030    0.0720    0.2306    0.1164    0.3294
 000109   K  0.421658  0.430465  0.374828    0.1495    0.2258    0.2180    0.0810    0.2409    0.1263    0.3343
 000110   S  0.426734  0.460329  0.380972    0.1060    0.1643    0.2270    0.0790    0.2307    0.1493    0.3395
 000111   G  0.380239  0.485186  0.389819    0.1416    0.2094    0.2270    0.0790    0.2406    0.1370    0.3450
 000112   D  0.414995  0.496442  0.401949    0.1698    0.2002    0.2360    0.0900    0.2529    0.1401    0.3534
 000113   P  0.395590  0.505678  0.415288    0.2080    0.2680    0.2620    0.1030    0.2733    0.1249    0.3587
 000114   L  0.387762  0.508761  0.423300    0.1266    0.2752    0.3010    0.0750    0.2665    0.1407    0.3562
 000115   L  0.408659  0.519235  0.431063    0.1088    0.2399    0.2730    0.0540    0.2583    0.1546    0.3546
 000116   A  0.427239  0.523888  0.436146    0.1805    0.2292    0.2090    0.0500    0.2616    0.1512    0.3487
 000117   K  0.432049  0.529277  0.440421    0.2209    0.1643    0.1910    0.0500    0.2563    0.1598    0.3430
 000118   E  0.455191  0.525629  0.447178    0.2255    0.2575    0.2090    0.0660    0.2787    0.1464    0.3475
 000119   A  0.497319  0.510245  0.455140    0.1732    0.2094    0.2330    0.0750    0.2706    0.1620    0.3498
 000120   A  0.520988  0.505482  0.462253    0.2041    0.1852    0.2520    0.0780    0.2779    0.1631    0.3541
 000121   A  0.495770  0.489053  0.463247    0.1349    0.1942    0.2240    0.0650    0.2564    0.1702    0.3568
 000122   A  0.498932  0.475541  0.462782    0.1150    0.1323    0.2140    0.0620    0.2393    0.1829    0.3611
 000123   L  0.517980  0.492947  0.464832    0.1150    0.0835    0.2060    0.0620    0.2360    0.1986    0.3662
 000124   K  0.522844  0.494655  0.469265    0.0621    0.0719    0.2170    0.0710    0.2281    0.2114    0.3691
 000125   E  0.469549  0.471959  0.471402    0.0660    0.1399    0.2360    0.0870    0.2306    0.1865    0.3774
 000126   R  0.460955  0.489790  0.475242    0.1178    0.2224    0.2380    0.0830    0.2548    0.1666    0.3876
 000127   L  0.439937  0.492626  0.480159    0.1698    0.2541    0.2200    0.0640    0.2628    0.1538    0.4027
 000128   F  0.467618  0.500971  0.484389    0.1698    0.1791    0.2050    0.0520    0.2537    0.1709    0.4105
 000129   P  0.512235  0.488996  0.489422    0.1532    0.1791    0.1980    0.0500    0.2553    0.1802    0.4145
 000130   L  0.547722  0.480410  0.496053    0.1150    0.1823    0.2020    0.0520    0.2546    0.1926    0.4163
 000131   A  0.548413  0.506547  0.503292    0.1456    0.2258    0.2080    0.0530    0.2723    0.1857    0.4144
 000132   D  0.519740  0.522739  0.505610    0.1456    0.2258    0.2330    0.0600    0.2744    0.1807    0.4145
 000133   L  0.493815  0.544381  0.509931    0.1844    0.1852    0.2550    0.0650    0.2771    0.1780    0.4133
 000134   V  0.527389  0.559934  0.515634    0.2333    0.1881    0.2540    0.0600    0.2938    0.1784    0.4129
 000135   T  0.549071  0.547229  0.520663    0.1635    0.1881    0.2360    0.0580    0.2807    0.1936    0.4189
 000136   P  0.539261  0.581162  0.526450    0.0935    0.1731    0.2340    0.0570    0.2701    0.2148    0.4198
 000137   N  0.509124  0.614667  0.530745    0.0965    0.2002    0.2580    0.0590    0.2798    0.2114    0.4151
 000138   R  0.472912  0.643540  0.534737    0.1380    0.1823    0.3010    0.0690    0.2896    0.2056    0.4131
 000139   L  0.464260  0.648269  0.538779    0.2558    0.2884    0.3180    0.0700    0.3292    0.1689    0.4113
 000140   E  0.490070  0.639204  0.546270    0.1322    0.2645    0.2870    0.0650    0.3022    0.1996    0.4050
 000141   A  0.546579  0.644244  0.556978    0.1958    0.2680    0.3000    0.0620    0.3257    0.1935    0.4008
 000142   E  0.605436  0.645036  0.564433    0.2333    0.2951    0.3150    0.0680    0.3490    0.1903    0.4006
 000143   A  0.651328  0.650798  0.570540    0.1456    0.3019    0.3410    0.0880    0.3484    0.2145    0.3977
 000144   L  0.668951  0.626535  0.572236    0.2122    0.3494    0.3400    0.0860    0.3662    0.1943    0.3953
 000145   L  0.717463  0.631058  0.579591    0.2913    0.4369    0.3270    0.0800    0.4006    0.1845    0.3854
 000146   G  0.761076  0.624528  0.587194    0.2531    0.4441    0.3030    0.0730    0.3977    0.2047    0.3694
 000147   R  0.811060  0.616115  0.595768    0.2255    0.3807    0.3090    0.0800    0.3904    0.2251    0.3581
 000148   P  0.832790  0.626176  0.602515    0.2333    0.3356    0.3090    0.0910    0.3895    0.2351    0.3529
 000149   I  0.831702  0.618652  0.605539    0.2122    0.3356    0.3340    0.1050    0.3886    0.2357    0.3405
 000150   R  0.829634  0.642927  0.609089    0.2786    0.3840    0.3210    0.1060    0.4094    0.2223    0.3357
 000151   T  0.825219  0.662385  0.612017    0.2602    0.2951    0.3330    0.1080    0.3959    0.2361    0.3372
 000152   L  0.823249  0.681456  0.612154    0.2657    0.2503    0.3490    0.0980    0.3950    0.2423    0.3392
 000153   K  0.822807  0.689272  0.609496    0.1732    0.2064    0.3320    0.1060    0.3706    0.2679    0.3416
 000154   E  0.794844  0.697963  0.607133    0.1349    0.1643    0.3170    0.1090    0.3515    0.2784    0.3472
 000155   A  0.756140  0.704530  0.611148    0.1732    0.2364    0.3130    0.0950    0.3638    0.2538    0.3551
 000156   E  0.719728  0.695191  0.613724    0.1732    0.3460    0.2630    0.0790    0.3662    0.2390    0.3673
 000157   E  0.633662  0.677082  0.615769    0.1698    0.3494    0.2300    0.0680    0.3434    0.2283    0.3835
 000158   A  0.549594  0.666987  0.618355    0.2080    0.3215    0.2060    0.0490    0.3253    0.2164    0.3977
 000159   A  0.461634  0.668635  0.620716    0.1732    0.2258    0.1870    0.0470    0.2860    0.2293    0.4111
 000160   K  0.380876  0.634011  0.615974    0.2432    0.2503    0.1710    0.0470    0.2799    0.2092    0.4302
 000161   A  0.291921  0.612774  0.613230    0.1844    0.1759    0.1730    0.0440    0.2396    0.2210    0.4170
 000162   L  0.200719  0.567262  0.610447    0.1205    0.1702    0.1800    0.0440    0.2064    0.2247    0.3947
 000163   L  0.138848  0.531408  0.605901    0.1266    0.2399    0.1810    0.0430    0.2029    0.2168    0.3777
 000164   A  0.086716  0.544861  0.602029    0.1205    0.2399    0.1890    0.0460    0.1968    0.2255    0.3670
 000165   L  0.032310  0.520065  0.592954    0.1117    0.2364    0.2050    0.0520    0.1843    0.2278    0.3609
 000166   G  0.026396  0.516848  0.584568    0.1322    0.1914    0.2080    0.0690    0.1791    0.2255    0.3567
 000167   P  0.047950  0.506354  0.575975    0.1322    0.1914    0.2080    0.0810    0.1810    0.2171    0.3513
 000168   K  0.073395  0.534891  0.572166    0.0771    0.1731    0.2160    0.0940    0.1791    0.2251    0.3502
 000169   A  0.094881  0.527498  0.565994    0.1018    0.2129    0.2390    0.1150    0.1960    0.2114    0.3490
 000170   V  0.159791  0.510633  0.559185    0.1178    0.2609    0.2370    0.1130    0.2144    0.1922    0.3479
 000171   L  0.217910  0.494800  0.552501    0.1266    0.2292    0.2410    0.1180    0.2182    0.1813    0.3499
 000172   L  0.274821  0.501809  0.546027    0.1566    0.1969    0.2350    0.1130    0.2276    0.1755    0.3591
 000173   K  0.329743  0.514635  0.540470    0.1998    0.2783    0.2250    0.1090    0.2579    0.1611    0.3743
 000174   G  0.373166  0.514075  0.532842    0.2167    0.2817    0.2360    0.1060    0.2703    0.1544    0.3870
 000175   G  0.450705  0.523342  0.524035    0.2432    0.2328    0.2410    0.1020    0.2819    0.1586    0.3931
 000176   H  0.504205  0.524812  0.515550    0.2531    0.2817    0.2780    0.1100    0.3069    0.1496    0.3944
 000177   L  0.560772  0.522322  0.507065    0.1844    0.2918    0.3030    0.1080    0.3104    0.1646    0.3999
 000178   E  0.615315  0.527116  0.501907    0.1322    0.2609    0.2490    0.0940    0.2974    0.1944    0.4101
 000179   G  0.632183  0.538536  0.497613    0.1380    0.2575    0.2590    0.1090    0.3042    0.1965    0.4185
 000180   E  0.652134  0.528344  0.492568    0.1667    0.2884    0.2420    0.1120    0.3129    0.1919    0.4263
 000181   E  0.649523  0.512674  0.481769    0.2255    0.2884    0.2260    0.1020    0.3169    0.1796    0.4320
 000182   A  0.651425  0.490517  0.469806    0.3005    0.2884    0.2120    0.0970    0.3238    0.1687    0.4250
 000183   V  0.670958  0.452461  0.459780    0.3225    0.3667    0.1750    0.0780    0.3313    0.1695    0.4243
 000184   D  0.668574  0.407289  0.449884    0.2531    0.2609    0.1510    0.0560    0.2902    0.1844    0.4265
 000185   L  0.616206  0.366341  0.439067    0.2558    0.2645    0.1410    0.0530    0.2740    0.1689    0.4317
 000186   L  0.558371  0.308040  0.424032    0.1698    0.2364    0.1300    0.0470    0.2338    0.1643    0.4325
 000187   A  0.489051  0.278056  0.410475    0.1635    0.2541    0.1240    0.0430    0.2181    0.1456    0.4271
 000188   T  0.411468  0.259373  0.398087    0.2041    0.3321    0.1260    0.0480    0.2222    0.1223    0.4258
 000189   R  0.352657  0.252874  0.388567    0.2209    0.2541    0.1310    0.0520    0.2020    0.1066    0.4268
 000190   G  0.318123  0.244826  0.381541    0.2292    0.2715    0.1360    0.0520    0.2000    0.0991    0.4276
 000191   G  0.267678  0.247008  0.381216    0.1635    0.2645    0.1440    0.0530    0.1811    0.1005    0.4336
 000192   V  0.210442  0.266633  0.381673    0.1602    0.2470    0.1520    0.0530    0.1727    0.1000    0.4246
 000193   L  0.147853  0.291535  0.384362    0.1844    0.2918    0.1640    0.0540    0.1799    0.1065    0.4167
 000194   R  0.134121  0.319263  0.387194    0.2531    0.3631    0.1930    0.0590    0.2104    0.1113    0.4147
 000195   F  0.124203  0.339121  0.383907    0.2558    0.3704    0.2020    0.0610    0.2152    0.1140    0.4124
 000196   S  0.110831  0.360153  0.381513    0.3311    0.4441    0.1930    0.0620    0.2399    0.1312    0.4124
 000197   A  0.105577  0.375094  0.381409    0.4116    0.5382    0.1790    0.0660    0.2683    0.1592    0.4123
 000198   P  0.085498  0.395163  0.382792    0.4333    0.5707    0.1740    0.0700    0.2764    0.1749    0.4082
 000199   R  0.064165  0.423396  0.382915    0.4333    0.4801    0.2530    0.1050    0.2756    0.1556    0.4083
 000200   V  0.056888  0.461772  0.379828    0.4282    0.4864    0.2830    0.1090    0.2861    0.1594    0.4099
 000201   H  0.049102  0.482285  0.376502    0.3456    0.4087    0.2370    0.0920    0.2537    0.1538    0.4106
 000202   T  0.063019  0.486831  0.368650    0.3491    0.4087    0.2210    0.0760    0.2548    0.1512    0.4179
 000203   R  0.066893  0.481803  0.360777    0.3359    0.4441    0.2220    0.0760    0.2585    0.1521    0.4260
 000204   N  0.069354  0.478595  0.355550    0.4116    0.4940    0.2380    0.0880    0.2819    0.1597    0.4334
 000205   T  0.071076  0.469114  0.349292    0.3717    0.3983    0.2750    0.1070    0.2642    0.1391    0.4319
 000206   H  0.074095  0.498162  0.345518    0.4333    0.4801    0.2500    0.0980    0.2892    0.1591    0.4297
 000207   G  0.080465  0.468922  0.341452    0.3456    0.4507    0.2220    0.0970    0.2612    0.1454    0.4240
 000208   T  0.095091  0.426846  0.337387    0.3399    0.4051    0.2110    0.0980    0.2463    0.1284    0.4219
 000209   G  0.112464  0.389996  0.328207    0.2786    0.2988    0.2130    0.0940    0.2154    0.1039    0.4225
 000210   C  0.130692  0.351962  0.321552    0.2041    0.2715    0.2090    0.0970    0.1945    0.0924    0.4297
 000211   T  0.145358  0.300007  0.318292    0.2041    0.3321    0.1800    0.0800    0.1936    0.0901    0.4280
 000212   L  0.151514  0.273121  0.320794    0.1698    0.3182    0.1670    0.0670    0.1799    0.0901    0.4192
 000213   S  0.179388  0.253546  0.324460    0.1732    0.3087    0.1420    0.0440    0.1761    0.0883    0.4128
 000214   A  0.187351  0.241993  0.325890    0.1635    0.3426    0.1410    0.0390    0.1794    0.0947    0.4062
 000215   A  0.194349  0.246326  0.328688    0.1732    0.2541    0.1410    0.0330    0.1682    0.0824    0.4002
 000216   I  0.194177  0.262429  0.335300    0.1958    0.2164    0.1460    0.0350    0.1691    0.0821    0.3949
 000217   A  0.205828  0.268336  0.342194    0.1349    0.2193    0.1470    0.0390    0.1625    0.0909    0.3902
 000218   A  0.244727  0.282957  0.350513    0.1150    0.1942    0.1550    0.0510    0.1652    0.0983    0.3851
 000219   L  0.294940  0.299042  0.355324    0.1240    0.1399    0.1800    0.0640    0.1729    0.1061    0.3815
 000220   L  0.283285  0.321266  0.354997    0.1041    0.1229    0.2010    0.0780    0.1720    0.1125    0.3819
 000221   A  0.290327  0.333686  0.353016    0.1150    0.1914    0.2050    0.0750    0.1892    0.1030    0.3872
 000222   K  0.272378  0.361122  0.348242    0.0909    0.1583    0.2010    0.0620    0.1806    0.1141    0.3943
 000223   G  0.288046  0.389286  0.342457    0.1495    0.2258    0.2070    0.0540    0.2100    0.0997    0.4012
 000224   R  0.303252  0.396497  0.336714    0.1240    0.2034    0.2130    0.0430    0.2067    0.1073    0.4039
 000225   P  0.367069  0.400533  0.332630    0.1532    0.1528    0.2060    0.0350    0.2133    0.1156    0.4065
 000226   L  0.417949  0.426326  0.333662    0.1532    0.1206    0.2340    0.0370    0.2254    0.1326    0.4098
 000227   A  0.438166  0.430105  0.335159    0.1456    0.2002    0.2050    0.0390    0.2365    0.1281    0.4121
 000228   E  0.449567  0.422739  0.334285    0.1117    0.2258    0.1860    0.0410    0.2326    0.1356    0.4152
 000229   A  0.497002  0.422930  0.331527    0.1349    0.2258    0.2070    0.0550    0.2480    0.1381    0.4160
 000230   V  0.542702  0.420215  0.324167    0.1958    0.2258    0.2140    0.0720    0.2664    0.1371    0.4169
 000231   A  0.563725  0.403790  0.317540    0.2292    0.3019    0.1950    0.0830    0.2823    0.1329    0.4169
 000232   E  0.578313  0.395989  0.311680    0.1844    0.3356    0.1650    0.0790    0.2766    0.1477    0.4152
 000233   A  0.593178  0.391413  0.308025    0.1878    0.3053    0.1500    0.0700    0.2713    0.1539    0.4134
 000234   K  0.566659  0.372769  0.303891    0.1998    0.3392    0.1450    0.0630    0.2705    0.1442    0.4113
 000235   A  0.501784  0.351517  0.298077    0.1635    0.3392    0.1510    0.0610    0.2512    0.1294    0.4099
 000236   Y  0.438903  0.342125  0.297470    0.1635    0.2328    0.1680    0.0530    0.2243    0.1097    0.4101
 000237   L  0.369727  0.340709  0.296667    0.2255    0.3053    0.1610    0.0420    0.2336    0.0861    0.4066
 000238   T  0.304981  0.339581  0.294857    0.1921    0.3494    0.1650    0.0400    0.2252    0.0861    0.4078
 000239   R  0.317277  0.352724  0.293378    0.1766    0.3286    0.1950    0.0490    0.2284    0.0831    0.4064
 000240   A  0.340385  0.387937  0.290673    0.2122    0.3704    0.2290    0.0560    0.2567    0.0827    0.4086
 000241   L  0.353775  0.412564  0.287295    0.2748    0.4256    0.2620    0.0800    0.2881    0.0812    0.4098
 000242   K  0.364764  0.448513  0.289090    0.3184    0.4864    0.2770    0.1110    0.3158    0.0925    0.4142
 000243   T  0.374189  0.494872  0.294032    0.2963    0.3948    0.3950    0.1450    0.3258    0.0840    0.4189
 000244   A  0.418430  0.541152  0.292115    0.3578    0.4292    0.5220    0.1530    0.3780    0.0994    0.4222
 000245   P  0.507984  0.563199  0.291155    0.2786    0.4476    0.5840    0.1500    0.3968    0.1308    0.4251
 000246   S  0.604201  0.586130  0.290127    0.3146    0.3840    0.7130    0.1050    0.4336    0.1670    0.4254
 000247   L  0.699822  0.560710  0.286324    0.4245    0.4441    0.7090    0.1210    0.4730    0.1596    0.4217
 000248   G  0.708208  0.551335  0.281438    0.4116    0.5176    0.6700    0.1490    0.4764    0.1531    0.4210
 000249   H  0.743627  0.538436  0.272708    0.3847    0.4901    0.8110    0.0850    0.4946    0.1938    0.4159
 000250   G  0.795247  0.542302  0.266957    0.4245    0.4766    0.8780    0.0900    0.5194    0.2159    0.4145
 000251   H  0.844383  0.544786  0.263767    0.5008    0.4901    0.8650    0.1160    0.5409    0.2154    0.4103
 000252   G  0.889648  0.559459  0.259987    0.6219    0.5807    0.8540    0.1070    0.5843    0.2134    0.4081
 000253   P  0.915550  0.625670  0.259970    0.6516    0.5577    0.8300    0.1530    0.5967    0.2140    0.4031
 000254   L  0.884854  0.676227  0.259953    0.6870    0.5296    0.8910    0.0760    0.6114    0.2209    0.4018
 000255   D  0.911913  0.728861  0.260018    0.7501    0.5577    0.9320    0.0520    0.6467    0.2333    0.4016
 000256   H  0.889564  0.800768  0.257944    0.7644    0.4801    0.9330    0.0400    0.6446    0.2443    0.4031
 000257   W  0.751869  0.793650  0.252674    0.8074    0.4582    0.9430    0.0390    0.6258    0.2399    0.4079
 000258   A  0.668257  0.813016  0.246819    0.8945    0.5807    0.9060    0.0910    0.6438    0.2319    0.4129
