#RESNUM RES     VL-XT     VSL2B       VL3  IUPred-S  IUPred-L  PONDRFIT  FITERROR       MDP  MDPERROR   ANCHOR2
 000001   M  0.265406  0.691625  0.542369    0.7501    0.1476    0.8920    0.0490    0.4577    0.2795    0.3714
 000002   R  0.314258  0.673506  0.528974    0.7079    0.1942    0.8570    0.0800    0.4578    0.2462    0.3696
 000003   L  0.420347  0.659525  0.514666    0.6906    0.1162    0.8620    0.0560    0.4581    0.2514    0.3697
 000004   L  0.434456  0.609313  0.496224    0.6474    0.1528    0.7710    0.1150    0.4358    0.2125    0.3604
 000005   V  0.346697  0.545260  0.478992    0.5229    0.1881    0.7600    0.0460    0.3939    0.1939    0.3511
 000006   L  0.357721  0.506808  0.465583    0.4703    0.2541    0.6490    0.0710    0.3729    0.1451    0.3432
 000007   S  0.367026  0.482932  0.451925    0.4282    0.2783    0.6620    0.1150    0.3697    0.1395    0.3353
 000008   D  0.368481  0.464973  0.439737    0.4149    0.1823    0.7020    0.0850    0.3554    0.1697    0.3255
 000009   Q  0.365304  0.444987  0.428211    0.3668    0.2364    0.7070    0.0780    0.3534    0.1597    0.3101
 000010   V  0.357133  0.451129  0.416968    0.2080    0.2752    0.7290    0.1000    0.3367    0.1799    0.2922
 000011   H  0.364678  0.468598  0.406333    0.1921    0.3117    0.6980    0.1440    0.3392    0.1699    0.2818
 000012   P  0.347374  0.495462  0.396332    0.2483    0.2752    0.6780    0.0990    0.3408    0.1602    0.2694
 000013   H  0.334774  0.516941  0.385955    0.2558    0.3053    0.6930    0.0910    0.3510    0.1619    0.2553
 000014   I  0.323647  0.526056  0.375242    0.2292    0.4119    0.6650    0.1170    0.3592    0.1540    0.2393
 000015   H  0.296322  0.563648  0.366989    0.3263    0.3740    0.5850    0.1260    0.3575    0.1286    0.2379
 000016   S  0.261674  0.610586  0.359269    0.4149    0.4507    0.5610    0.1070    0.3831    0.1318    0.2367
 000017   P  0.224912  0.619020  0.338916    0.3992    0.4476    0.5390    0.0980    0.3716    0.1404    0.2370
 000018   R  0.195146  0.624275  0.317973    0.4116    0.3774    0.5180    0.1010    0.3543    0.1472    0.2405
 000019   F  0.173510  0.625400  0.300205    0.3053    0.2884    0.4670    0.1230    0.3099    0.1546    0.2444
 000020   P  0.148391  0.591153  0.281605    0.2041    0.2503    0.3600    0.1200    0.2589    0.1507    0.2582
 000021   E  0.150931  0.528043  0.261807    0.1921    0.2918    0.3030    0.1190    0.2444    0.1278    0.2760
 000022   N  0.154178  0.471507  0.246547    0.1732    0.2884    0.2450    0.0890    0.2220    0.1116    0.2905
 000023   L  0.162065  0.395961  0.227323    0.1266    0.2715    0.1810    0.0450    0.1894    0.0963    0.3072
 000024   P  0.172251  0.326909  0.210703    0.1322    0.1881    0.1270    0.0460    0.1577    0.0754    0.3304
 000025   P  0.184384  0.264421  0.199737    0.2255    0.3053    0.1020    0.0460    0.1802    0.0723    0.3581
 000026   F  0.224093  0.213569  0.190367    0.1566    0.3019    0.0930    0.0460    0.1649    0.0712    0.3766
 000027   D  0.273518  0.176571  0.180713    0.1698    0.2783    0.0750    0.0270    0.1621    0.0755    0.4002
 000028   L  0.267521  0.161086  0.173513    0.1495    0.1702    0.0720    0.0210    0.1367    0.0640    0.4198
 000029   V  0.250732  0.167511  0.168399    0.1292    0.1137    0.0650    0.0180    0.1209    0.0640    0.4316
 000030   L  0.237380  0.159317  0.162877    0.1532    0.2094    0.0610    0.0180    0.1366    0.0615    0.4121
 000031   A  0.210551  0.164397  0.158953    0.0813    0.1184    0.0620    0.0190    0.1061    0.0575    0.4031
 000032   A  0.182463  0.186607  0.151091    0.0789    0.0749    0.0620    0.0200    0.0975    0.0579    0.4004
 000033   G  0.161318  0.195584  0.143625    0.0441    0.0581    0.0700    0.0240    0.0882    0.0621    0.4016
 000034   D  0.150246  0.190704  0.138309    0.0502    0.1028    0.0720    0.0280    0.0942    0.0531    0.4032
 000035   L  0.112722  0.198646  0.137370    0.0350    0.0888    0.0740    0.0280    0.0849    0.0564    0.4079
 000036   P  0.084221  0.205929  0.139776    0.0308    0.0494    0.0790    0.0310    0.0749    0.0634    0.4151
 000037   G  0.121188  0.189500  0.143557    0.0607    0.0985    0.0890    0.0350    0.0932    0.0478    0.4206
 000038   A  0.144042  0.179882  0.150682    0.0336    0.0618    0.0900    0.0310    0.0850    0.0578    0.4294
 000039   Y  0.139152  0.171562  0.157597    0.0554    0.1184    0.0860    0.0230    0.0950    0.0482    0.4280
 000040   L  0.136983  0.153426  0.164897    0.0554    0.1184    0.0840    0.0220    0.0914    0.0473    0.4179
 000041   E  0.137702  0.145383  0.173824    0.1150    0.1229    0.0840    0.0200    0.1009    0.0400    0.4024
 000042   Y  0.138359  0.141550  0.181236    0.0965    0.0765    0.0990    0.0300    0.0921    0.0463    0.3934
 000043   V  0.128907  0.138297  0.186009    0.0723    0.0605    0.1040    0.0320    0.0839    0.0524    0.3913
 000044   A  0.115775  0.133459  0.192718    0.0405    0.0704    0.1170    0.0320    0.0795    0.0578    0.3919
 000045   T  0.080058  0.135335  0.204777    0.0245    0.0676    0.1310    0.0370    0.0731    0.0671    0.3903
 000046   K  0.072340  0.131799  0.219742    0.0478    0.1229    0.1480    0.0420    0.0872    0.0663    0.3861
 000047   V  0.118040  0.127496  0.230623    0.0425    0.1070    0.1640    0.0470    0.0932    0.0689    0.3813
 000048   R  0.116480  0.118726  0.242667    0.0425    0.1092    0.1700    0.0490    0.0928    0.0735    0.3764
 000049   V  0.116547  0.120648  0.260379    0.0514    0.1349    0.1690    0.0460    0.0988    0.0768    0.3733
 000050   P  0.116629  0.136930  0.281055    0.0884    0.2164    0.1590    0.0400    0.1195    0.0799    0.3717
 000051   V  0.142501  0.144096  0.299554    0.1416    0.1791    0.1570    0.0440    0.1273    0.0752    0.3706
 000052   L  0.214560  0.161999  0.315921    0.1292    0.1184    0.1580    0.0430    0.1304    0.0851    0.3729
 000053   F  0.292500  0.177505  0.334799    0.1150    0.1229    0.1660    0.0460    0.1456    0.1002    0.3691
 000054   V  0.361330  0.201421  0.354208    0.1240    0.1823    0.1670    0.0510    0.1727    0.1094    0.3604
 000055   P  0.395641  0.222673  0.371120    0.0965    0.2129    0.1640    0.0580    0.1819    0.1236    0.3507
 000056   G  0.403281  0.242848  0.378578    0.0884    0.2034    0.1710    0.0640    0.1847    0.1281    0.3409
 000057   N  0.464986  0.275029  0.389124    0.0884    0.2002    0.1980    0.0740    0.2045    0.1417    0.3328
 000058   H  0.534704  0.316425  0.400831    0.1380    0.2609    0.2300    0.0890    0.2467    0.1437    0.3235
 000059   G  0.609597  0.364423  0.416644    0.1416    0.2680    0.2360    0.0890    0.2700    0.1650    0.3111
 000060   E  0.674003  0.412162  0.435397    0.1921    0.3321    0.2350    0.0900    0.3076    0.1735    0.2979
 000061   E  0.693924  0.458844  0.451149    0.1732    0.3321    0.2590    0.1080    0.3195    0.1835    0.2840
 000062   W  0.706127  0.488701  0.465985    0.2209    0.4017    0.3370    0.1240    0.3590    0.1684    0.2742
 000063   V  0.726858  0.532119  0.483525    0.3225    0.4831    0.3290    0.1250    0.3990    0.1582    0.2635
 000064   L  0.745746  0.558791  0.497932    0.4116    0.5254    0.3210    0.1230    0.4270    0.1555    0.2573
 000065   E  0.753591  0.580006  0.513515    0.4825    0.5211    0.3010    0.1080    0.4397    0.1589    0.2491
 000066   E  0.779219  0.595057  0.528177    0.3992    0.5098    0.3130    0.1080    0.4327    0.1717    0.2432
 000067   G  0.792177  0.593820  0.539818    0.3311    0.4186    0.3260    0.1130    0.4103    0.1870    0.2399
 000068   R  0.798761  0.602315  0.556730    0.3311    0.4087    0.3330    0.1270    0.4123    0.1912    0.2384
 000069   R  0.746153  0.607010  0.572989    0.2657    0.4087    0.3740    0.1590    0.4003    0.1875    0.2425
 000070   K  0.736418  0.594138  0.590283    0.2657    0.4051    0.3860    0.1950    0.3979    0.1861    0.2502
 000071   R  0.729208  0.591984  0.606451    0.2700    0.3149    0.3790    0.2090    0.3809    0.1972    0.2585
 000072   P  0.740149  0.611196  0.621075    0.2558    0.1969    0.3360    0.1770    0.3566    0.2302    0.2732
 000073   G  0.756292  0.563596  0.637282    0.3053    0.3117    0.3160    0.1810    0.3755    0.2087    0.2883
 000074   G  0.778901  0.523421  0.654976    0.2913    0.3872    0.2720    0.1540    0.3755    0.2162    0.3044
 000075   V  0.792502  0.482979  0.670544    0.3535    0.4864    0.2370    0.1230    0.3921    0.2162    0.3217
 000076   V  0.714737  0.449640  0.679882    0.3535    0.4801    0.2110    0.1120    0.3682    0.2087    0.3397
 000077   N  0.637392  0.408266  0.680536    0.3762    0.4685    0.1990    0.1100    0.3482    0.1980    0.3574
 000078   L  0.597914  0.416614  0.687002    0.3762    0.3872    0.2130    0.1150    0.3318    0.1929    0.3722
 000079   H  0.515012  0.412419  0.689736    0.3762    0.2817    0.2000    0.1030    0.2975    0.1959    0.3863
 000080   G  0.432154  0.427534  0.684052    0.3225    0.2002    0.1960    0.1000    0.2630    0.2020    0.3987
 000081   R  0.331643  0.391278  0.676004    0.2483    0.2002    0.2190    0.1290    0.2318    0.1976    0.4109
 000082   L  0.227772  0.386740  0.670183    0.1878    0.1275    0.2330    0.1440    0.1937    0.2127    0.4247
 000083   F  0.117881  0.405375  0.666399    0.1732    0.1137    0.2520    0.1560    0.1771    0.2254    0.4298
 000084   R  0.021421  0.404818  0.657597    0.1060    0.1137    0.3320    0.2020    0.1630    0.2441    0.4296
 000085   H  0.023874  0.400018  0.653814    0.1041    0.0749    0.4990    0.2810    0.1837    0.2618    0.4323
 000086   Q  0.058878  0.380703  0.653847    0.1532    0.1298    0.5570    0.2660    0.2132    0.2498    0.4309
 000087   G  0.086544  0.368576  0.660208    0.1416    0.1823    0.5770    0.2550    0.2260    0.2451    0.4326
 000088   R  0.101305  0.375064  0.663658    0.1698    0.1048    0.5020    0.2130    0.2088    0.2395    0.4322
 000089   L  0.116679  0.354448  0.672469    0.2255    0.1611    0.4210    0.2380    0.2131    0.2185    0.4318
 000090   F  0.136620  0.362057  0.672783    0.1495    0.1671    0.3920    0.2350    0.2012    0.2208    0.4329
 000091   Y  0.162083  0.364664  0.672520    0.1456    0.1671    0.3460    0.1910    0.1976    0.2162    0.4262
 000092   G  0.187464  0.383587  0.673065    0.1566    0.1791    0.3000    0.1510    0.2011    0.2115    0.4130
 000093   I  0.210161  0.435851  0.673890    0.2167    0.2541    0.3130    0.1460    0.2383    0.1983    0.3951
 000094   G  0.252240  0.450622  0.666833    0.2865    0.3774    0.2730    0.1430    0.2732    0.1816    0.3833
 000095   G  0.282064  0.464008  0.662921    0.3053    0.3019    0.2920    0.1430    0.2742    0.1776    0.3745
 000096   V  0.336110  0.477630  0.658770    0.3225    0.2988    0.3190    0.1400    0.2924    0.1694    0.3672
 000097   P  0.409078  0.488009  0.656987    0.2167    0.2951    0.3110    0.1540    0.2867    0.1818    0.3633
 000098   R  0.484645  0.509986  0.652908    0.2167    0.2918    0.3830    0.1470    0.3144    0.1810    0.3543
 000099   Y  0.553781  0.539760  0.644608    0.2292    0.3053    0.4440    0.1660    0.3454    0.1806    0.3492
 000100   R  0.617303  0.574362  0.633217    0.2913    0.3019    0.4820    0.1760    0.3779    0.1757    0.3379
 000101   E  0.680164  0.603838  0.617876    0.3762    0.3286    0.5550    0.1570    0.4240    0.1654    0.3358
 000102   G  0.739529  0.653411  0.608002    0.3535    0.4149    0.6460    0.1700    0.4680    0.1710    0.3456
 000103   E  0.780097  0.691317  0.598560    0.2558    0.3321    0.6840    0.1630    0.4572    0.2186    0.3580
 000104   G  0.801394  0.699104  0.589190    0.3399    0.4017    0.6860    0.1770    0.4880    0.1922    0.3764
 000105   Q  0.804236  0.701288  0.585799    0.2531    0.3149    0.6700    0.1850    0.4573    0.2250    0.3930
 000106   L  0.807895  0.684044  0.583932    0.2209    0.3149    0.6070    0.2030    0.4391    0.2266    0.4085
 000107   S  0.808341  0.633296  0.583624    0.2167    0.4087    0.5060    0.2060    0.4289    0.2086    0.4169
 000108   E  0.797401  0.593596  0.585840    0.1878    0.2715    0.4540    0.1810    0.3840    0.2279    0.4247
 000109   G  0.782233  0.556317  0.585807    0.2167    0.2988    0.3950    0.1570    0.3749    0.2139    0.4295
 000110   E  0.730787  0.511205  0.589137    0.2167    0.3872    0.3380    0.1460    0.3641    0.1957    0.4176
 000111   L  0.674282  0.480108  0.596725    0.2432    0.3872    0.2660    0.1110    0.3418    0.1880    0.4025
 000112   L  0.614204  0.444779  0.601466    0.2385    0.2951    0.2250    0.0900    0.3030    0.1899    0.3975
 000113   R  0.553560  0.423997  0.600531    0.2292    0.2129    0.1920    0.0790    0.2687    0.1941    0.4005
 000114   L  0.496763  0.438998  0.596434    0.1667    0.1349    0.1740    0.0710    0.2352    0.2077    0.4017
 000115   A  0.408577  0.442678  0.596093    0.1205    0.1349    0.1530    0.0620    0.2099    0.2081    0.4060
 000116   L  0.330606  0.451597  0.594022    0.0701    0.1275    0.1410    0.0530    0.1867    0.2145    0.4107
 000117   K  0.254081  0.431515  0.590691    0.1292    0.1942    0.1360    0.0500    0.1908    0.1953    0.4139
 000118   P  0.181876  0.426264  0.591600    0.1266    0.1373    0.1490    0.0610    0.1702    0.2028    0.4146
 000119   F  0.146248  0.410774  0.589150    0.1266    0.1349    0.2060    0.0850    0.1707    0.1991    0.4181
 000120   P  0.115600  0.426701  0.583032    0.0832    0.0909    0.2230    0.1020    0.1565    0.2124    0.4232
 000121   R  0.084427  0.446722  0.580053    0.0832    0.0518    0.2660    0.1260    0.1554    0.2230    0.4305
 000122   R  0.053819  0.463430  0.574713    0.0991    0.0518    0.3150    0.1510    0.1638    0.2274    0.4316
 000123   L  0.025658  0.455732  0.567609    0.1060    0.0929    0.3340    0.1550    0.1691    0.2231    0.4312
 000124   L  0.024604  0.484252  0.558973    0.0643    0.0967    0.3500    0.1620    0.1700    0.2310    0.4337
 000125   L  0.013334  0.461288  0.561907    0.1178    0.1298    0.3370    0.1500    0.1766    0.2189    0.4319
 000126   G  0.053852  0.455309  0.561905    0.1322    0.1702    0.3110    0.1160    0.1870    0.2036    0.4298
 000127   H  0.094370  0.472710  0.555169    0.1667    0.2715    0.2670    0.1090    0.2121    0.1862    0.4266
 000128   G  0.168359  0.433133  0.546064    0.1878    0.2951    0.2340    0.1120    0.2197    0.1641    0.4248
 000129   V  0.262287  0.423031  0.542078    0.1958    0.2715    0.2210    0.1050    0.2289    0.1527    0.4219
 000130   D  0.366897  0.496658  0.538540    0.3146    0.4087    0.1890    0.0990    0.2960    0.1463    0.4143
 000131   V  0.472961  0.479152  0.536444    0.2913    0.3807    0.2070    0.1060    0.3052    0.1457    0.4040
 000132   L  0.577956  0.469955  0.537456    0.3225    0.3599    0.2210    0.0950    0.3252    0.1538    0.3903
 000133   L  0.652009  0.500003  0.531242    0.3311    0.3631    0.2470    0.1000    0.3489    0.1628    0.3794
 000134   T  0.735009  0.534008  0.525517    0.3762    0.4507    0.3000    0.1030    0.3993    0.1632    0.3718
 000135   H  0.766878  0.569531  0.522151    0.4420    0.5456    0.3460    0.1310    0.4450    0.1555    0.3674
 000136   A  0.779935  0.590259  0.515531    0.5173    0.5176    0.3750    0.1350    0.4633    0.1488    0.3678
 000137   P  0.766001  0.614882  0.510016    0.5126    0.4864    0.3360    0.1190    0.4526    0.1561    0.3678
 000138   P  0.740978  0.639717  0.508571    0.3992    0.4864    0.3590    0.1090    0.4375    0.1571    0.3679
 000139   P  0.687199  0.664946  0.508689    0.3717    0.4831    0.3730    0.1120    0.4300    0.1511    0.3678
 000140   G  0.641363  0.680317  0.508544    0.4379    0.5665    0.3370    0.1060    0.4438    0.1447    0.3698
 000141   P  0.559278  0.687011  0.507773    0.4333    0.5296    0.3620    0.1250    0.4286    0.1321    0.3727
 000142   S  0.506445  0.686591  0.506934    0.5043    0.6089    0.3540    0.1300    0.4434    0.1331    0.3779
 000143   A  0.441947  0.667879  0.505710    0.5514    0.6851    0.3030    0.1220    0.4415    0.1561    0.3859
 000144   G  0.381090  0.675221  0.506831    0.6374    0.6531    0.2520    0.1110    0.4332    0.1777    0.3933
 000145   E  0.336552  0.661997  0.508169    0.6079    0.5382    0.2660    0.1360    0.4017    0.1648    0.3990
 000146   D  0.287442  0.642735  0.509517    0.5229    0.4476    0.2770    0.1350    0.3629    0.1559    0.3979
 000147   F  0.230355  0.616830  0.511582    0.4918    0.3704    0.2870    0.1390    0.3328    0.1591    0.3925
 000148   A  0.189979  0.586066  0.513623    0.3939    0.3529    0.2550    0.1250    0.2963    0.1617    0.3871
 000149   H  0.144190  0.552799  0.514379    0.2820    0.3215    0.2540    0.1010    0.2591    0.1679    0.3839
 000150   R  0.136099  0.541068  0.516994    0.2558    0.2193    0.2670    0.0960    0.2365    0.1747    0.3829
 000151   G  0.137860  0.520758  0.522659    0.2558    0.1275    0.2710    0.1100    0.2188    0.1837    0.3806
 000152   A  0.149557  0.508229  0.529031    0.1732    0.1115    0.2930    0.1310    0.2058    0.1900    0.3800
 000153   R  0.147972  0.485143  0.538818    0.1150    0.1298    0.2690    0.1230    0.1912    0.1936    0.3804
 000154   A  0.151481  0.504899  0.551292    0.1349    0.1476    0.1970    0.0880    0.1893    0.1987    0.3806
 000155   F  0.150146  0.503369  0.565526    0.1532    0.0929    0.1580    0.0610    0.1763    0.2109    0.3835
 000156   L  0.153378  0.529677  0.570020    0.1495    0.0948    0.1340    0.0510    0.1769    0.2194    0.3871
 000157   L  0.143774  0.507056  0.575842    0.0991    0.0605    0.1210    0.0470    0.1553    0.2288    0.3915
 000158   F  0.130096  0.506277  0.588568    0.1805    0.1229    0.1220    0.0390    0.1770    0.2183    0.3956
 000159   H  0.116109  0.479727  0.597746    0.1416    0.1399    0.1390    0.0350    0.1694    0.2180    0.3974
 000160   R  0.090668  0.523015  0.604556    0.1456    0.1424    0.1910    0.0620    0.1821    0.2258    0.3998
 000161   L  0.057963  0.511154  0.610674    0.1495    0.1528    0.2600    0.1010    0.1886    0.2263    0.3978
 000162   F  0.046069  0.526863  0.614210    0.1495    0.1731    0.3090    0.1330    0.2008    0.2296    0.3969
 000163   R  0.031637  0.555256  0.617908    0.1766    0.1298    0.3030    0.1280    0.1994    0.2402    0.3963
 000164   P  0.020215  0.580829  0.626481    0.1958    0.0817    0.3270    0.1220    0.2010    0.2544    0.3947
 000165   R  0.005747  0.579830  0.628225    0.1495    0.0948    0.4360    0.1470    0.2110    0.2646    0.3913
 000166   L  0.013400  0.572070  0.624502    0.1566    0.1449    0.5240    0.1540    0.2352    0.2620    0.3859
 000167   H  0.021139  0.538470  0.619341    0.2167    0.2224    0.4260    0.1620    0.2375    0.2307    0.3800
 000168   V  0.038017  0.518313  0.616587    0.2483    0.3286    0.3940    0.2040    0.2545    0.2131    0.3763
 000169   H  0.071146  0.481110  0.607437    0.3311    0.4441    0.3300    0.1790    0.2762    0.1949    0.3701
 000170   G  0.104323  0.449776  0.596817    0.3535    0.4369    0.3420    0.1570    0.2810    0.1792    0.3666
 000171   H  0.129754  0.474551  0.584327    0.3578    0.4409    0.3550    0.1450    0.2930    0.1705    0.3601
 000172   T  0.159671  0.492732  0.573389    0.4245    0.5296    0.3750    0.1220    0.3303    0.1659    0.3576
 000173   P  0.189511  0.499904  0.561181    0.5043    0.6712    0.4370    0.1360    0.3836    0.1745    0.3562
 000174   L  0.237772  0.541994  0.553004    0.5043    0.6906    0.5520    0.1460    0.4211    0.1645    0.3538
 000175   L  0.278126  0.579497  0.543649    0.4781    0.6906    0.5630    0.1570    0.4315    0.1552    0.3540
 000176   G  0.341450  0.620266  0.535149    0.4825    0.5707    0.5790    0.1590    0.4323    0.1273    0.3594
 000177   A  0.388953  0.643582  0.523917    0.5802    0.6851    0.5600    0.1980    0.4763    0.1286    0.3683
 000178   N  0.425136  0.655850  0.512615    0.5008    0.5758    0.5490    0.2110    0.4510    0.1110    0.3793
 000179   P  0.453328  0.639318  0.499169    0.5711    0.6906    0.5200    0.2120    0.4791    0.1166    0.3900
 000180   E  0.480014  0.622285  0.484415    0.5043    0.5854    0.5550    0.2260    0.4579    0.0967    0.4034
 000181   R  0.510798  0.617136  0.473211    0.5126    0.5017    0.5720    0.2180    0.4524    0.0925    0.4155
 000182   R  0.550792  0.582022  0.460165    0.4458    0.5017    0.5650    0.2040    0.4409    0.0926    0.4304
 000183   H  0.562872  0.543581  0.447906    0.3717    0.4619    0.5760    0.1970    0.4194    0.1045    0.4275
 000184   R  0.574951  0.536799  0.431839    0.3535    0.4507    0.5250    0.1770    0.4068    0.1037    0.4144
 000185   T  0.546737  0.518958  0.415515    0.4078    0.5456    0.4740    0.1860    0.4156    0.0897    0.4025
 000186   P  0.519614  0.473114  0.399104    0.5043    0.5382    0.3720    0.1610    0.4012    0.0907    0.3921
 000187   L  0.484160  0.444583  0.382808    0.5043    0.5055    0.3150    0.1460    0.3755    0.0947    0.3832
 000188   G  0.437559  0.412772  0.375934    0.4513    0.4541    0.2230    0.1150    0.3298    0.1018    0.3798
 000189   V  0.405479  0.350571  0.366599    0.4203    0.3426    0.1700    0.0770    0.2814    0.1025    0.3785
 000190   E  0.364236  0.304594  0.360525    0.3146    0.2918    0.1280    0.0410    0.2339    0.0992    0.3794
 000191   V  0.311111  0.249698  0.353575    0.2333    0.2034    0.1290    0.0370    0.1878    0.0933    0.3840
 000192   V  0.268890  0.205316  0.341729    0.2041    0.1969    0.1420    0.0360    0.1695    0.0852    0.3909
 000193   H  0.230449  0.189675  0.332138    0.1416    0.1702    0.4040    0.1520    0.1894    0.1088    0.4002
 000194   A  0.211086  0.170755  0.321288    0.1698    0.1399    0.4620    0.1820    0.1922    0.1247    0.4067
 000195   Q  0.201157  0.169886  0.306665    0.2041    0.1162    0.4480    0.1680    0.1898    0.1199    0.4154
 000196   G  0.194453  0.194353  0.299645    0.2432    0.0835    0.4630    0.1330    0.1965    0.1270    0.4231
 000197   Y  0.206997  0.244603  0.296653    0.2602    0.0494    0.4670    0.1250    0.2046    0.1328    0.4302
 000198   A  0.211918  0.326973  0.293362    0.3847    0.0734    0.4830    0.0990    0.2466    0.1382    0.4328
 000199   L  0.259508  0.390646  0.283429    0.4245    0.0506    0.6610    0.1160    0.2977    0.1912    0.4292
 000200   I  0.246319  0.465131  0.276921    0.5331    0.0690    0.7500    0.1150    0.3439    0.2253    0.4253
 000201   A  0.247308  0.516538  0.272328    0.5623    0.0405    0.7630    0.0780    0.3549    0.2424    0.4208
 000202   L  0.226347  0.562911  0.272302    0.6650    0.0555    0.8250    0.0770    0.3891    0.2731    0.4172
