#RESNUM RES     VL-XT     VSL2B       VL3  IUPred-S  IUPred-L  PONDRFIT  FITERROR       MDP  MDPERROR   ANCHOR2
 000001   M  0.997467  0.903614  0.182765    0.8118    0.2436    0.9850    0.0100    0.6568    0.3425    0.4280
 000002   P  0.914769  0.868441  0.182087    0.7772    0.2224    0.9690    0.0150    0.6253    0.3274    0.4287
 000003   G  0.937075  0.831502  0.180028    0.7540    0.1554    0.9630    0.0180    0.6069    0.3401    0.4151
 000004   M  0.927413  0.758404  0.176998    0.6789    0.1501    0.9270    0.0510    0.5736    0.3245    0.4057
 000005   E  0.783588  0.661750  0.175502    0.5711    0.0948    0.9260    0.0450    0.5062    0.3055    0.3961
 000006   L  0.711069  0.554675  0.177184    0.4967    0.0690    0.9080    0.0490    0.4566    0.2910    0.3875
 000007   Y  0.626583  0.449347  0.177966    0.3668    0.0888    0.7800    0.0910    0.3853    0.2414    0.3637
 000008   D  0.534343  0.353375  0.179949    0.2558    0.1092    0.7610    0.1060    0.3356    0.2245    0.3385
 000009   K  0.447770  0.284872  0.182141    0.2041    0.1275    0.6590    0.1180    0.2873    0.1861    0.3022
 000010   I  0.376145  0.260487  0.184840    0.1698    0.1611    0.5690    0.1040    0.2561    0.1494    0.2771
 000011   Q  0.293444  0.231974  0.183505    0.1266    0.2002    0.5190    0.1020    0.2285    0.1302    0.2664
 000012   E  0.220180  0.211826  0.186469    0.1635    0.1449    0.4710    0.0960    0.2018    0.1137    0.2652
 000013   A  0.161955  0.212052  0.187966    0.1602    0.0851    0.4500    0.0770    0.1781    0.1184    0.2647
 000014   V  0.153127  0.196699  0.190123    0.0965    0.0985    0.4050    0.0510    0.1583    0.1085    0.2687
 000015   A  0.148031  0.173933  0.190228    0.0858    0.1424    0.2830    0.0370    0.1389    0.0678    0.2720
 000016   Y  0.183655  0.189719  0.192888    0.0935    0.0851    0.2010    0.0330    0.1254    0.0583    0.2808
 000017   V  0.223910  0.216530  0.198039    0.1602    0.1373    0.1430    0.0260    0.1468    0.0478    0.2878
 000018   R  0.260376  0.233371  0.194764    0.1732    0.1424    0.1130    0.0160    0.1537    0.0600    0.3035
 000019   S  0.259895  0.253117  0.198438    0.1566    0.0870    0.1160    0.0360    0.1455    0.0729    0.3293
 000020   K  0.274292  0.287329  0.201705    0.1041    0.0543    0.1320    0.0550    0.1419    0.0926    0.3593
 000021   T  0.285975  0.275572  0.202692    0.1178    0.0967    0.1640    0.0810    0.1566    0.0797    0.3991
 000022   D  0.298912  0.244856  0.203367    0.0677    0.0909    0.1960    0.0900    0.1497    0.0881    0.4277
 000023   F  0.284892  0.242882  0.205478    0.0621    0.0817    0.2160    0.0860    0.1479    0.0889    0.4255
 000024   V  0.276747  0.236031  0.211901    0.0813    0.0605    0.2180    0.0910    0.1455    0.0880    0.4209
 000025   P  0.239436  0.226911  0.217988    0.1266    0.0929    0.2200    0.0940    0.1509    0.0668    0.4143
 000026   E  0.227019  0.221385  0.223553    0.0991    0.1298    0.2320    0.0840    0.1516    0.0652    0.4098
 000027   V  0.256032  0.215070  0.232488    0.1566    0.1323    0.2420    0.0740    0.1671    0.0598    0.4115
 000028   G  0.318567  0.205462  0.241179    0.2385    0.1611    0.2370    0.0680    0.1934    0.0620    0.4067
 000029   L  0.389198  0.193583  0.251398    0.1698    0.1731    0.2380    0.0620    0.1940    0.0860    0.4045
 000030   V  0.462353  0.208934  0.261784    0.1416    0.1881    0.2270    0.0480    0.2047    0.1114    0.4074
 000031   L  0.533849  0.233290  0.270473    0.1698    0.1349    0.2100    0.0370    0.2136    0.1380    0.4076
 000032   G  0.588821  0.257439  0.274831    0.1844    0.1399    0.2180    0.0480    0.2314    0.1533    0.4225
 000033   S  0.647486  0.281445  0.277269    0.1205    0.1251    0.2230    0.0570    0.2329    0.1828    0.4317
 000034   G  0.714485  0.304035  0.279056    0.2122    0.1554    0.2270    0.0580    0.2689    0.1905    0.4275
 000035   L  0.760998  0.323563  0.281572    0.2748    0.1823    0.2300    0.0580    0.2953    0.1981    0.4243
 000036   G  0.748280  0.340502  0.284790    0.1805    0.1759    0.2100    0.0540    0.2759    0.2045    0.4129
 000037   P  0.744435  0.362039  0.287683    0.1380    0.0948    0.2200    0.0670    0.2599    0.2197    0.4032
 000038   L  0.735898  0.400164  0.288833    0.2209    0.1643    0.2310    0.0940    0.2920    0.1974    0.3923
 000039   A  0.720764  0.419967  0.290432    0.1456    0.0985    0.2020    0.0890    0.2645    0.2155    0.3749
 000040   D  0.709154  0.427782  0.291742    0.2432    0.1554    0.2160    0.1050    0.2919    0.1912    0.3607
 000041   E  0.693309  0.428064  0.295154    0.2255    0.2328    0.2230    0.1080    0.3005    0.1764    0.3411
 000042   V  0.660977  0.416691  0.304262    0.3053    0.2193    0.2100    0.0990    0.3020    0.1619    0.3199
 000043   E  0.637731  0.396181  0.305131    0.3184    0.2470    0.1710    0.0750    0.2951    0.1560    0.3029
 000044   K  0.596021  0.377984  0.307135    0.2333    0.2503    0.1690    0.0700    0.2711    0.1475    0.2832
 000045   V  0.584478  0.368414  0.308426    0.2558    0.1501    0.1680    0.0700    0.2544    0.1545    0.2722
 000046   A  0.567342  0.356701  0.309718    0.3456    0.2541    0.1630    0.0680    0.2811    0.1337    0.2645
 000047   E  0.546184  0.324767  0.307765    0.2558    0.1881    0.1630    0.0640    0.2463    0.1356    0.2606
 000048   I  0.538351  0.323109  0.303765    0.2558    0.1671    0.1600    0.0620    0.2407    0.1364    0.2544
 000049   P  0.532128  0.321068  0.307041    0.2657    0.2609    0.1330    0.0490    0.2521    0.1295    0.2557
 000050   Y  0.503691  0.311828  0.304963    0.3053    0.2609    0.1130    0.0390    0.2491    0.1249    0.2619
 000051   G  0.528931  0.302732  0.305479    0.2865    0.2752    0.0960    0.0270    0.2482    0.1356    0.2633
 000052   E  0.552591  0.309017  0.305066    0.2333    0.2541    0.0890    0.0200    0.2397    0.1471    0.2683
 000053   I  0.591593  0.297892  0.298706    0.3225    0.3286    0.0820    0.0140    0.2705    0.1560    0.2727
 000054   P  0.576672  0.308839  0.295736    0.2963    0.2752    0.0830    0.0170    0.2567    0.1521    0.2833
 000055   H  0.567359  0.321402  0.288587    0.3096    0.2783    0.1000    0.0270    0.2627    0.1448    0.2940
 000056   F  0.526366  0.348718  0.283590    0.3399    0.3494    0.1130    0.0390    0.2795    0.1304    0.2953
 000057   P  0.478588  0.396563  0.279505    0.3762    0.3053    0.1220    0.0440    0.2798    0.1211    0.2901
 000058   V  0.422867  0.443477  0.271500    0.3491    0.2164    0.1390    0.0410    0.2617    0.1183    0.2861
 000059   S  0.385199  0.477811  0.269239    0.3630    0.2328    0.1420    0.0390    0.2668    0.1187    0.2834
 000060   T  0.322626  0.482481  0.264820    0.2748    0.2064    0.1400    0.0330    0.2377    0.1153    0.2754
 000061   A  0.249079  0.465422  0.258997    0.2865    0.2951    0.1290    0.0330    0.2376    0.1080    0.2617
 000062   P  0.174127  0.437394  0.259841    0.2820    0.2129    0.1180    0.0280    0.2041    0.1095    0.2523
 000063   G  0.223107  0.418394  0.258092    0.2602    0.2129    0.1190    0.0230    0.2057    0.0990    0.2435
 000064   H  0.231635  0.381395  0.259151    0.2700    0.3087    0.1170    0.0250    0.2181    0.0909    0.2376
 000065   A  0.262328  0.343819  0.260161    0.2558    0.2783    0.1050    0.0200    0.2075    0.0839    0.2258
 000066   G  0.270726  0.332833  0.264845    0.2483    0.3019    0.0920    0.0190    0.2077    0.0883    0.2153
 000067   R  0.285136  0.313049  0.268451    0.3263    0.3426    0.0840    0.0160    0.2251    0.0977    0.2084
 000068   L  0.304731  0.304859  0.269527    0.3225    0.2364    0.0770    0.0160    0.2076    0.0947    0.2044
 000069   V  0.303899  0.284862  0.268980    0.3263    0.2364    0.0750    0.0160    0.2043    0.0943    0.1991
 000070   L  0.345899  0.279908  0.265075    0.2483    0.1554    0.0720    0.0130    0.1835    0.0999    0.1944
 000071   G  0.395950  0.276525  0.261227    0.1766    0.1424    0.0640    0.0150    0.1759    0.1151    0.1901
 000072   R  0.346905  0.277942  0.254727    0.1349    0.1731    0.0630    0.0170    0.1660    0.1039    0.1875
 000073   L  0.320649  0.267665  0.243682    0.1178    0.1501    0.0660    0.0180    0.1537    0.0983    0.1852
 000074   E  0.272560  0.282500  0.239217    0.1150    0.1007    0.0560    0.0180    0.1377    0.0984    0.1818
 000075   G  0.249332  0.295137  0.234053    0.1088    0.1028    0.0560    0.0180    0.1354    0.0968    0.1740
 000076   K  0.223858  0.289613  0.228003    0.0832    0.0734    0.0530    0.0150    0.1205    0.0991    0.1717
 000077   P  0.204051  0.280747  0.222525    0.0858    0.0405    0.0500    0.0110    0.1103    0.0996    0.1695
 000078   V  0.192559  0.264339  0.216754    0.0478    0.0463    0.0550    0.0140    0.1011    0.0969    0.1673
 000079   L  0.142185  0.236835  0.209455    0.0425    0.0765    0.0560    0.0140    0.0924    0.0828    0.1680
 000080   V  0.085332  0.221087  0.200321    0.0643    0.0662    0.0600    0.0200    0.0828    0.0754    0.1664
 000081   Y  0.044395  0.213421  0.193668    0.1018    0.1092    0.0680    0.0270    0.0895    0.0698    0.1642
 000082   K  0.015536  0.200328  0.185622    0.0554    0.0888    0.0660    0.0290    0.0710    0.0747    0.1613
 000083   G  0.016729  0.199637  0.178575    0.0554    0.0985    0.0750    0.0330    0.0743    0.0717    0.1580
 000084   R  0.015009  0.194501  0.173946    0.0660    0.1702    0.0840    0.0360    0.0882    0.0721    0.1548
 000085   V  0.012713  0.197010  0.165926    0.0660    0.1048    0.0980    0.0390    0.0797    0.0669    0.1528
 000086   H  0.012391  0.219231  0.157871    0.0701    0.0690    0.1100    0.0320    0.0801    0.0720    0.1544
 000087   Y  0.011904  0.259898  0.151227    0.0425    0.0341    0.1470    0.0260    0.0825    0.0906    0.1487
 000088   Y  0.016025  0.303917  0.145441    0.0231    0.0334    0.1810    0.0230    0.0928    0.1075    0.1403
 000089   E  0.030529  0.325107  0.139647    0.0160    0.0334    0.1660    0.0110    0.0952    0.1112    0.1350
 000090   G  0.030567  0.358519  0.128683    0.0327    0.0555    0.1810    0.0330    0.1097    0.1172    0.1245
 000091   Y  0.029273  0.369252  0.118178    0.0304    0.0531    0.1830    0.0450    0.1108    0.1214    0.1170
 000092   S  0.028130  0.345140  0.110021    0.0502    0.0948    0.1600    0.0500    0.1131    0.1061    0.1093
 000093   A  0.027695  0.324370  0.099701    0.0297    0.0463    0.1290    0.0470    0.0929    0.1044    0.1018
 000094   E  0.029813  0.319746  0.096270    0.0297    0.0227    0.0770    0.0240    0.0799    0.1050    0.0957
 000095   E  0.050606  0.268536  0.089405    0.0131    0.0143    0.0660    0.0260    0.0688    0.0882    0.0875
 000096   V  0.062528  0.213264  0.083483    0.0116    0.0209    0.0550    0.0230    0.0606    0.0681    0.0791
 000097   V  0.066525  0.170830  0.075912    0.0067    0.0174    0.0450    0.0180    0.0511    0.0553    0.0714
 000098   F  0.061210  0.130651  0.067638    0.0109    0.0281    0.0380    0.0150    0.0448    0.0401    0.0663
 000099   P  0.068692  0.091511  0.059345    0.0160    0.0543    0.0290    0.0100    0.0432    0.0269    0.0637
 000100   V  0.077681  0.074050  0.053586    0.0144    0.0235    0.0240    0.0070    0.0357    0.0267    0.0611
 000101   R  0.079658  0.067767  0.050778    0.0150    0.0151    0.0210    0.0050    0.0332    0.0273    0.0623
 000102   V  0.079483  0.060331  0.047560    0.0131    0.0157    0.0190    0.0030    0.0313    0.0263    0.0631
 000103   G  0.076400  0.056419  0.043861    0.0074    0.0168    0.0190    0.0030    0.0294    0.0255    0.0658
 000104   F  0.054598  0.054098  0.043080    0.0053    0.0202    0.0220    0.0030    0.0261    0.0199    0.0719
 000105   F  0.041701  0.054666  0.040700    0.0049    0.0153    0.0290    0.0040    0.0242    0.0182    0.0799
 000106   L  0.032790  0.062153  0.039468    0.0042    0.0119    0.0340    0.0060    0.0241    0.0200    0.0884
 000107   G  0.022024  0.070381  0.037495    0.0061    0.0171    0.0430    0.0130    0.0264    0.0218    0.0987
 000108   A  0.012852  0.083136  0.037312    0.0070    0.0253    0.0550    0.0200    0.0306    0.0268    0.1101
 000109   R  0.003890  0.092681  0.037805    0.0141    0.0306    0.0610    0.0180    0.0337    0.0303    0.1244
 000110   T  0.001927  0.108282  0.040279    0.0118    0.0281    0.0680    0.0140    0.0364    0.0366    0.1377
 000111   F  0.002800  0.122890  0.045734    0.0094    0.0531    0.0770    0.0200    0.0441    0.0413    0.1476
 000112   L  0.003958  0.153576  0.052511    0.0097    0.0531    0.0800    0.0250    0.0500    0.0506    0.1550
 000113   L  0.005774  0.187528  0.058976    0.0252    0.0398    0.1110    0.0360    0.0616    0.0623    0.1610
 000114   T  0.007551  0.233792  0.064996    0.0274    0.0389    0.1570    0.0470    0.0775    0.0815    0.1622
 000115   S  0.008893  0.259051  0.068243    0.0274    0.0662    0.2170    0.0610    0.0965    0.0959    0.1551
 000116   A  0.009173  0.284737  0.073591    0.0526    0.1298    0.2360    0.0750    0.1187    0.0998    0.1460
 000117   A  0.009402  0.310550  0.080978    0.0701    0.2002    0.2380    0.0750    0.1380    0.1065    0.1405
 000118   G  0.010181  0.334806  0.088847    0.0701    0.1229    0.2310    0.0660    0.1282    0.1096    0.1375
 000119   G  0.011001  0.368310  0.098781    0.0935    0.1162    0.2250    0.0670    0.1357    0.1164    0.1320
 000120   L  0.014055  0.397385  0.115244    0.0526    0.0704    0.2260    0.0680    0.1267    0.1320    0.1272
 000121   N  0.018275  0.399441  0.128086    0.0405    0.0646    0.2060    0.0660    0.1215    0.1322    0.1239
 000122   P  0.019014  0.371767  0.143632    0.0514    0.0780    0.1690    0.0510    0.1148    0.1185    0.1235
 000123   R  0.019692  0.353319  0.155351    0.0935    0.1373    0.1360    0.0510    0.1234    0.1048    0.1224
 000124   F  0.019860  0.293891  0.163511    0.1018    0.1298    0.1170    0.0500    0.1104    0.0868    0.1238
 000125   R  0.020930  0.256965  0.167936    0.1060    0.0676    0.0720    0.0250    0.0873    0.0823    0.1264
 000126   A  0.022128  0.232571  0.175095    0.0607    0.0749    0.0510    0.0140    0.0736    0.0805    0.1284
 000127   G  0.023224  0.208616  0.181509    0.0478    0.0443    0.0420    0.0110    0.0610    0.0801    0.1326
 000128   G  0.024321  0.173015  0.182337    0.0643    0.0443    0.0380    0.0120    0.0573    0.0715    0.1366
 000129   I  0.022388  0.149563  0.182254    0.0387    0.0443    0.0380    0.0110    0.0489    0.0694    0.1382
 000130   M  0.017133  0.120734  0.185287    0.0316    0.0349    0.0380    0.0100    0.0404    0.0684    0.1436
 000131   L  0.016791  0.116651  0.190190    0.0643    0.0662    0.0440    0.0120    0.0513    0.0648    0.1469
 000132   H  0.015035  0.110040  0.193986    0.0526    0.0719    0.0470    0.0160    0.0494    0.0662    0.1499
 000133   L  0.015475  0.109945  0.196346    0.0425    0.0341    0.0530    0.0150    0.0425    0.0697    0.1522
 000134   D  0.015693  0.118453  0.200715    0.0490    0.0349    0.0580    0.0140    0.0461    0.0711    0.1550
 000135   Y  0.018587  0.143466  0.205371    0.0554    0.0734    0.0760    0.0190    0.0612    0.0705    0.1552
 000136   I  0.037909  0.166550  0.208903    0.0514    0.0870    0.0930    0.0240    0.0727    0.0703    0.1579
 000137   N  0.051011  0.186665  0.213094    0.0660    0.1184    0.1140    0.0280    0.0894    0.0686    0.1680
 000138   F  0.064114  0.196370  0.220405    0.0832    0.1229    0.1480    0.0330    0.1024    0.0672    0.1761
 000139   A  0.082692  0.236930  0.226513    0.0832    0.1373    0.1610    0.0390    0.1168    0.0720    0.1831
 000140   G  0.106518  0.265741  0.231477    0.1532    0.2193    0.1710    0.0520    0.1526    0.0657    0.1927
 000141   A  0.128326  0.315961  0.238938    0.1998    0.1823    0.2120    0.0490    0.1731    0.0696    0.1990
 000142   N  0.142916  0.373686  0.251305    0.2748    0.2645    0.2980    0.0890    0.2257    0.0802    0.2061
 000143   P  0.159866  0.415785  0.261755    0.1921    0.2918    0.3630    0.1340    0.2371    0.0995    0.2135
 000144   L  0.173585  0.476079  0.276364    0.2700    0.3740    0.3960    0.1740    0.2816    0.1090    0.2200
 000145   R  0.182872  0.527482  0.290858    0.2913    0.2470    0.3980    0.1730    0.2744    0.1218    0.2257
 000146   G  0.185828  0.552638  0.305756    0.3762    0.3704    0.4200    0.1750    0.3174    0.1221    0.2337
 000147   P  0.193795  0.557887  0.317917    0.3717    0.3983    0.4050    0.1760    0.3211    0.1210    0.2414
 000148   N  0.198133  0.591484  0.324736    0.4037    0.3392    0.3460    0.1430    0.3130    0.1296    0.2398
 000149   D  0.192948  0.578776  0.329182    0.4203    0.3426    0.2880    0.1330    0.3038    0.1316    0.2410
 000150   E  0.188441  0.573266  0.333038    0.4116    0.3910    0.2320    0.1070    0.2994    0.1378    0.2431
 000151   R  0.192971  0.533131  0.327741    0.3263    0.3599    0.2080    0.0840    0.2700    0.1249    0.2425
 000152   L  0.237817  0.501445  0.323241    0.3717    0.3019    0.1930    0.0710    0.2677    0.1126    0.2433
 000153   G  0.274884  0.442823  0.313302    0.3456    0.2988    0.1860    0.0710    0.2580    0.0931    0.2408
 000154   P  0.285308  0.379504  0.304426    0.2385    0.2988    0.1810    0.0870    0.2305    0.0794    0.2375
 000155   R  0.340349  0.323782  0.296969    0.3399    0.4017    0.1630    0.0800    0.2615    0.0883    0.2352
 000156   F  0.389062  0.270089  0.292566    0.3762    0.3182    0.1470    0.0620    0.2500    0.0938    0.2347
 000157   P  0.408813  0.222116  0.286442    0.3847    0.2224    0.1230    0.0520    0.2269    0.1098    0.2323
 000158   V  0.430706  0.202278  0.282098    0.2700    0.2129    0.1340    0.0600    0.2084    0.1035    0.2239
 000159   M  0.470865  0.186344  0.281364    0.1921    0.1298    0.1370    0.0690    0.1861    0.1264    0.2214
 000160   F  0.502734  0.187566  0.281242    0.1878    0.1028    0.1290    0.0640    0.1850    0.1415    0.2149
 000161   E  0.484233  0.187131  0.279581    0.1150    0.0909    0.1170    0.0450    0.1658    0.1445    0.2070
 000162   A  0.474065  0.203651  0.276917    0.0991    0.0909    0.1350    0.0490    0.1671    0.1409    0.1971
 000163   Y  0.495824  0.220473  0.273347    0.1416    0.0967    0.1310    0.0510    0.1809    0.1417    0.1866
 000164   D  0.479765  0.240676  0.271802    0.1380    0.0780    0.1170    0.0290    0.1756    0.1417    0.1811
 000165   P  0.458952  0.238767  0.269378    0.0723    0.0646    0.1200    0.0330    0.1591    0.1451    0.1753
 000166   E  0.460663  0.254814  0.265845    0.0607    0.0646    0.1140    0.0340    0.1591    0.1484    0.1673
 000167   L  0.489120  0.258797  0.262045    0.0965    0.1373    0.1060    0.0350    0.1812    0.1427    0.1571
 000168   I  0.472515  0.258048  0.256964    0.0723    0.1229    0.1020    0.0340    0.1713    0.1429    0.1489
 000169   E  0.439323  0.260179  0.250904    0.1205    0.1115    0.0990    0.0280    0.1717    0.1273    0.1477
 000170   L  0.437310  0.276251  0.246516    0.1566    0.1424    0.1030    0.0350    0.1859    0.1188    0.1450
 000171   A  0.446104  0.280254  0.243631    0.1416    0.1671    0.1160    0.0430    0.1918    0.1183    0.1454
 000172   R  0.426505  0.280253  0.235591    0.1292    0.0780    0.1150    0.0450    0.1716    0.1256    0.1493
 000173   K  0.387879  0.285421  0.220887    0.0858    0.1070    0.1110    0.0370    0.1628    0.1161    0.1580
 000174   V  0.358463  0.293533  0.208260    0.0701    0.1759    0.1120    0.0330    0.1684    0.1051    0.1683
 000175   A  0.331181  0.279431  0.190946    0.0677    0.1137    0.1000    0.0230    0.1487    0.1019    0.1789
 000176   R  0.264131  0.282665  0.174962    0.0587    0.0543    0.0870    0.0250    0.1245    0.0981    0.1913
 000177   R  0.228511  0.280026  0.160167    0.0336    0.0398    0.0780    0.0220    0.1100    0.0977    0.2062
 000178   Q  0.215277  0.261438  0.144976    0.0316    0.0341    0.0720    0.0180    0.1025    0.0917    0.2266
 000179   D  0.172816  0.227002  0.133759    0.0455    0.0300    0.0700    0.0210    0.0908    0.0745    0.2443
 000180   L  0.121605  0.190580  0.123361    0.0212    0.0214    0.0660    0.0210    0.0702    0.0642    0.2548
 000181   H  0.080541  0.145943  0.110323    0.0173    0.0364    0.0600    0.0190    0.0566    0.0473    0.2664
 000182   L  0.064254  0.110412  0.100946    0.0157    0.0531    0.0510    0.0140    0.0491    0.0361    0.2716
 000183   F  0.042887  0.091863  0.095107    0.0179    0.0543    0.0460    0.0110    0.0421    0.0317    0.2747
 000184   E  0.025826  0.075129  0.093046    0.0259    0.0263    0.0420    0.0110    0.0325    0.0308    0.2697
 000185   G  0.021764  0.068179  0.092433    0.0425    0.0334    0.0390    0.0110    0.0341    0.0283    0.2601
 000186   V  0.016243  0.062979  0.092421    0.0279    0.0414    0.0360    0.0120    0.0308    0.0294    0.2447
 000187   Y  0.010256  0.057090  0.093707    0.0252    0.0414    0.0400    0.0120    0.0290    0.0306    0.2329
 000188   A  0.009763  0.059039  0.094894    0.0274    0.0341    0.0430    0.0120    0.0289    0.0313    0.2231
 000189   W  0.007212  0.074349  0.094620    0.0226    0.0356    0.0470    0.0130    0.0312    0.0337    0.2075
 000190   F  0.005225  0.093093  0.093361    0.0150    0.0198    0.0540    0.0150    0.0313    0.0394    0.1973
 000191   M  0.003128  0.119212  0.093181    0.0350    0.0327    0.0650    0.0210    0.0425    0.0421    0.1871
 000192   G  0.004833  0.152615  0.091958    0.0179    0.0194    0.0820    0.0320    0.0461    0.0547    0.1732
 000193   P  0.006247  0.188228  0.092181    0.0336    0.0194    0.1090    0.0500    0.0595    0.0649    0.1625
 000194   S  0.008326  0.202153  0.094244    0.0376    0.0380    0.1580    0.0740    0.0741    0.0717    0.1509
 000195   F  0.010044  0.232704  0.098250    0.0167    0.0380    0.2090    0.0820    0.0845    0.0913    0.1397
 000196   A  0.044023  0.283145  0.102315    0.0157    0.0227    0.2550    0.0730    0.1034    0.1103    0.1336
 000197   S  0.111546  0.338889  0.106438    0.0316    0.0356    0.3020    0.0600    0.1367    0.1232    0.1294
 000198   R  0.173482  0.371250  0.110640    0.0297    0.0531    0.3540    0.0660    0.1636    0.1370    0.1238
 000199   A  0.235192  0.384580  0.116068    0.0363    0.0690    0.3660    0.0740    0.1819    0.1392    0.1194
 000200   E  0.289888  0.400022  0.119539    0.0526    0.1115    0.3270    0.0820    0.1968    0.1297    0.1190
 000201   L  0.342723  0.391503  0.122664    0.1060    0.1251    0.2840    0.0940    0.2083    0.1170    0.1170
 000202   K  0.422627  0.370628  0.125669    0.1088    0.1583    0.2370    0.0880    0.2163    0.1225    0.1179
 000203   L  0.499206  0.338809  0.126923    0.0567    0.1251    0.2100    0.0690    0.2049    0.1522    0.1234
 000204   L  0.578348  0.314812  0.127238    0.0478    0.1070    0.1770    0.0500    0.2042    0.1793    0.1334
 000205   R  0.632599  0.295543  0.126538    0.0376    0.1162    0.2030    0.0670    0.2141    0.1959    0.1457
 000206   E  0.652598  0.278107  0.126598    0.0701    0.1501    0.2130    0.0680    0.2272    0.1934    0.1646
 000207   L  0.662359  0.269159  0.126060    0.0909    0.2034    0.2180    0.0690    0.2406    0.1898    0.1803
 000208   G  0.678329  0.269279  0.126362    0.0542    0.2193    0.1810    0.0480    0.2336    0.2024    0.2004
 000209   A  0.698255  0.266043  0.128868    0.0723    0.1611    0.1680    0.0480    0.2276    0.2101    0.2248
 000210   D  0.713128  0.285831  0.133000    0.1041    0.1206    0.1460    0.0370    0.2283    0.2165    0.2480
 000211   A  0.700547  0.286666  0.135525    0.0607    0.0909    0.1240    0.0270    0.2104    0.2221    0.2669
 000212   I  0.695669  0.258472  0.138226    0.0660    0.0929    0.1140    0.0230    0.2046    0.2192    0.2865
 000213   G  0.657099  0.262682  0.141910    0.0567    0.0909    0.1010    0.0160    0.1947    0.2081    0.3062
 000214   M  0.628918  0.247774  0.144941    0.0607    0.1501    0.1040    0.0210    0.1986    0.1918    0.3210
 000215   S  0.582638  0.223331  0.147706    0.1117    0.1501    0.1050    0.0300    0.1954    0.1684    0.3291
 000216   T  0.544980  0.219281  0.152435    0.1178    0.1528    0.0970    0.0290    0.1887    0.1548    0.3354
 000217   V  0.483807  0.220493  0.159363    0.0643    0.1184    0.0890    0.0260    0.1627    0.1434    0.3353
 000218   P  0.428555  0.212857  0.167917    0.1266    0.1791    0.0820    0.0180    0.1715    0.1140    0.3402
 000219   E  0.377435  0.210476  0.174837    0.1088    0.1251    0.0850    0.0200    0.1511    0.1018    0.3364
 000220   V  0.332123  0.215023  0.184409    0.1292    0.0929    0.0950    0.0280    0.1441    0.0887    0.3280
 000221   I  0.280312  0.210082  0.192272    0.0884    0.0888    0.1030    0.0290    0.1284    0.0792    0.3229
 000222   A  0.245554  0.207706  0.198802    0.0677    0.0646    0.1100    0.0310    0.1159    0.0787    0.3224
 000223   L  0.193035  0.197081  0.206102    0.1292    0.1137    0.1220    0.0330    0.1259    0.0520    0.3217
 000224   R  0.171706  0.183077  0.213601    0.0789    0.1229    0.1450    0.0420    0.1170    0.0563    0.3206
 000225   H  0.150125  0.182125  0.217994    0.1041    0.0909    0.1860    0.0720    0.1189    0.0582    0.3264
 000226   L  0.135235  0.202133  0.221574    0.1060    0.0985    0.2070    0.0830    0.1247    0.0622    0.3256
 000227   G  0.117593  0.215565  0.230461    0.0607    0.0967    0.2100    0.0850    0.1168    0.0763    0.3262
 000228   A  0.108943  0.221351  0.238424    0.1060    0.1184    0.2130    0.0860    0.1279    0.0696    0.3289
 000229   R  0.114037  0.238907  0.243813    0.0935    0.0835    0.2160    0.0780    0.1243    0.0801    0.3350
 000230   V  0.119261  0.250430  0.248147    0.0701    0.0494    0.2230    0.0730    0.1187    0.0932    0.3459
 000231   L  0.179445  0.246007  0.256120    0.0965    0.0909    0.2300    0.0730    0.1405    0.0801    0.3577
 000232   G  0.239629  0.263870  0.261322    0.1088    0.1671    0.2060    0.0490    0.1643    0.0706    0.3688
 000233   L  0.287347  0.264102  0.265093    0.1495    0.1881    0.2050    0.0500    0.1824    0.0660    0.3793
 000234   S  0.340911  0.255903  0.274168    0.2385    0.2884    0.1900    0.0590    0.2190    0.0650    0.3864
 000235   T  0.404892  0.274702  0.282140    0.2385    0.2951    0.1900    0.0710    0.2339    0.0805    0.3929
 000236   I  0.488595  0.291161  0.287323    0.2432    0.2951    0.1950    0.0710    0.2522    0.1032    0.3963
 000237   T  0.568903  0.295510  0.292626    0.3359    0.3494    0.2030    0.0740    0.2921    0.1223    0.4133
 000238   D  0.634964  0.341260  0.297257    0.3311    0.3599    0.2360    0.0720    0.3172    0.1357    0.4258
 000239   M  0.700764  0.403821  0.306197    0.3311    0.4087    0.3200    0.0960    0.3607    0.1445    0.4278
 000240   A  0.725681  0.468743  0.311715    0.3491    0.4292    0.3800    0.1030    0.3922    0.1454    0.4233
 000241   V  0.748628  0.526109  0.315531    0.4203    0.5211    0.3920    0.1130    0.4346    0.1476    0.4209
 000242   P  0.771348  0.590614  0.325023    0.5084    0.5342    0.3750    0.1100    0.4633    0.1555    0.4153
 000243   E  0.797097  0.618406  0.335065    0.5173    0.4369    0.4570    0.1540    0.4711    0.1581    0.4133
 000244   R  0.823085  0.620857  0.345858    0.5296    0.5211    0.4930    0.1990    0.4979    0.1557    0.4109
 000245   E  0.830551  0.640566  0.358420    0.4458    0.4441    0.4840    0.1990    0.4741    0.1683    0.4054
 000246   H  0.833241  0.658670  0.370849    0.4245    0.3983    0.5020    0.1920    0.4695    0.1761    0.4027
 000247   H  0.831530  0.662888  0.382857    0.4458    0.4582    0.4890    0.1670    0.4812    0.1670    0.4043
 000248   A  0.832999  0.647568  0.390366    0.4149    0.4619    0.4600    0.1410    0.4695    0.1699    0.4164
 000249   T  0.832897  0.660011  0.392919    0.3762    0.4619    0.4010    0.1250    0.4553    0.1815    0.4251
 000250   E  0.832644  0.679866  0.394383    0.4149    0.5017    0.3740    0.1160    0.4672    0.1811    0.4325
 000251   E  0.833312  0.650257  0.391224    0.4458    0.5665    0.3530    0.1140    0.4748    0.1781    0.4250
 000252   E  0.818187  0.592111  0.390899    0.5229    0.5665    0.3340    0.1330    0.4723    0.1689    0.4180
 000253   V  0.801808  0.545083  0.393590    0.5173    0.4119    0.3000    0.1230    0.4293    0.1724    0.4087
 000254   L  0.785909  0.483009  0.396784    0.4420    0.3872    0.2730    0.1180    0.3952    0.1720    0.4069
 000255   R  0.746630  0.414875  0.399427    0.3668    0.3872    0.2540    0.1120    0.3615    0.1658    0.3992
 000256   V  0.708427  0.366768  0.400471    0.3359    0.2783    0.2420    0.0950    0.3219    0.1663    0.3916
 000257   A  0.641459  0.351261  0.397598    0.3096    0.2064    0.2260    0.0870    0.2892    0.1586    0.3887
 000258   A  0.582745  0.327465  0.387795    0.2292    0.2002    0.2150    0.0740    0.2591    0.1485    0.3876
 000259   E  0.513245  0.313023  0.380119    0.1958    0.2292    0.2070    0.0690    0.2431    0.1293    0.3860
 000260   T  0.454341  0.312492  0.377774    0.1732    0.1373    0.2210    0.0550    0.2165    0.1291    0.3848
 000261   G  0.408188  0.304026  0.378123    0.1667    0.0780    0.2620    0.0730    0.2032    0.1312    0.3815
 000262   P  0.370242  0.278132  0.376150    0.0991    0.0581    0.2960    0.1070    0.1836    0.1393    0.3845
 000263   V  0.328496  0.255327  0.376396    0.0567    0.0581    0.3940    0.1760    0.1822    0.1531    0.3870
 000264   F  0.292359  0.242430  0.378371    0.0723    0.0531    0.4920    0.2180    0.1921    0.1689    0.3894
 000265   R  0.275978  0.213127  0.376857    0.1205    0.0870    0.4690    0.2010    0.1942    0.1488    0.3872
 000266   R  0.320910  0.185096  0.377590    0.0723    0.0734    0.4870    0.0990    0.1897    0.1673    0.3913
 000267   Y  0.329379  0.208681  0.381988    0.1349    0.0948    0.5040    0.1340    0.2119    0.1568    0.3995
 000268   V  0.335883  0.214024  0.386768    0.1921    0.0948    0.5130    0.1400    0.2249    0.1525    0.4041
 000269   R  0.348635  0.248598  0.393085    0.2558    0.0929    0.5460    0.1330    0.2486    0.1546    0.4101
 000270   G  0.371952  0.301746  0.393648    0.2865    0.0631    0.5850    0.1160    0.2681    0.1687    0.4261
 000271   I  0.369556  0.359446  0.397748    0.3225    0.0414    0.6760    0.0710    0.2949    0.1961    0.4322
 000272   L  0.252981  0.411338  0.402485    0.3630    0.0287    0.7550    0.0940    0.3018    0.2266    0.4245
 000273   A  0.404582  0.485541  0.400155    0.3806    0.0157    0.7900    0.1190    0.3460    0.2356    0.4178
 000274   E  0.485065  0.552994  0.397094    0.4879    0.0191    0.7720    0.1200    0.3862    0.2352    0.4100
 000275   L  0.316599  0.626347  0.391065    0.6079    0.0398    0.8370    0.0790    0.4046    0.2641    0.3983
