#RESNUM RES     VL-XT     VSL2B       VL3  IUPred-S  IUPred-L  PONDRFIT  FITERROR       MDP  MDPERROR   ANCHOR2
 000001   M  0.162521  0.699614  0.119499    0.4333    0.0057    0.8400    0.1010    0.3768    0.3088    0.0066
 000002   L  0.267109  0.610298  0.119285    0.2483    0.0086    0.7770    0.0560    0.3384    0.2696    0.0064
 000003   K  0.307244  0.540061  0.118883    0.2385    0.0064    0.7210    0.0970    0.3220    0.2432    0.0069
 000004   A  0.280301  0.417769  0.118035    0.2080    0.0083    0.5770    0.0810    0.2682    0.1877    0.0068
 000005   F  0.285667  0.306514  0.117171    0.0832    0.0108    0.5600    0.1030    0.2272    0.1827    0.0069
 000006   W  0.297469  0.196591  0.116027    0.0607    0.0148    0.7010    0.1010    0.2310    0.2292    0.0071
 000007   S  0.293340  0.146372  0.114511    0.0478    0.0113    0.5290    0.0990    0.1904    0.1757    0.0073
 000008   A  0.292239  0.130680  0.113233    0.0336    0.0089    0.5610    0.0880    0.1900    0.1893    0.0068
 000009   L  0.285552  0.119204  0.112272    0.0121    0.0069    0.4750    0.0710    0.1685    0.1653    0.0062
 000010   Q  0.267235  0.124129  0.111740    0.0040    0.0087    0.4530    0.1560    0.1615    0.1572    0.0062
 000011   I  0.240796  0.140267  0.110932    0.0008    0.0071    0.4590    0.1360    0.1598    0.1567    0.0062
 000012   P  0.208080  0.166822  0.110062    0.0012    0.0061    0.3710    0.1570    0.1438    0.1268    0.0068
 000013   E  0.165010  0.161198  0.109096    0.0021    0.0066    0.3170    0.1610    0.1268    0.1072    0.0065
 000014   L  0.138207  0.158377  0.107993    0.0007    0.0049    0.2360    0.1230    0.1076    0.0836    0.0056
 000015   R  0.113721  0.147701  0.106686    0.0006    0.0049    0.1110    0.0360    0.0807    0.0567    0.0051
 000016   Q  0.093546  0.125986  0.105221    0.0006    0.0064    0.0910    0.0300    0.0705    0.0487    0.0044
 000017   R  0.066023  0.090685  0.103410    0.0010    0.0064    0.0840    0.0300    0.0586    0.0404    0.0036
 000018   V  0.048514  0.069644  0.101133    0.0008    0.0065    0.0770    0.0320    0.0506    0.0366    0.0029
 000019   L  0.031753  0.051583  0.098487    0.0006    0.0052    0.0680    0.0280    0.0426    0.0345    0.0026
 000020   F  0.031939  0.041435  0.095550    0.0013    0.0073    0.0540    0.0190    0.0386    0.0314    0.0024
 000021   T  0.032425  0.037604  0.092405    0.0007    0.0062    0.0420    0.0120    0.0352    0.0299    0.0022
 000022   L  0.030627  0.032292  0.089470    0.0026    0.0060    0.0380    0.0090    0.0331    0.0285    0.0019
 000023   L  0.028809  0.029800  0.087632    0.0009    0.0039    0.0350    0.0080    0.0310    0.0285    0.0016
 000024   V  0.023530  0.030042  0.086915    0.0006    0.0041    0.0340    0.0070    0.0299    0.0284    0.0015
 000025   L  0.018251  0.028133  0.086629    0.0006    0.0059    0.0340    0.0080    0.0290    0.0283    0.0016
 000026   A  0.013190  0.031219  0.086377    0.0007    0.0064    0.0310    0.0090    0.0282    0.0285    0.0018
 000027   A  0.006968  0.035001  0.085941    0.0007    0.0062    0.0300    0.0090    0.0274    0.0291    0.0021
 000028   Y  0.005252  0.041849  0.085512    0.0009    0.0047    0.0310    0.0100    0.0282    0.0297    0.0027
 000029   R  0.006608  0.054527  0.084138    0.0027    0.0064    0.0310    0.0110    0.0309    0.0299    0.0033
 000030   L  0.007709  0.067551  0.081980    0.0028    0.0062    0.0340    0.0110    0.0334    0.0313    0.0039
 000031   G  0.010166  0.084061  0.079281    0.0078    0.0096    0.0390    0.0120    0.0383    0.0325    0.0047
 000032   A  0.039244  0.097623  0.076827    0.0029    0.0092    0.0480    0.0120    0.0457    0.0339    0.0055
 000033   F  0.046738  0.115617  0.075211    0.0081    0.0091    0.0760    0.0230    0.0551    0.0385    0.0068
 000034   I  0.052035  0.142044  0.074365    0.0167    0.0151    0.1010    0.0350    0.0668    0.0452    0.0080
 000035   P  0.065948  0.158835  0.074201    0.0144    0.0269    0.1080    0.0400    0.0747    0.0486    0.0102
 000036   T  0.077864  0.182020  0.074294    0.0376    0.0244    0.1440    0.0490    0.0901    0.0561    0.0120
 000037   P  0.091733  0.207479  0.074969    0.0542    0.0168    0.1610    0.0470    0.1010    0.0645    0.0128
 000038   G  0.106151  0.218784  0.076137    0.0363    0.0214    0.1830    0.0470    0.1069    0.0725    0.0119
 000039   V  0.121508  0.217734  0.077009    0.0363    0.0424    0.1830    0.0480    0.1129    0.0684    0.0110
 000040   D  0.164497  0.251299  0.077166    0.0363    0.0320    0.1810    0.0500    0.1237    0.0810    0.0115
 000041   L  0.183585  0.268971  0.076872    0.0701    0.0690    0.1870    0.0580    0.1425    0.0759    0.0111
 000042   D  0.190374  0.269636  0.076868    0.0502    0.0690    0.1900    0.0550    0.1410    0.0806    0.0115
 000043   K  0.200420  0.278805  0.077274    0.0723    0.0909    0.1690    0.0500    0.1481    0.0756    0.0116
 000044   I  0.194423  0.280694  0.077746    0.1349    0.1137    0.1530    0.0430    0.1592    0.0650    0.0112
 000045   Q  0.187452  0.258942  0.078481    0.2333    0.1007    0.1260    0.0270    0.1641    0.0673    0.0113
 000046   E  0.177869  0.224687  0.079380    0.1266    0.0835    0.0960    0.0120    0.1313    0.0535    0.0103
 000047   F  0.162928  0.207670  0.080633    0.0677    0.0398    0.0900    0.0160    0.1080    0.0582    0.0091
 000048   L  0.146714  0.198107  0.082153    0.0526    0.0174    0.0720    0.0210    0.0949    0.0603    0.0079
 000049   R  0.101311  0.178916  0.083937    0.0286    0.0188    0.0560    0.0180    0.0779    0.0535    0.0073
 000050   T  0.053528  0.162066  0.086259    0.0304    0.0168    0.0550    0.0160    0.0673    0.0476    0.0066
 000051   A  0.040049  0.159151  0.088938    0.0279    0.0091    0.0540    0.0190    0.0633    0.0494    0.0050
 000052   Q  0.025453  0.143102  0.091939    0.0297    0.0141    0.0530    0.0190    0.0596    0.0451    0.0042
 000053   G  0.017171  0.117246  0.094637    0.0121    0.0133    0.0560    0.0230    0.0518    0.0416    0.0033
 000054   G  0.012340  0.107474  0.097203    0.0124    0.0134    0.0560    0.0250    0.0499    0.0403    0.0027
 000055   V  0.009067  0.095835  0.099839    0.0286    0.0258    0.0570    0.0240    0.0527    0.0349    0.0022
 000056   F  0.008841  0.085615  0.103003    0.0274    0.0125    0.0580    0.0210    0.0492    0.0359    0.0019
 000057   G  0.009086  0.089879  0.106368    0.0226    0.0125    0.0540    0.0170    0.0490    0.0379    0.0018
 000058   I  0.009717  0.096848  0.110217    0.0194    0.0240    0.0530    0.0140    0.0522    0.0388    0.0018
 000059   I  0.009755  0.099025  0.114623    0.0464    0.0214    0.0510    0.0120    0.0570    0.0382    0.0021
 000060   N  0.009444  0.102799  0.119904    0.0478    0.0205    0.0520    0.0140    0.0587    0.0403    0.0027
 000061   L  0.008991  0.113580  0.125884    0.0218    0.0109    0.0600    0.0200    0.0569    0.0477    0.0037
 000062   F  0.009423  0.147474  0.132547    0.0297    0.0080    0.0650    0.0240    0.0653    0.0562    0.0056
 000063   S  0.009058  0.169659  0.138990    0.0109    0.0067    0.0670    0.0270    0.0671    0.0657    0.0086
 000064   G  0.005899  0.193626  0.144399    0.0053    0.0048    0.0720    0.0290    0.0709    0.0746    0.0127
 000065   G  0.005908  0.222925  0.148613    0.0031    0.0048    0.0790    0.0410    0.0774    0.0838    0.0185
 000066   N  0.005836  0.232942  0.152055    0.0026    0.0045    0.0880    0.0520    0.0810    0.0874    0.0269
 000067   F  0.005753  0.218008  0.155343    0.0055    0.0056    0.1000    0.0610    0.0817    0.0834    0.0361
 000068   E  0.006191  0.205782  0.158016    0.0013    0.0061    0.0830    0.0510    0.0768    0.0806    0.0472
 000069   R  0.007618  0.179279  0.161211    0.0027    0.0060    0.0790    0.0440    0.0727    0.0740    0.0592
 000070   F  0.008826  0.141430  0.165599    0.0074    0.0060    0.0780    0.0420    0.0678    0.0659    0.0669
 000071   S  0.009329  0.112698  0.171688    0.0029    0.0060    0.0690    0.0320    0.0620    0.0633    0.0664
 000072   I  0.009487  0.078597  0.177604    0.0029    0.0073    0.0650    0.0250    0.0567    0.0615    0.0660
 000073   F  0.009705  0.058553  0.182057    0.0069    0.0096    0.0660    0.0240    0.0555    0.0615    0.0628
 000074   A  0.010294  0.049721  0.185260    0.0052    0.0069    0.0730    0.0330    0.0551    0.0634    0.0556
 000075   L  0.009354  0.043030  0.188406    0.0034    0.0049    0.0830    0.0430    0.0553    0.0658    0.0496
 000076   G  0.008648  0.043643  0.191644    0.0012    0.0042    0.0880    0.0420    0.0563    0.0677    0.0446
 000077   I  0.007975  0.043371  0.194486    0.0007    0.0042    0.0920    0.0400    0.0571    0.0691    0.0402
 000078   M  0.006203  0.041506  0.196437    0.0010    0.0044    0.0990    0.0350    0.0582    0.0707    0.0380
 000079   P  0.004915  0.042944  0.197937    0.0009    0.0030    0.0980    0.0300    0.0580    0.0713    0.0331
 000080   Y  0.031034  0.042489  0.198779    0.0006    0.0023    0.0990    0.0270    0.0624    0.0692    0.0269
 000081   I  0.086946  0.040752  0.199247    0.0006    0.0035    0.0960    0.0240    0.0711    0.0680    0.0213
 000082   T  0.165539  0.040141  0.199085    0.0004    0.0027    0.0970    0.0200    0.0841    0.0770    0.0185
 000083   A  0.214395  0.039901  0.198375    0.0007    0.0029    0.0950    0.0190    0.0918    0.0869    0.0148
 000084   A  0.241166  0.034900  0.197154    0.0008    0.0046    0.0940    0.0200    0.0954    0.0935    0.0112
 000085   I  0.248229  0.030862  0.195367    0.0007    0.0046    0.0920    0.0270    0.0953    0.0955    0.0093
 000086   I  0.249329  0.029527  0.193293    0.0028    0.0046    0.0920    0.0310    0.0953    0.0953    0.0077
 000087   M  0.255406  0.031873  0.190810    0.0013    0.0049    0.1040    0.0340    0.0981    0.0965    0.0062
 000088   Q  0.260814  0.029901  0.188128    0.0021    0.0067    0.1190    0.0450    0.1012    0.0976    0.0051
 000089   I  0.237545  0.030577  0.184990    0.0038    0.0057    0.1930    0.0990    0.1093    0.0977    0.0041
 000090   L  0.185238  0.033500  0.181592    0.0028    0.0050    0.3090    0.1610    0.1195    0.1141    0.0035
 000091   V  0.133983  0.035107  0.178054    0.0031    0.0070    0.3760    0.1910    0.1223    0.1309    0.0033
 000092   T  0.154963  0.044984  0.174378    0.0078    0.0113    0.4040    0.1890    0.1330    0.1379    0.0034
 000093   V  0.205031  0.069097  0.170083    0.0075    0.0108    0.3750    0.1030    0.1396    0.1289    0.0035
 000094   V  0.286304  0.099996  0.165616    0.0109    0.0148    0.2970    0.0860    0.1458    0.1159    0.0039
 000095   P  0.377959  0.154532  0.161459    0.0144    0.0205    0.2380    0.0980    0.1612    0.1254    0.0051
 000096   A  0.464793  0.246052  0.158043    0.0327    0.0389    0.2950    0.1480    0.2060    0.1510    0.0064
 000097   L  0.552292  0.357887  0.155252    0.0643    0.0765    0.3400    0.1490    0.2577    0.1753    0.0083
 000098   E  0.642033  0.461854  0.152647    0.0858    0.1070    0.3490    0.1480    0.2998    0.2043    0.0121
 000099   K  0.731519  0.585307  0.150616    0.0789    0.0506    0.4370    0.1380    0.3389    0.2616    0.0164
 000100   L  0.791624  0.703296  0.148235    0.1416    0.0518    0.5150    0.1290    0.3919    0.2914    0.0217
 000101   S  0.809242  0.760851  0.145115    0.1380    0.1092    0.5320    0.1280    0.4157    0.2977    0.0290
 000102   K  0.828551  0.782464  0.141219    0.1322    0.1823    0.5640    0.0990    0.4384    0.2983    0.0369
 000103   E  0.835787  0.802721  0.137874    0.1266    0.0948    0.5760    0.0780    0.4290    0.3201    0.0451
 000104   G  0.839070  0.796612  0.136006    0.2041    0.1671    0.6100    0.1260    0.4589    0.2988    0.0495
 000105   E  0.845238  0.742648  0.135498    0.1998    0.2470    0.5990    0.1570    0.4616    0.2787    0.0530
 000106   E  0.838830  0.688652  0.135369    0.1732    0.1251    0.5410    0.1580    0.4170    0.2861    0.0510
 000107   G  0.834042  0.634739  0.135175    0.2122    0.1554    0.4650    0.1440    0.4061    0.2623    0.0454
 000108   R  0.825615  0.529211  0.134620    0.2255    0.2609    0.4000    0.1380    0.3959    0.2302    0.0392
 000109   R  0.812534  0.435580  0.134214    0.2122    0.1399    0.3400    0.1250    0.3458    0.2349    0.0318
 000110   I  0.774701  0.382115  0.133906    0.2122    0.1115    0.2900    0.1150    0.3175    0.2240    0.0253
 000111   I  0.700129  0.306146  0.133714    0.2167    0.1092    0.2390    0.0820    0.2841    0.1972    0.0210
 000112   N  0.615563  0.246484  0.133001    0.1805    0.1115    0.1860    0.0540    0.2455    0.1710    0.0171
 000113   Q  0.522023  0.213052  0.132043    0.1117    0.0870    0.1480    0.0430    0.2023    0.1482    0.0142
 000114   Y  0.423925  0.185147  0.131166    0.1041    0.0334    0.1250    0.0410    0.1671    0.1233    0.0114
 000115   T  0.337349  0.147951  0.130437    0.0832    0.0349    0.1030    0.0280    0.1394    0.0955    0.0107
 000116   R  0.248577  0.127565  0.129484    0.0455    0.0300    0.0920    0.0180    0.1121    0.0716    0.0095
 000117   I  0.163343  0.121755  0.128331    0.0455    0.0134    0.0830    0.0130    0.0926    0.0512    0.0085
 000118   G  0.088395  0.124660  0.127576    0.0464    0.0080    0.0790    0.0120    0.0790    0.0421    0.0086
 000119   G  0.037364  0.117763  0.127658    0.0279    0.0056    0.0800    0.0150    0.0660    0.0458    0.0086
 000120   I  0.015738  0.116288  0.128219    0.0144    0.0049    0.0830    0.0220    0.0604    0.0507    0.0082
 000121   A  0.004764  0.114222  0.129135    0.0144    0.0071    0.0900    0.0360    0.0600    0.0526    0.0083
 000122   L  0.001938  0.101738  0.129855    0.0245    0.0088    0.0930    0.0390    0.0599    0.0499    0.0086
 000123   G  0.000750  0.092385  0.130544    0.0252    0.0056    0.0910    0.0400    0.0576    0.0494    0.0094
 000124   A  0.000679  0.090307  0.131087    0.0160    0.0039    0.0870    0.0420    0.0548    0.0502    0.0101
 000125   F  0.000787  0.085068  0.131609    0.0144    0.0054    0.0770    0.0380    0.0524    0.0487    0.0108
 000126   Q  0.000881  0.077272  0.132007    0.0069    0.0045    0.0620    0.0280    0.0472    0.0481    0.0112
 000127   G  0.001671  0.072999  0.132011    0.0069    0.0049    0.0510    0.0190    0.0448    0.0471    0.0118
 000128   F  0.002293  0.067331  0.131788    0.0084    0.0068    0.0420    0.0110    0.0432    0.0459    0.0126
 000129   F  0.002951  0.062096  0.131529    0.0097    0.0068    0.0370    0.0080    0.0417    0.0452    0.0131
 000130   L  0.003348  0.065998  0.131205    0.0097    0.0068    0.0360    0.0070    0.0421    0.0454    0.0139
 000131   A  0.003977  0.079416  0.130901    0.0212    0.0065    0.0370    0.0060    0.0464    0.0454    0.0162
 000132   T  0.004875  0.095690  0.130462    0.0268    0.0052    0.0400    0.0090    0.0504    0.0470    0.0189
 000133   A  0.004791  0.105501  0.129853    0.0226    0.0052    0.0450    0.0100    0.0522    0.0487    0.0199
 000134   F  0.004713  0.125381  0.129444    0.0090    0.0058    0.0640    0.0160    0.0564    0.0542    0.0200
 000135   L  0.004693  0.153906  0.129408    0.0053    0.0065    0.0820    0.0240    0.0637    0.0619    0.0206
 000136   G  0.004043  0.190978  0.129283    0.0116    0.0072    0.1070    0.0280    0.0750    0.0720    0.0221
 000137   A  0.003790  0.229155  0.129119    0.0097    0.0070    0.1370    0.0340    0.0860    0.0854    0.0247
 000138   E  0.003332  0.240824  0.128645    0.0062    0.0076    0.1480    0.0350    0.0890    0.0903    0.0282
 000139   G  0.003057  0.242837  0.128962    0.0094    0.0125    0.1760    0.0390    0.0955    0.0933    0.0311
 000140   G  0.002392  0.242720  0.129553    0.0231    0.0287    0.1810    0.0390    0.1013    0.0898    0.0340
 000141   R  0.001492  0.228177  0.130895    0.0441    0.0269    0.1780    0.0430    0.1016    0.0833    0.0377
 000142   F  0.001456  0.211298  0.132886    0.0701    0.0171    0.1860    0.0480    0.1032    0.0799    0.0393
 000143   L  0.001409  0.225413  0.135283    0.0304    0.0101    0.1570    0.0390    0.0932    0.0842    0.0383
 000144   L  0.001302  0.234687  0.138318    0.0182    0.0076    0.1180    0.0220    0.0864    0.0854    0.0435
 000145   P  0.001108  0.221370  0.141723    0.0245    0.0087    0.0750    0.0130    0.0788    0.0798    0.0512
 000146   G  0.000683  0.198953  0.145965    0.0252    0.0094    0.0610    0.0150    0.0735    0.0740    0.0542
 000147   W  0.000463  0.167103  0.150197    0.0121    0.0070    0.0620    0.0190    0.0666    0.0683    0.0521
 000148   S  0.000276  0.132585  0.153989    0.0086    0.0061    0.0540    0.0180    0.0592    0.0623    0.0431
 000149   P  0.000258  0.100002  0.156683    0.0040    0.0059    0.0480    0.0190    0.0525    0.0583    0.0329
 000150   G  0.000247  0.078988  0.158437    0.0013    0.0060    0.0510    0.0210    0.0493    0.0568    0.0254
 000151   P  0.000233  0.058393  0.160242    0.0018    0.0046    0.0540    0.0230    0.0465    0.0563    0.0197
 000152   F  0.000219  0.043323  0.162215    0.0026    0.0041    0.0620    0.0280    0.0457    0.0570    0.0138
 000153   F  0.000202  0.032204  0.164965    0.0029    0.0059    0.0640    0.0270    0.0450    0.0580    0.0097
 000154   W  0.000204  0.023619  0.167897    0.0055    0.0060    0.0680    0.0250    0.0451    0.0594    0.0073
 000155   F  0.000199  0.018185  0.171403    0.0124    0.0074    0.0720    0.0260    0.0469    0.0604    0.0043
 000156   V  0.000175  0.015857  0.175655    0.0042    0.0048    0.0720    0.0240    0.0455    0.0632    0.0025
 000157   V  0.000172  0.015438  0.180657    0.0029    0.0035    0.0700    0.0210    0.0454    0.0650    0.0015
 000158   V  0.000156  0.015287  0.186277    0.0021    0.0034    0.0720    0.0230    0.0465    0.0672    0.0010
 000159   V  0.000135  0.017147  0.191479    0.0008    0.0025    0.0760    0.0240    0.0480    0.0694    0.0007
 000160   T  0.000139  0.020883  0.196196    0.0004    0.0019    0.0830    0.0230    0.0504    0.0714    0.0006
 000161   Q  0.000172  0.024400  0.200703    0.0003    0.0017    0.0920    0.0230    0.0532    0.0734    0.0005
 000162   V  0.000420  0.027842  0.205074    0.0002    0.0016    0.0920    0.0230    0.0545    0.0746    0.0005
 000163   A  0.001942  0.030058  0.209245    0.0002    0.0025    0.0890    0.0270    0.0555    0.0754    0.0005
 000164   G  0.003858  0.031550  0.213302    0.0005    0.0026    0.0860    0.0270    0.0562    0.0762    0.0005
 000165   I  0.007291  0.031191  0.217346    0.0007    0.0036    0.0780    0.0240    0.0564    0.0767    0.0004
 000166   A  0.010083  0.029418  0.221004    0.0006    0.0056    0.0720    0.0220    0.0564    0.0773    0.0005
 000167   L  0.013430  0.027537  0.223963    0.0010    0.0052    0.0690    0.0210    0.0567    0.0781    0.0007
 000168   L  0.016370  0.029861  0.226459    0.0034    0.0068    0.0650    0.0190    0.0579    0.0781    0.0009
 000169   L  0.021493  0.031504  0.229363    0.0026    0.0064    0.0650    0.0180    0.0595    0.0787    0.0012
 000170   W  0.026498  0.035278  0.232465    0.0055    0.0086    0.0740    0.0210    0.0637    0.0787    0.0018
 000171   M  0.032754  0.046514  0.236006    0.0013    0.0086    0.0690    0.0210    0.0656    0.0794    0.0021
 000172   A  0.037406  0.060479  0.238481    0.0012    0.0084    0.0670    0.0200    0.0689    0.0797    0.0026
 000173   E  0.038882  0.076326  0.240053    0.0031    0.0125    0.0580    0.0150    0.0715    0.0794    0.0033
 000174   R  0.039040  0.102285  0.240241    0.0044    0.0153    0.0650    0.0200    0.0777    0.0795    0.0038
 000175   I  0.037450  0.139154  0.239445    0.0044    0.0093    0.0740    0.0250    0.0840    0.0831    0.0044
 000176   T  0.036225  0.201489  0.237596    0.0099    0.0093    0.0840    0.0330    0.0964    0.0911    0.0053
 000177   E  0.085075  0.253306  0.234676    0.0067    0.0073    0.1040    0.0440    0.1151    0.0981    0.0051
 000178   Y  0.122484  0.290686  0.231729    0.0069    0.0070    0.1270    0.0490    0.1309    0.1053    0.0041
 000179   G  0.154207  0.306931  0.229496    0.0069    0.0088    0.1280    0.0500    0.1390    0.1089    0.0032
 000180   I  0.149531  0.294612  0.228250    0.0074    0.0141    0.1290    0.0590    0.1372    0.1043    0.0022
 000181   G  0.161435  0.258394  0.227852    0.0083    0.0130    0.1090    0.0550    0.1297    0.0966    0.0017
 000182   N  0.158336  0.224898  0.227214    0.0128    0.0109    0.0880    0.0430    0.1204    0.0898    0.0012
 000183   G  0.154902  0.183636  0.226557    0.0082    0.0093    0.0760    0.0370    0.1097    0.0844    0.0008
 000184   T  0.153755  0.147403  0.226023    0.0035    0.0092    0.0690    0.0340    0.1015    0.0811    0.0004
 000185   S  0.151883  0.119845  0.225848    0.0013    0.0066    0.0630    0.0300    0.0948    0.0802    0.0003
 000186   L  0.100232  0.088003  0.225882    0.0066    0.0066    0.0630    0.0300    0.0817    0.0739    0.0002
 000187   I  0.057811  0.056400  0.225635    0.0029    0.0070    0.0730    0.0410    0.0704    0.0742    0.0001
 000188   I  0.021130  0.038896  0.225888    0.0008    0.0067    0.0770    0.0420    0.0617    0.0775    0.0001
 000189   F  0.019386  0.029320  0.226616    0.0035    0.0067    0.0780    0.0380    0.0606    0.0782    0.0001
 000190   A  0.001344  0.025957  0.228562    0.0034    0.0048    0.0740    0.0320    0.0564    0.0810    0.0001
 000191   G  0.001103  0.018949  0.231016    0.0035    0.0068    0.0660    0.0200    0.0546    0.0819    0.0001
 000192   I  0.000986  0.017495  0.232908    0.0009    0.0071    0.0620    0.0160    0.0536    0.0829    0.0001
 000193   V  0.000971  0.019184  0.233385    0.0008    0.0048    0.0610    0.0150    0.0533    0.0832    0.0001
 000194   V  0.000820  0.021528  0.232918    0.0008    0.0048    0.0590    0.0150    0.0534    0.0828    0.0001
 000195   E  0.000806  0.024780  0.232256    0.0004    0.0034    0.0620    0.0150    0.0539    0.0826    0.0002
 000196   W  0.001153  0.032885  0.231633    0.0004    0.0024    0.0630    0.0160    0.0552    0.0821    0.0002
 000197   L  0.005093  0.037831  0.230764    0.0004    0.0034    0.0610    0.0170    0.0565    0.0810    0.0003
 000198   P  0.007580  0.038982  0.229860    0.0003    0.0048    0.0600    0.0170    0.0569    0.0802    0.0003
 000199   Q  0.011592  0.041751  0.228605    0.0005    0.0068    0.0610    0.0170    0.0583    0.0790    0.0004
 000200   I  0.014853  0.047851  0.226797    0.0008    0.0115    0.0660    0.0170    0.0613    0.0773    0.0004
 000201   L  0.018145  0.049369  0.224504    0.0012    0.0095    0.0670    0.0170    0.0616    0.0763    0.0005
 000202   R  0.018500  0.062882  0.221844    0.0013    0.0101    0.0650    0.0170    0.0633    0.0751    0.0006
 000203   T  0.020168  0.078603  0.219611    0.0013    0.0100    0.0690    0.0180    0.0665    0.0744    0.0008
 000204   I  0.021806  0.090603  0.217861    0.0035    0.0099    0.0850    0.0190    0.0714    0.0740    0.0008
 000205   G  0.022007  0.096385  0.217355    0.0026    0.0119    0.0880    0.0160    0.0731    0.0741    0.0008
 000206   L  0.018556  0.109467  0.217668    0.0008    0.0069    0.0980    0.0180    0.0753    0.0768    0.0007
 000207   I  0.016542  0.123807  0.218893    0.0009    0.0065    0.0940    0.0200    0.0767    0.0786    0.0008
 000208   R  0.013271  0.126753  0.220606    0.0009    0.0061    0.0910    0.0230    0.0764    0.0797    0.0010
 000209   T  0.010101  0.124417  0.221926    0.0004    0.0038    0.0910    0.0230    0.0753    0.0808    0.0012
 000210   G  0.006887  0.122106  0.222202    0.0002    0.0026    0.0880    0.0240    0.0736    0.0811    0.0014
 000211   E  0.006624  0.106301  0.221519    0.0003    0.0033    0.0860    0.0250    0.0706    0.0794    0.0015
 000212   V  0.004944  0.077442  0.219930    0.0003    0.0031    0.0890    0.0280    0.0659    0.0779    0.0013
 000213   N  0.003300  0.060098  0.217731    0.0002    0.0021    0.0880    0.0280    0.0619    0.0772    0.0012
 000214   L  0.002742  0.044737  0.214533    0.0001    0.0015    0.0930    0.0290    0.0594    0.0769    0.0011
 000215   V  0.002174  0.029819  0.210405    0.0002    0.0014    0.0900    0.0250    0.0557    0.0760    0.0010
 000216   A  0.001624  0.021847  0.205803    0.0001    0.0013    0.0930    0.0250    0.0540    0.0753    0.0010
 000217   F  0.000835  0.016277  0.201045    0.0001    0.0012    0.0980    0.0290    0.0528    0.0747    0.0009
 000218   L  0.000682  0.010397  0.196647    0.0002    0.0014    0.1020    0.0320    0.0519    0.0742    0.0008
 000219   F  0.000574  0.007428  0.191351    0.0001    0.0014    0.1050    0.0330    0.0509    0.0731    0.0007
 000220   F  0.000451  0.006716  0.185103    0.0001    0.0011    0.1070    0.0340    0.0501    0.0715    0.0006
 000221   L  0.000380  0.007086  0.177785    0.0001    0.0009    0.1000    0.0270    0.0478    0.0684    0.0005
 000222   A  0.000275  0.007769  0.170625    0.0001    0.0007    0.0950    0.0300    0.0457    0.0653    0.0005
 000223   F  0.000164  0.009092  0.164569    0.0001    0.0007    0.0940    0.0330    0.0448    0.0633    0.0005
 000224   I  0.000227  0.011969  0.160526    0.0001    0.0007    0.0980    0.0360    0.0452    0.0622    0.0004
 000225   V  0.000681  0.015163  0.157893    0.0001    0.0011    0.1000    0.0360    0.0457    0.0613    0.0004
 000226   L  0.002824  0.020860  0.155560    0.0001    0.0013    0.1080    0.0470    0.0481    0.0611    0.0004
 000227   A  0.004799  0.032530  0.152611    0.0001    0.0016    0.1150    0.0580    0.0512    0.0605    0.0005
 000228   F  0.008775  0.044672  0.149942    0.0002    0.0025    0.1320    0.0620    0.0564    0.0618    0.0006
 000229   A  0.012082  0.062696  0.148509    0.0004    0.0036    0.1480    0.0540    0.0625    0.0640    0.0007
 000230   G  0.020314  0.094466  0.148666    0.0007    0.0037    0.1710    0.0350    0.0731    0.0689    0.0010
 000231   M  0.034424  0.138869  0.150188    0.0015    0.0058    0.2470    0.0480    0.0962    0.0898    0.0012
 000232   A  0.051932  0.179485  0.152252    0.0018    0.0062    0.3500    0.0690    0.1236    0.1218    0.0015
 000233   A  0.072457  0.229819  0.155532    0.0042    0.0073    0.4300    0.1040    0.1499    0.1486    0.0018
 000234   V  0.095123  0.291968  0.159935    0.0053    0.0080    0.4600    0.0940    0.1701    0.1624    0.0022
 000235   Q  0.169874  0.342979  0.165057    0.0118    0.0101    0.4820    0.0970    0.1970    0.1700    0.0028
 000236   Q  0.235662  0.373380  0.169681    0.0121    0.0160    0.5550    0.1100    0.2270    0.1928    0.0033
 000237   A  0.299448  0.397614  0.173670    0.0218    0.0313    0.5700    0.1380    0.2489    0.1967    0.0038
 000238   E  0.379632  0.405480  0.176761    0.0316    0.0235    0.5150    0.1510    0.2554    0.1895    0.0045
 000239   R  0.479123  0.390477  0.179176    0.0723    0.0300    0.4690    0.1630    0.2700    0.1838    0.0046
 000240   R  0.572429  0.363447  0.180767    0.0587    0.0398    0.3690    0.1420    0.2640    0.1895    0.0039
 000241   I  0.661409  0.326749  0.182046    0.0350    0.0405    0.2870    0.1260    0.2554    0.2125    0.0030
 000242   P  0.747363  0.293329  0.183260    0.0502    0.0605    0.1980    0.0710    0.2554    0.2353    0.0029
 000243   V  0.830836  0.265845  0.185011    0.0723    0.0454    0.1740    0.0580    0.2622    0.2647    0.0027
 000244   Q  0.860617  0.257807  0.186796    0.1041    0.0313    0.1460    0.0480    0.2644    0.2756    0.0026
 000245   Y  0.903591  0.241165  0.188111    0.1150    0.0568    0.1540    0.0630    0.2765    0.2862    0.0023
 000246   A  0.940111  0.236942  0.188370    0.0621    0.0543    0.2130    0.1550    0.2825    0.3025    0.0021
 000247   R  0.918239  0.244859  0.188334    0.0621    0.0543    0.2180    0.1640    0.2810    0.2942    0.0022
 000248   K  0.872127  0.246482  0.188061    0.0884    0.0555    0.2280    0.1900    0.2798    0.2739    0.0020
 000249   V  0.826320  0.250010  0.187362    0.0813    0.0518    0.2260    0.1930    0.2705    0.2588    0.0017
 000250   V  0.773223  0.257808  0.186743    0.0567    0.0263    0.2240    0.1930    0.2541    0.2469    0.0018
 000251   G  0.715372  0.277669  0.186572    0.0554    0.0143    0.2200    0.1920    0.2449    0.2293    0.0021
 000252   R  0.681286  0.277079  0.186994    0.0660    0.0320    0.2150    0.1780    0.2430    0.2133    0.0025
 000253   R  0.646151  0.264092  0.187248    0.0259    0.0148    0.2110    0.1570    0.2248    0.2099    0.0026
 000254   V  0.558298  0.242561  0.186883    0.0587    0.0244    0.1930    0.1190    0.2107    0.1735    0.0024
 000255   Y  0.481677  0.228231  0.185869    0.0268    0.0130    0.1590    0.0630    0.1824    0.1555    0.0025
 000256   G  0.468850  0.216040  0.184753    0.0502    0.0253    0.1440    0.0530    0.1815    0.1454    0.0028
 000257   G  0.456022  0.193262  0.184271    0.0316    0.0258    0.1320    0.0460    0.1705    0.1437    0.0030
 000258   Q  0.416154  0.181071  0.184739    0.0304    0.0202    0.1320    0.0500    0.1608    0.1315    0.0031
 000259   A  0.426235  0.158702  0.185515    0.0200    0.0202    0.1360    0.0590    0.1578    0.1362    0.0031
 000260   T  0.416842  0.146410  0.185647    0.0252    0.0209    0.1370    0.0700    0.1553    0.1321    0.0036
 000261   Y  0.376670  0.142073  0.185252    0.0414    0.0194    0.1380    0.0740    0.1505    0.1167    0.0035
 000262   I  0.307005  0.140457  0.184601    0.0231    0.0227    0.1330    0.0660    0.1352    0.0977    0.0032
 000263   P  0.285674  0.140544  0.184155    0.0087    0.0127    0.1360    0.0640    0.1279    0.0964    0.0035
 000264   I  0.259295  0.147541  0.182961    0.0102    0.0082    0.1320    0.0600    0.1233    0.0902    0.0036
 000265   K  0.211652  0.139818  0.180821    0.0084    0.0073    0.1340    0.0610    0.1137    0.0792    0.0043
 000266   L  0.163424  0.117235  0.178342    0.0081    0.0090    0.1420    0.0660    0.1030    0.0694    0.0046
 000267   N  0.141942  0.100782  0.176386    0.0037    0.0076    0.1480    0.0690    0.0964    0.0679    0.0051
 000268   A  0.079899  0.089901  0.175129    0.0027    0.0067    0.1520    0.0700    0.0843    0.0652    0.0053
 000269   A  0.042030  0.071368  0.174034    0.0013    0.0047    0.1590    0.0710    0.0755    0.0688    0.0057
 000270   G  0.011122  0.060411  0.173110    0.0012    0.0039    0.1540    0.0610    0.0674    0.0712    0.0060
 000271   V  0.010675  0.054138  0.172946    0.0006    0.0038    0.1480    0.0500    0.0651    0.0702    0.0055
 000272   I  0.009198  0.048975  0.173790    0.0006    0.0037    0.1410    0.0450    0.0629    0.0694    0.0056
 000273   P  0.007991  0.041727  0.175344    0.0010    0.0056    0.1260    0.0390    0.0596    0.0672    0.0053
 000274   I  0.006924  0.036588  0.176659    0.0005    0.0037    0.1200    0.0430    0.0573    0.0673    0.0046
 000275   I  0.006442  0.030999  0.178348    0.0010    0.0035    0.1090    0.0390    0.0548    0.0666    0.0041
 000276   F  0.006301  0.028866  0.180853    0.0006    0.0025    0.0920    0.0300    0.0519    0.0658    0.0034
 000277   A  0.004903  0.026937  0.184141    0.0007    0.0031    0.0820    0.0260    0.0503    0.0661    0.0027
 000278   A  0.003514  0.026170  0.187493    0.0004    0.0025    0.0750    0.0190    0.0491    0.0670    0.0020
 000279   A  0.002179  0.027396  0.190434    0.0004    0.0032    0.0720    0.0220    0.0493    0.0679    0.0015
 000280   I  0.000808  0.029565  0.193053    0.0004    0.0025    0.0750    0.0260    0.0502    0.0691    0.0011
 000281   L  0.000867  0.036182  0.195205    0.0005    0.0025    0.0740    0.0260    0.0516    0.0695    0.0009
 000282   Q  0.000942  0.040165  0.196963    0.0005    0.0034    0.0690    0.0240    0.0518    0.0696    0.0009
 000283   I  0.001100  0.043309  0.198610    0.0009    0.0048    0.0690    0.0230    0.0529    0.0699    0.0008
 000284   P  0.001274  0.047338  0.200543    0.0009    0.0048    0.0680    0.0210    0.0537    0.0704    0.0009
 000285   I  0.001429  0.050349  0.202639    0.0028    0.0052    0.0700    0.0150    0.0553    0.0708    0.0010
 000286   F  0.001579  0.059447  0.204501    0.0082    0.0052    0.0760    0.0160    0.0592    0.0710    0.0011
 000287   L  0.001814  0.070661  0.205588    0.0079    0.0078    0.0700    0.0200    0.0607    0.0710    0.0012
 000288   A  0.002146  0.082278  0.204998    0.0042    0.0091    0.0660    0.0230    0.0614    0.0714    0.0015
 000289   A  0.002244  0.111801  0.202803    0.0070    0.0072    0.0680    0.0210    0.0665    0.0728    0.0019
 000290   P  0.002254  0.143767  0.198886    0.0094    0.0072    0.0700    0.0220    0.0719    0.0755    0.0025
 000291   F  0.002198  0.167837  0.194121    0.0086    0.0113    0.0930    0.0230    0.0794    0.0783    0.0031
 000292   Q  0.002157  0.198414  0.188428    0.0141    0.0105    0.0920    0.0220    0.0843    0.0827    0.0039
 000293   D  0.002206  0.238598  0.182059    0.0128    0.0066    0.0960    0.0240    0.0898    0.0924    0.0045
 000294   N  0.003243  0.245356  0.175285    0.0131    0.0104    0.1100    0.0330    0.0928    0.0927    0.0047
 000295   P  0.005018  0.232479  0.168043    0.0044    0.0104    0.0910    0.0350    0.0852    0.0886    0.0046
 000296   V  0.007150  0.217822  0.160694    0.0097    0.0198    0.0880    0.0410    0.0838    0.0810    0.0044
 000297   L  0.008475  0.199872  0.153383    0.0268    0.0443    0.0800    0.0380    0.0855    0.0693    0.0047
 000298   Q  0.010703  0.164334  0.146408    0.0502    0.1092    0.0800    0.0380    0.0935    0.0532    0.0056
 000299   G  0.011767  0.152347  0.139503    0.0643    0.1349    0.0830    0.0380    0.0977    0.0497    0.0063
 000300   I  0.011837  0.158066  0.133229    0.1088    0.1702    0.1040    0.0440    0.1144    0.0517    0.0068
 000301   A  0.013950  0.163379  0.127664    0.0858    0.0765    0.1060    0.0410    0.0955    0.0463    0.0082
 000302   N  0.014871  0.175167  0.123085    0.1566    0.0749    0.1100    0.0280    0.1091    0.0530    0.0101
 000303   F  0.014620  0.208050  0.118464    0.0813    0.0341    0.1170    0.0170    0.0955    0.0635    0.0117
 000304   F  0.013724  0.236553  0.113869    0.0363    0.0356    0.1320    0.0310    0.0947    0.0768    0.0135
 000305   N  0.012129  0.245804  0.108670    0.0173    0.0188    0.1580    0.0520    0.0935    0.0872    0.0173
 000306   P  0.010910  0.279808  0.103192    0.0150    0.0097    0.1490    0.0600    0.0947    0.0983    0.0210
 000307   T  0.009045  0.286807  0.097559    0.0173    0.0092    0.1180    0.0440    0.0896    0.0982    0.0245
 000308   R  0.008249  0.258966  0.092586    0.0226    0.0099    0.0850    0.0230    0.0796    0.0872    0.0248
 000309   P  0.008500  0.232100  0.087862    0.0097    0.0066    0.0660    0.0190    0.0685    0.0796    0.0220
 000310   S  0.006728  0.214604  0.083758    0.0055    0.0048    0.0580    0.0230    0.0623    0.0745    0.0187
 000311   G  0.006340  0.161338  0.080318    0.0067    0.0046    0.0550    0.0260    0.0524    0.0565    0.0158
 000312   L  0.005557  0.113680  0.077749    0.0044    0.0056    0.0470    0.0220    0.0423    0.0418    0.0123
 000313   F  0.004615  0.086800  0.075672    0.0013    0.0039    0.0380    0.0160    0.0350    0.0350    0.0107
 000314   I  0.003926  0.060440  0.073828    0.0053    0.0044    0.0310    0.0110    0.0299    0.0283    0.0094
 000315   E  0.003380  0.037670  0.071760    0.0062    0.0048    0.0260    0.0090    0.0250    0.0244    0.0086
 000316   V  0.002845  0.024740  0.069823    0.0028    0.0047    0.0250    0.0080    0.0217    0.0236    0.0071
 000317   L  0.002418  0.017122  0.067756    0.0008    0.0039    0.0250    0.0080    0.0195    0.0233    0.0068
 000318   L  0.001991  0.012573  0.066130    0.0008    0.0029    0.0250    0.0080    0.0182    0.0230    0.0068
 000319   V  0.001450  0.009813  0.065087    0.0007    0.0029    0.0250    0.0090    0.0176    0.0229    0.0069
 000320   I  0.000607  0.009149  0.064673    0.0004    0.0018    0.0280    0.0110    0.0174    0.0232    0.0079
 000321   L  0.000378  0.010037  0.065298    0.0004    0.0019    0.0310    0.0130    0.0181    0.0236    0.0096
 000322   F  0.000242  0.011406  0.066218    0.0002    0.0022    0.0330    0.0140    0.0189    0.0241    0.0122
 000323   T  0.000105  0.013268  0.067632    0.0005    0.0031    0.0350    0.0130    0.0199    0.0245    0.0157
 000324   Y  0.000198  0.016898  0.069030    0.0009    0.0045    0.0380    0.0140    0.0216    0.0249    0.0181
 000325   V  0.000441  0.022443  0.070977    0.0026    0.0046    0.0410    0.0150    0.0236    0.0254    0.0214
 000326   Y  0.000641  0.033921  0.073507    0.0013    0.0039    0.0500    0.0230    0.0272    0.0278    0.0243
 000327   T  0.002716  0.047255  0.076345    0.0012    0.0053    0.0610    0.0260    0.0323    0.0304    0.0286
 000328   A  0.007412  0.072644  0.078621    0.0026    0.0074    0.0770    0.0320    0.0410    0.0353    0.0311
 000329   V  0.009393  0.102565  0.080777    0.0067    0.0075    0.1230    0.0480    0.0550    0.0487    0.0330
 000330   Q  0.011531  0.153035  0.083429    0.0116    0.0105    0.1790    0.0630    0.0748    0.0697    0.0345
 000331   F  0.042793  0.193648  0.087143    0.0109    0.0198    0.2500    0.0720    0.1007    0.0904    0.0344
 000332   D  0.049488  0.259202  0.091290    0.0231    0.0209    0.2660    0.0630    0.1184    0.1047    0.0345
 000333   P  0.073841  0.315650  0.095364    0.0502    0.0454    0.2860    0.0650    0.1443    0.1120    0.0318
 000334   K  0.103669  0.346921  0.098755    0.0279    0.0414    0.3020    0.0650    0.1534    0.1247    0.0292
 000335   R  0.134709  0.361337  0.101441    0.0542    0.0364    0.3020    0.0510    0.1650    0.1233    0.0280
 000336   I  0.162384  0.380516  0.104005    0.0991    0.0320    0.3090    0.0640    0.1811    0.1234    0.0264
 000337   A  0.180710  0.388301  0.106865    0.0991    0.0734    0.2690    0.0800    0.1863    0.1113    0.0252
 000338   E  0.229851  0.364030  0.109722    0.0554    0.0676    0.2400    0.0790    0.1778    0.1103    0.0251
 000339   S  0.287431  0.366964  0.112083    0.0884    0.0443    0.2120    0.0770    0.1852    0.1146    0.0249
 000340   L  0.334145  0.362016  0.114043    0.1456    0.0780    0.1740    0.0670    0.2013    0.1081    0.0229
 000341   R  0.395810  0.311827  0.115554    0.0813    0.0909    0.1240    0.0430    0.1866    0.1215    0.0224
 000342   E  0.456445  0.282160  0.116550    0.1380    0.1759    0.1010    0.0280    0.2117    0.1244    0.0222
 000343   Y  0.512146  0.282053  0.116805    0.1495    0.1823    0.1020    0.0370    0.2241    0.1415    0.0210
 000344   G  0.569126  0.267413  0.116531    0.1322    0.1823    0.1040    0.0390    0.2285    0.1618    0.0217
 000345   G  0.581475  0.245705  0.115690    0.1495    0.1914    0.0960    0.0350    0.2300    0.1647    0.0225
 000346   F  0.590620  0.285954  0.114909    0.1805    0.1206    0.1060    0.0350    0.2330    0.1714    0.0231
 000347   I  0.608987  0.310516  0.113893    0.2963    0.2094    0.1210    0.0330    0.2766    0.1670    0.0230
 000348   P  0.611836  0.312233  0.113304    0.2531    0.1373    0.1500    0.0440    0.2629    0.1709    0.0243
 000349   G  0.559615  0.353410  0.113080    0.2385    0.0662    0.1860    0.0430    0.2527    0.1650    0.0242
 000350   I  0.523066  0.390395  0.113937    0.1495    0.0765    0.2220    0.0780    0.2458    0.1600    0.0232
 000351   R  0.473161  0.374345  0.115122    0.1495    0.1399    0.2040    0.0660    0.2427    0.1338    0.0261
 000352   P  0.416685  0.384686  0.116095    0.1667    0.0719    0.1640    0.0480    0.2201    0.1320    0.0282
 000353   G  0.382467  0.433592  0.116768    0.1495    0.0364    0.1700    0.0540    0.2148    0.1436    0.0283
 000354   E  0.401136  0.416556  0.117288    0.1349    0.0676    0.1730    0.0530    0.2184    0.1382    0.0278
 000355   P  0.412000  0.383812  0.117815    0.0771    0.0676    0.1500    0.0450    0.2014    0.1418    0.0258
 000356   T  0.344318  0.389661  0.117940    0.0771    0.0341    0.1270    0.0360    0.1816    0.1351    0.0238
 000357   V  0.284650  0.354566  0.117967    0.1292    0.0799    0.1020    0.0280    0.1781    0.1032    0.0203
 000358   K  0.260556  0.279414  0.118738    0.1088    0.0817    0.0930    0.0230    0.1570    0.0809    0.0196
 000359   F  0.229362  0.247057  0.120617    0.0965    0.0327    0.0910    0.0230    0.1363    0.0769    0.0172
 000360   L  0.194324  0.222921  0.123298    0.0464    0.0327    0.0820    0.0240    0.1170    0.0713    0.0160
 000361   E  0.165062  0.168253  0.125593    0.0441    0.0506    0.0660    0.0160    0.1033    0.0519    0.0164
 000362   H  0.111089  0.126340  0.126864    0.0478    0.0258    0.0620    0.0160    0.0833    0.0399    0.0148
 000363   I  0.050342  0.106604  0.127916    0.0304    0.0115    0.0610    0.0160    0.0646    0.0408    0.0128
 000364   V  0.007325  0.078723  0.128750    0.0128    0.0079    0.0620    0.0170    0.0496    0.0450    0.0125
 000365   S  0.005539  0.061755  0.130503    0.0061    0.0074    0.0720    0.0290    0.0473    0.0462    0.0128
 000366   R  0.002604  0.059600  0.132643    0.0013    0.0049    0.0780    0.0390    0.0466    0.0488    0.0133
 000367   L  0.000970  0.056191  0.136200    0.0013    0.0037    0.0820    0.0410    0.0468    0.0506    0.0133
 000368   T  0.000406  0.045916  0.140071    0.0010    0.0050    0.0880    0.0430    0.0467    0.0522    0.0142
 000369   L  0.000355  0.041963  0.144222    0.0006    0.0037    0.0880    0.0420    0.0465    0.0538    0.0141
 000370   W  0.000414  0.040821  0.147758    0.0010    0.0039    0.0830    0.0340    0.0462    0.0542    0.0145
 000371   G  0.000468  0.036034  0.151600    0.0008    0.0059    0.0730    0.0230    0.0446    0.0543    0.0133
 000372   A  0.000512  0.030766  0.155577    0.0004    0.0057    0.0580    0.0170    0.0418    0.0548    0.0118
 000373   L  0.000567  0.031374  0.160087    0.0005    0.0042    0.0530    0.0160    0.0415    0.0563    0.0108
 000374   F  0.000615  0.030497  0.164628    0.0008    0.0042    0.0510    0.0150    0.0419    0.0579    0.0098
 000375   L  0.000663  0.025579  0.168933    0.0007    0.0056    0.0510    0.0140    0.0420    0.0594    0.0077
 000376   G  0.000800  0.025898  0.173378    0.0003    0.0059    0.0510    0.0140    0.0428    0.0610    0.0062
 000377   L  0.001126  0.028759  0.177234    0.0003    0.0044    0.0500    0.0120    0.0437    0.0624    0.0051
 000378   V  0.001194  0.031132  0.180840    0.0006    0.0061    0.0500    0.0120    0.0450    0.0633    0.0042
 000379   T  0.001342  0.033923  0.183236    0.0003    0.0060    0.0500    0.0120    0.0459    0.0641    0.0037
 000380   L  0.001513  0.046497  0.184742    0.0005    0.0060    0.0500    0.0130    0.0483    0.0644    0.0033
 000381   L  0.027894  0.065209  0.185498    0.0008    0.0086    0.0520    0.0140    0.0566    0.0618    0.0029
 000382   P  0.028305  0.073389  0.186349    0.0004    0.0085    0.0540    0.0150    0.0586    0.0624    0.0028
 000383   Q  0.028867  0.089907  0.188035    0.0005    0.0067    0.0590    0.0170    0.0622    0.0640    0.0027
 000384   I  0.030330  0.126305  0.190464    0.0008    0.0085    0.0670    0.0210    0.0706    0.0681    0.0025
 000385   I  0.031393  0.140451  0.193239    0.0007    0.0085    0.0790    0.0220    0.0756    0.0709    0.0026
 000386   Q  0.032507  0.146144  0.195731    0.0009    0.0127    0.0890    0.0250    0.0795    0.0717    0.0029
 000387   N  0.033840  0.159827  0.197928    0.0005    0.0127    0.0990    0.0290    0.0840    0.0747    0.0034
 000388   L  0.035094  0.168189  0.199400    0.0009    0.0125    0.1030    0.0310    0.0865    0.0765    0.0038
 000389   T  0.035181  0.151450  0.199481    0.0028    0.0194    0.0970    0.0290    0.0842    0.0721    0.0043
 000390   G  0.008944  0.145718  0.197727    0.0008    0.0109    0.0810    0.0240    0.0741    0.0753    0.0045
 000391   I  0.008712  0.155129  0.194292    0.0029    0.0111    0.0690    0.0210    0.0735    0.0757    0.0046
 000392   H  0.008622  0.156457  0.190559    0.0035    0.0109    0.0640    0.0180    0.0723    0.0749    0.0050
 000393   S  0.007415  0.146797  0.186987    0.0008    0.0075    0.0620    0.0160    0.0686    0.0733    0.0046
 000394   I  0.006529  0.144393  0.183197    0.0005    0.0057    0.0620    0.0150    0.0670    0.0723    0.0042
 000395   A  0.005376  0.140330  0.179232    0.0006    0.0080    0.0610    0.0150    0.0657    0.0703    0.0042
 000396   F  0.003995  0.115258  0.175275    0.0008    0.0087    0.0660    0.0180    0.0617    0.0654    0.0040
 000397   S  0.002597  0.104329  0.171777    0.0008    0.0073    0.0690    0.0190    0.0593    0.0634    0.0036
 000398   G  0.002351  0.090989  0.168125    0.0005    0.0051    0.0730    0.0210    0.0567    0.0614    0.0030
 000399   I  0.002336  0.072234  0.164713    0.0008    0.0072    0.0750    0.0210    0.0537    0.0588    0.0025
 000400   G  0.002235  0.056988  0.162835    0.0005    0.0072    0.0740    0.0210    0.0506    0.0576    0.0023
 000401   L  0.001865  0.048536  0.163773    0.0005    0.0052    0.0780    0.0220    0.0496    0.0584    0.0022
 000402   L  0.004717  0.038487  0.167141    0.0010    0.0071    0.0860    0.0250    0.0507    0.0597    0.0022
 000403   I  0.024213  0.033551  0.171726    0.0006    0.0072    0.0980    0.0290    0.0558    0.0607    0.0023
 000404   V  0.038898  0.034732  0.177420    0.0006    0.0056    0.1080    0.0360    0.0608    0.0627    0.0026
 000405   V  0.045796  0.041500  0.183879    0.0021    0.0083    0.1150    0.0410    0.0661    0.0642    0.0031
 000406   G  0.058735  0.047692  0.191992    0.0012    0.0094    0.1200    0.0450    0.0714    0.0663    0.0038
 000407   V  0.064630  0.054504  0.200769    0.0049    0.0168    0.1290    0.0500    0.0784    0.0677    0.0046
 000408   A  0.076365  0.077759  0.212634    0.0044    0.0104    0.1270    0.0510    0.0848    0.0710    0.0060
 000409   L  0.099299  0.112720  0.227620    0.0049    0.0090    0.1290    0.0510    0.0971    0.0759    0.0074
 000410   D  0.126347  0.145162  0.246494    0.0062    0.0092    0.1320    0.0500    0.1109    0.0832    0.0103
 000411   T  0.182451  0.190218  0.266721    0.0044    0.0092    0.1400    0.0500    0.1321    0.0962    0.0128
 000412   L  0.228097  0.229406  0.287627    0.0059    0.0141    0.1580    0.0520    0.1538    0.1084    0.0155
 000413   R  0.243396  0.269122  0.308839    0.0109    0.0146    0.1700    0.0480    0.1694    0.1183    0.0197
 000414   Q  0.264650  0.319800  0.330708    0.0274    0.0281    0.1790    0.0470    0.1916    0.1258    0.0242
 000415   V  0.283309  0.359120  0.353199    0.0286    0.0473    0.1910    0.0520    0.2104    0.1341    0.0289
 000416   E  0.299692  0.382025  0.376138    0.0502    0.0380    0.2000    0.0540    0.2244    0.1409    0.0359
 000417   S  0.314915  0.401740  0.399844    0.0514    0.0214    0.2280    0.0620    0.2362    0.1532    0.0436
 000418   Q  0.313190  0.395774  0.423712    0.0490    0.0349    0.2580    0.0830    0.2458    0.1539    0.0514
 000419   L  0.307327  0.353960  0.448002    0.0395    0.0443    0.3050    0.1170    0.2498    0.1544    0.0605
 000420   M  0.269402  0.331816  0.472642    0.0832    0.0870    0.3600    0.1570    0.2673    0.1422    0.0738
 000421   L  0.238645  0.333185  0.498900    0.0771    0.0835    0.4720    0.2350    0.2839    0.1679    0.0796
 000422   R  0.268634  0.349850  0.526492    0.0771    0.0405    0.5420    0.2780    0.3008    0.1960    0.0916
 000423   S  0.315580  0.377938  0.550483    0.1456    0.0799    0.6450    0.3150    0.3524    0.2015    0.1032
 000424   Y  0.376170  0.393431  0.570657    0.0965    0.0799    0.7200    0.2760    0.3728    0.2318    0.1096
 000425   E  0.458335  0.419728  0.587205    0.0884    0.0780    0.7430    0.2510    0.3959    0.2441    0.1145
 000426   G  0.539677  0.429823  0.605116    0.1495    0.1373    0.7710    0.2360    0.4387    0.2319    0.1183
 000427   F  0.628730  0.466817  0.624062    0.1416    0.1275    0.8300    0.1750    0.4698    0.2594    0.1189
 000428   L  0.717958  0.479523  0.644307    0.1456    0.1251    0.8220    0.1690    0.4890    0.2700    0.1149
 000429   S  0.807685  0.506375  0.665539    0.1380    0.1028    0.8230    0.0770    0.5072    0.2929    0.1138
 000430   R  0.884064  0.571532  0.687851    0.2700    0.1583    0.8240    0.1370    0.5660    0.2698    0.1089
 000431   G  0.934855  0.630186  0.709757    0.3456    0.1759    0.8200    0.0870    0.6028    0.2640    0.1005
 000432   R  0.970747  0.682389  0.730609    0.4879    0.2609    0.8600    0.0820    0.6654    0.2348    0.0970
 000433   L  0.989566  0.746559  0.749702    0.5331    0.2328    0.8550    0.1090    0.6845    0.2440    0.0897
 000434   R  0.996130  0.785910  0.768867    0.5711    0.2064    0.8620    0.1090    0.6984    0.2537    0.0878
 000435   G  0.999973  0.805888  0.787468    0.6906    0.3053    0.8990    0.0800    0.7481    0.2201    0.0863
 000436   R  0.999954  0.813562  0.807097    0.7342    0.2541    0.9180    0.0410    0.7544    0.2394    0.0858
 000437   N  0.999966  0.838438  0.826714    0.7688    0.2129    0.9190    0.0530    0.7610    0.2559    0.0848
 000438   R  0.999930  0.844564  0.837119    0.8920    0.3807    0.9460    0.0480    0.8167    0.2030    0.0825
