#RESNUM RES     VL-XT     VSL2B       VL3  IUPred-S  IUPred-L  PONDRFIT  FITERROR       MDP  MDPERROR   ANCHOR2
 000001   M  0.999348  0.927129  0.795220    0.9746    0.5901    0.9850    0.0130    0.8786    0.1459    0.4013
 000002   P  0.998633  0.915557  0.786028    0.9553    0.6322    0.9920    0.0060    0.8800    0.1315    0.3989
 000003   P  0.982698  0.908792  0.767394    0.9423    0.6712    0.9780    0.0280    0.8751    0.1163    0.4005
 000004   K  0.982647  0.897917  0.752147    0.9257    0.7036    0.9740    0.0310    0.8726    0.1071    0.4053
 000005   E  0.950862  0.892671  0.738310    0.9103    0.7036    0.9670    0.0300    0.8605    0.1022    0.4085
 000006   K  0.924979  0.884921  0.726501    0.8886    0.7459    0.9640    0.0280    0.8558    0.0887    0.4124
 000007   R  0.906429  0.875459  0.714063    0.8457    0.5577    0.9630    0.0240    0.8104    0.1361    0.4141
 000008   F  0.893691  0.860657  0.700353    0.8242    0.5665    0.9760    0.0120    0.8035    0.1344    0.4217
 000009   S  0.869289  0.835829  0.684080    0.7034    0.5758    0.9550    0.0360    0.7706    0.1278    0.4216
 000010   S  0.855550  0.814288  0.666874    0.6604    0.4541    0.9590    0.0410    0.7350    0.1632    0.4214
 000011   A  0.832411  0.791581  0.649193    0.6174    0.4801    0.9600    0.0460    0.7217    0.1572    0.4255
 000012   T  0.834679  0.769575  0.632376    0.5549    0.5296    0.9630    0.0370    0.7141    0.1559    0.4263
 000013   G  0.832322  0.742617  0.616316    0.5473    0.3807    0.9720    0.0270    0.6819    0.1931    0.4298
 000014   G  0.756314  0.725286  0.601967    0.5374    0.3774    0.9790    0.0230    0.6630    0.1888    0.4239
 000015   G  0.776663  0.682761  0.589208    0.4203    0.3631    0.9800    0.0200    0.6353    0.2096    0.4106
 000016   R  0.792715  0.643126  0.573407    0.4420    0.2752    0.9740    0.0260    0.6167    0.2267    0.3944
 000017   P  0.805342  0.600475  0.553851    0.4149    0.1914    0.9570    0.0440    0.5872    0.2491    0.3784
 000018   W  0.829624  0.580532  0.530008    0.3491    0.1070    0.9570    0.0520    0.5589    0.2832    0.3691
 000019   R  0.841246  0.494177  0.506597    0.3359    0.1823    0.9240    0.0940    0.5473    0.2616    0.3583
 000020   R  0.865431  0.481070  0.483187    0.2432    0.1823    0.8670    0.1400    0.5204    0.2687    0.3528
 000021   F  0.866883  0.483595  0.458981    0.2432    0.1969    0.8270    0.1640    0.5128    0.2583    0.3484
 000022   G  0.876941  0.450970  0.434108    0.2483    0.1275    0.7990    0.2040    0.4895    0.2708    0.3382
 000023   G  0.969450  0.436992  0.409963    0.2432    0.1184    0.7510    0.2320    0.4881    0.2904    0.3276
 000024   W  0.969503  0.404106  0.389573    0.1495    0.0704    0.7500    0.2550    0.4555    0.3162    0.3132
 000025   P  0.966608  0.367096  0.370816    0.1322    0.0313    0.7070    0.2790    0.4292    0.3214    0.3072
 000026   R  0.956982  0.347102  0.352070    0.0723    0.0188    0.6920    0.2480    0.4066    0.3300    0.3054
 000027   L  0.910268  0.300218  0.331593    0.0414    0.0214    0.6600    0.1970    0.3776    0.3193    0.3096
 000028   L  0.896302  0.304505  0.311868    0.0182    0.0125    0.5240    0.1760    0.3445    0.3044    0.3116
 000029   W  0.875003  0.241555  0.293095    0.0405    0.0263    0.4500    0.1960    0.3210    0.2875    0.3095
 000030   R  0.853199  0.216083  0.275446    0.0212    0.0294    0.3970    0.2120    0.2988    0.2811    0.3064
 000031   R  0.767725  0.231361  0.259955    0.0259    0.0240    0.3630    0.2090    0.2787    0.2509    0.3016
 000032   T  0.679966  0.220124  0.247554    0.0441    0.0454    0.3380    0.2090    0.2625    0.2148    0.2958
 000033   F  0.575323  0.196769  0.237086    0.0304    0.0372    0.3340    0.2010    0.2351    0.1862    0.2890
 000034   R  0.487555  0.150891  0.227161    0.0245    0.0218    0.3140    0.1990    0.2043    0.1640    0.2829
 000035   L  0.406085  0.141431  0.216152    0.0387    0.0398    0.2910    0.1850    0.1889    0.1326    0.2789
 000036   W  0.403266  0.140470  0.205151    0.0157    0.0218    0.2750    0.1540    0.1769    0.1373    0.2717
 000037   L  0.313915  0.136365  0.193424    0.0128    0.0223    0.1990    0.0790    0.1463    0.1052    0.2575
 000038   P  0.226489  0.132539  0.182788    0.0099    0.0223    0.1710    0.0520    0.1242    0.0813    0.2397
 000039   L  0.140132  0.147047  0.173853    0.0167    0.0349    0.1450    0.0520    0.1095    0.0604    0.2219
 000040   P  0.142806  0.125017  0.167652    0.0144    0.0851    0.1160    0.0220    0.1085    0.0490    0.2024
 000041   N  0.139627  0.124598  0.163468    0.0141    0.0929    0.1130    0.0230    0.1080    0.0473    0.1867
 000042   M  0.164326  0.133404  0.160858    0.0182    0.0948    0.1060    0.0320    0.1130    0.0495    0.1738
 000043   H  0.147991  0.142574  0.158776    0.0173    0.0780    0.1060    0.0440    0.1085    0.0492    0.1552
 000044   A  0.134562  0.149336  0.156994    0.0350    0.0948    0.1040    0.0350    0.1124    0.0413    0.1430
 000045   I  0.076767  0.177595  0.154258    0.0286    0.1048    0.0870    0.0250    0.1048    0.0494    0.1282
 000046   A  0.074711  0.196743  0.150773    0.0274    0.0909    0.1090    0.0440    0.1082    0.0542    0.1170
 000047   L  0.075914  0.208508  0.146551    0.0526    0.1702    0.1070    0.0410    0.1269    0.0539    0.1060
 000048   R  0.077242  0.220104  0.142297    0.0490    0.1914    0.0890    0.0290    0.1282    0.0619    0.0990
 000049   I  0.056130  0.225563  0.138007    0.0425    0.1184    0.0910    0.0260    0.1119    0.0606    0.0958
 000050   R  0.044456  0.217393  0.134198    0.0464    0.2002    0.0730    0.0190    0.1193    0.0700    0.0939
 000051   P  0.020611  0.218902  0.130931    0.0218    0.1914    0.0690    0.0190    0.1087    0.0779    0.0953
 000052   T  0.028016  0.209181  0.128723    0.0268    0.1731    0.0750    0.0240    0.1068    0.0695    0.0974
 000053   S  0.030198  0.200474  0.126974    0.0363    0.1449    0.0640    0.0200    0.1005    0.0620    0.0980
 000054   A  0.037536  0.189695  0.125046    0.0414    0.0985    0.0580    0.0190    0.0917    0.0538    0.1009
 000055   L  0.039349  0.184763  0.122954    0.0279    0.1162    0.0500    0.0150    0.0901    0.0560    0.1011
 000056   T  0.044839  0.177591  0.121223    0.0279    0.1162    0.0460    0.0160    0.0890    0.0535    0.1065
 000057   F  0.052066  0.167535  0.120273    0.0363    0.1162    0.0500    0.0180    0.0904    0.0475    0.1059
 000058   R  0.050341  0.150580  0.119585    0.0387    0.1852    0.0460    0.0160    0.0984    0.0567    0.1068
 000059   V  0.048132  0.132655  0.119129    0.0308    0.1137    0.0440    0.0150    0.0814    0.0412    0.1124
 000060   L  0.047310  0.122903  0.118613    0.0660    0.1942    0.0420    0.0140    0.0985    0.0533    0.1152
 000061   P  0.040037  0.117355  0.117969    0.0350    0.1162    0.0360    0.0100    0.0771    0.0401    0.1182
 000062   G  0.035707  0.110832  0.116701    0.0363    0.0734    0.0360    0.0090    0.0681    0.0350    0.1213
 000063   S  0.029038  0.109407  0.115794    0.0173    0.0780    0.0350    0.0080    0.0641    0.0391    0.1208
 000064   I  0.034539  0.106416  0.115189    0.0097    0.0909    0.0400    0.0130    0.0661    0.0398    0.1211
 000065   L  0.044545  0.102621  0.114825    0.0157    0.1092    0.0430    0.0170    0.0716    0.0386    0.1224
 000066   D  0.068540  0.108290  0.114383    0.0405    0.1731    0.0460    0.0190    0.0918    0.0459    0.1274
 000067   I  0.070583  0.112647  0.114042    0.0405    0.1070    0.0530    0.0220    0.0830    0.0296    0.1318
 000068   A  0.070320  0.119366  0.113839    0.0832    0.1791    0.0510    0.0190    0.1028    0.0415    0.1457
 000069   T  0.069824  0.122265  0.113998    0.0478    0.1914    0.0520    0.0170    0.0995    0.0500    0.1598
 000070   Y  0.068954  0.134451  0.113915    0.0813    0.1399    0.0530    0.0170    0.0986    0.0328    0.1690
 000071   P  0.067247  0.149828  0.113652    0.1495    0.1399    0.0550    0.0150    0.1126    0.0384    0.1803
 000072   F  0.065268  0.155281  0.112907    0.0744    0.1184    0.0820    0.0230    0.1014    0.0309    0.1902
 000073   V  0.056316  0.166294  0.112960    0.0441    0.1070    0.0710    0.0160    0.0930    0.0412    0.1995
 000074   P  0.039204  0.184681  0.114289    0.0414    0.0690    0.0610    0.0180    0.0849    0.0510    0.2112
 000075   P  0.006102  0.196257  0.118283    0.0723    0.0592    0.0610    0.0210    0.0855    0.0593    0.2231
 000076   T  0.003218  0.196729  0.122527    0.0813    0.0454    0.0610    0.0190    0.0851    0.0616    0.2358
 000077   T  0.002889  0.195304  0.127013    0.0478    0.0380    0.0610    0.0180    0.0786    0.0640    0.2402
 000078   L  0.002543  0.178943  0.132113    0.0455    0.0704    0.0540    0.0160    0.0806    0.0584    0.2413
 000079   S  0.001974  0.160543  0.137778    0.0478    0.0835    0.0470    0.0160    0.0798    0.0549    0.2381
 000080   G  0.001522  0.146475  0.143258    0.0502    0.0817    0.0410    0.0130    0.0774    0.0531    0.2346
 000081   W  0.001343  0.127930  0.146359    0.1041    0.0929    0.0380    0.0100    0.0851    0.0504    0.2322
 000082   L  0.001561  0.103333  0.148429    0.0909    0.0494    0.0350    0.0100    0.0715    0.0483    0.2331
 000083   R  0.001775  0.091702  0.150869    0.1018    0.1092    0.0420    0.0190    0.0829    0.0483    0.2357
 000084   R  0.004668  0.089704  0.153431    0.1041    0.1671    0.0520    0.0230    0.0951    0.0559    0.2408
 000085   L  0.019933  0.087080  0.156381    0.0991    0.1528    0.0590    0.0170    0.0958    0.0485    0.2479
 000086   F  0.034323  0.094185  0.160980    0.0935    0.1476    0.0700    0.0160    0.1000    0.0434    0.2548
 000087   W  0.048138  0.109096  0.166403    0.0991    0.1349    0.0830    0.0200    0.1067    0.0375    0.2577
 000088   A  0.065964  0.142881  0.172489    0.1060    0.1323    0.0870    0.0190    0.1177    0.0356    0.2679
 000089   Q  0.086964  0.182224  0.175953    0.1667    0.2034    0.1060    0.0180    0.1536    0.0421    0.2779
 000090   E  0.107964  0.218432  0.177955    0.1732    0.2193    0.1480    0.0310    0.1741    0.0389    0.2893
 000091   G  0.122686  0.263890  0.179872    0.1698    0.2224    0.2160    0.0810    0.1957    0.0448    0.3031
 000092   L  0.136153  0.318317  0.184881    0.2657    0.3631    0.2990    0.1160    0.2613    0.0781    0.3160
 000093   L  0.155501  0.397830  0.194089    0.3578    0.4292    0.2750    0.1070    0.3016    0.1019    0.3186
 000094   P  0.194608  0.483103  0.206341    0.3847    0.3321    0.2950    0.1100    0.3160    0.1001    0.3141
 000095   P  0.241743  0.566663  0.219196    0.3806    0.2470    0.3640    0.1630    0.3365    0.1200    0.3129
 000096   D  0.262339  0.629758  0.231897    0.3717    0.2609    0.3770    0.1810    0.3556    0.1347    0.3147
 000097   Q  0.269123  0.640206  0.246002    0.3762    0.2817    0.3110    0.1540    0.3541    0.1344    0.3202
 000098   R  0.270227  0.589079  0.262902    0.4245    0.4256    0.2340    0.0960    0.3678    0.1251    0.3316
 000099   E  0.271331  0.563778  0.281596    0.3847    0.4369    0.1800    0.0650    0.3530    0.1253    0.3406
 000100   G  0.281406  0.516958  0.298178    0.3847    0.4149    0.1480    0.0490    0.3407    0.1162    0.3494
 000101   N  0.289955  0.469103  0.312346    0.3668    0.3117    0.1290    0.0260    0.3132    0.1012    0.3535
 000102   T  0.288911  0.440836  0.325664    0.3578    0.2258    0.1190    0.0410    0.2930    0.1017    0.3577
 000103   P  0.257613  0.392695  0.338980    0.3578    0.3249    0.0950    0.0340    0.2944    0.0982    0.3670
 000104   R  0.215208  0.357994  0.350679    0.3762    0.3215    0.0830    0.0240    0.2840    0.1042    0.3814
 000105   F  0.198574  0.309117  0.358609    0.3762    0.3053    0.0830    0.0230    0.2719    0.1015    0.4088
 000106   Y  0.197704  0.249367  0.363214    0.2865    0.2575    0.0870    0.0310    0.2403    0.0845    0.4299
 000107   V  0.199249  0.224953  0.368319    0.2820    0.1671    0.0910    0.0370    0.2221    0.0873    0.4175
 000108   L  0.192915  0.217440  0.373929    0.2531    0.1791    0.1050    0.0390    0.2202    0.0821    0.4039
 000109   P  0.172271  0.229613  0.379263    0.1921    0.1323    0.1140    0.0380    0.2032    0.0874    0.3978
 000110   R  0.168337  0.229755  0.384947    0.2041    0.1298    0.1290    0.0500    0.2077    0.0873    0.3876
 000111   R  0.149328  0.217592  0.394200    0.1532    0.1349    0.1640    0.0820    0.2022    0.0897    0.3745
 000112   Y  0.134572  0.252291  0.409776    0.1532    0.0605    0.1820    0.0960    0.1987    0.1103    0.3619
 000113   L  0.158246  0.289723  0.429112    0.1416    0.0543    0.1790    0.0960    0.2086    0.1204    0.3563
 000114   P  0.188717  0.273973  0.449617    0.0542    0.0313    0.1730    0.0920    0.1951    0.1404    0.3593
 000115   L  0.212157  0.283704  0.470441    0.0607    0.0320    0.1870    0.1020    0.2077    0.1459    0.3592
 000116   G  0.285170  0.316846  0.490330    0.0744    0.0592    0.1900    0.1070    0.2361    0.1489    0.3687
 000117   A  0.297311  0.349246  0.508785    0.1178    0.1115    0.2030    0.1110    0.2647    0.1394    0.3811
 000118   Y  0.299106  0.390186  0.527639    0.1566    0.1528    0.2180    0.1070    0.2907    0.1344    0.3964
 000119   P  0.291242  0.408185  0.546485    0.2292    0.2164    0.2200    0.1000    0.3185    0.1217    0.4101
 000120   V  0.339127  0.438968  0.567592    0.2080    0.1914    0.2340    0.1120    0.3299    0.1364    0.4218
 000121   G  0.368005  0.468641  0.588679    0.2167    0.2034    0.2390    0.1210    0.3474    0.1431    0.4305
 000122   E  0.344601  0.491706  0.609016    0.2209    0.2364    0.2530    0.1120    0.3592    0.1448    0.4138
 000123   W  0.314879  0.515075  0.626814    0.3005    0.3215    0.2770    0.1180    0.3927    0.1308    0.3996
 000124   R  0.282683  0.539982  0.641407    0.3885    0.3774    0.2820    0.1090    0.4186    0.1318    0.3885
 000125   V  0.198959  0.549279  0.652341    0.3668    0.2503    0.2810    0.0980    0.3831    0.1645    0.3849
 000126   H  0.191407  0.553987  0.661014    0.4203    0.3426    0.2550    0.1260    0.4041    0.1633    0.3822
 000127   R  0.202970  0.566871  0.666604    0.3359    0.3356    0.2490    0.1300    0.3928    0.1676    0.3828
 000128   T  0.210693  0.573481  0.671162    0.3578    0.3599    0.2480    0.1300    0.4035    0.1663    0.3874
 000129   H  0.225555  0.589976  0.671457    0.4245    0.4652    0.2490    0.1340    0.4376    0.1630    0.3915
 000130   R  0.219990  0.607983  0.671029    0.4037    0.3321    0.2910    0.1290    0.4209    0.1649    0.3946
 000131   H  0.232192  0.637820  0.671959    0.4600    0.3948    0.3070    0.1260    0.4507    0.1610    0.4033
 000132   G  0.297657  0.658562  0.676043    0.3717    0.3807    0.3200    0.1480    0.4508    0.1558    0.4139
 000133   P  0.336149  0.689755  0.680045    0.3847    0.2884    0.3020    0.1440    0.4469    0.1710    0.4237
 000134   R  0.347489  0.702985  0.682076    0.5084    0.3983    0.3030    0.1320    0.4904    0.1561    0.4328
 000135   A  0.394809  0.686140  0.682489    0.4458    0.3983    0.3790    0.1390    0.4977    0.1335    0.4227
 000136   F  0.444830  0.653117  0.683476    0.4918    0.4766    0.3600    0.1250    0.5183    0.1143    0.4197
 000137   T  0.460975  0.645327  0.682730    0.4879    0.4864    0.3260    0.1220    0.5148    0.1193    0.4235
 000138   H  0.487147  0.642988  0.678768    0.4918    0.4901    0.3350    0.1220    0.5210    0.1134    0.4284
 000139   S  0.546642  0.630224  0.671244    0.4918    0.5055    0.3190    0.1050    0.5273    0.1132    0.4292
 000140   E  0.604660  0.625611  0.662974    0.4967    0.5419    0.4020    0.0990    0.5556    0.0877    0.4201
 000141   F  0.585884  0.629093  0.655202    0.5296    0.5456    0.4270    0.1000    0.5620    0.0746    0.4148
 000142   S  0.593531  0.643435  0.647638    0.5583    0.5577    0.4590    0.1240    0.5765    0.0638    0.4021
 000143   R  0.663328  0.660495  0.640137    0.5514    0.5577    0.5980    0.1550    0.6119    0.0458    0.3900
 000144   L  0.687351  0.684692  0.632662    0.5374    0.5419    0.6000    0.1660    0.6139    0.0606    0.3835
 000145   R  0.711451  0.720661  0.623420    0.5473    0.4685    0.5870    0.1510    0.6098    0.0887    0.3730
 000146   R  0.767106  0.728248  0.613468    0.5623    0.5139    0.5650    0.1530    0.6250    0.0921    0.3678
 000147   E  0.756348  0.737222  0.604271    0.5711    0.5456    0.5230    0.1260    0.6229    0.0912    0.3678
 000148   G  0.773180  0.726080  0.595781    0.5846    0.5342    0.5720    0.1240    0.6310    0.0871    0.3746
 000149   K  0.789085  0.682177  0.586305    0.5126    0.5456    0.5870    0.1730    0.6172    0.0928    0.3816
 000150   P  0.779939  0.692054  0.575862    0.5084    0.4330    0.5860    0.1900    0.5959    0.1139    0.3907
 000151   P  0.774839  0.678708  0.565622    0.5173    0.4330    0.5280    0.1980    0.5829    0.1126    0.3997
 000152   K  0.687426  0.650537  0.553867    0.4918    0.4541    0.5120    0.1750    0.5584    0.0842    0.4055
 000153   G  0.598474  0.626437  0.540053    0.5008    0.3840    0.4510    0.1340    0.5168    0.0831    0.4148
 000154   G  0.509521  0.584213  0.522496    0.4282    0.3215    0.4230    0.1510    0.4648    0.0849    0.4263
 000155   D  0.420569  0.536525  0.503015    0.4149    0.3807    0.3430    0.1400    0.4331    0.0671    0.4290
 000156   L  0.343862  0.485718  0.482434    0.3535    0.4017    0.2900    0.1270    0.3928    0.0723    0.4129
 000157   Q  0.238147  0.434045  0.462826    0.3399    0.4256    0.2270    0.1190    0.3546    0.0941    0.4041
 000158   L  0.133713  0.356252  0.445492    0.3456    0.3087    0.2210    0.1110    0.3018    0.1003    0.3971
 000159   H  0.081815  0.325352  0.427838    0.3456    0.2328    0.1970    0.1080    0.2684    0.1124    0.3923
 000160   T  0.027608  0.270250  0.411486    0.2602    0.2436    0.2250    0.1260    0.2397    0.1126    0.3861
 000161   W  0.022374  0.244176  0.395344    0.1602    0.1969    0.2850    0.1550    0.2173    0.1145    0.3812
 000162   E  0.025628  0.237659  0.380908    0.1349    0.1275    0.2560    0.1460    0.1938    0.1133    0.3747
 000163   Y  0.024473  0.237851  0.366588    0.1178    0.0870    0.3310    0.1950    0.1941    0.1268    0.3646
 000164   L  0.026365  0.212662  0.353492    0.0771    0.0734    0.4170    0.2460    0.1933    0.1482    0.3545
 000165   L  0.026656  0.202669  0.342564    0.0455    0.0765    0.5340    0.3330    0.2047    0.1831    0.3476
 000166   A  0.029212  0.216655  0.336221    0.0336    0.0704    0.5340    0.3090    0.2034    0.1844    0.3464
 000167   E  0.031594  0.249513  0.333451    0.0567    0.1184    0.3800    0.2170    0.1949    0.1342    0.3506
 000168   E  0.074845  0.254606  0.335473    0.0490    0.1162    0.2820    0.1370    0.1853    0.1097    0.3498
 000169   F  0.148932  0.246789  0.340655    0.0858    0.1823    0.2470    0.1170    0.2086    0.0814    0.3481
 000170   L  0.234221  0.251338  0.349732    0.0991    0.1251    0.2190    0.1050    0.2131    0.0830    0.3502
 000171   G  0.317089  0.247727  0.361021    0.1018    0.1115    0.2090    0.0920    0.2246    0.0965    0.3549
 000172   A  0.406253  0.271212  0.371665    0.1041    0.1881    0.2190    0.0810    0.2601    0.1042    0.3629
 000173   V  0.492755  0.311104  0.377700    0.0884    0.1184    0.2480    0.0750    0.2727    0.1410    0.3786
 000174   L  0.572720  0.345392  0.379396    0.1205    0.2002    0.2830    0.0690    0.3168    0.1435    0.3956
 000175   A  0.639450  0.391757  0.379038    0.1088    0.2752    0.3030    0.0660    0.3495    0.1593    0.4221
 000176   E  0.713916  0.439007  0.380953    0.1667    0.2715    0.2790    0.0540    0.3752    0.1743    0.4186
 000177   K  0.748800  0.472895  0.382960    0.1878    0.2364    0.2610    0.0610    0.3817    0.1898    0.3997
 000178   E  0.754401  0.490775  0.385774    0.1117    0.2258    0.2990    0.0790    0.3779    0.2061    0.3893
 000179   E  0.750668  0.498560  0.389394    0.0660    0.1399    0.3010    0.1090    0.3577    0.2277    0.3764
 000180   D  0.743509  0.484936  0.395076    0.1088    0.2328    0.3140    0.1470    0.3799    0.2012    0.3639
 000181   L  0.738181  0.463359  0.401661    0.1041    0.2817    0.2820    0.1420    0.3785    0.1963    0.3555
 000182   R  0.737745  0.409862  0.407705    0.1060    0.2680    0.2050    0.0930    0.3557    0.2018    0.3447
 000183   R  0.742804  0.366742  0.415204    0.1041    0.2164    0.1660    0.0610    0.3351    0.2121    0.3391
 000184   L  0.757464  0.337061  0.422657    0.1322    0.2783    0.1300    0.0380    0.3429    0.2130    0.3452
 000185   Q  0.731402  0.299213  0.430286    0.1266    0.3426    0.1100    0.0250    0.3400    0.2087    0.3443
 000186   G  0.662160  0.276828  0.437905    0.1532    0.3807    0.1060    0.0170    0.3362    0.1864    0.3461
 000187   L  0.581132  0.279608  0.446752    0.1292    0.3704    0.1080    0.0230    0.3193    0.1681    0.3504
 000188   V  0.498530  0.278693  0.456474    0.1495    0.2680    0.1140    0.0290    0.2942    0.1429    0.3454
 000189   G  0.417609  0.305444  0.466077    0.1349    0.2292    0.1190    0.0320    0.2787    0.1316    0.3384
 000190   Y  0.332070  0.330844  0.477559    0.0789    0.1424    0.1280    0.0360    0.2482    0.1419    0.3326
 000191   G  0.243153  0.367390  0.490302    0.0643    0.0851    0.1260    0.0370    0.2294    0.1560    0.3244
 000192   A  0.154242  0.402861  0.500820    0.0789    0.1399    0.1380    0.0420    0.2358    0.1571    0.3180
 000193   K  0.069241  0.408798  0.508456    0.0554    0.1251    0.1690    0.0490    0.2226    0.1733    0.3161
 000194   L  0.019392  0.434089  0.514333    0.0701    0.0929    0.2090    0.0740    0.2233    0.1877    0.3175
 000195   G  0.008210  0.444381  0.521825    0.1041    0.1424    0.2420    0.0940    0.2438    0.1839    0.3104
 000196   K  0.010451  0.444819  0.527897    0.0643    0.1424    0.2720    0.0920    0.2436    0.1910    0.3078
 000197   E  0.022287  0.440858  0.530239    0.0643    0.1583    0.3080    0.1010    0.2539    0.1884    0.3108
 000198   G  0.064964  0.407373  0.528503    0.1266    0.1528    0.3430    0.1320    0.2705    0.1670    0.3106
 000199   F  0.102740  0.365109  0.524831    0.2122    0.2193    0.3650    0.1470    0.2982    0.1367    0.3169
 000200   A  0.172348  0.352943  0.520439    0.1456    0.1583    0.3080    0.1460    0.2763    0.1344    0.3202
 000201   Y  0.243341  0.352841  0.515663    0.2333    0.2258    0.2640    0.1200    0.3058    0.1029    0.3243
 000202   L  0.313213  0.319554  0.508094    0.1667    0.1528    0.2290    0.1000    0.2815    0.1199    0.3244
 000203   E  0.401882  0.322016  0.498993    0.1844    0.1852    0.1860    0.0850    0.2964    0.1225    0.3277
 000204   A  0.487644  0.343191  0.489642    0.1416    0.2034    0.1970    0.0870    0.3104    0.1399    0.3321
 000205   V  0.575489  0.370115  0.480243    0.2292    0.2817    0.2000    0.0830    0.3560    0.1353    0.3358
 000206   G  0.653737  0.370961  0.470721    0.2483    0.2884    0.2010    0.0750    0.3722    0.1531    0.3450
 000207   E  0.700655  0.390957  0.459427    0.2602    0.2715    0.2250    0.0740    0.3847    0.1629    0.3588
 000208   P  0.761645  0.418226  0.448254    0.2602    0.2849    0.2380    0.0690    0.4018    0.1792    0.3695
 000209   L  0.791354  0.445569  0.436209    0.2209    0.1823    0.2590    0.0670    0.3893    0.2062    0.3807
 000210   E  0.812337  0.460643  0.422757    0.3263    0.2951    0.2640    0.0840    0.4302    0.1842    0.3938
 000211   V  0.833320  0.477467  0.408916    0.2657    0.3460    0.2870    0.0970    0.4363    0.1914    0.4075
 000212   R  0.839334  0.483758  0.394702    0.3456    0.3740    0.2890    0.1020    0.4545    0.1817    0.4230
 000213   L  0.848154  0.500022  0.381051    0.4420    0.4441    0.2740    0.1150    0.4816    0.1783    0.4202
 000214   E  0.835038  0.503338  0.368645    0.3491    0.4051    0.2340    0.0930    0.4493    0.1899    0.4069
 000215   E  0.817641  0.494317  0.359502    0.3578    0.4476    0.2070    0.0750    0.4472    0.1884    0.3958
 000216   G  0.805659  0.489259  0.354611    0.3992    0.4864    0.1850    0.0570    0.4533    0.1877    0.3866
 000217   D  0.756739  0.475851  0.351266    0.4203    0.3774    0.1730    0.0590    0.4258    0.1749    0.3818
 000218   A  0.705462  0.443299  0.350616    0.3762    0.3667    0.1760    0.0670    0.4031    0.1577    0.3798
 000219   P  0.687451  0.415521  0.350678    0.2657    0.3460    0.1310    0.0400    0.3661    0.1690    0.3801
 000220   F  0.675512  0.390815  0.352771    0.3491    0.3948    0.1230    0.0370    0.3810    0.1608    0.3815
 000221   T  0.622803  0.379750  0.352985    0.3359    0.2988    0.1100    0.0350    0.3501    0.1503    0.3906
 000222   P  0.533198  0.363162  0.353041    0.3885    0.3774    0.1030    0.0330    0.3530    0.1272    0.4005
 000223   V  0.466951  0.347817  0.354462    0.3456    0.3910    0.0980    0.0320    0.3340    0.1135    0.4097
 000224   R  0.396548  0.352672  0.355011    0.4458    0.4409    0.0910    0.0290    0.3469    0.1203    0.4215
 000225   A  0.319081  0.356239  0.354416    0.4333    0.3356    0.0910    0.0270    0.3149    0.1064    0.4252
 000226   E  0.271367  0.363855  0.350147    0.3992    0.3529    0.0890    0.0190    0.3044    0.1037    0.4261
 000227   A  0.225435  0.363277  0.347788    0.3263    0.2715    0.0910    0.0200    0.2709    0.0931    0.4287
 000228   W  0.159907  0.368064  0.347501    0.3311    0.1759    0.0940    0.0220    0.2462    0.1062    0.4279
 000229   G  0.083137  0.360905  0.350112    0.3146    0.1852    0.1040    0.0280    0.2331    0.1140    0.4300
 000230   G  0.043301  0.355877  0.352340    0.2122    0.0909    0.1200    0.0340    0.1957    0.1228    0.4328
 000231   A  0.039124  0.353595  0.352612    0.2913    0.1501    0.1330    0.0370    0.2200    0.1195    0.4330
 000232   I  0.030564  0.348773  0.349991    0.2209    0.0765    0.1430    0.0410    0.1950    0.1239    0.4320
 000233   Q  0.030440  0.368603  0.347840    0.1878    0.0662    0.1560    0.0460    0.1928    0.1283    0.4292
 000234   G  0.032138  0.358438  0.347751    0.1921    0.1070    0.1660    0.0550    0.2005    0.1190    0.4274
 000235   A  0.046873  0.361067  0.350657    0.2122    0.0948    0.1760    0.0610    0.2070    0.1180    0.4250
 000236   Y  0.057353  0.356279  0.355011    0.2657    0.1229    0.1910    0.0500    0.2247    0.1122    0.4248
 000237   P  0.064167  0.339054  0.361226    0.2080    0.1229    0.1790    0.0560    0.2124    0.1075    0.4258
 000238   L  0.076150  0.304613  0.370118    0.2531    0.1643    0.1860    0.0800    0.2257    0.0962    0.4245
 000239   Y  0.092457  0.261874  0.380506    0.3578    0.2715    0.1870    0.0880    0.2585    0.0980    0.4274
 000240   R  0.114657  0.326442  0.390187    0.3717    0.2988    0.1970    0.0910    0.2831    0.0977    0.4268
 000241   F  0.133869  0.348933  0.399251    0.3885    0.2609    0.2360    0.0950    0.2946    0.0941    0.4226
 000242   R  0.159418  0.415423  0.406526    0.4282    0.2849    0.2630    0.0800    0.3262    0.0986    0.4235
 000243   F  0.205925  0.452488  0.413303    0.4513    0.3948    0.3460    0.0830    0.3773    0.0847    0.4207
 000244   G  0.238305  0.511834  0.420544    0.4245    0.3948    0.3890    0.1180    0.3965    0.0814    0.4239
 000245   E  0.277815  0.556925  0.427771    0.4420    0.4186    0.5010    0.1500    0.4373    0.0858    0.4258
 000246   A  0.318049  0.604509  0.436464    0.4825    0.4441    0.6320    0.1280    0.4862    0.1062    0.4299
 000247   E  0.397670  0.646746  0.444582    0.5762    0.5707    0.6760    0.1640    0.5520    0.1005    0.4328
 000248   D  0.477410  0.682491  0.455163    0.5514    0.4619    0.7000    0.2000    0.5547    0.1016    0.4269
 000249   P  0.562178  0.723725  0.463539    0.6293    0.4541    0.6310    0.2290    0.5774    0.0961    0.4155
 000250   D  0.650323  0.749623  0.469019    0.6374    0.5533    0.5920    0.1840    0.6086    0.0869    0.4069
 000251   P  0.732022  0.754974  0.470557    0.5846    0.4652    0.5310    0.1740    0.5897    0.1160    0.3948
 000252   A  0.787192  0.725952  0.467254    0.6474    0.6089    0.5170    0.1800    0.6255    0.1110    0.3770
 000253   S  0.829782  0.729792  0.459701    0.5762    0.6322    0.5050    0.1790    0.6221    0.1272    0.3633
 000254   P  0.848671  0.674106  0.447724    0.6557    0.7331    0.5130    0.2200    0.6455    0.1332    0.3477
 000255   D  0.858105  0.679150  0.437030    0.6604    0.6089    0.5560    0.2140    0.6333    0.1281    0.3368
 000256   P  0.828151  0.666316  0.427378    0.6219    0.4652    0.5310    0.1980    0.5900    0.1348    0.3207
 000257   S  0.803156  0.625143  0.419372    0.5762    0.4256    0.4620    0.1380    0.5519    0.1358    0.3088
 000258   P  0.757299  0.574910  0.410826    0.4879    0.3286    0.3890    0.1200    0.4915    0.1421    0.3004
 000259   V  0.687007  0.495761  0.401483    0.4037    0.3426    0.2850    0.1310    0.4360    0.1293    0.2940
 000260   I  0.613905  0.409958  0.391269    0.3053    0.3019    0.2480    0.1240    0.3784    0.1189    0.2922
 000261   G  0.533266  0.329973  0.380649    0.3096    0.2918    0.2050    0.0960    0.3417    0.1005    0.2881
 000262   Y  0.472803  0.285330  0.372282    0.2657    0.2503    0.1970    0.0940    0.3073    0.0906    0.2845
 000263   E  0.415138  0.260421  0.366012    0.3005    0.2849    0.1690    0.0780    0.2994    0.0780    0.2849
 000264   G  0.361320  0.227939  0.360517    0.2820    0.2094    0.1560    0.0570    0.2663    0.0763    0.2842
 000265   A  0.297439  0.184042  0.353482    0.2558    0.1611    0.1250    0.0340    0.2295    0.0799    0.2822
 000266   Y  0.224144  0.168702  0.344784    0.1566    0.1399    0.1040    0.0260    0.1897    0.0781    0.2799
 000267   F  0.162237  0.185250  0.335188    0.1117    0.1229    0.0960    0.0230    0.1688    0.0803    0.2815
 000268   V  0.129894  0.183466  0.323293    0.1088    0.0662    0.0920    0.0220    0.1505    0.0853    0.2783
 000269   L  0.121226  0.222712  0.308548    0.0935    0.0543    0.0890    0.0250    0.1482    0.0888    0.2732
 000270   P  0.108083  0.249164  0.292051    0.0744    0.0494    0.0880    0.0300    0.1436    0.0923    0.2656
 000271   R  0.084224  0.260081  0.276636    0.1060    0.0948    0.0920    0.0380    0.1523    0.0825    0.2576
 000272   G  0.076607  0.282271  0.262406    0.0554    0.0948    0.1010    0.0470    0.1455    0.0911    0.2567
 000273   R  0.070613  0.291214  0.249622    0.1018    0.1501    0.1140    0.0540    0.1629    0.0804    0.2559
 000274   G  0.070473  0.306884  0.238241    0.0884    0.0734    0.1360    0.0530    0.1522    0.0900    0.2546
 000275   L  0.078013  0.336853  0.227064    0.0789    0.0372    0.1820    0.0670    0.1566    0.1037    0.2557
 000276   A  0.085618  0.354199  0.215464    0.0502    0.0364    0.1890    0.0710    0.1551    0.1113    0.2599
 000277   K  0.084433  0.355026  0.200716    0.0441    0.0356    0.1900    0.0650    0.1517    0.1117    0.2660
 000278   G  0.061557  0.355186  0.184225    0.0554    0.0765    0.1860    0.0560    0.1532    0.1054    0.2789
 000279   F  0.054045  0.322417  0.164526    0.0455    0.0704    0.1860    0.0590    0.1405    0.0976    0.2980
 000280   S  0.046620  0.273282  0.144676    0.0744    0.0780    0.1130    0.0340    0.1217    0.0746    0.3204
 000281   L  0.040755  0.228316  0.126743    0.0336    0.0734    0.0660    0.0200    0.0947    0.0669    0.3467
 000282   E  0.035484  0.188607  0.111693    0.0231    0.0405    0.0430    0.0140    0.0738    0.0587    0.3759
 000283   G  0.034547  0.144155  0.101620    0.0245    0.0248    0.0360    0.0110    0.0609    0.0457    0.4007
 000284   R  0.025891  0.119139  0.095087    0.0128    0.0163    0.0370    0.0140    0.0511    0.0410    0.4272
 000285   F  0.017386  0.093508  0.092529    0.0081    0.0136    0.0490    0.0220    0.0457    0.0359    0.4000
 000286   F  0.012773  0.072418  0.091561    0.0083    0.0191    0.0740    0.0340    0.0464    0.0337    0.3747
 000287   A  0.014691  0.057402  0.091142    0.0083    0.0188    0.1120    0.0460    0.0504    0.0399    0.3670
 000288   W  0.024297  0.045664  0.090519    0.0079    0.0194    0.2560    0.1100    0.0740    0.0858    0.3674
 000289   D  0.035815  0.040223  0.089666    0.0062    0.0194    0.4120    0.1610    0.1005    0.1416    0.3908
 000290   L  0.057271  0.042738  0.089393    0.0099    0.0380    0.4970    0.1690    0.1224    0.1693    0.4244
 000291   V  0.095868  0.057739  0.089964    0.0116    0.0380    0.6340    0.1760    0.1546    0.2165    0.4028
 000292   E  0.142289  0.058472  0.091026    0.0245    0.0631    0.5430    0.1640    0.1537    0.1777    0.3555
 000293   F  0.225759  0.078112  0.092283    0.0194    0.0543    0.5530    0.1800    0.1704    0.1827    0.3039
 000294   L  0.299352  0.102346  0.093927    0.0179    0.0518    0.5060    0.1740    0.1785    0.1715    0.2523
 000295   W  0.395577  0.147416  0.095705    0.0179    0.0433    0.4530    0.0970    0.1922    0.1700    0.2023
 000296   A  0.496785  0.245552  0.097777    0.0490    0.0690    0.6030    0.2080    0.2602    0.2165    0.1468
 000297   R  0.594493  0.372267  0.100145    0.1178    0.1137    0.6080    0.1630    0.3178    0.2209    0.1093
 000298   A  0.693693  0.486629  0.102418    0.1805    0.1137    0.6800    0.1490    0.3762    0.2542    0.0854
 000299   S  0.783055  0.543844  0.104979    0.3096    0.1731    0.7600    0.1420    0.4458    0.2681    0.0695
 000300   G  0.855495  0.579776  0.107944    0.3491    0.1251    0.7460    0.1260    0.4606    0.2890    0.0622
 000301   G  0.995190  0.631566  0.111823    0.4879    0.1823    0.7950    0.1040    0.5339    0.3147    0.0561
 000302   S  0.998505  0.711992  0.115193    0.6079    0.2364    0.8330    0.0730    0.5838    0.3139    0.0497
 000303   S  0.997390  0.743464  0.116956    0.6442    0.1702    0.8660    0.0620    0.5897    0.3338    0.0441
 000304   S  0.999388  0.806160  0.117334    0.7644    0.3053    0.9060    0.0320    0.6497    0.3234    0.0388
