#RESNUM RES     VL-XT     VSL2B       VL3  IUPred-S  IUPred-L  PONDRFIT  FITERROR       MDP  MDPERROR   ANCHOR2
 000001   M  0.738616  0.747825  0.374854    0.7342    0.0198    0.9580    0.0210    0.5331    0.3157    0.3561
 000002   S  0.749903  0.695111  0.373415    0.6681    0.0364    0.9180    0.0440    0.5113    0.2959    0.3687
 000003   S  0.737843  0.656061  0.371888    0.5374    0.0555    0.9220    0.0250    0.4849    0.2842    0.3752
 000004   A  0.729023  0.655237  0.370761    0.5084    0.0334    0.8980    0.0260    0.4706    0.2845    0.3803
 000005   L  0.515765  0.589684  0.370860    0.4825    0.0473    0.8770    0.0410    0.4187    0.2559    0.3816
 000006   L  0.458980  0.498676  0.373611    0.3668    0.0483    0.7870    0.0670    0.3599    0.2268    0.3859
 000007   R  0.409482  0.435262  0.373686    0.3263    0.0690    0.7210    0.0920    0.3268    0.2010    0.4052
 000008   A  0.360358  0.376931  0.366220    0.2531    0.1070    0.7050    0.0830    0.3004    0.1903    0.4191
 000009   A  0.311835  0.345738  0.356955    0.2209    0.1554    0.7060    0.0460    0.2900    0.1843    0.4268
 000010   Y  0.296165  0.338834  0.349357    0.2041    0.1969    0.7100    0.0390    0.2909    0.1814    0.4322
 000011   A  0.271939  0.369474  0.342344    0.1878    0.1554    0.7420    0.0820    0.2878    0.2017    0.4312
 000012   Y  0.273463  0.369625  0.337180    0.2531    0.1671    0.7390    0.0780    0.3004    0.1912    0.4332
 000013   D  0.279680  0.365513  0.330283    0.1844    0.1671    0.7480    0.0590    0.2907    0.2011    0.4310
 000014   R  0.310427  0.375201  0.323834    0.1566    0.1731    0.7780    0.0720    0.2989    0.2130    0.4314
 000015   L  0.343744  0.396424  0.317684    0.1805    0.1229    0.7540    0.0710    0.2996    0.2095    0.4254
 000016   R  0.369557  0.408259  0.314238    0.2602    0.1583    0.6960    0.0710    0.3154    0.1753    0.4096
 000017   A  0.409443  0.398177  0.300389    0.2531    0.2470    0.6490    0.0770    0.3261    0.1464    0.3933
 000018   H  0.457501  0.420853  0.290148    0.2122    0.2094    0.5570    0.0830    0.3095    0.1388    0.3873
 000019   P  0.510791  0.438689  0.281575    0.2558    0.2002    0.4630    0.0880    0.3114    0.1261    0.3705
 000020   P  0.581286  0.440921  0.270603    0.2602    0.1969    0.3980    0.0980    0.3129    0.1377    0.3495
 000021   E  0.645990  0.441799  0.263754    0.3096    0.2918    0.3720    0.1080    0.3435    0.1367    0.3237
 000022   V  0.719282  0.446779  0.262493    0.3096    0.2884    0.3590    0.0950    0.3539    0.1616    0.2940
 000023   A  0.760734  0.451139  0.259044    0.4116    0.3087    0.3150    0.1000    0.3745    0.1721    0.2661
 000024   G  0.803958  0.428112  0.257598    0.3630    0.3019    0.2680    0.0950    0.3608    0.1931    0.2391
 000025   Q  0.844927  0.405378  0.254274    0.2748    0.3249    0.2590    0.0970    0.3515    0.2125    0.2222
 000026   I  0.865628  0.377638  0.249944    0.3535    0.4186    0.2230    0.0960    0.3730    0.2171    0.2062
 000027   A  0.878536  0.353840  0.243728    0.3762    0.4149    0.1750    0.0670    0.3664    0.2297    0.2008
 000028   T  0.871381  0.333831  0.237595    0.4078    0.4725    0.1740    0.0550    0.3765    0.2300    0.1986
 000029   A  0.820069  0.335063  0.230388    0.3939    0.4801    0.1750    0.0440    0.3673    0.2142    0.1936
 000030   M  0.763950  0.349768  0.224704    0.3806    0.4801    0.1890    0.0400    0.3605    0.1939    0.1971
 000031   A  0.736376  0.364230  0.218245    0.3668    0.3740    0.2040    0.0350    0.3410    0.1791    0.2033
 000032   S  0.712285  0.412587  0.210700    0.3806    0.2436    0.3220    0.0740    0.3451    0.1681    0.2151
 000033   A  0.691579  0.449871  0.201254    0.3806    0.2258    0.4140    0.1070    0.3604    0.1656    0.2286
 000034   V  0.669515  0.498091  0.192021    0.3263    0.2783    0.4700    0.1090    0.3737    0.1616    0.2463
 000035   H  0.655792  0.547220  0.182207    0.2385    0.1881    0.4550    0.1000    0.3474    0.1876    0.2687
 000036   P  0.641945  0.577273  0.171875    0.2432    0.1791    0.4650    0.1190    0.3510    0.1924    0.2811
 000037   K  0.641061  0.578421  0.159741    0.2292    0.2064    0.5030    0.1300    0.3596    0.1949    0.2909
 000038   G  0.681116  0.576580  0.148986    0.2558    0.2364    0.4470    0.1360    0.3661    0.1941    0.2931
 000039   E  0.727775  0.548608  0.143613    0.1766    0.2364    0.3740    0.1210    0.3439    0.2121    0.2946
 000040   E  0.730718  0.513668  0.140842    0.2041    0.2715    0.2980    0.0870    0.3363    0.2035    0.2955
 000041   P  0.737682  0.431866  0.137390    0.2483    0.3149    0.2470    0.0740    0.3300    0.1947    0.2881
 000042   V  0.744802  0.369138  0.134024    0.2748    0.2503    0.2160    0.0680    0.3092    0.1989    0.2786
 000043   F  0.749482  0.309340  0.129748    0.2657    0.2193    0.1840    0.0730    0.2879    0.2060    0.2678
 000044   L  0.752055  0.267063  0.127644    0.1998    0.1702    0.1530    0.0710    0.2570    0.2174    0.2545
 000045   E  0.753985  0.225169  0.125018    0.2292    0.2680    0.1260    0.0540    0.2671    0.2162    0.2404
 000046   L  0.710657  0.196725  0.122904    0.1380    0.1759    0.1070    0.0340    0.2214    0.2129    0.2251
 000047   G  0.628556  0.174689  0.119169    0.1416    0.0909    0.0870    0.0210    0.1872    0.1919    0.2157
 000048   V  0.548867  0.150365  0.113389    0.0813    0.0749    0.0820    0.0170    0.1563    0.1702    0.2081
 000049   G  0.474287  0.141929  0.107226    0.0441    0.0719    0.0750    0.0150    0.1345    0.1483    0.2034
 000050   T  0.414545  0.135530  0.099110    0.0308    0.0662    0.0750    0.0140    0.1203    0.1293    0.2000
 000051   G  0.350076  0.133607  0.095701    0.0274    0.0313    0.0780    0.0120    0.1035    0.1106    0.1949
 000052   R  0.293722  0.135400  0.089999    0.0226    0.0253    0.0980    0.0340    0.0958    0.0923    0.1920
 000053   I  0.238298  0.128256  0.085899    0.0179    0.0218    0.1040    0.0440    0.0851    0.0755    0.1898
 000054   A  0.176043  0.131117  0.084469    0.0316    0.0244    0.1010    0.0450    0.0774    0.0550    0.1904
 000055   L  0.163961  0.124772  0.082170    0.0304    0.0349    0.0930    0.0410    0.0745    0.0491    0.1912
 000056   P  0.173535  0.115411  0.081351    0.0121    0.0191    0.0850    0.0390    0.0676    0.0569    0.1905
 000057   L  0.184351  0.101727  0.081491    0.0173    0.0356    0.0810    0.0410    0.0700    0.0552    0.1854
 000058   I  0.189112  0.096057  0.082411    0.0082    0.0294    0.0690    0.0300    0.0653    0.0594    0.1828
 000059   A  0.176251  0.084264  0.081201    0.0157    0.0518    0.0590    0.0200    0.0645    0.0512    0.1798
 000060   R  0.162446  0.078363  0.080848    0.0116    0.0424    0.0550    0.0160    0.0583    0.0487    0.1791
 000061   G  0.148418  0.081001  0.082549    0.0118    0.0334    0.0540    0.0150    0.0548    0.0457    0.1752
 000062   Y  0.136087  0.081216  0.084659    0.0086    0.0253    0.0560    0.0130    0.0513    0.0442    0.1750
 000063   R  0.121306  0.089985  0.086801    0.0070    0.0163    0.0530    0.0090    0.0480    0.0435    0.1788
 000064   Y  0.105606  0.106496  0.090129    0.0099    0.0306    0.0530    0.0090    0.0509    0.0403    0.1797
 000065   I  0.101308  0.121977  0.092494    0.0069    0.0244    0.0570    0.0130    0.0519    0.0444    0.1797
 000066   A  0.100617  0.137228  0.094017    0.0131    0.0214    0.0630    0.0170    0.0558    0.0468    0.1822
 000067   L  0.090496  0.151418  0.095409    0.0062    0.0181    0.0720    0.0210    0.0564    0.0516    0.1849
 000068   D  0.083886  0.158781  0.098150    0.0059    0.0313    0.0720    0.0210    0.0586    0.0515    0.1888
 000069   A  0.087997  0.151606  0.100706    0.0102    0.0581    0.0730    0.0190    0.0635    0.0460    0.1864
 000070   D  0.084569  0.152183  0.104892    0.0150    0.0380    0.0670    0.0120    0.0595    0.0479    0.1841
 000071   A  0.090258  0.151233  0.108925    0.0150    0.0334    0.0580    0.0080    0.0580    0.0496    0.1707
 000072   A  0.105339  0.143849  0.112675    0.0079    0.0334    0.0530    0.0120    0.0572    0.0515    0.1589
 000073   M  0.140051  0.147536  0.117484    0.0116    0.0405    0.0500    0.0130    0.0650    0.0561    0.1483
 000074   L  0.175708  0.151594  0.119412    0.0121    0.0463    0.0520    0.0120    0.0730    0.0629    0.1309
 000075   E  0.201753  0.147699  0.120851    0.0137    0.0835    0.0530    0.0130    0.0833    0.0650    0.1205
 000076   V  0.233365  0.142317  0.122631    0.0336    0.1424    0.0680    0.0170    0.1033    0.0664    0.1076
 000077   F  0.239475  0.157528  0.124143    0.0441    0.1137    0.0970    0.0320    0.1086    0.0633    0.0995
 000078   R  0.235830  0.167690  0.124342    0.0858    0.1914    0.0860    0.0260    0.1277    0.0590    0.0901
 000079   Q  0.236846  0.174008  0.123088    0.0478    0.1229    0.0900    0.0260    0.1119    0.0636    0.0822
 000080   K  0.248127  0.200799  0.122995    0.0677    0.0985    0.0950    0.0270    0.1183    0.0673    0.0755
 000081   I  0.267786  0.217453  0.123175    0.0395    0.0967    0.1080    0.0330    0.1216    0.0797    0.0679
 000082   A  0.302571  0.224391  0.121962    0.0327    0.0967    0.1110    0.0370    0.1280    0.0914    0.0664
 000083   G  0.338366  0.256642  0.119917    0.0455    0.1229    0.1300    0.0450    0.1489    0.1001    0.0645
 000084   V  0.398170  0.290978  0.117569    0.0464    0.1323    0.1920    0.0790    0.1767    0.1189    0.0633
 000085   D  0.413169  0.301456  0.113511    0.0991    0.2002    0.1590    0.0590    0.1955    0.1125    0.0666
 000086   R  0.435723  0.303999  0.110390    0.0744    0.1643    0.1400    0.0610    0.1863    0.1272    0.0665
 000087   K  0.458183  0.330297  0.107421    0.1178    0.1449    0.1330    0.0520    0.1973    0.1336    0.0672
 000088   V  0.490481  0.318809  0.104420    0.1698    0.2715    0.1360    0.0540    0.2311    0.1326    0.0633
 000089   Q  0.518369  0.292019  0.102201    0.1041    0.1942    0.1280    0.0520    0.2061    0.1485    0.0633
 000090   V  0.541481  0.289065  0.100505    0.1150    0.2064    0.1250    0.0490    0.2128    0.1548    0.0616
 000091   V  0.525147  0.285516  0.099069    0.0587    0.2193    0.1010    0.0290    0.1983    0.1600    0.0631
 000092   Q  0.505864  0.264225  0.096399    0.1292    0.3215    0.1000    0.0290    0.2201    0.1482    0.0687
 000093   A  0.481459  0.253564  0.094218    0.1635    0.3494    0.1170    0.0390    0.2275    0.1379    0.0727
 000094   D  0.499639  0.270551  0.090985    0.1698    0.2817    0.1180    0.0490    0.2233    0.1375    0.0789
 000095   A  0.532591  0.269614  0.087405    0.2385    0.3599    0.1310    0.0570    0.2552    0.1484    0.0818
 000096   R  0.556103  0.279382  0.084568    0.1566    0.3494    0.1490    0.0600    0.2483    0.1587    0.0846
 000097   A  0.569776  0.320143  0.082688    0.1635    0.2918    0.1700    0.0690    0.2525    0.1583    0.0902
 000098   I  0.560795  0.368400  0.081082    0.1732    0.2064    0.1740    0.0610    0.2471    0.1598    0.0965
 000099   P  0.535288  0.406182  0.077833    0.1766    0.2129    0.2020    0.0820    0.2554    0.1546    0.1102
 000100   L  0.475130  0.431023  0.075026    0.1060    0.1476    0.2200    0.0900    0.2299    0.1564    0.1196
 000101   P  0.412628  0.452696  0.070798    0.1088    0.2164    0.1920    0.0790    0.2304    0.1441    0.1349
 000102   D  0.336962  0.413182  0.066271    0.1088    0.2064    0.1560    0.0520    0.2035    0.1237    0.1491
 000103   E  0.268265  0.363957  0.061943    0.1088    0.1229    0.1260    0.0350    0.1649    0.1060    0.1575
 000104   S  0.203262  0.312918  0.056897    0.0744    0.1501    0.0960    0.0230    0.1395    0.0887    0.1741
 000105   V  0.147613  0.250285  0.053880    0.0395    0.0909    0.0720    0.0170    0.1001    0.0724    0.1916
 000106   H  0.091222  0.201528  0.051239    0.0514    0.0719    0.0590    0.0150    0.0791    0.0535    0.2189
 000107   G  0.040847  0.162916  0.048735    0.0308    0.0888    0.0550    0.0170    0.0631    0.0455    0.2386
 000108   V  0.004025  0.116825  0.046064    0.0245    0.1115    0.0570    0.0210    0.0524    0.0425    0.2580
 000109   I  0.001866  0.081170  0.043921    0.0502    0.1115    0.0550    0.0180    0.0500    0.0345    0.2816
 000110   V  0.001573  0.070241  0.043241    0.0478    0.1115    0.0510    0.0140    0.0470    0.0336    0.3149
 000111   V  0.001417  0.051355  0.041944    0.0514    0.1731    0.0470    0.0120    0.0540    0.0535    0.3539
 000112   H  0.001293  0.042917  0.041571    0.0526    0.1048    0.0450    0.0130    0.0411    0.0311    0.3918
 000113   L  0.000999  0.039023  0.041541    0.0478    0.0592    0.0410    0.0110    0.0314    0.0193    0.4235
 000114   W  0.000259  0.036562  0.041528    0.0304    0.0473    0.0400    0.0120    0.0257    0.0168    0.4099
 000115   H  0.000307  0.042352  0.042552    0.0150    0.0506    0.0340    0.0100    0.0238    0.0190    0.3964
 000116   L  0.000332  0.057189  0.044513    0.0231    0.0676    0.0360    0.0110    0.0307    0.0233    0.3890
 000117   V  0.000375  0.083829  0.046132    0.0252    0.0364    0.0350    0.0090    0.0301    0.0262    0.3820
 000118   P  0.000787  0.099819  0.048447    0.0194    0.0334    0.0320    0.0090    0.0310    0.0319    0.3711
 000119   D  0.001914  0.111274  0.051380    0.0160    0.0334    0.0350    0.0080    0.0330    0.0359    0.3672
 000120   W  0.003941  0.137951  0.054280    0.0279    0.0349    0.0410    0.0090    0.0410    0.0431    0.3715
 000121   P  0.007932  0.138669  0.057485    0.0279    0.0518    0.0400    0.0100    0.0444    0.0423    0.4022
 000122   K  0.014692  0.125908  0.060167    0.0252    0.0909    0.0480    0.0150    0.0508    0.0394    0.4289
 000123   V  0.021467  0.129470  0.062929    0.0226    0.0888    0.0600    0.0200    0.0538    0.0389    0.3943
 000124   L  0.027036  0.132898  0.063536    0.0490    0.1449    0.0680    0.0200    0.0703    0.0445    0.3657
 000125   A  0.038667  0.115662  0.065172    0.0935    0.2034    0.0830    0.0360    0.0891    0.0531    0.3403
 000126   E  0.043280  0.131201  0.067306    0.0965    0.1275    0.0870    0.0400    0.0809    0.0331    0.3221
 000127   A  0.047512  0.148527  0.070125    0.1456    0.1251    0.0990    0.0450    0.0943    0.0394    0.3096
 000128   I  0.054016  0.150973  0.074954    0.1349    0.1852    0.0950    0.0290    0.1033    0.0471    0.2912
 000129   R  0.066749  0.159982  0.080223    0.0723    0.1643    0.0820    0.0210    0.0910    0.0433    0.2760
 000130   V  0.082083  0.197771  0.085727    0.0723    0.0888    0.0770    0.0270    0.0864    0.0460    0.2735
 000131   L  0.151626  0.226628  0.092400    0.1292    0.1583    0.0830    0.0310    0.1248    0.0500    0.2834
 000132   K  0.221168  0.225839  0.096509    0.0771    0.1424    0.0800    0.0300    0.1243    0.0646    0.3059
 000133   P  0.250976  0.232611  0.102009    0.0884    0.1251    0.0850    0.0230    0.1303    0.0704    0.3320
 000134   G  0.289219  0.248662  0.111178    0.1380    0.1852    0.0990    0.0280    0.1600    0.0728    0.3600
 000135   G  0.371983  0.229470  0.119649    0.1921    0.2399    0.1150    0.0320    0.1914    0.0889    0.3816
 000136   A  0.382716  0.214439  0.129424    0.2255    0.2645    0.1180    0.0320    0.2008    0.0913    0.4021
 000137   L  0.394933  0.247849  0.137830    0.1878    0.2817    0.1060    0.0250    0.2031    0.0990    0.4183
 000138   L  0.400049  0.290163  0.146933    0.2122    0.3117    0.1060    0.0270    0.2199    0.1035    0.4315
 000139   E  0.436672  0.323276  0.153486    0.3359    0.3019    0.1250    0.0450    0.2538    0.1110    0.4221
 000140   G  0.439272  0.377051  0.160424    0.3717    0.3249    0.1560    0.0660    0.2781    0.1122    0.4036
 000141   W  0.441103  0.397534  0.166378    0.3717    0.3053    0.1620    0.0640    0.2797    0.1123    0.3937
 000142   D  0.428801  0.399300  0.172841    0.4749    0.3948    0.1600    0.0590    0.3097    0.1277    0.3978
 000143   Q  0.400727  0.405353  0.182725    0.4037    0.4087    0.1610    0.0620    0.2966    0.1140    0.4072
 000144   A  0.339924  0.416226  0.191871    0.3939    0.3667    0.1640    0.0700    0.2802    0.1031    0.4161
 000145   E  0.340274  0.404357  0.200422    0.3992    0.2645    0.1600    0.0800    0.2614    0.0997    0.4318
 000146   A  0.326879  0.422796  0.212353    0.3717    0.2436    0.1360    0.0550    0.2501    0.1041    0.4263
 000147   S  0.313101  0.429215  0.228794    0.3311    0.2470    0.1200    0.0470    0.2401    0.1033    0.4120
 000148   P  0.296199  0.423339  0.244261    0.3939    0.2224    0.1040    0.0340    0.2399    0.1151    0.4066
 000149   E  0.291975  0.422106  0.259044    0.4600    0.2849    0.1010    0.0320    0.2599    0.1248    0.4099
 000150   W  0.288927  0.400496  0.274311    0.3762    0.2541    0.1090    0.0330    0.2381    0.1051    0.4220
 000151   T  0.307979  0.395449  0.286307    0.3535    0.2575    0.0950    0.0250    0.2350    0.1062    0.4279
 000152   L  0.310163  0.378746  0.299064    0.4037    0.3631    0.0900    0.0250    0.2575    0.1154    0.4280
 000153   Q  0.305751  0.353505  0.310467    0.3885    0.3599    0.0910    0.0290    0.2498    0.1112    0.4276
 000154   E  0.332019  0.364018  0.321300    0.3885    0.2470    0.0980    0.0270    0.2383    0.1108    0.4319
 000155   R  0.348274  0.383792  0.332738    0.4203    0.2988    0.1100    0.0330    0.2601    0.1141    0.4213
 000156   W  0.359537  0.373103  0.352508    0.3311    0.2258    0.1230    0.0320    0.2354    0.1079    0.3949
 000157   R  0.346653  0.359398  0.371766    0.3885    0.2575    0.1340    0.0320    0.2477    0.1083    0.3812
 000158   A  0.295622  0.358083  0.393461    0.3263    0.2436    0.1480    0.0370    0.2286    0.1039    0.3591
 000159   F  0.246494  0.436833  0.413518    0.3005    0.2224    0.1630    0.0410    0.2282    0.1209    0.3501
 000160   A  0.242464  0.470269  0.432256    0.2700    0.1424    0.1730    0.0400    0.2163    0.1426    0.3531
 000161   A  0.259042  0.522292  0.448646    0.3491    0.2328    0.1870    0.0480    0.2583    0.1414    0.3617
 000162   E  0.257821  0.552438  0.468924    0.2748    0.2002    0.1950    0.0550    0.2467    0.1574    0.3705
 000163   E  0.284274  0.576615  0.486792    0.3535    0.2817    0.2110    0.0550    0.2844    0.1509    0.3679
 000164   G  0.348080  0.594959  0.505402    0.3225    0.2575    0.2430    0.0490    0.2943    0.1542    0.3608
 000165   F  0.416131  0.598438  0.521829    0.3096    0.1731    0.2800    0.0520    0.2962    0.1695    0.3625
 000166   P  0.481761  0.616648  0.538185    0.3053    0.1852    0.2750    0.0510    0.3106    0.1788    0.3744
 000167   V  0.549778  0.631269  0.554728    0.2913    0.2849    0.3080    0.0600    0.3443    0.1715    0.3927
 000168   E  0.615484  0.631123  0.572751    0.3184    0.2364    0.3140    0.0750    0.3525    0.1877    0.4116
 000169   R  0.668275  0.653350  0.590992    0.3263    0.2645    0.3430    0.0930    0.3758    0.1936    0.4277
 000170   G  0.721765  0.660147  0.612162    0.3359    0.3740    0.3840    0.0990    0.4126    0.1848    0.4336
 000171   L  0.799637  0.683385  0.632706    0.3399    0.3774    0.3580    0.0980    0.4264    0.2092    0.4284
 000172   H  0.836575  0.725167  0.654536    0.3456    0.3182    0.3520    0.1180    0.4297    0.2341    0.4226
 000173   A  0.855132  0.749545  0.675566    0.3263    0.2951    0.3670    0.1120    0.4321    0.2494    0.4201
 000174   K  0.874689  0.771258  0.692617    0.2700    0.2715    0.3910    0.1040    0.4297    0.2695    0.4030
 000175   R  0.893927  0.793407  0.709360    0.2385    0.1914    0.4520    0.0980    0.4282    0.2949    0.3816
 000176   L  0.912016  0.810366  0.724886    0.2963    0.3019    0.4760    0.1130    0.4661    0.2709    0.3770
 000177   K  0.931374  0.822836  0.737540    0.2080    0.1942    0.4710    0.1010    0.4379    0.3148    0.3727
 000178   E  0.951483  0.829573  0.743915    0.2865    0.2541    0.5230    0.1060    0.4741    0.2924    0.3762
 000179   V  0.968466  0.837116  0.751960    0.2209    0.2752    0.5080    0.0780    0.4682    0.3074    0.3854
 000180   E  0.980694  0.838540  0.758717    0.2333    0.2715    0.4110    0.0910    0.4559    0.3160    0.3883
 000181   E  0.985571  0.843556  0.762644    0.2531    0.2783    0.4110    0.1020    0.4619    0.3136    0.3870
 000182   A  0.986077  0.846118  0.770521    0.2963    0.3392    0.4520    0.1080    0.4865    0.2940    0.3936
 000183   L  0.991410  0.858517  0.775340    0.3096    0.3460    0.4840    0.1100    0.4983    0.2912    0.3931
 000184   R  0.981832  0.870803  0.781784    0.3146    0.3019    0.4920    0.1350    0.4935    0.2980    0.3831
 000185   R  0.982908  0.873510  0.788139    0.3096    0.2884    0.5390    0.1320    0.4990    0.3000    0.3869
 000186   L  0.982083  0.860904  0.797031    0.2700    0.2849    0.5450    0.1410    0.4904    0.3073    0.4002
 000187   G  0.981253  0.883614  0.797344    0.3263    0.2645    0.5890    0.1430    0.5074    0.3024    0.3962
 000188   L  0.981214  0.877680  0.798719    0.3184    0.2470    0.6210    0.1450    0.5075    0.3062    0.3940
 000189   K  0.981179  0.883154  0.797306    0.2209    0.2470    0.6350    0.1330    0.4945    0.3254    0.3795
 000190   P  0.981951  0.887837  0.795934    0.2748    0.3182    0.6490    0.1350    0.5187    0.3012    0.3635
 000191   R  0.987370  0.887806  0.793941    0.2820    0.2951    0.6710    0.1150    0.5205    0.3049    0.3488
 000192   T  0.987337  0.884687  0.795041    0.2913    0.3019    0.6300    0.1070    0.5159    0.3015    0.3360
 000193   R  0.996226  0.878853  0.789889    0.2820    0.3460    0.6430    0.0810    0.5243    0.2954    0.3198
 000194   E  0.995668  0.880202  0.791654    0.3535    0.4051    0.6250    0.0820    0.5433    0.2713    0.3106
 000195   V  0.994776  0.889912  0.789899    0.3992    0.4292    0.6700    0.0570    0.5639    0.2581    0.3068
 000196   A  0.955862  0.891089  0.784950    0.4078    0.4256    0.6670    0.0470    0.5579    0.2493    0.2955
 000197   R  0.909936  0.882409  0.780153    0.4600    0.4256    0.7080    0.0550    0.5643    0.2302    0.2796
 000198   W  0.866742  0.890243  0.775648    0.4333    0.4220    0.7670    0.0460    0.5632    0.2319    0.2747
 000199   R  0.841029  0.888477  0.769013    0.4379    0.4901    0.7070    0.0770    0.5608    0.2124    0.2689
 000200   E  0.815316  0.872182  0.754857    0.4333    0.4119    0.6760    0.0760    0.5349    0.2184    0.2731
 000201   E  0.768745  0.865161  0.741174    0.3885    0.3807    0.7280    0.0880    0.5219    0.2263    0.2792
 000202   R  0.717762  0.858164  0.723191    0.3456    0.4051    0.7380    0.0930    0.5107    0.2231    0.2896
 000203   T  0.669696  0.845336  0.703215    0.3311    0.3740    0.7020    0.1080    0.4870    0.2205    0.3043
 000204   P  0.609722  0.835738  0.691387    0.3456    0.3182    0.6410    0.1330    0.4583    0.2180    0.3134
 000205   R  0.621065  0.820307  0.677944    0.3311    0.2224    0.7090    0.1020    0.4506    0.2417    0.3223
 000206   E  0.646104  0.804529  0.665206    0.3263    0.2849    0.7060    0.1060    0.4612    0.2246    0.3389
 000207   A  0.660679  0.783250  0.649353    0.2558    0.2064    0.7180    0.1180    0.4374    0.2515    0.3624
 000208   L  0.631041  0.765695  0.631696    0.2700    0.2364    0.6830    0.1260    0.4310    0.2308    0.3870
 000209   E  0.627158  0.738848  0.615701    0.2865    0.3460    0.6290    0.1210    0.4380    0.1940    0.4034
 000210   A  0.653019  0.717603  0.596476    0.3146    0.3704    0.5940    0.1170    0.4417    0.1776    0.4267
 000211   L  0.683248  0.691233  0.579359    0.3263    0.2884    0.5800    0.1170    0.4282    0.1871    0.4255
 000212   S  0.710242  0.650884  0.561136    0.3359    0.3087    0.5260    0.1140    0.4220    0.1760    0.4177
 000213   E  0.743620  0.617477  0.544068    0.2820    0.3321    0.4920    0.1320    0.4112    0.1827    0.4123
 000214   R  0.743702  0.589540  0.528434    0.2963    0.3494    0.4620    0.1530    0.4068    0.1733    0.4091
 000215   L  0.732915  0.538879  0.512215    0.2786    0.2645    0.4250    0.1380    0.3733    0.1823    0.3943
 000216   Y  0.700767  0.498309  0.495786    0.3225    0.2817    0.3890    0.1450    0.3654    0.1615    0.3858
 000217   S  0.695873  0.511590  0.480012    0.2558    0.2609    0.3220    0.1220    0.3411    0.1772    0.3851
 000218   F  0.695226  0.519158  0.462712    0.2558    0.2575    0.2850    0.0990    0.3355    0.1800    0.3860
 000219   T  0.663153  0.504038  0.443070    0.2913    0.2817    0.2560    0.0860    0.3327    0.1638    0.3965
 000220   Q  0.600903  0.502440  0.422706    0.2748    0.2541    0.2730    0.0860    0.3175    0.1491    0.4062
 000221   G  0.519814  0.478143  0.402249    0.2209    0.2783    0.3070    0.0900    0.3006    0.1270    0.4105
 000222   L  0.447926  0.470218  0.383438    0.2432    0.3321    0.2950    0.0910    0.2981    0.1029    0.4173
 000223   P  0.365745  0.456901  0.363897    0.2531    0.2645    0.2440    0.0680    0.2641    0.0983    0.4306
 000224   E  0.286805  0.447092  0.345770    0.2333    0.1643    0.2520    0.0870    0.2305    0.1066    0.4261
 000225   P  0.252831  0.430699  0.327171    0.1732    0.1643    0.2310    0.0840    0.2087    0.1073    0.4190
 000226   V  0.218500  0.404286  0.311640    0.1380    0.1399    0.2150    0.0740    0.1859    0.1079    0.4077
 000227   H  0.198559  0.371244  0.297005    0.1844    0.2034    0.1820    0.0550    0.1899    0.0863    0.3964
 000228   A  0.193197  0.341822  0.283391    0.1018    0.2064    0.1660    0.0510    0.1683    0.0912    0.3878
 000229   R  0.226726  0.313164  0.266816    0.1349    0.2884    0.1330    0.0410    0.1827    0.0837    0.3706
 000230   V  0.265778  0.283815  0.250649    0.1292    0.2783    0.1100    0.0330    0.1779    0.0829    0.3727
 000231   M  0.269164  0.270740  0.240315    0.1018    0.1969    0.0840    0.0230    0.1538    0.0855    0.3715
 000232   E  0.279253  0.243081  0.229908    0.0991    0.2002    0.0710    0.0220    0.1488    0.0853    0.3560
 000233   R  0.296402  0.216950  0.225097    0.0909    0.2817    0.0630    0.0180    0.1581    0.0966    0.3503
 000234   L  0.303256  0.208805  0.222717    0.0813    0.1823    0.0570    0.0150    0.1387    0.0922    0.3625
 000235   W  0.304653  0.182872  0.210982    0.0789    0.1852    0.0570    0.0140    0.1347    0.0902    0.3691
 000236   A  0.259041  0.170219  0.201970    0.0387    0.1449    0.0520    0.0130    0.1109    0.0852    0.3731
 000237   W  0.222144  0.168612  0.193806    0.0607    0.2193    0.0550    0.0120    0.1210    0.0769    0.3650
 000238   A  0.185737  0.190626  0.187878    0.0567    0.1349    0.0600    0.0130    0.1046    0.0660    0.3642
 000239   E  0.160619  0.215783  0.182016    0.0789    0.1702    0.0710    0.0190    0.1161    0.0614    0.3568
 000240   A  0.168459  0.227865  0.176911    0.0464    0.1373    0.0880    0.0280    0.1113    0.0666    0.3594
 000241   E  0.170893  0.262758  0.179483    0.0832    0.1881    0.1040    0.0330    0.1348    0.0660    0.3474
 000242   L  0.176081  0.276801  0.182687    0.0660    0.2034    0.1260    0.0470    0.1413    0.0719    0.3412
 000243   G  0.172511  0.309084  0.198776    0.0607    0.1823    0.1360    0.0460    0.1434    0.0814    0.3370
 000244   D  0.185961  0.345031  0.214673    0.0701    0.1206    0.1810    0.0460    0.1504    0.0927    0.3187
 000245   L  0.200003  0.383473  0.229942    0.0991    0.1229    0.2350    0.0670    0.1735    0.0999    0.2933
 000246   D  0.245910  0.384203  0.248149    0.1088    0.1476    0.2760    0.0870    0.1938    0.0984    0.2731
 000247   R  0.287717  0.381602  0.266705    0.0789    0.1449    0.2880    0.0910    0.1968    0.1097    0.2523
 000248   P  0.336442  0.368960  0.284404    0.0909    0.1852    0.2990    0.0820    0.2134    0.1061    0.2413
 000249   F  0.385504  0.353613  0.287674    0.0909    0.1969    0.3340    0.1060    0.2268    0.1124    0.2250
 000250   P  0.440718  0.339159  0.292538    0.0526    0.1791    0.2840    0.1000    0.2160    0.1318    0.2135
 000251   V  0.510639  0.340687  0.298345    0.0643    0.1323    0.3060    0.1340    0.2257    0.1533    0.1934
 000252   E  0.591471  0.349899  0.304581    0.0514    0.1373    0.3320    0.1530    0.2437    0.1789    0.1790
 000253   K  0.661067  0.339571  0.310714    0.0526    0.1914    0.4660    0.1840    0.2851    0.2002    0.1663
 000254   R  0.730676  0.301522  0.317394    0.0526    0.1583    0.6070    0.1110    0.3083    0.2435    0.1574
 000255   F  0.764513  0.284870  0.324455    0.0660    0.1298    0.6150    0.1850    0.3100    0.2557    0.1602
 000256   L  0.763454  0.270814  0.330147    0.1456    0.1671    0.5590    0.1030    0.3176    0.2279    0.1613
 000257   L  0.783360  0.315038  0.333599    0.1698    0.1323    0.5580    0.1140    0.3264    0.2327    0.1590
 000258   R  0.815366  0.400021  0.338606    0.2333    0.1251    0.5460    0.1490    0.3534    0.2308    0.1524
 000259   V  0.856241  0.496626  0.342826    0.2531    0.0765    0.6490    0.1280    0.3886    0.2633    0.1488
 000260   S  0.586988  0.600667  0.350393    0.4078    0.1349    0.7360    0.1140    0.4110    0.2051    0.1455
 000261   R  0.816337  0.676826  0.361307    0.4245    0.0780    0.7670    0.1320    0.4605    0.2662    0.1408
 000262   L  0.928277  0.710262  0.375038    0.5412    0.1028    0.7600    0.1420    0.5072    0.2784    0.1449
 000263   G  0.982502  0.763551  0.389070    0.5802    0.0704    0.8300    0.0990    0.5378    0.3100    0.1483
