#RESNUM RES     VL-XT     VSL2B       VL3  IUPred-S  IUPred-L  PONDRFIT  FITERROR       MDP  MDPERROR   ANCHOR2
 000001   M  0.314552  0.642924  0.171063    0.7688    0.0364    0.9020    0.0340    0.4440    0.3193    0.3599
 000002   T  0.233805  0.595667  0.179240    0.6681    0.0253    0.8140    0.0500    0.3896    0.2892    0.3413
 000003   S  0.390130  0.593611  0.189658    0.6079    0.0275    0.7620    0.0640    0.3968    0.2569    0.3191
 000004   A  0.385963  0.529854  0.196115    0.5008    0.0294    0.6620    0.0590    0.3512    0.2158    0.3014
 000005   W  0.289232  0.433837  0.196310    0.4333    0.0313    0.5860    0.0650    0.2956    0.1835    0.2876
 000006   V  0.267869  0.334437  0.195547    0.3630    0.0463    0.5460    0.0940    0.2597    0.1572    0.2761
 000007   L  0.274354  0.275818  0.196429    0.2865    0.0618    0.5990    0.0670    0.2497    0.1649    0.2588
 000008   D  0.254964  0.251441  0.201939    0.2483    0.0851    0.5670    0.0910    0.2344    0.1498    0.2447
 000009   A  0.237123  0.228563  0.203199    0.2080    0.1275    0.5630    0.0800    0.2274    0.1436    0.2368
 000010   S  0.206418  0.206797  0.202011    0.1766    0.0851    0.5850    0.0640    0.2099    0.1618    0.2340
 000011   V  0.169630  0.216427  0.207716    0.1635    0.1007    0.5040    0.0440    0.1924    0.1339    0.2296
 000012   A  0.198865  0.233542  0.214245    0.1240    0.1349    0.4610    0.0630    0.1921    0.1173    0.2306
 000013   V  0.231824  0.259623  0.223287    0.1205    0.1323    0.5040    0.0950    0.2080    0.1319    0.2371
 000014   A  0.266789  0.293732  0.232439    0.1292    0.1115    0.4810    0.0910    0.2136    0.1281    0.2579
 000015   A  0.286960  0.341944  0.240982    0.1532    0.1399    0.4380    0.0770    0.2267    0.1116    0.2791
 000016   A  0.282120  0.372784  0.248973    0.2041    0.2258    0.4220    0.0650    0.2512    0.0894    0.2996
 000017   T  0.285809  0.414970  0.260977    0.2700    0.2034    0.4090    0.0730    0.2638    0.0895    0.3193
 000018   G  0.292203  0.446307  0.272812    0.3399    0.2002    0.4140    0.0710    0.2821    0.0954    0.3333
 000019   H  0.302424  0.482481  0.288415    0.2483    0.1881    0.3820    0.0900    0.2672    0.1063    0.3486
 000020   P  0.328377  0.493049  0.306914    0.1878    0.2164    0.3040    0.0980    0.2550    0.1104    0.3489
 000021   L  0.304772  0.509312  0.325020    0.1805    0.1881    0.2170    0.0510    0.2332    0.1257    0.3407
 000022   R  0.308372  0.519771  0.345016    0.2385    0.1914    0.1600    0.0440    0.2364    0.1323    0.3397
 000023   E  0.297882  0.529504  0.362246    0.2333    0.1583    0.1480    0.0390    0.2279    0.1444    0.3332
 000024   H  0.304194  0.516944  0.381628    0.2255    0.2364    0.1440    0.0400    0.2379    0.1366    0.3234
 000025   A  0.313006  0.493263  0.400973    0.1732    0.2817    0.1280    0.0440    0.2315    0.1418    0.2965
 000026   Q  0.309969  0.465768  0.416808    0.1998    0.3117    0.1130    0.0440    0.2334    0.1386    0.2736
 000027   R  0.301430  0.447937  0.429331    0.2333    0.3392    0.1020    0.0460    0.2373    0.1378    0.2536
 000028   L  0.298775  0.420039  0.437213    0.2292    0.2364    0.0980    0.0470    0.2138    0.1377    0.2372
 000029   L  0.296120  0.409736  0.445561    0.2255    0.1298    0.0980    0.0460    0.1932    0.1501    0.2197
 000030   R  0.292219  0.408374  0.455754    0.1495    0.0817    0.0970    0.0390    0.1714    0.1662    0.1995
 000031   R  0.264001  0.413976  0.466357    0.0723    0.0817    0.1040    0.0440    0.1559    0.1779    0.1851
 000032   A  0.249873  0.408270  0.476010    0.0858    0.1373    0.1100    0.0490    0.1652    0.1698    0.1775
 000033   V  0.233692  0.408994  0.480654    0.1088    0.0835    0.1240    0.0530    0.1599    0.1732    0.1660
 000034   V  0.215668  0.410096  0.485656    0.0991    0.0349    0.1390    0.0600    0.1498    0.1829    0.1567
 000035   E  0.209820  0.428874  0.493869    0.0567    0.0275    0.1530    0.0650    0.1460    0.1946    0.1513
 000036   E  0.206624  0.471031  0.501632    0.0395    0.0275    0.1600    0.0730    0.1508    0.2067    0.1502
 000037   R  0.210908  0.480339  0.506465    0.0316    0.0281    0.1650    0.0850    0.1527    0.2106    0.1478
 000038   S  0.238900  0.489539  0.509028    0.0279    0.0194    0.1590    0.0890    0.1557    0.2153    0.1457
 000039   L  0.258451  0.476095  0.508438    0.0514    0.0269    0.1610    0.0940    0.1623    0.2074    0.1414
 000040   F  0.262665  0.462584  0.511483    0.0554    0.0463    0.1550    0.0890    0.1637    0.2024    0.1391
 000041   V  0.259314  0.428835  0.516343    0.0478    0.0389    0.1370    0.0810    0.1520    0.2020    0.1398
 000042   P  0.253277  0.435441  0.513794    0.0490    0.0231    0.1220    0.0700    0.1472    0.2059    0.1433
 000043   R  0.251175  0.395487  0.509222    0.0478    0.0263    0.1220    0.0650    0.1405    0.1980    0.1411
 000044   L  0.241128  0.398315  0.497416    0.0405    0.0398    0.1240    0.0590    0.1406    0.1933    0.1401
 000045   F  0.228294  0.392422  0.484987    0.0621    0.0506    0.1230    0.0510    0.1427    0.1836    0.1374
 000046   A  0.207201  0.398478  0.471799    0.0567    0.0454    0.1150    0.0450    0.1372    0.1828    0.1332
 000047   A  0.163462  0.394031  0.459012    0.0425    0.0198    0.1170    0.0390    0.1228    0.1850    0.1274
 000048   E  0.124623  0.423728  0.445308    0.0425    0.0214    0.1150    0.0370    0.1213    0.1883    0.1228
 000049   V  0.103579  0.400645  0.432570    0.0200    0.0223    0.1440    0.0450    0.1151    0.1830    0.1208
 000050   A  0.086086  0.394667  0.416163    0.0363    0.0313    0.1660    0.0570    0.1191    0.1742    0.1224
 000051   S  0.090431  0.391006  0.398574    0.0660    0.0380    0.1620    0.0620    0.1245    0.1631    0.1238
 000052   A  0.124121  0.409575  0.380596    0.0813    0.0646    0.1940    0.0880    0.1456    0.1519    0.1236
 000053   L  0.165408  0.401760  0.361003    0.0350    0.0543    0.1980    0.1010    0.1424    0.1516    0.1233
 000054   R  0.237911  0.405566  0.341493    0.0376    0.0618    0.1520    0.0820    0.1492    0.1476    0.1271
 000055   R  0.285704  0.410671  0.322370    0.0643    0.0870    0.1330    0.0660    0.1634    0.1402    0.1324
 000056   A  0.337019  0.401137  0.304042    0.1266    0.1449    0.1390    0.0630    0.1915    0.1203    0.1404
 000057   S  0.381221  0.378066  0.286403    0.1205    0.1852    0.1330    0.0530    0.1997    0.1177    0.1463
 000058   F  0.428825  0.369621  0.268613    0.1150    0.2164    0.1610    0.0550    0.2151    0.1193    0.1528
 000059   H  0.473701  0.385077  0.254238    0.1240    0.1731    0.1850    0.0470    0.2234    0.1314    0.1610
 000060   G  0.499471  0.386706  0.241511    0.1844    0.1583    0.2170    0.0310    0.2409    0.1283    0.1585
 000061   A  0.499770  0.403828  0.228943    0.1805    0.1942    0.2510    0.0260    0.2549    0.1239    0.1506
 000062   L  0.459135  0.437869  0.216124    0.1060    0.1229    0.2900    0.0500    0.2360    0.1435    0.1429
 000063   T  0.385593  0.461451  0.203633    0.1349    0.0888    0.3400    0.0720    0.2352    0.1398    0.1354
 000064   Q  0.337343  0.486814  0.192950    0.1380    0.0888    0.3950    0.0990    0.2410    0.1469    0.1244
 000065   E  0.277419  0.466147  0.181432    0.0858    0.0929    0.3880    0.1040    0.2184    0.1463    0.1130
 000066   A  0.225188  0.454610  0.169045    0.0514    0.0531    0.3510    0.0850    0.1892    0.1505    0.1013
 000067   A  0.170525  0.443167  0.160297    0.0643    0.0817    0.2730    0.0570    0.1721    0.1314    0.0889
 000068   E  0.122601  0.427006  0.155373    0.0336    0.0443    0.1860    0.0420    0.1356    0.1334    0.0814
 000069   K  0.074666  0.391213  0.151665    0.0909    0.0494    0.1320    0.0320    0.1231    0.1166    0.0754
 000070   A  0.024466  0.337804  0.147838    0.0502    0.0253    0.0960    0.0210    0.0890    0.1119    0.0659
 000071   L  0.015930  0.273196  0.142074    0.0268    0.0209    0.0780    0.0180    0.0691    0.0949    0.0592
 000072   D  0.010929  0.217056  0.135373    0.0167    0.0258    0.0630    0.0190    0.0555    0.0784    0.0553
 000073   L  0.003751  0.171435  0.130007    0.0279    0.0483    0.0540    0.0190    0.0509    0.0627    0.0512
 000074   L  0.003664  0.119855  0.124757    0.0268    0.0494    0.0480    0.0160    0.0413    0.0498    0.0486
 000075   L  0.003004  0.099159  0.124526    0.0268    0.0518    0.0410    0.0120    0.0370    0.0466    0.0478
 000076   K  0.003035  0.107251  0.124324    0.0259    0.0263    0.0360    0.0090    0.0331    0.0497    0.0479
 000077   L  0.003066  0.096330  0.124787    0.0350    0.0263    0.0370    0.0080    0.0330    0.0473    0.0471
 000078   P  0.003109  0.090341  0.125122    0.0231    0.0191    0.0350    0.0070    0.0284    0.0483    0.0477
 000079   W  0.003320  0.084297  0.124654    0.0141    0.0148    0.0370    0.0090    0.0257    0.0485    0.0453
 000080   I  0.002506  0.107453  0.124657    0.0074    0.0125    0.0420    0.0140    0.0286    0.0532    0.0420
 000081   Y  0.001714  0.136888  0.124196    0.0070    0.0097    0.0460    0.0150    0.0336    0.0596    0.0430
 000082   A  0.001259  0.172819  0.122163    0.0099    0.0146    0.0500    0.0160    0.0414    0.0673    0.0456
 000083   K  0.000804  0.211308  0.120519    0.0052    0.0091    0.0510    0.0140    0.0463    0.0795    0.0476
 000084   D  0.000864  0.234260  0.118676    0.0087    0.0133    0.0540    0.0120    0.0519    0.0853    0.0509
 000085   E  0.000843  0.236998  0.117841    0.0083    0.0202    0.0550    0.0130    0.0535    0.0854    0.0533
 000086   E  0.003774  0.230803  0.115328    0.0160    0.0356    0.0570    0.0130    0.0571    0.0802    0.0542
 000087   L  0.008877  0.226323  0.113808    0.0157    0.0202    0.0660    0.0250    0.0561    0.0791    0.0539
 000088   A  0.073729  0.217068  0.112869    0.0327    0.0349    0.0720    0.0290    0.0718    0.0654    0.0537
 000089   L  0.138878  0.203174  0.111707    0.0109    0.0300    0.0900    0.0360    0.0788    0.0674    0.0521
 000090   A  0.172276  0.205499  0.112002    0.0212    0.0454    0.1090    0.0490    0.0923    0.0673    0.0529
 000091   A  0.205619  0.206211  0.110681    0.0414    0.0851    0.1270    0.0600    0.1109    0.0630    0.0541
 000092   L  0.210685  0.201940  0.107861    0.0587    0.1251    0.1320    0.0500    0.1214    0.0558    0.0518
 000093   R  0.210922  0.223908  0.105278    0.0660    0.0835    0.1320    0.0420    0.1194    0.0630    0.0495
 000094   W  0.210984  0.263147  0.102886    0.0526    0.0870    0.1500    0.0390    0.1273    0.0750    0.0466
 000095   S  0.208063  0.299795  0.100556    0.0268    0.0676    0.1600    0.0420    0.1270    0.0929    0.0427
 000096   S  0.203027  0.337483  0.097873    0.0252    0.0287    0.1710    0.0470    0.1276    0.1101    0.0388
 000097   K  0.137948  0.380434  0.094604    0.0167    0.0157    0.1820    0.0470    0.1222    0.1250    0.0356
 000098   L  0.072869  0.377879  0.091768    0.0173    0.0174    0.1970    0.0360    0.1137    0.1274    0.0320
 000099   G  0.040090  0.352829  0.087628    0.0118    0.0174    0.1950    0.0380    0.1028    0.1229    0.0293
 000100   Q  0.006665  0.329254  0.084250    0.0137    0.0174    0.1280    0.0330    0.0824    0.1138    0.0269
 000101   A  0.001835  0.289546  0.080224    0.0137    0.0174    0.0980    0.0290    0.0701    0.0997    0.0242
 000102   R  0.007111  0.231314  0.077778    0.0083    0.0227    0.0780    0.0240    0.0579    0.0787    0.0219
 000103   A  0.011022  0.189441  0.075224    0.0124    0.0398    0.0670    0.0230    0.0533    0.0617    0.0207
 000104   Y  0.013200  0.165397  0.074013    0.0131    0.0414    0.0660    0.0230    0.0498    0.0532    0.0197
 000105   D  0.015321  0.130707  0.073622    0.0297    0.0749    0.0650    0.0210    0.0525    0.0390    0.0193
 000106   A  0.015300  0.108306  0.072554    0.0304    0.0631    0.0640    0.0160    0.0469    0.0323    0.0185
 000107   F  0.015273  0.106670  0.071194    0.0304    0.0364    0.0640    0.0170    0.0421    0.0326    0.0180
 000108   Y  0.014675  0.110906  0.069566    0.0231    0.0209    0.0570    0.0130    0.0378    0.0360    0.0177
 000109   V  0.014675  0.115303  0.067665    0.0259    0.0194    0.0580    0.0140    0.0388    0.0369    0.0179
 000110   A  0.014358  0.139612  0.066674    0.0131    0.0205    0.0620    0.0160    0.0415    0.0459    0.0192
 000111   L  0.012635  0.157127  0.065957    0.0074    0.0165    0.0790    0.0250    0.0454    0.0538    0.0213
 000112   A  0.009057  0.171814  0.065030    0.0087    0.0202    0.0900    0.0350    0.0500    0.0591    0.0243
 000113   E  0.007138  0.193468  0.065044    0.0078    0.0174    0.0890    0.0400    0.0525    0.0667    0.0284
 000114   K  0.007677  0.209823  0.067369    0.0097    0.0198    0.0810    0.0380    0.0546    0.0711    0.0319
 000115   K  0.014988  0.214763  0.071352    0.0144    0.0205    0.0630    0.0200    0.0546    0.0711    0.0343
 000116   R  0.021356  0.215474  0.075324    0.0137    0.0134    0.0550    0.0130    0.0531    0.0719    0.0358
 000117   A  0.094402  0.205434  0.080618    0.0086    0.0163    0.0550    0.0150    0.0633    0.0668    0.0385
 000118   L  0.175572  0.175519  0.085042    0.0097    0.0320    0.0580    0.0130    0.0751    0.0667    0.0417
 000119   L  0.248665  0.151811  0.088664    0.0212    0.0320    0.0520    0.0110    0.0842    0.0810    0.0456
 000120   W  0.332274  0.132973  0.090340    0.0350    0.0483    0.0510    0.0110    0.1000    0.1036    0.0483
 000121   T  0.334989  0.123787  0.090270    0.0218    0.0473    0.0500    0.0090    0.0963    0.1063    0.0459
 000122   A  0.335079  0.120237  0.089539    0.0425    0.0463    0.0480    0.0060    0.0986    0.1040    0.0414
 000123   D  0.332386  0.125502  0.089146    0.0441    0.0568    0.0460    0.0060    0.1008    0.1021    0.0367
 000124   A  0.325101  0.123114  0.088866    0.0212    0.0240    0.0470    0.0080    0.0901    0.1059    0.0316
 000125   R  0.318906  0.126975  0.089080    0.0200    0.0143    0.0500    0.0100    0.0883    0.1051    0.0280
 000126   L  0.246104  0.136694  0.096910    0.0090    0.0141    0.0600    0.0100    0.0776    0.0830    0.0259
 000127   V  0.184178  0.141482  0.106618    0.0055    0.0101    0.0720    0.0140    0.0689    0.0677    0.0246
 000128   Q  0.135129  0.146205  0.117305    0.0074    0.0115    0.0990    0.0380    0.0665    0.0594    0.0230
 000129   G  0.088582  0.149926  0.130739    0.0079    0.0181    0.1160    0.0470    0.0634    0.0585    0.0216
 000130   L  0.122016  0.145165  0.133460    0.0141    0.0174    0.1360    0.0530    0.0725    0.0605    0.0201
 000131   R  0.163874  0.132435  0.135485    0.0286    0.0356    0.1590    0.0740    0.0866    0.0601    0.0192
 000132   A  0.206058  0.123806  0.138131    0.0118    0.0364    0.1920    0.0970    0.0951    0.0762    0.0194
 000133   L  0.240031  0.119096  0.140577    0.0179    0.0356    0.1950    0.0880    0.1013    0.0828    0.0202
 000134   G  0.277230  0.127293  0.144550    0.0194    0.0334    0.2320    0.0810    0.1148    0.0973    0.0208
 000135   F  0.322258  0.139900  0.147635    0.0200    0.0327    0.3830    0.1100    0.1497    0.1384    0.0215
 000136   L  0.345115  0.186703  0.150978    0.0286    0.0263    0.5400    0.1570    0.1878    0.1833    0.0216
 000137   G  0.374952  0.274682  0.154884    0.0744    0.0389    0.5950    0.0870    0.2263    0.1931    0.0210
 000138   V  0.409007  0.381002  0.159424    0.1566    0.0531    0.6520    0.1280    0.2753    0.2034    0.0203
 000139   K  0.443696  0.473273  0.164932    0.1878    0.0372    0.6610    0.1130    0.3006    0.2164    0.0205
 000140   G  0.501657  0.556037  0.170990    0.2333    0.0269    0.7220    0.0990    0.3400    0.2439    0.0206
 000141   L  0.485034  0.652471  0.177014    0.3885    0.0443    0.7490    0.1010    0.3866    0.2494    0.0206
 000142   E  0.674991  0.684867  0.183399    0.4420    0.0334    0.7830    0.0720    0.4365    0.2786    0.0206
 000143   E  0.641575  0.720234  0.190816    0.5253    0.0327    0.8240    0.0980    0.4573    0.2868    0.0203
 000144   A  0.902277  0.776048  0.197798    0.6681    0.0618    0.8960    0.0530    0.5506    0.3343    0.0195
