#RESNUM RES     VL-XT     VSL2B       VL3  IUPred-S  IUPred-L  PONDRFIT  FITERROR       MDP  MDPERROR   ANCHOR2
 000001   M  0.787796  0.757831  0.223600    0.7644    0.0592    0.9510    0.0230    0.5533    0.3297    0.4149
 000002   P  0.728936  0.703059  0.227390    0.7342    0.0817    0.9050    0.0340    0.5255    0.3017    0.4334
 000003   R  0.563902  0.665752  0.227994    0.6174    0.1070    0.8900    0.0370    0.4741    0.2689    0.4140
 000004   Y  0.470592  0.534474  0.230854    0.5667    0.1373    0.8480    0.0500    0.4262    0.2356    0.3971
 000005   Q  0.477542  0.439936  0.231336    0.5229    0.0780    0.7480    0.1300    0.3778    0.2173    0.3800
 000006   A  0.438249  0.335807  0.232634    0.4825    0.0555    0.8290    0.0790    0.3569    0.2424    0.3652
 000007   T  0.386564  0.252392  0.239994    0.3535    0.0835    0.7430    0.1120    0.3031    0.2071    0.3475
 000008   L  0.371209  0.193719  0.241973    0.2333    0.1275    0.6900    0.1190    0.2692    0.1893    0.3289
 000009   L  0.359228  0.176866  0.240099    0.2041    0.1554    0.4660    0.1300    0.2270    0.1176    0.3114
 000010   I  0.346560  0.175886  0.247380    0.1878    0.1791    0.4480    0.1100    0.2229    0.1095    0.2866
 000011   E  0.359188  0.203434  0.247883    0.1566    0.1969    0.5730    0.1050    0.2482    0.1477    0.2697
 000012   L  0.383147  0.242462  0.249427    0.1844    0.2034    0.5470    0.1110    0.2601    0.1335    0.2542
 000013   K  0.404307  0.270684  0.248120    0.1456    0.1206    0.4690    0.0860    0.2351    0.1330    0.2446
 000014   K  0.413214  0.291872  0.250004    0.1205    0.1373    0.3930    0.0930    0.2260    0.1203    0.2391
 000015   G  0.400793  0.300289  0.251121    0.1292    0.2129    0.3540    0.1000    0.2329    0.0991    0.2362
 000016   I  0.453777  0.324985  0.259891    0.1322    0.1449    0.3060    0.1060    0.2271    0.1184    0.2361
 000017   L  0.488331  0.338713  0.263810    0.1635    0.1115    0.2780    0.0850    0.2300    0.1294    0.2374
 000018   D  0.495465  0.357360  0.263907    0.1088    0.1007    0.2730    0.1010    0.2226    0.1442    0.2344
 000019   P  0.514688  0.360385  0.262360    0.1041    0.1702    0.2640    0.1050    0.2356    0.1394    0.2287
 000020   Q  0.515899  0.369292  0.267214    0.1495    0.1643    0.2560    0.1100    0.2425    0.1332    0.2247
 000021   G  0.516428  0.343380  0.269091    0.2333    0.2575    0.2480    0.1140    0.2664    0.1080    0.2305
 000022   R  0.543022  0.325017  0.279132    0.1456    0.2503    0.2570    0.1260    0.2535    0.1299    0.2339
 000023   A  0.587325  0.324337  0.296631    0.2209    0.3599    0.2520    0.1120    0.2907    0.1293    0.2453
 000024   V  0.642555  0.342102  0.315227    0.2333    0.2918    0.2160    0.0690    0.2876    0.1515    0.2576
 000025   E  0.651017  0.354562  0.328479    0.2748    0.3149    0.2040    0.0630    0.2999    0.1512    0.2689
 000026   G  0.656913  0.372447  0.343374    0.1998    0.3321    0.2350    0.0660    0.2994    0.1582    0.2780
 000027   V  0.697411  0.392615  0.358487    0.2963    0.3599    0.2770    0.0840    0.3372    0.1523    0.2909
 000028   L  0.743861  0.396709  0.371844    0.3762    0.4330    0.2730    0.0870    0.3705    0.1600    0.3027
 000029   K  0.765701  0.386785  0.386829    0.3005    0.3392    0.2700    0.1040    0.3437    0.1775    0.3121
 000030   D  0.783761  0.394409  0.400200    0.2602    0.3117    0.2840    0.1200    0.3390    0.1892    0.3223
 000031   L  0.787190  0.392744  0.410115    0.1878    0.3019    0.2970    0.1390    0.3279    0.2013    0.3257
 000032   G  0.774825  0.385273  0.417053    0.1878    0.2328    0.3230    0.1470    0.3173    0.2032    0.3212
 000033   H  0.757500  0.391243  0.422009    0.1844    0.1643    0.3610    0.1290    0.3097    0.2079    0.3147
 000034   P  0.733466  0.411958  0.430405    0.1602    0.2064    0.3790    0.1080    0.3152    0.1990    0.2973
 000035   V  0.723568  0.398051  0.438149    0.1566    0.1823    0.3980    0.1300    0.3098    0.2013    0.2796
 000036   E  0.717651  0.405828  0.447426    0.1602    0.1162    0.4200    0.1400    0.3033    0.2129    0.2614
 000037   E  0.712738  0.407475  0.457228    0.0935    0.0618    0.4210    0.1480    0.2828    0.2362    0.2421
 000038   V  0.719229  0.386550  0.466028    0.0991    0.1137    0.4310    0.1410    0.2917    0.2275    0.2228
 000039   R  0.727318  0.350986  0.479669    0.0909    0.1476    0.4020    0.1120    0.2865    0.2261    0.2080
 000040   V  0.729592  0.337399  0.490103    0.1117    0.1643    0.3810    0.0920    0.2874    0.2213    0.1974
 000041   G  0.738876  0.319524  0.493470    0.0789    0.1611    0.3670    0.0770    0.2776    0.2317    0.1913
 000042   K  0.753363  0.286730  0.497396    0.1495    0.1643    0.3660    0.0680    0.2866    0.2245    0.1882
 000043   V  0.774855  0.293360  0.500383    0.1495    0.1070    0.3510    0.0680    0.2792    0.2403    0.1916
 000044   L  0.785214  0.261580  0.506361    0.0909    0.1115    0.3340    0.0640    0.2639    0.2545    0.2017
 000045   E  0.785410  0.202724  0.510306    0.0441    0.0765    0.3380    0.0600    0.2412    0.2725    0.2140
 000046   I  0.755610  0.194231  0.516969    0.0744    0.1298    0.3470    0.0670    0.2501    0.2532    0.2250
 000047   V  0.687260  0.213467  0.519487    0.0542    0.1298    0.3460    0.0650    0.2384    0.2375    0.2460
 000048   F  0.619931  0.255114  0.524242    0.0554    0.1162    0.3470    0.0650    0.2323    0.2214    0.2748
 000049   P  0.593207  0.287264  0.532033    0.0965    0.1449    0.3190    0.0650    0.2402    0.2033    0.2991
 000050   A  0.571763  0.301765  0.544544    0.0965    0.1449    0.3200    0.0670    0.2392    0.2015    0.3165
 000051   E  0.554537  0.346521  0.552393    0.1150    0.1823    0.3220    0.0610    0.2533    0.1905    0.3314
 000052   N  0.529914  0.397985  0.565740    0.1060    0.1528    0.3840    0.0780    0.2618    0.1974    0.3413
 000053   L  0.504825  0.446255  0.571213    0.0884    0.1554    0.4430    0.1070    0.2731    0.2039    0.3565
 000054   L  0.489288  0.498742  0.573234    0.1041    0.1914    0.4400    0.1160    0.2873    0.1972    0.3617
 000055   E  0.511031  0.540725  0.574322    0.1602    0.1942    0.4180    0.1100    0.3041    0.1905    0.3575
 000056   A  0.569814  0.599234  0.578429    0.1240    0.1184    0.4230    0.1100    0.3058    0.2281    0.3570
 000057   E  0.627105  0.624788  0.579854    0.1266    0.1731    0.4050    0.1040    0.3261    0.2286    0.3626
 000058   E  0.614668  0.617643  0.583200    0.1117    0.2503    0.4010    0.1140    0.3325    0.2175    0.3582
 000059   K  0.626716  0.611937  0.588453    0.1566    0.3872    0.3890    0.1310    0.3618    0.1947    0.3466
 000060   A  0.634996  0.610908  0.593389    0.1380    0.2849    0.3710    0.1350    0.3400    0.2119    0.3450
 000061   K  0.604414  0.581834  0.596863    0.1878    0.2817    0.3360    0.1320    0.3320    0.1959    0.3421
 000062   A  0.567691  0.552363  0.605869    0.1178    0.2817    0.3170    0.1370    0.3062    0.2062    0.3481
 000063   M  0.520164  0.525561  0.614456    0.0884    0.1942    0.2670    0.1230    0.2658    0.2200    0.3579
 000064   G  0.459671  0.504068  0.620342    0.1566    0.1852    0.2270    0.0990    0.2554    0.2050    0.3526
 000065   A  0.384189  0.449244  0.622889    0.1635    0.2328    0.2420    0.1040    0.2452    0.1873    0.3533
 000066   L  0.330296  0.437361  0.625116    0.0935    0.1476    0.2600    0.1230    0.2114    0.2068    0.3584
 000067   L  0.297428  0.397211  0.626154    0.0965    0.1881    0.2640    0.1270    0.2073    0.1981    0.3581
 000068   A  0.261255  0.357307  0.626728    0.0502    0.1476    0.2630    0.1270    0.1798    0.2092    0.3517
 000069   N  0.220694  0.372545  0.624325    0.0502    0.0851    0.2910    0.1420    0.1700    0.2184    0.3451
 000070   P  0.231666  0.375525  0.621523    0.0441    0.0851    0.3440    0.1630    0.1800    0.2199    0.3425
 000071   V  0.237759  0.398699  0.625008    0.0336    0.1162    0.4260    0.1810    0.2021    0.2254    0.3316
 000072   M  0.246495  0.405059  0.628526    0.0350    0.0734    0.4740    0.2040    0.2057    0.2377    0.3317
 000073   E  0.259418  0.375497  0.637651    0.0502    0.1048    0.5480    0.1890    0.2229    0.2401    0.3204
 000074   V  0.292400  0.408363  0.647477    0.0376    0.1251    0.5640    0.1860    0.2379    0.2445    0.3069
 000075   Y  0.308288  0.433792  0.657450    0.0425    0.1048    0.7250    0.0780    0.2690    0.2786    0.3056
 000076   A  0.333174  0.420928  0.667134    0.0723    0.1028    0.6800    0.1380    0.2683    0.2653    0.3041
 000077   L  0.354673  0.532767  0.674832    0.1532    0.1373    0.7480    0.1230    0.3211    0.2632    0.3023
 000078   E  0.376551  0.593604  0.678186    0.2748    0.1852    0.8000    0.0860    0.3717    0.2486    0.3006
 000079   A  0.423113  0.643583  0.684263    0.3535    0.1881    0.8300    0.0580    0.4064    0.2463    0.2984
 000080   L  0.460481  0.666177  0.686244    0.3992    0.1424    0.8480    0.0440    0.4193    0.2564    0.2999
 000081   K  0.567099  0.690610  0.686751    0.4149    0.0851    0.8910    0.0390    0.4415    0.2793    0.3000
 000082   E  0.545244  0.722370  0.691979    0.5374    0.1251    0.9130    0.0440    0.4738    0.2685    0.3049
 000083   L  0.814882  0.733891  0.691166    0.6255    0.1323    0.9250    0.0230    0.5385    0.2767    0.3008
 000084   P  0.628747  0.726016  0.688692    0.6442    0.0799    0.9190    0.0380    0.4997    0.2819    0.3031
