#RESNUM RES     VL-XT     VSL2B       VL3  IUPred-S  IUPred-L  PONDRFIT  FITERROR       MDP  MDPERROR   ANCHOR2
 000001   M  0.805797  0.748965  0.080585    0.7192    0.1048    0.9700    0.0120    0.5581    0.3480    0.1734
 000002   P  0.811802  0.711433  0.088430    0.6870    0.1162    0.9130    0.0340    0.5399    0.3285    0.1821
 000003   P  0.711990  0.668920  0.098180    0.5623    0.0531    0.8960    0.0260    0.4821    0.3154    0.1895
 000004   F  0.516951  0.573689  0.105695    0.5008    0.0851    0.8480    0.0380    0.4207    0.2687    0.2016
 000005   L  0.534775  0.443698  0.117512    0.3399    0.0929    0.8020    0.1110    0.3688    0.2452    0.2140
 000006   V  0.471398  0.357625  0.126755    0.3053    0.1048    0.7160    0.1260    0.3259    0.2096    0.2296
 000007   D  0.396035  0.290814  0.134553    0.2385    0.1092    0.5580    0.1120    0.2654    0.1557    0.2510
 000008   A  0.349876  0.257077  0.137206    0.1878    0.0749    0.5810    0.0840    0.2419    0.1678    0.2740
 000009   H  0.317957  0.231526  0.135793    0.1322    0.0985    0.5260    0.0560    0.2178    0.1493    0.2952
 000010   L  0.291340  0.257488  0.143042    0.0621    0.1070    0.4740    0.0590    0.1987    0.1403    0.3146
 000011   D  0.229199  0.257860  0.150536    0.0490    0.1399    0.3660    0.0710    0.1736    0.1035    0.3389
 000012   L  0.186108  0.244588  0.159320    0.0660    0.1070    0.3460    0.0540    0.1584    0.0955    0.3617
 000013   A  0.146683  0.264620  0.165378    0.0567    0.0929    0.3440    0.0400    0.1508    0.1022    0.3853
 000014   W  0.132519  0.270816  0.173379    0.0268    0.0433    0.3420    0.0730    0.1358    0.1172    0.4069
 000015   N  0.110534  0.304148  0.180994    0.0542    0.1092    0.3160    0.0890    0.1490    0.1041    0.4250
 000016   A  0.100045  0.309321  0.188716    0.0542    0.1048    0.2820    0.0840    0.1417    0.1006    0.4278
 000017   R  0.082293  0.308452  0.196517    0.1117    0.1643    0.2530    0.0640    0.1533    0.0844    0.4187
 000018   A  0.064558  0.309540  0.204531    0.0621    0.1349    0.2610    0.0700    0.1386    0.0998    0.4151
 000019   L  0.053088  0.321952  0.212149    0.0909    0.0967    0.2680    0.0770    0.1384    0.1057    0.4131
 000020   G  0.070714  0.347852  0.228358    0.0832    0.0888    0.2720    0.0850    0.1437    0.1135    0.4138
 000021   R  0.095859  0.357252  0.240376    0.0909    0.1229    0.2620    0.0840    0.1548    0.1067    0.4111
 000022   D  0.117449  0.358064  0.250937    0.0832    0.1206    0.2500    0.0720    0.1549    0.1059    0.4166
 000023   L  0.141881  0.370274  0.261161    0.1178    0.1942    0.2850    0.0930    0.1849    0.0972    0.4209
 000024   T  0.171006  0.378217  0.270408    0.1456    0.2503    0.2780    0.0950    0.2039    0.0885    0.4296
 000025   L  0.199762  0.383289  0.277229    0.2531    0.3599    0.2960    0.1040    0.2487    0.0774    0.4274
 000026   P  0.234037  0.385453  0.283138    0.2820    0.3774    0.2900    0.1000    0.2615    0.0722    0.4177
 000027   L  0.266159  0.403872  0.291856    0.2963    0.4186    0.3120    0.1070    0.2828    0.0758    0.4100
 000028   E  0.317784  0.432633  0.302249    0.3359    0.4476    0.3230    0.1080    0.3094    0.0767    0.4019
 000029   A  0.375552  0.466679  0.313293    0.3717    0.5139    0.3970    0.1320    0.3541    0.0841    0.3990
 000030   L  0.423919  0.497914  0.326082    0.4556    0.5176    0.4440    0.1270    0.3898    0.0821    0.3957
 000031   R  0.487743  0.541209  0.337127    0.4825    0.4409    0.4530    0.1150    0.4009    0.0839    0.3948
 000032   A  0.557738  0.575670  0.344812    0.4116    0.4725    0.4770    0.1430    0.4158    0.0981    0.3874
 000033   Q  0.607166  0.603702  0.352430    0.3225    0.3704    0.4450    0.1350    0.3916    0.1298    0.3845
 000034   D  0.663748  0.619972  0.358435    0.4203    0.4940    0.4250    0.1380    0.4373    0.1255    0.3817
 000035   P  0.703961  0.616578  0.367421    0.3359    0.4801    0.3520    0.1320    0.4148    0.1533    0.3804
 000036   H  0.753740  0.609109  0.366321    0.4556    0.4831    0.3300    0.1160    0.4386    0.1569    0.3821
 000037   P  0.787485  0.599610  0.370431    0.4282    0.4441    0.2680    0.0780    0.4212    0.1792    0.3826
 000038   D  0.807238  0.592109  0.379550    0.4333    0.5577    0.2600    0.0780    0.4417    0.1856    0.3868
 000039   T  0.826990  0.577834  0.394636    0.4037    0.5017    0.2410    0.0810    0.4253    0.1939    0.3933
 000040   P  0.825257  0.563976  0.409423    0.4556    0.5382    0.2080    0.0750    0.4318    0.1979    0.3984
 000041   L  0.803514  0.529491  0.411074    0.5229    0.5577    0.1860    0.0530    0.4333    0.1964    0.4055
 000042   V  0.732300  0.492916  0.413798    0.5374    0.5456    0.1750    0.0490    0.4138    0.1815    0.4132
 000043   T  0.661258  0.470075  0.413524    0.5043    0.4831    0.1650    0.0510    0.3806    0.1635    0.4213
 000044   L  0.582351  0.458323  0.413107    0.4651    0.4476    0.1750    0.0630    0.3547    0.1410    0.4279
 000045   P  0.495907  0.451171  0.409984    0.3939    0.3182    0.1560    0.0490    0.3026    0.1298    0.4315
 000046   S  0.399789  0.434539  0.404787    0.3359    0.2609    0.1670    0.0580    0.2664    0.1154    0.4336
 000047   L  0.304113  0.423068  0.398325    0.2700    0.2715    0.1840    0.0690    0.2421    0.1049    0.4321
 000048   K  0.209258  0.414202  0.398463    0.2122    0.1643    0.1930    0.0650    0.1988    0.1210    0.4314
 000049   E  0.126363  0.392207  0.397854    0.2080    0.0835    0.2210    0.0710    0.1718    0.1374    0.4230
 000050   A  0.054849  0.370997  0.396610    0.1416    0.0506    0.3480    0.1180    0.1610    0.1624    0.4123
 000051   G  0.096980  0.332151  0.388606    0.0723    0.0443    0.5130    0.2230    0.1765    0.1903    0.4023
 000052   V  0.124591  0.269421  0.383896    0.0771    0.0909    0.6060    0.2390    0.1946    0.2000    0.3904
 000053   A  0.155078  0.236148  0.379059    0.1292    0.1251    0.5230    0.2240    0.1947    0.1602    0.3756
 000054   L  0.201944  0.215540  0.375524    0.1456    0.1298    0.4590    0.2370    0.1921    0.1365    0.3668
 000055   A  0.275755  0.160615  0.369530    0.1921    0.2002    0.3050    0.1410    0.1889    0.0953    0.3587
 000056   F  0.312776  0.172916  0.365865    0.1766    0.1501    0.2770    0.1250    0.1815    0.1011    0.3526
 000057   A  0.323670  0.161980  0.362596    0.1766    0.1611    0.1830    0.0670    0.1677    0.1022    0.3494
 000058   T  0.344630  0.182502  0.356867    0.2209    0.2541    0.1340    0.0620    0.1894    0.1004    0.3509
 000059   L  0.398380  0.175828  0.349332    0.2385    0.2715    0.1200    0.0440    0.2007    0.1116    0.3533
 000060   F  0.431645  0.197246  0.341606    0.2255    0.1554    0.1250    0.0410    0.1891    0.1216    0.3611
 000061   V  0.474579  0.236586  0.333896    0.2602    0.1914    0.1600    0.0370    0.2204    0.1182    0.3740
 000062   D  0.475000  0.274826  0.328753    0.1635    0.2034    0.1580    0.0430    0.2124    0.1238    0.3880
 000063   P  0.500751  0.323369  0.331649    0.2292    0.2884    0.1650    0.0500    0.2512    0.1177    0.4050
 000064   R  0.503283  0.380704  0.334869    0.2602    0.2470    0.1900    0.0700    0.2636    0.1168    0.4276
 000065   E  0.534473  0.424298  0.338089    0.3399    0.2399    0.1840    0.0590    0.2872    0.1279    0.4290
 000066   G  0.599685  0.467280  0.341304    0.2865    0.2364    0.2300    0.0650    0.3034    0.1450    0.4192
 000067   A  0.659795  0.492773  0.351624    0.2820    0.3599    0.2160    0.0860    0.3351    0.1571    0.4105
 000068   Q  0.629852  0.517331  0.355164    0.2786    0.3087    0.1760    0.0650    0.3183    0.1633    0.3989
 000069   E  0.573251  0.529155  0.352513    0.2820    0.2715    0.1820    0.0560    0.3063    0.1530    0.3913
 000070   D  0.505808  0.532175  0.349598    0.2657    0.2680    0.1880    0.0550    0.2932    0.1402    0.3855
 000071   W  0.466289  0.530193  0.347569    0.3225    0.2849    0.1560    0.0470    0.2933    0.1346    0.3769
 000072   E  0.392598  0.477654  0.347977    0.3146    0.3667    0.1190    0.0280    0.2785    0.1238    0.3686
 000073   E  0.319494  0.421024  0.348018    0.2167    0.3249    0.1080    0.0260    0.2316    0.1165    0.3602
 000074   E  0.264153  0.362658  0.349448    0.1958    0.1881    0.1070    0.0220    0.1862    0.1082    0.3520
 000075   V  0.200522  0.306506  0.350768    0.1958    0.2193    0.1060    0.0230    0.1714    0.0986    0.3448
 000076   Y  0.123305  0.252772  0.351393    0.0991    0.1914    0.1100    0.0240    0.1294    0.1078    0.3344
 000077   A  0.104248  0.214452  0.357798    0.1041    0.1759    0.1000    0.0200    0.1165    0.1095    0.3143
 000078   Q  0.141230  0.211040  0.360810    0.1060    0.2034    0.0930    0.0200    0.1257    0.1083    0.2849
 000079   L  0.161224  0.206664  0.358823    0.0813    0.1275    0.0930    0.0260    0.1116    0.1112    0.2651
 000080   A  0.175404  0.194899  0.354142    0.0789    0.0780    0.0960    0.0350    0.1038    0.1136    0.2465
 000081   L  0.192783  0.202947  0.350826    0.0425    0.0662    0.1030    0.0420    0.1012    0.1195    0.2259
 000082   Y  0.208855  0.198751  0.347611    0.0490    0.0870    0.1090    0.0470    0.1088    0.1149    0.2041
 000083   E  0.240895  0.213765  0.345380    0.0376    0.0463    0.1170    0.0580    0.1093    0.1246    0.1827
 000084   A  0.262363  0.221751  0.342337    0.0212    0.0380    0.1280    0.0640    0.1119    0.1302    0.1620
 000085   W  0.287922  0.229337  0.340972    0.0086    0.0389    0.1420    0.0690    0.1177    0.1354    0.1402
 000086   E  0.310323  0.225890  0.344020    0.0121    0.0543    0.1240    0.0570    0.1211    0.1371    0.1207
 000087   R  0.273457  0.238900  0.346787    0.0259    0.1070    0.1160    0.0480    0.1268    0.1246    0.0992
 000088   R  0.264212  0.242013  0.353326    0.0268    0.1349    0.1130    0.0440    0.1302    0.1233    0.0881
 000089   G  0.283473  0.247922  0.356697    0.0279    0.0780    0.1060    0.0340    0.1239    0.1334    0.0838
 000090   L  0.313408  0.270721  0.360337    0.0514    0.0780    0.1060    0.0270    0.1365    0.1360    0.0779
 000091   V  0.326967  0.304778  0.373205    0.0308    0.0780    0.1040    0.0280    0.1407    0.1489    0.0739
 000092   R  0.322110  0.327903  0.381169    0.0274    0.1251    0.1090    0.0330    0.1519    0.1475    0.0728
 000093   V  0.329637  0.335459  0.385281    0.0363    0.1323    0.1180    0.0360    0.1587    0.1467    0.0776
 000094   L  0.319403  0.363530  0.386323    0.0316    0.1323    0.1270    0.0390    0.1624    0.1497    0.0854
 000095   R  0.307632  0.381121  0.385034    0.0179    0.1449    0.1370    0.0410    0.1647    0.1519    0.0940
 000096   E  0.294790  0.406415  0.383746    0.0441    0.1424    0.1350    0.0390    0.1705    0.1498    0.1074
 000097   R  0.282018  0.437679  0.382230    0.0336    0.1528    0.1320    0.0450    0.1730    0.1567    0.1230
 000098   E  0.266129  0.432355  0.381555    0.0212    0.1702    0.1200    0.0430    0.1683    0.1574    0.1506
 000099   D  0.240802  0.420712  0.384153    0.0336    0.1914    0.1160    0.0410    0.1670    0.1517    0.1775
 000100   L  0.234839  0.414999  0.389245    0.0336    0.1881    0.1100    0.0370    0.1635    0.1526    0.2002
 000101   L  0.222042  0.388114  0.390959    0.0607    0.2034    0.1120    0.0380    0.1643    0.1413    0.2217
 000102   A  0.225061  0.379036  0.394440    0.1018    0.1914    0.1160    0.0410    0.1688    0.1330    0.2399
 000103   H  0.219698  0.377933  0.400777    0.0789    0.2034    0.1250    0.0460    0.1674    0.1369    0.2509
 000104   L  0.220684  0.361673  0.403021    0.0677    0.1942    0.1470    0.0620    0.1651    0.1348    0.2505
 000105   E  0.206710  0.357028  0.407228    0.1349    0.2094    0.1520    0.0630    0.1766    0.1225    0.2455
 000106   R  0.205867  0.368259  0.413584    0.0935    0.1528    0.1640    0.0600    0.1641    0.1359    0.2418
 000107   F  0.214424  0.402680  0.421132    0.0542    0.0888    0.1860    0.0700    0.1577    0.1575    0.2476
 000108   P  0.227019  0.407865  0.425797    0.0363    0.0592    0.1870    0.0910    0.1529    0.1676    0.2545
 000109   Q  0.226811  0.399886  0.433982    0.0179    0.0592    0.2150    0.1110    0.1532    0.1713    0.2499
 000110   D  0.235946  0.410500  0.443341    0.0084    0.0543    0.2540    0.1390    0.1605    0.1786    0.2507
 000111   G  0.227027  0.390213  0.445373    0.0212    0.0765    0.2730    0.1370    0.1646    0.1701    0.2515
 000112   V  0.246882  0.368587  0.444928    0.0441    0.1251    0.2720    0.1150    0.1761    0.1547    0.2550
 000113   L  0.264970  0.390903  0.446936    0.0441    0.1251    0.2700    0.1070    0.1826    0.1583    0.2655
 000114   G  0.329216  0.357118  0.447894    0.0425    0.0780    0.2630    0.0890    0.1784    0.1649    0.2798
 000115   L  0.385008  0.334261  0.449686    0.0677    0.1399    0.2610    0.0800    0.1980    0.1534    0.3015
 000116   V  0.427815  0.335724  0.448766    0.0327    0.1092    0.2280    0.0650    0.1889    0.1725    0.3226
 000117   L  0.458065  0.317313  0.442627    0.0414    0.1399    0.2160    0.0660    0.1954    0.1694    0.3466
 000118   L  0.502115  0.305048  0.438202    0.0643    0.2541    0.2190    0.0630    0.2241    0.1613    0.3633
 000119   L  0.545769  0.307186  0.431685    0.0643    0.2328    0.2150    0.0550    0.2275    0.1713    0.3748
 000120   E  0.589424  0.317650  0.428336    0.0643    0.1528    0.2190    0.0560    0.2239    0.1892    0.3872
 000121   G  0.628643  0.347202  0.425948    0.0621    0.1373    0.2500    0.0540    0.2375    0.2006    0.3991
 000122   A  0.674532  0.358933  0.417354    0.0327    0.1611    0.2560    0.0560    0.2472    0.2151    0.4086
 000123   H  0.690482  0.381651  0.413874    0.0502    0.1476    0.2680    0.0530    0.2563    0.2174    0.4198
 000124   A  0.702720  0.440520  0.414470    0.1150    0.2064    0.3020    0.0570    0.2944    0.2010    0.4262
 000125   L  0.718544  0.489143  0.416655    0.0607    0.2002    0.3680    0.0800    0.3060    0.2203    0.4252
 000126   E  0.736886  0.533992  0.418737    0.1041    0.2645    0.4390    0.0930    0.3463    0.2109    0.4167
 000127   A  0.737720  0.580646  0.418401    0.1495    0.3249    0.4630    0.1000    0.3760    0.1983    0.4095
 000128   P  0.724703  0.612550  0.416109    0.2167    0.3182    0.4240    0.0840    0.3826    0.1846    0.3982
 000129   E  0.714224  0.604316  0.414009    0.3053    0.3840    0.4710    0.0780    0.4131    0.1544    0.3826
 000130   D  0.708602  0.590075  0.412834    0.3146    0.3807    0.5080    0.0820    0.4170    0.1501    0.3696
 000131   L  0.693149  0.572760  0.412786    0.3005    0.2817    0.5100    0.0760    0.3930    0.1620    0.3586
 000132   R  0.705543  0.550334  0.415338    0.2209    0.2783    0.4350    0.0820    0.3650    0.1761    0.3457
 000133   P  0.722516  0.526671  0.418510    0.1878    0.2193    0.3700    0.0710    0.3376    0.1949    0.3395
 000134   L  0.739443  0.522427  0.419896    0.2041    0.2292    0.3190    0.0930    0.3357    0.1975    0.3290
 000135   R  0.756203  0.511689  0.422436    0.1766    0.1611    0.2600    0.0960    0.3109    0.2214    0.3185
 000136   K  0.784003  0.487146  0.425121    0.2786    0.2034    0.2360    0.0930    0.3315    0.2106    0.3168
 000137   R  0.815877  0.459445  0.428698    0.1805    0.2002    0.2230    0.0810    0.3132    0.2331    0.3183
 000138   G  0.847289  0.438438  0.427965    0.1844    0.2224    0.1980    0.0690    0.3151    0.2417    0.3254
 000139   L  0.823169  0.378336  0.424453    0.1635    0.2034    0.2030    0.0700    0.2952    0.2369    0.3333
 000140   R  0.783811  0.344743  0.422829    0.1566    0.1643    0.2020    0.0670    0.2752    0.2299    0.3413
 000141   L  0.738522  0.326955  0.418051    0.1532    0.0909    0.2200    0.0710    0.2549    0.2251    0.3513
 000142   L  0.656404  0.312218  0.422498    0.2122    0.1229    0.2140    0.0610    0.2530    0.1894    0.3582
 000143   S  0.571005  0.324579  0.424352    0.1456    0.1298    0.2140    0.0430    0.2308    0.1731    0.3636
 000144   L  0.474597  0.332450  0.422295    0.1018    0.1092    0.2230    0.0420    0.2069    0.1606    0.3639
 000145   T  0.387714  0.332767  0.421185    0.1635    0.1759    0.2290    0.0410    0.2148    0.1230    0.3648
 000146   W  0.323220  0.338863  0.418465    0.1667    0.1643    0.2460    0.0530    0.2064    0.1162    0.3632
 000147   A  0.310281  0.382858  0.415919    0.1698    0.1791    0.2550    0.0770    0.2162    0.1166    0.3541
 000148   T  0.352453  0.391807  0.418493    0.1456    0.2193    0.2870    0.1070    0.2327    0.1190    0.3462
 000149   G  0.421494  0.420635  0.417709    0.1566    0.2193    0.3370    0.1310    0.2591    0.1263    0.3341
 000150   N  0.463744  0.439173  0.415895    0.2602    0.3356    0.3640    0.1490    0.3104    0.0977    0.3221
 000151   A  0.524427  0.452536  0.414444    0.2558    0.2645    0.4040    0.1300    0.3169    0.1191    0.3154
 000152   Y  0.592819  0.485305  0.419477    0.3578    0.3566    0.4140    0.1160    0.3677    0.1076    0.3091
 000153   A  0.696178  0.511728  0.423345    0.3311    0.4119    0.4050    0.0930    0.3927    0.1363    0.3076
 000154   G  0.792023  0.546818  0.425523    0.3311    0.4119    0.4780    0.0950    0.4267    0.1633    0.3087
 000155   G  0.863503  0.570766  0.423887    0.3578    0.4979    0.5340    0.1310    0.4707    0.1751    0.3110
 000156   N  0.872302  0.588089  0.412141    0.3456    0.4725    0.5860    0.1000    0.4773    0.1833    0.3150
 000157   A  0.877488  0.584188  0.401724    0.4282    0.5577    0.6190    0.1290    0.5111    0.1694    0.3197
 000158   E  0.871158  0.577116  0.397740    0.4513    0.4940    0.6000    0.1740    0.4990    0.1671    0.3286
 000159   P  0.872645  0.587286  0.392293    0.4078    0.3948    0.6130    0.1830    0.4792    0.1844    0.3391
 000160   G  0.884844  0.582843  0.385398    0.3359    0.4119    0.5890    0.1620    0.4675    0.1956    0.3494
 000161   P  0.891030  0.579504  0.374495    0.2558    0.3704    0.5410    0.1370    0.4397    0.2146    0.3626
 000162   L  0.865032  0.546651  0.359316    0.3053    0.3599    0.4950    0.1120    0.4286    0.1973    0.3711
 000163   T  0.841607  0.524006  0.344641    0.3578    0.4220    0.4230    0.1410    0.4281    0.1790    0.3792
 000164   A  0.815426  0.493737  0.327750    0.3359    0.4220    0.4020    0.1430    0.4116    0.1745    0.3828
 000165   K  0.787047  0.463978  0.313596    0.3053    0.3392    0.3630    0.1230    0.3765    0.1765    0.3853
 000166   G  0.718625  0.445593  0.300002    0.2748    0.3356    0.3180    0.0810    0.3488    0.1608    0.3930
 000167   R  0.657606  0.401308  0.283913    0.1958    0.2575    0.2710    0.0740    0.2972    0.1599    0.4001
 000168   A  0.573852  0.359635  0.267148    0.2292    0.2575    0.2820    0.0860    0.2836    0.1251    0.4135
 000169   L  0.504289  0.325540  0.254694    0.1602    0.1671    0.3150    0.0900    0.2454    0.1237    0.4254
 000170   L  0.425973  0.300889  0.243285    0.1117    0.1476    0.3400    0.1040    0.2211    0.1158    0.4326
 000171   E  0.351481  0.263726  0.231315    0.0701    0.0929    0.3220    0.0950    0.1834    0.1135    0.4304
 000172   A  0.282189  0.244687  0.223493    0.0643    0.0749    0.3170    0.0880    0.1638    0.1043    0.4265
 000173   M  0.260491  0.222600  0.218785    0.0677    0.1251    0.3010    0.0790    0.1628    0.0874    0.4195
 000174   A  0.263027  0.202161  0.217958    0.0643    0.0719    0.2780    0.0680    0.1466    0.0926    0.4150
 000175   A  0.309218  0.199329  0.217784    0.0789    0.0719    0.2760    0.0700    0.1559    0.0972    0.4065
 000176   L  0.354061  0.200904  0.217609    0.0478    0.0799    0.2690    0.0710    0.1586    0.1111    0.3984
 000177   G  0.399346  0.222778  0.218099    0.0395    0.0888    0.2410    0.0590    0.1652    0.1213    0.3970
 000178   V  0.430440  0.228600  0.218781    0.0441    0.0780    0.2140    0.0480    0.1658    0.1301    0.3918
 000179   A  0.471916  0.250126  0.218086    0.0587    0.0780    0.1890    0.0440    0.1746    0.1408    0.3926
 000180   L  0.508257  0.257602  0.220836    0.0723    0.0704    0.1810    0.0540    0.1816    0.1518    0.3934
 000181   D  0.544274  0.268134  0.222880    0.0935    0.1275    0.1640    0.0480    0.1996    0.1537    0.3872
 000182   L  0.532473  0.268165  0.224680    0.0464    0.0985    0.1720    0.0440    0.1862    0.1610    0.3790
 000183   S  0.498324  0.280438  0.218906    0.0643    0.0734    0.1560    0.0380    0.1788    0.1521    0.3744
 000184   H  0.478893  0.294010  0.213107    0.0677    0.0888    0.1610    0.0360    0.1817    0.1437    0.3664
 000185   L  0.460614  0.305235  0.206619    0.0490    0.0719    0.1930    0.0490    0.1799    0.1439    0.3621
 000186   A  0.472477  0.317932  0.200960    0.0567    0.0463    0.1790    0.0620    0.1787    0.1520    0.3619
 000187   E  0.486803  0.328729  0.201934    0.0621    0.0870    0.1810    0.0820    0.1909    0.1495    0.3636
 000188   E  0.491156  0.334351  0.201139    0.0350    0.0870    0.1640    0.0770    0.1852    0.1575    0.3636
 000189   A  0.513570  0.317563  0.195651    0.0607    0.1554    0.1390    0.0630    0.1978    0.1517    0.3725
 000190   A  0.524117  0.297401  0.191708    0.0723    0.1275    0.1130    0.0490    0.1890    0.1567    0.3783
 000191   W  0.540450  0.263585  0.187899    0.1380    0.1349    0.1030    0.0370    0.1966    0.1521    0.3861
 000192   E  0.572546  0.236897  0.186452    0.0858    0.1092    0.0830    0.0180    0.1813    0.1732    0.4129
 000193   A  0.589642  0.205714  0.185696    0.0789    0.1791    0.0750    0.0130    0.1880    0.1763    0.4221
 000194   L  0.554125  0.184549  0.183616    0.0621    0.1852    0.0690    0.0100    0.1758    0.1672    0.3946
 000195   R  0.488905  0.171639  0.184456    0.0677    0.1554    0.0670    0.0100    0.1585    0.1453    0.3613
 000196   V  0.421223  0.163575  0.185757    0.1088    0.2436    0.0710    0.0110    0.1680    0.1177    0.3348
 000197   Y  0.362327  0.178830  0.193996    0.1150    0.2002    0.0800    0.0130    0.1561    0.0948    0.3083
 000198   E  0.322601  0.192572  0.199987    0.1041    0.1791    0.0840    0.0140    0.1470    0.0843    0.2842
 000199   G  0.265504  0.199138  0.206934    0.0502    0.1424    0.0920    0.0190    0.1249    0.0806    0.2572
 000200   P  0.211321  0.213585  0.213881    0.0587    0.1070    0.0940    0.0230    0.1142    0.0739    0.2360
 000201   V  0.197110  0.214113  0.217551    0.0621    0.0888    0.0950    0.0290    0.1095    0.0744    0.2132
 000202   C  0.183183  0.189018  0.223178    0.0660    0.1852    0.0960    0.0330    0.1198    0.0674    0.1953
 000203   A  0.209915  0.174202  0.228599    0.0395    0.1671    0.0910    0.0300    0.1136    0.0764    0.1925
 000204   T  0.252293  0.184163  0.231455    0.0567    0.2064    0.0920    0.0310    0.1320    0.0815    0.1929
 000205   H  0.258021  0.186932  0.234443    0.1018    0.2783    0.0940    0.0350    0.1531    0.0823    0.1915
 000206   A  0.270922  0.185896  0.234369    0.1178    0.2884    0.0910    0.0400    0.1590    0.0837    0.1872
 000207   N  0.252841  0.206635  0.234626    0.1602    0.2715    0.0780    0.0280    0.1616    0.0760    0.1852
 000208   C  0.255005  0.237069  0.235399    0.2385    0.3667    0.0780    0.0270    0.1958    0.0929    0.1851
 000209   R  0.261295  0.268339  0.237248    0.1380    0.3566    0.0810    0.0240    0.1842    0.0986    0.1868
 000210   A  0.221350  0.310401  0.240218    0.1456    0.3566    0.1030    0.0270    0.1895    0.0962    0.1944
 000211   L  0.181509  0.361249  0.237207    0.1322    0.2399    0.1560    0.0530    0.1785    0.0849    0.2022
 000212   V  0.146796  0.408935  0.235057    0.1805    0.2224    0.1500    0.0520    0.1848    0.0973    0.2106
 000213   P  0.117232  0.418643  0.233997    0.1958    0.2884    0.1580    0.0510    0.1964    0.1057    0.2202
 000214   S  0.125399  0.442635  0.235137    0.1532    0.2884    0.1800    0.0590    0.1983    0.1132    0.2223
 000215   E  0.141278  0.444857  0.231421    0.1456    0.1969    0.1700    0.0530    0.1831    0.1114    0.2248
 000216   R  0.176938  0.457431  0.227375    0.1292    0.1671    0.1540    0.0320    0.1807    0.1171    0.2281
 000217   H  0.215611  0.454814  0.226039    0.0965    0.1942    0.1380    0.0290    0.1831    0.1200    0.2392
 000218   L  0.249614  0.464260  0.226321    0.0771    0.1759    0.1180    0.0270    0.1809    0.1303    0.2451
 000219   S  0.281108  0.463529  0.226603    0.1416    0.2575    0.1100    0.0280    0.2089    0.1205    0.2506
 000220   D  0.306643  0.449405  0.225652    0.1495    0.2645    0.1200    0.0310    0.2150    0.1149    0.2550
 000221   G  0.322621  0.432066  0.224570    0.1805    0.2292    0.1320    0.0320    0.2161    0.1054    0.2557
 000222   L  0.321726  0.399500  0.221436    0.2558    0.2258    0.1340    0.0470    0.2227    0.0914    0.2572
 000223   L  0.328184  0.358247  0.218106    0.2483    0.2884    0.1200    0.0510    0.2239    0.0861    0.2597
 000224   R  0.308786  0.317140  0.216244    0.1456    0.1759    0.1040    0.0440    0.1752    0.0872    0.2576
 000225   A  0.277484  0.301805  0.214339    0.1495    0.1275    0.1150    0.0480    0.1619    0.0809    0.2620
 000226   L  0.242740  0.290590  0.211916    0.0789    0.1399    0.1130    0.0430    0.1441    0.0827    0.2648
 000227   A  0.195980  0.271494  0.209707    0.0490    0.0749    0.0900    0.0210    0.1135    0.0887    0.2674
 000228   G  0.150825  0.280651  0.202097    0.0621    0.0780    0.0760    0.0150    0.1079    0.0862    0.2681
 000229   R  0.117560  0.278047  0.198441    0.0567    0.1070    0.0750    0.0160    0.1057    0.0835    0.2696
 000230   E  0.096861  0.256147  0.191476    0.0567    0.0555    0.0700    0.0170    0.0892    0.0826    0.2748
 000231   G  0.090783  0.229563  0.184543    0.0455    0.0313    0.0660    0.0200    0.0772    0.0797    0.2825
 000232   V  0.068069  0.211373  0.182348    0.0231    0.0327    0.0640    0.0230    0.0665    0.0790    0.2956
 000233   L  0.057284  0.180727  0.176715    0.0212    0.0676    0.0620    0.0250    0.0649    0.0682    0.3045
 000234   G  0.044542  0.155005  0.171389    0.0387    0.0929    0.0530    0.0170    0.0640    0.0603    0.3142
 000235   L  0.033774  0.149466  0.165515    0.0478    0.0555    0.0480    0.0120    0.0557    0.0598    0.3270
 000236   V  0.031758  0.145058  0.160708    0.0464    0.0662    0.0440    0.0090    0.0555    0.0577    0.3401
 000237   P  0.030356  0.137030  0.158861    0.0405    0.1028    0.0400    0.0090    0.0584    0.0573    0.3539
 000238   F  0.023084  0.131801  0.159330    0.0502    0.1206    0.0430    0.0090    0.0615    0.0576    0.3629
 000239   N  0.012404  0.142177  0.160034    0.0490    0.0948    0.0400    0.0080    0.0563    0.0604    0.3671
 000240   A  0.004083  0.135095  0.159470    0.0490    0.0817    0.0430    0.0130    0.0521    0.0601    0.3803
 000241   F  0.003897  0.141921  0.157563    0.0350    0.0704    0.0520    0.0170    0.0505    0.0614    0.3899
 000242   L  0.005437  0.167280  0.162089    0.0279    0.0414    0.0590    0.0150    0.0502    0.0694    0.3883
 000243   D  0.006446  0.197321  0.165020    0.0441    0.0765    0.0690    0.0210    0.0655    0.0723    0.3801
 000244   P  0.006379  0.200912  0.167368    0.0425    0.0749    0.0790    0.0280    0.0673    0.0735    0.3811
 000245   A  0.007206  0.221471  0.163963    0.0502    0.0835    0.0800    0.0250    0.0736    0.0765    0.3784
 000246   W  0.016586  0.227560  0.163104    0.0514    0.1162    0.0710    0.0190    0.0805    0.0761    0.3746
 000247   K  0.023754  0.237015  0.163754    0.0909    0.0888    0.0580    0.0170    0.0831    0.0758    0.3632
 000248   R  0.069970  0.251052  0.163156    0.0607    0.0349    0.0570    0.0210    0.0789    0.0812    0.3558
 000249   G  0.123289  0.248992  0.161016    0.0677    0.0676    0.0570    0.0220    0.0940    0.0732    0.3610
 000250   M  0.134045  0.227482  0.159251    0.0376    0.0618    0.0640    0.0220    0.0874    0.0715    0.3668
 000251   A  0.141862  0.218646  0.158799    0.0441    0.0749    0.0700    0.0210    0.0916    0.0660    0.3641
 000252   R  0.156142  0.225182  0.163187    0.0771    0.1206    0.0790    0.0280    0.1096    0.0585    0.3616
 000253   L  0.190237  0.224581  0.167624    0.1322    0.1823    0.0930    0.0370    0.1370    0.0507    0.3690
 000254   P  0.206949  0.232703  0.168693    0.1088    0.1501    0.0870    0.0400    0.1309    0.0583    0.3803
 000255   L  0.214901  0.255311  0.169685    0.0832    0.1373    0.1020    0.0410    0.1320    0.0669    0.3817
 000256   E  0.224902  0.275951  0.169700    0.0858    0.1373    0.0860    0.0300    0.1349    0.0753    0.3855
 000257   A  0.196622  0.276619  0.170500    0.1667    0.1399    0.0900    0.0300    0.1450    0.0634    0.3906
 000258   F  0.162274  0.281112  0.168588    0.1416    0.1092    0.1170    0.0390    0.1353    0.0634    0.3997
 000259   F  0.170555  0.290734  0.167201    0.0991    0.1162    0.1280    0.0430    0.1340    0.0690    0.4048
 000260   R  0.182193  0.302853  0.164837    0.0744    0.1162    0.1220    0.0440    0.1330    0.0776    0.3992
 000261   H  0.182373  0.330844  0.165717    0.1041    0.1476    0.1260    0.0460    0.1485    0.0787    0.3992
 000262   K  0.163817  0.352185  0.168239    0.1266    0.1611    0.1490    0.0600    0.1588    0.0802    0.3987
 000263   A  0.147089  0.371944  0.170215    0.1292    0.1184    0.1800    0.0670    0.1578    0.0904    0.3940
 000264   H  0.130708  0.406328  0.173752    0.1998    0.1852    0.1950    0.0610    0.1862    0.0931    0.3865
 000265   A  0.125575  0.435659  0.183600    0.1292    0.0967    0.2060    0.0540    0.1654    0.1173    0.3758
 000266   E  0.109935  0.448963  0.190646    0.2080    0.1554    0.1890    0.0470    0.1853    0.1130    0.3661
 000267   A  0.093992  0.434131  0.195721    0.1322    0.1501    0.1800    0.0560    0.1651    0.1154    0.3565
 000268   L  0.082226  0.446907  0.201892    0.1602    0.1791    0.1910    0.0680    0.1766    0.1177    0.3465
 000269   M  0.074365  0.436391  0.207042    0.2483    0.1914    0.1760    0.0670    0.1877    0.1147    0.3334
 000270   G  0.062000  0.413301  0.215210    0.3456    0.3053    0.1630    0.0630    0.2149    0.1229    0.3230
 000271   G  0.052305  0.389567  0.226018    0.2657    0.3149    0.1480    0.0510    0.1950    0.1160    0.3136
 000272   G  0.056086  0.375747  0.231243    0.2865    0.3182    0.1640    0.0600    0.2000    0.1121    0.3017
 000273   R  0.059878  0.364451  0.234751    0.2913    0.2094    0.1520    0.0520    0.1795    0.1046    0.2928
 000274   V  0.052422  0.363880  0.242767    0.3263    0.2399    0.1400    0.0450    0.1871    0.1132    0.2918
 000275   G  0.055458  0.364140  0.253954    0.2558    0.1611    0.1330    0.0410    0.1616    0.1084    0.2918
 000276   L  0.060366  0.381467  0.266525    0.2913    0.2002    0.1320    0.0410    0.1775    0.1146    0.2908
 000277   G  0.060835  0.393406  0.270985    0.2041    0.1611    0.1380    0.0440    0.1596    0.1149    0.2920
 000278   T  0.055485  0.386683  0.271655    0.2531    0.1349    0.1530    0.0440    0.1638    0.1169    0.2945
 000279   D  0.056436  0.373624  0.270659    0.2963    0.2399    0.1440    0.0470    0.1851    0.1129    0.2958
 000280   W  0.058260  0.363339  0.268754    0.2820    0.2988    0.1340    0.0520    0.1894    0.1136    0.3050
 000281   D  0.064767  0.344019  0.265371    0.3184    0.2988    0.1120    0.0460    0.1897    0.1152    0.3096
 000282   G  0.067903  0.319324  0.262587    0.3311    0.2094    0.0960    0.0300    0.1706    0.1110    0.3174
 000283   G  0.075658  0.306078  0.254962    0.3311    0.2164    0.0920    0.0230    0.1703    0.1070    0.3223
 000284   F  0.082355  0.303122  0.248726    0.2483    0.2164    0.0990    0.0220    0.1583    0.0912    0.3248
 000285   G  0.084396  0.280228  0.245643    0.3146    0.2783    0.1200    0.0360    0.1797    0.0957    0.3144
 000286   L  0.094028  0.298965  0.243504    0.2865    0.2680    0.1690    0.0620    0.1860    0.0833    0.2999
 000287   E  0.101713  0.316950  0.241349    0.3311    0.3599    0.1890    0.0680    0.2165    0.0986    0.2845
 000288   A  0.111942  0.344018  0.237841    0.3053    0.2715    0.2080    0.0780    0.2069    0.0843    0.2685
 000289   V  0.118629  0.380997  0.236129    0.3005    0.2541    0.1920    0.0750    0.2077    0.0911    0.2486
 000290   P  0.121307  0.417470  0.233545    0.1998    0.2193    0.1780    0.0870    0.1893    0.0998    0.2260
 000291   Q  0.141434  0.433876  0.230381    0.2558    0.2292    0.2310    0.1190    0.2152    0.0963    0.2008
 000292   G  0.156941  0.456504  0.226207    0.2255    0.2258    0.2710    0.1300    0.2226    0.1011    0.1787
 000293   L  0.163207  0.455436  0.219991    0.1416    0.2258    0.2650    0.1150    0.2085    0.1089    0.1571
 000294   D  0.166902  0.451692  0.213857    0.1416    0.2399    0.2560    0.1020    0.2094    0.1067    0.1403
 000295   R  0.163605  0.464499  0.207937    0.2122    0.3529    0.2540    0.1100    0.2413    0.1084    0.1257
 000296   H  0.163410  0.474516  0.195514    0.2209    0.2399    0.2580    0.1060    0.2261    0.1063    0.1200
 000297   R  0.161767  0.470613  0.187011    0.3005    0.2399    0.2470    0.0860    0.2366    0.1057    0.1189
 000298   D  0.161322  0.461410  0.179870    0.1844    0.2258    0.2420    0.0820    0.2125    0.1061    0.1221
 000299   L  0.159974  0.457974  0.171951    0.1266    0.2609    0.2260    0.0760    0.2052    0.1131    0.1262
 000300   R  0.175072  0.439946  0.162111    0.1766    0.3356    0.2240    0.0780    0.2253    0.1058    0.1341
 000301   A  0.229737  0.436333  0.149168    0.1532    0.2064    0.2150    0.0730    0.2067    0.0996    0.1456
 000302   L  0.217095  0.432112  0.133915    0.1380    0.1229    0.2350    0.0780    0.1908    0.1092    0.1632
 000303   G  0.245531  0.417625  0.125032    0.0789    0.1162    0.2290    0.0910    0.1812    0.1156    0.1838
 000304   D  0.270806  0.381784  0.115868    0.0723    0.1070    0.2010    0.1090    0.1722    0.1095    0.2026
 000305   E  0.300640  0.335558  0.103576    0.0607    0.0605    0.1640    0.0950    0.1535    0.1115    0.2304
 000306   G  0.319466  0.269283  0.088066    0.0405    0.0364    0.1410    0.0830    0.1344    0.1103    0.2603
 000307   F  0.339247  0.200205  0.073840    0.0274    0.0380    0.1160    0.0640    0.1202    0.1095    0.2842
 000308   L  0.354461  0.161329  0.067934    0.0141    0.0223    0.0890    0.0390    0.1069    0.1168    0.2986
 000309   G  0.349769  0.135996  0.064210    0.0144    0.0119    0.0740    0.0290    0.0977    0.1162    0.3161
 000310   G  0.308076  0.095156  0.060199    0.0131    0.0181    0.0710    0.0240    0.0842    0.1004    0.3339
 000311   N  0.320427  0.079093  0.058195    0.0079    0.0148    0.2170    0.1370    0.1066    0.1149    0.3494
 000312   W  0.288547  0.062401  0.057447    0.0124    0.0134    0.3270    0.2190    0.1172    0.1301    0.3691
 000313   L  0.254527  0.050077  0.056634    0.0350    0.0171    0.2360    0.1000    0.0988    0.0983    0.3702
 000314   R  0.222229  0.045410  0.055747    0.0441    0.0127    0.2350    0.1170    0.0932    0.0906    0.3763
 000315   W  0.196333  0.054401  0.055686    0.0587    0.0096    0.2130    0.1050    0.0887    0.0779    0.4116
 000316   L  0.166970  0.066371  0.056250    0.0723    0.0071    0.2270    0.1100    0.0899    0.0747    0.4148
 000317   L  0.050424  0.078516  0.055636    0.0935    0.0056    0.2510    0.0770    0.0798    0.0778    0.4198
 000318   G  0.117331  0.108823  0.055378    0.1958    0.0072    0.2950    0.1450    0.1206    0.0942    0.4305
 000319   W  0.060323  0.118240  0.055786    0.3399    0.0088    0.3130    0.1900    0.1400    0.1297    0.4148
 000320   F  0.048486  0.129612  0.056711    0.3762    0.0062    0.4200    0.1920    0.1634    0.1641    0.4025
