#RESNUM RES     VL-XT     VSL2B       VL3  IUPred-S  IUPred-L  PONDRFIT  FITERROR       MDP  MDPERROR   ANCHOR2
 000001   M  0.851851  0.805851  0.205428    0.5583    0.0042    0.9760    0.0210    0.5327    0.3559    0.0059
 000002   A  0.710406  0.759085  0.201977    0.4282    0.0034    0.9610    0.0170    0.4770    0.3343    0.0052
 000003   L  0.768759  0.695717  0.199707    0.2700    0.0026    0.9570    0.0270    0.4490    0.3450    0.0048
 000004   R  0.666116  0.620039  0.197721    0.1292    0.0029    0.9250    0.0350    0.3905    0.3342    0.0046
 000005   E  0.538055  0.487958  0.196956    0.0490    0.0024    0.8680    0.0530    0.3243    0.3066    0.0042
 000006   T  0.474541  0.362118  0.195897    0.0268    0.0020    0.8460    0.0770    0.2852    0.2919    0.0036
 000007   L  0.405701  0.249725  0.194519    0.0084    0.0025    0.6260    0.1300    0.2155    0.2217    0.0025
 000008   S  0.329794  0.153201  0.192350    0.0026    0.0022    0.5480    0.1320    0.1727    0.1934    0.0020
 000009   L  0.266200  0.094639  0.190362    0.0012    0.0024    0.4030    0.1120    0.1279    0.1482    0.0015
 000010   L  0.209894  0.067451  0.188032    0.0005    0.0021    0.3170    0.0890    0.0996    0.1210    0.0012
 000011   V  0.170078  0.052602  0.186525    0.0003    0.0025    0.5360    0.1060    0.1269    0.1869    0.0010
 000012   L  0.146883  0.045785  0.186281    0.0002    0.0031    0.4370    0.1090    0.1054    0.1544    0.0009
 000013   L  0.116707  0.043278  0.186055    0.0002    0.0025    0.4150    0.1370    0.0962    0.1476    0.0008
 000014   L  0.087667  0.042824  0.183998    0.0005    0.0038    0.3780    0.1640    0.0855    0.1360    0.0007
 000015   A  0.057959  0.044761  0.182079    0.0002    0.0038    0.3000    0.1360    0.0679    0.1129    0.0007
 000016   Y  0.051721  0.053142  0.179984    0.0003    0.0025    0.3120    0.1220    0.0700    0.1161    0.0007
 000017   L  0.049804  0.069214  0.178217    0.0002    0.0024    0.2880    0.0990    0.0682    0.1077    0.0007
 000018   G  0.052602  0.083381  0.176683    0.0003    0.0027    0.2200    0.0730    0.0598    0.0882    0.0009
 000019   L  0.079243  0.105228  0.172353    0.0002    0.0030    0.1900    0.0570    0.0629    0.0792    0.0011
 000020   A  0.123378  0.137669  0.168086    0.0003    0.0040    0.1700    0.0550    0.0726    0.0768    0.0013
 000021   L  0.186362  0.167624  0.163571    0.0006    0.0048    0.1930    0.0600    0.0920    0.0874    0.0017
 000022   G  0.231230  0.200663  0.159154    0.0008    0.0061    0.2220    0.0650    0.1102    0.1005    0.0021
 000023   G  0.263995  0.238921  0.156611    0.0010    0.0065    0.2180    0.0520    0.1213    0.1098    0.0025
 000024   L  0.330168  0.277074  0.153769    0.0035    0.0079    0.2130    0.0510    0.1387    0.1272    0.0027
 000025   P  0.387575  0.291196  0.151711    0.0040    0.0080    0.2040    0.0650    0.1492    0.1420    0.0031
 000026   G  0.474898  0.304757  0.149239    0.0042    0.0070    0.2190    0.0790    0.1683    0.1676    0.0030
 000027   Y  0.538897  0.310803  0.145257    0.0040    0.0102    0.2430    0.0910    0.1844    0.1868    0.0027
 000028   R  0.580116  0.294564  0.140676    0.0055    0.0136    0.2500    0.1020    0.1906    0.1975    0.0026
 000029   M  0.589351  0.273840  0.134298    0.0059    0.0136    0.2550    0.0970    0.1897    0.1996    0.0023
 000030   N  0.541048  0.266367  0.129754    0.0090    0.0138    0.2180    0.0690    0.1746    0.1825    0.0021
 000031   R  0.520399  0.260134  0.124873    0.0141    0.0104    0.1850    0.0530    0.1649    0.1751    0.0018
 000032   A  0.496798  0.234979  0.120230    0.0160    0.0115    0.1550    0.0420    0.1524    0.1658    0.0014
 000033   G  0.438756  0.222664  0.116933    0.0082    0.0079    0.1240    0.0370    0.1337    0.1488    0.0011
 000034   V  0.383137  0.203635  0.114519    0.0052    0.0057    0.1120    0.0300    0.1184    0.1310    0.0008
 000035   A  0.291424  0.172930  0.111671    0.0062    0.0080    0.1000    0.0240    0.0964    0.1001    0.0006
 000036   L  0.215451  0.140225  0.109064    0.0013    0.0061    0.1020    0.0250    0.0776    0.0769    0.0005
 000037   V  0.147490  0.127137  0.107366    0.0015    0.0045    0.0980    0.0240    0.0631    0.0600    0.0004
 000038   G  0.132815  0.114994  0.105963    0.0033    0.0066    0.1010    0.0250    0.0598    0.0551    0.0004
 000039   A  0.148024  0.102562  0.105092    0.0009    0.0048    0.1000    0.0320    0.0594    0.0575    0.0003
 000040   S  0.124036  0.093676  0.104432    0.0026    0.0062    0.0870    0.0340    0.0523    0.0506    0.0003
 000041   L  0.117221  0.084044  0.103466    0.0008    0.0064    0.0770    0.0320    0.0476    0.0484    0.0003
 000042   L  0.112583  0.074922  0.101519    0.0008    0.0056    0.0700    0.0300    0.0440    0.0465    0.0003
 000043   V  0.111860  0.075367  0.098563    0.0018    0.0044    0.0620    0.0260    0.0426    0.0457    0.0003
 000044   L  0.120473  0.086620  0.095608    0.0010    0.0045    0.0580    0.0220    0.0451    0.0478    0.0004
 000045   L  0.136855  0.089765  0.094594    0.0009    0.0051    0.0520    0.0140    0.0474    0.0516    0.0005
 000046   G  0.149860  0.098296  0.093994    0.0013    0.0044    0.0620    0.0120    0.0526    0.0552    0.0006
 000047   A  0.126424  0.115319  0.093354    0.0029    0.0061    0.0780    0.0210    0.0548    0.0514    0.0008
 000048   L  0.102988  0.125069  0.092082    0.0021    0.0092    0.1100    0.0290    0.0582    0.0514    0.0011
 000049   D  0.121465  0.147607  0.090802    0.0026    0.0092    0.1460    0.0370    0.0711    0.0618    0.0016
 000050   L  0.126293  0.186875  0.091931    0.0044    0.0117    0.1620    0.0360    0.0818    0.0712    0.0023
 000051   E  0.131121  0.231990  0.092870    0.0042    0.0082    0.1670    0.0300    0.0904    0.0834    0.0037
 000052   E  0.133689  0.253812  0.093808    0.0094    0.0090    0.1740    0.0330    0.0967    0.0889    0.0054
 000053   A  0.129361  0.273530  0.094407    0.0084    0.0081    0.1800    0.0330    0.0999    0.0951    0.0068
 000054   W  0.118136  0.270650  0.095891    0.0083    0.0078    0.1910    0.0400    0.0993    0.0956    0.0083
 000055   R  0.104262  0.243661  0.096647    0.0075    0.0070    0.1740    0.0420    0.0894    0.0863    0.0091
 000056   A  0.090738  0.216496  0.095094    0.0069    0.0100    0.1490    0.0340    0.0789    0.0755    0.0089
 000057   L  0.077214  0.188795  0.094124    0.0026    0.0076    0.1030    0.0200    0.0632    0.0649    0.0088
 000058   D  0.057319  0.160803  0.092076    0.0035    0.0073    0.0630    0.0100    0.0486    0.0555    0.0089
 000059   P  0.047627  0.130652  0.090845    0.0042    0.0081    0.0470    0.0100    0.0396    0.0470    0.0083
 000060   S  0.037922  0.114433  0.089727    0.0026    0.0057    0.0420    0.0100    0.0338    0.0437    0.0064
 000061   T  0.030577  0.085339  0.089207    0.0033    0.0085    0.0430    0.0130    0.0284    0.0369    0.0048
 000062   L  0.023162  0.064844  0.089075    0.0009    0.0066    0.0430    0.0140    0.0230    0.0348    0.0032
 000063   V  0.016796  0.050637  0.088944    0.0008    0.0061    0.0420    0.0120    0.0194    0.0338    0.0023
 000064   F  0.008464  0.044179  0.088673    0.0008    0.0052    0.0450    0.0120    0.0173    0.0344    0.0018
 000065   L  0.004614  0.037931  0.087068    0.0021    0.0076    0.0440    0.0100    0.0160    0.0334    0.0014
 000066   F  0.000719  0.035471  0.086612    0.0007    0.0054    0.0410    0.0090    0.0139    0.0340    0.0012
 000067   G  0.000473  0.036912  0.085731    0.0010    0.0054    0.0370    0.0090    0.0135    0.0335    0.0011
 000068   V  0.000419  0.037511  0.083411    0.0010    0.0073    0.0360    0.0090    0.0137    0.0324    0.0009
 000069   M  0.000376  0.041148  0.081368    0.0008    0.0046    0.0350    0.0080    0.0137    0.0322    0.0008
 000070   V  0.000232  0.050254  0.079319    0.0007    0.0027    0.0340    0.0090    0.0146    0.0326    0.0006
 000071   L  0.000158  0.060712  0.076343    0.0003    0.0027    0.0340    0.0100    0.0163    0.0331    0.0006
 000072   N  0.000128  0.069483  0.073745    0.0002    0.0017    0.0350    0.0100    0.0177    0.0341    0.0005
 000073   A  0.000084  0.079339  0.072048    0.0003    0.0019    0.0370    0.0110    0.0198    0.0357    0.0005
 000074   H  0.000035  0.081819  0.070630    0.0003    0.0021    0.0380    0.0110    0.0204    0.0360    0.0005
 000075   L  0.000026  0.073029  0.068571    0.0003    0.0035    0.0360    0.0100    0.0188    0.0333    0.0004
 000076   G  0.000023  0.068281  0.066362    0.0005    0.0045    0.0360    0.0110    0.0182    0.0316    0.0004
 000077   Y  0.000022  0.067476  0.063739    0.0010    0.0050    0.0380    0.0130    0.0186    0.0307    0.0004
 000078   A  0.000024  0.064624  0.062149    0.0009    0.0036    0.0380    0.0150    0.0178    0.0299    0.0005
 000079   G  0.000054  0.062230  0.060252    0.0008    0.0046    0.0430    0.0200    0.0184    0.0292    0.0005
 000080   F  0.000083  0.058820  0.057856    0.0007    0.0054    0.0560    0.0300    0.0201    0.0294    0.0005
 000081   F  0.000135  0.054900  0.055298    0.0009    0.0060    0.0690    0.0350    0.0218    0.0305    0.0006
 000082   G  0.000143  0.047685  0.052412    0.0029    0.0084    0.0730    0.0330    0.0220    0.0295    0.0007
 000083   W  0.000154  0.046199  0.050479    0.0013    0.0083    0.0880    0.0370    0.0240    0.0333    0.0009
 000084   V  0.000268  0.055394  0.048340    0.0026    0.0111    0.0980    0.0400    0.0278    0.0359    0.0012
 000085   A  0.000371  0.067150  0.045913    0.0029    0.0068    0.0960    0.0400    0.0288    0.0370    0.0017
 000086   E  0.000462  0.084884  0.044404    0.0086    0.0083    0.0810    0.0260    0.0306    0.0356    0.0025
 000087   G  0.000627  0.103583  0.044235    0.0034    0.0060    0.0820    0.0220    0.0327    0.0413    0.0030
 000088   L  0.000911  0.118254  0.044631    0.0067    0.0060    0.0930    0.0230    0.0375    0.0464    0.0034
 000089   W  0.001214  0.132037  0.045946    0.0035    0.0053    0.0940    0.0230    0.0394    0.0509    0.0039
 000090   K  0.001343  0.150287  0.047809    0.0009    0.0040    0.0670    0.0150    0.0373    0.0540    0.0044
 000091   R  0.001547  0.152802  0.050326    0.0015    0.0044    0.0560    0.0120    0.0361    0.0542    0.0045
 000092   A  0.001789  0.146091  0.052507    0.0024    0.0065    0.0530    0.0140    0.0349    0.0516    0.0040
 000093   R  0.002211  0.130565  0.054607    0.0007    0.0048    0.0510    0.0150    0.0315    0.0470    0.0036
 000094   T  0.002482  0.111031  0.056707    0.0013    0.0070    0.0490    0.0160    0.0285    0.0407    0.0029
 000095   P  0.002763  0.092625  0.061095    0.0010    0.0091    0.0440    0.0120    0.0249    0.0355    0.0023
 000096   F  0.003073  0.078113  0.066293    0.0022    0.0107    0.0440    0.0100    0.0229    0.0325    0.0015
 000097   A  0.003446  0.072837  0.069720    0.0013    0.0067    0.0430    0.0070    0.0213    0.0327    0.0012
 000098   L  0.003656  0.075817  0.073025    0.0015    0.0050    0.0450    0.0060    0.0219    0.0344    0.0009
 000099   L  0.003568  0.077092  0.076654    0.0021    0.0067    0.0490    0.0080    0.0231    0.0355    0.0008
 000100   V  0.003419  0.076412  0.080482    0.0013    0.0088    0.0550    0.0130    0.0242    0.0366    0.0006
 000101   L  0.003234  0.092080  0.083874    0.0013    0.0062    0.0580    0.0180    0.0268    0.0411    0.0006
 000102   L  0.002737  0.122126  0.090792    0.0010    0.0042    0.0610    0.0210    0.0318    0.0501    0.0006
 000103   S  0.002486  0.152008  0.097285    0.0007    0.0036    0.0640    0.0200    0.0370    0.0594    0.0006
 000104   L  0.002240  0.178530  0.104556    0.0004    0.0038    0.0620    0.0190    0.0412    0.0682    0.0006
 000105   G  0.001990  0.202167  0.108149    0.0002    0.0038    0.0670    0.0210    0.0459    0.0759    0.0007
 000106   S  0.001530  0.216351  0.113530    0.0002    0.0036    0.0740    0.0260    0.0492    0.0811    0.0008
 000107   G  0.001167  0.216318  0.118849    0.0004    0.0046    0.0800    0.0280    0.0504    0.0818    0.0011
 000108   L  0.001254  0.215865  0.123636    0.0005    0.0046    0.0800    0.0260    0.0503    0.0823    0.0013
 000109   L  0.001502  0.203431  0.126920    0.0007    0.0047    0.0750    0.0230    0.0476    0.0791    0.0016
 000110   S  0.001890  0.198141  0.129850    0.0009    0.0049    0.0620    0.0180    0.0446    0.0779    0.0021
 000111   A  0.002310  0.184585  0.133359    0.0008    0.0047    0.0580    0.0160    0.0417    0.0749    0.0026
 000112   L  0.002461  0.162564  0.136618    0.0007    0.0068    0.0540    0.0130    0.0377    0.0698    0.0033
 000113   F  0.002439  0.139713  0.139588    0.0007    0.0111    0.0520    0.0110    0.0342    0.0648    0.0042
 000114   L  0.002326  0.141396  0.141331    0.0007    0.0079    0.0450    0.0090    0.0328    0.0662    0.0057
 000115   N  0.002213  0.143702  0.142651    0.0033    0.0086    0.0410    0.0080    0.0331    0.0668    0.0083
 000116   D  0.002214  0.136540  0.143461    0.0009    0.0064    0.0410    0.0080    0.0312    0.0660    0.0108
 000117   T  0.002406  0.130270  0.144133    0.0006    0.0065    0.0390    0.0080    0.0298    0.0651    0.0134
 000118   M  0.002499  0.118917  0.144668    0.0003    0.0048    0.0420    0.0090    0.0280    0.0633    0.0160
 000119   A  0.002454  0.107472  0.148548    0.0006    0.0059    0.0430    0.0100    0.0266    0.0624    0.0195
 000120   L  0.004066  0.100840  0.152716    0.0006    0.0083    0.0460    0.0100    0.0267    0.0623    0.0229
 000121   L  0.005865  0.100563  0.157511    0.0005    0.0084    0.0490    0.0100    0.0273    0.0636    0.0274
 000122   L  0.007832  0.107570  0.164481    0.0007    0.0069    0.0490    0.0100    0.0287    0.0668    0.0329
 000123   T  0.017848  0.112849  0.171511    0.0013    0.0097    0.0480    0.0100    0.0316    0.0683    0.0386
 000124   P  0.024082  0.112916  0.179188    0.0018    0.0111    0.0460    0.0100    0.0327    0.0702    0.0413
 000125   L  0.039629  0.114995  0.190285    0.0055    0.0202    0.0510    0.0120    0.0385    0.0713    0.0392
 000126   V  0.051479  0.117551  0.198840    0.0021    0.0223    0.0590    0.0140    0.0421    0.0737    0.0375
 000127   L  0.063287  0.131186  0.208702    0.0018    0.0133    0.0780    0.0180    0.0480    0.0788    0.0383
 000128   R  0.075096  0.149940  0.214849    0.0026    0.0143    0.0990    0.0280    0.0568    0.0822    0.0390
 000129   L  0.099992  0.167421  0.219665    0.0021    0.0109    0.1250    0.0400    0.0675    0.0865    0.0410
 000130   A  0.110443  0.191334  0.221302    0.0042    0.0089    0.1440    0.0480    0.0764    0.0910    0.0416
 000131   R  0.113081  0.206765  0.222387    0.0061    0.0088    0.1710    0.0570    0.0843    0.0951    0.0424
 000132   G  0.114035  0.222566  0.226500    0.0075    0.0105    0.1990    0.0680    0.0922    0.1006    0.0397
 000133   L  0.129849  0.216940  0.227804    0.0087    0.0105    0.2230    0.0850    0.0982    0.1027    0.0363
 000134   G  0.143650  0.217647  0.230363    0.0070    0.0082    0.2250    0.0930    0.1002    0.1043    0.0335
 000135   L  0.185292  0.214208  0.233318    0.0026    0.0064    0.2440    0.1110    0.1087    0.1099    0.0314
 000136   N  0.250442  0.209733  0.240692    0.0049    0.0088    0.2300    0.1050    0.1173    0.1144    0.0307
 000137   P  0.320450  0.198943  0.246754    0.0069    0.0088    0.2190    0.1020    0.1256    0.1254    0.0290
 000138   V  0.397106  0.179157  0.248257    0.0141    0.0141    0.2360    0.1220    0.1402    0.1416    0.0240
 000139   P  0.479296  0.167443  0.250290    0.0079    0.0151    0.2280    0.1150    0.1496    0.1651    0.0214
 000140   Y  0.577413  0.153439  0.251750    0.0179    0.0258    0.2630    0.1290    0.1729    0.1932    0.0184
 000141   L  0.667628  0.140891  0.249985    0.0279    0.0327    0.2470    0.1000    0.1860    0.2200    0.0165
 000142   L  0.753849  0.135027  0.247991    0.0259    0.0181    0.2380    0.0770    0.1951    0.2518    0.0151
 000143   A  0.832727  0.127791  0.244619    0.0274    0.0136    0.2370    0.0710    0.2064    0.2799    0.0142
 000144   L  0.885374  0.151648  0.242073    0.0297    0.0248    0.2630    0.0650    0.2257    0.2947    0.0136
 000145   M  0.915745  0.171851  0.239121    0.0218    0.0313    0.3170    0.0740    0.2429    0.3047    0.0137
 000146   A  0.941258  0.182386  0.237003    0.0441    0.0662    0.3280    0.1000    0.2604    0.3053    0.0145
 000147   G  0.946427  0.224448  0.235416    0.0514    0.0581    0.3350    0.1260    0.2692    0.3050    0.0163
 000148   V  0.961248  0.276630  0.233245    0.0425    0.0518    0.3620    0.1600    0.2824    0.3110    0.0185
 000149   N  0.968003  0.327855  0.231075    0.0677    0.1092    0.3980    0.1590    0.3118    0.3015    0.0239
 000150   T  0.975527  0.388389  0.224589    0.0567    0.0948    0.4730    0.1650    0.3314    0.3112    0.0301
 000151   G  0.976310  0.442625  0.217807    0.1205    0.1914    0.5450    0.1770    0.3794    0.2934    0.0376
 000152   S  0.977003  0.469748  0.210005    0.1998    0.1671    0.5860    0.1750    0.4000    0.2895    0.0466
 000153   L  0.980044  0.503035  0.200213    0.3005    0.1702    0.6130    0.1530    0.4277    0.2826    0.0514
 000154   M  0.980813  0.530213  0.190231    0.2333    0.1399    0.5590    0.1410    0.4072    0.2932    0.0586
 000155   T  0.982627  0.552515  0.180636    0.2292    0.1852    0.5360    0.1450    0.4143    0.2882    0.0652
 000156   P  0.983552  0.546396  0.167504    0.1878    0.2364    0.5230    0.1260    0.4129    0.2880    0.0665
 000157   T  0.983789  0.520545  0.154527    0.1805    0.1823    0.5180    0.1030    0.3975    0.2960    0.0632
 000158   G  0.983855  0.491682  0.139520    0.1805    0.1791    0.5300    0.0960    0.3942    0.2979    0.0549
 000159   N  0.983744  0.455174  0.129255    0.1566    0.2575    0.4630    0.1030    0.3861    0.2896    0.0490
 000160   P  0.983291  0.429312  0.119929    0.1566    0.1881    0.4130    0.1280    0.3618    0.2956    0.0410
 000161   Q  0.981192  0.397236  0.114601    0.1495    0.1399    0.3320    0.1150    0.3332    0.3008    0.0327
 000162   N  0.883140  0.358124  0.109367    0.1150    0.0734    0.2870    0.1150    0.2860    0.2791    0.0264
 000163   I  0.776398  0.315019  0.102468    0.0832    0.0398    0.2490    0.1020    0.2439    0.2504    0.0201
 000164   L  0.669153  0.277027  0.094653    0.0813    0.0835    0.2030    0.0770    0.2189    0.2078    0.0184
 000165   V  0.561412  0.230269  0.087713    0.0526    0.0494    0.1600    0.0460    0.1756    0.1784    0.0175
 000166   A  0.452727  0.197113  0.079020    0.0567    0.0240    0.1330    0.0290    0.1439    0.1441    0.0172
 000167   S  0.343305  0.175585  0.069842    0.0200    0.0202    0.1160    0.0230    0.1125    0.1127    0.0185
 000168   L  0.234958  0.150600  0.061011    0.0083    0.0148    0.0960    0.0150    0.0841    0.0800    0.0207
 000169   S  0.126530  0.139366  0.055701    0.0086    0.0096    0.0840    0.0160    0.0614    0.0522    0.0241
 000170   G  0.019953  0.133893  0.050391    0.0067    0.0058    0.0780    0.0150    0.0407    0.0465    0.0275
 000171   M  0.008872  0.125477  0.046069    0.0021    0.0058    0.0800    0.0160    0.0370    0.0461    0.0312
 000172   A  0.007459  0.118018  0.045630    0.0007    0.0044    0.0830    0.0190    0.0356    0.0450    0.0374
 000173   Y  0.005541  0.114054  0.045507    0.0008    0.0037    0.1040    0.0390    0.0380    0.0479    0.0446
 000174   L  0.003759  0.101383  0.048118    0.0008    0.0036    0.1140    0.0470    0.0373    0.0479    0.0559
 000175   D  0.002975  0.085386  0.051199    0.0010    0.0036    0.1210    0.0470    0.0357    0.0472    0.0641
 000176   F  0.002898  0.069184  0.056399    0.0008    0.0045    0.1230    0.0460    0.0334    0.0460    0.0680
 000177   L  0.002676  0.060613  0.063906    0.0006    0.0038    0.1210    0.0410    0.0314    0.0455    0.0717
 000178   R  0.002496  0.052773  0.074146    0.0006    0.0034    0.1100    0.0360    0.0282    0.0437    0.0736
 000179   A  0.002184  0.053474  0.087283    0.0006    0.0034    0.0990    0.0320    0.0264    0.0436    0.0737
 000180   L  0.001869  0.058221  0.101742    0.0005    0.0036    0.0880    0.0260    0.0254    0.0457    0.0754
 000181   F  0.001615  0.065341  0.114909    0.0003    0.0027    0.0970    0.0280    0.0279    0.0515    0.0770
 000182   P  0.001272  0.079180  0.132600    0.0004    0.0033    0.1010    0.0260    0.0308    0.0579    0.0781
 000183   V  0.001128  0.090871  0.150294    0.0003    0.0027    0.1120    0.0280    0.0344    0.0656    0.0769
 000184   A  0.000880  0.097219  0.164669    0.0005    0.0028    0.1190    0.0300    0.0367    0.0714    0.0774
 000185   F  0.000746  0.107969  0.182628    0.0005    0.0033    0.1370    0.0370    0.0416    0.0798    0.0771
 000186   L  0.000629  0.104259  0.200306    0.0003    0.0024    0.1540    0.0460    0.0436    0.0875    0.0755
 000187   G  0.000705  0.107310  0.220285    0.0004    0.0026    0.1640    0.0580    0.0459    0.0950    0.0731
 000188   L  0.001869  0.119702  0.237079    0.0005    0.0026    0.1900    0.0830    0.0525    0.1044    0.0675
 000189   A  0.002764  0.119514  0.257187    0.0003    0.0028    0.1920    0.0970    0.0528    0.1105    0.0607
 000190   L  0.004751  0.146354  0.278309    0.0002    0.0035    0.1920    0.1020    0.0578    0.1180    0.0569
 000191   Q  0.005859  0.137749  0.302654    0.0004    0.0041    0.1930    0.1050    0.0569    0.1252    0.0534
 000192   V  0.017459  0.136722  0.326637    0.0008    0.0062    0.2050    0.1140    0.0610    0.1326    0.0473
 000193   G  0.057584  0.149601  0.349844    0.0006    0.0056    0.2280    0.1280    0.0736    0.1392    0.0437
 000194   L  0.078493  0.207732  0.371558    0.0010    0.0054    0.2540    0.1390    0.0912    0.1497    0.0411
 000195   L  0.138521  0.220117  0.394188    0.0022    0.0061    0.2720    0.1360    0.1065    0.1555    0.0371
 000196   A  0.221914  0.261949  0.416589    0.0027    0.0111    0.2710    0.1170    0.1281    0.1632    0.0342
 000197   L  0.326089  0.280642  0.439448    0.0070    0.0111    0.2750    0.1080    0.1500    0.1767    0.0332
 000198   L  0.433837  0.306700  0.462339    0.0083    0.0133    0.2850    0.1050    0.1746    0.1972    0.0324
 000199   Y  0.542326  0.333570  0.484397    0.0086    0.0275    0.2970    0.0930    0.2015    0.2199    0.0339
 000200   P  0.650823  0.383489  0.507493    0.0150    0.0443    0.2850    0.0830    0.2297    0.2455    0.0387
 000201   E  0.746578  0.450458  0.530623    0.0414    0.1048    0.3190    0.1080    0.2770    0.2588    0.0430
 000202   A  0.814352  0.515039  0.551994    0.0441    0.1184    0.3730    0.1490    0.3109    0.2785    0.0471
 000203   R  0.890870  0.557751  0.572756    0.1018    0.1092    0.4160    0.1560    0.3459    0.2926    0.0575
 000204   S  0.928258  0.622167  0.593352    0.1205    0.1115    0.4700    0.1480    0.3754    0.3049    0.0642
 000205   L  0.941348  0.669006  0.615639    0.1178    0.1070    0.5130    0.1720    0.3914    0.3163    0.0717
 000206   R  0.942859  0.703174  0.633285    0.2041    0.1852    0.4960    0.1840    0.4219    0.2899    0.0803
 000207   P  0.937479  0.730188  0.651509    0.1566    0.1373    0.5500    0.1670    0.4186    0.3124    0.0881
 000208   L  0.937387  0.755476  0.667108    0.2531    0.2224    0.6050    0.1370    0.4622    0.2815    0.0888
 000209   P  0.937656  0.762815  0.676914    0.2483    0.3599    0.5490    0.0940    0.4763    0.2601    0.0963
 000210   P  0.940172  0.761379  0.683029    0.3359    0.4685    0.4800    0.0780    0.4977    0.2335    0.1007
 000211   P  0.942689  0.764189  0.689062    0.3311    0.3321    0.3850    0.1070    0.4592    0.2639    0.0979
 000212   P  0.956120  0.762538  0.694317    0.3263    0.2094    0.3570    0.1270    0.4352    0.2929    0.0911
 000213   P  0.967252  0.722414  0.691971    0.2748    0.2575    0.3230    0.1240    0.4242    0.2933    0.0816
 000214   L  0.964454  0.692920  0.687744    0.1878    0.2609    0.2860    0.1280    0.3987    0.3072    0.0682
 000215   R  0.956029  0.658671  0.683508    0.1921    0.2609    0.2510    0.1320    0.3864    0.3051    0.0640
 000216   Y  0.931978  0.629830  0.673163    0.3096    0.2609    0.2450    0.1230    0.3962    0.2790    0.0594
 000217   R  0.887434  0.597704  0.661420    0.3096    0.1643    0.2500    0.1230    0.3682    0.2790    0.0583
 000218   L  0.819577  0.560560  0.646276    0.1878    0.0835    0.2470    0.1250    0.3164    0.2879    0.0559
 000219   H  0.719952  0.516537  0.633369    0.1998    0.1184    0.2250    0.1050    0.2966    0.2540    0.0568
 000220   P  0.612061  0.490581  0.617050    0.1088    0.0948    0.1900    0.0880    0.2493    0.2491    0.0526
 000221   G  0.503770  0.475593  0.597727    0.0677    0.0749    0.1900    0.0820    0.2186    0.2364    0.0481
 000222   L  0.396751  0.462183  0.575610    0.0567    0.0320    0.2230    0.0890    0.1952    0.2248    0.0452
 000223   L  0.303054  0.471196  0.553493    0.0464    0.0153    0.2530    0.1020    0.1815    0.2191    0.0445
 000224   R  0.204645  0.454048  0.532829    0.0179    0.0087    0.3010    0.0990    0.1643    0.2182    0.0456
 000225   K  0.125462  0.436113  0.513212    0.0194    0.0107    0.3340    0.1360    0.1543    0.2161    0.0460
 000226   G  0.059748  0.398027  0.494346    0.0083    0.0066    0.3330    0.1430    0.1342    0.2146    0.0419
 000227   L  0.017737  0.348370  0.474379    0.0121    0.0069    0.2910    0.1330    0.1126    0.2035    0.0372
 000228   L  0.007530  0.331020  0.453775    0.0049    0.0050    0.2740    0.1270    0.1038    0.1967    0.0320
 000229   V  0.005107  0.321357  0.434890    0.0042    0.0069    0.2340    0.1000    0.0952    0.1871    0.0282
 000230   A  0.002789  0.319903  0.412957    0.0013    0.0049    0.2050    0.0700    0.0890    0.1798    0.0256
 000231   S  0.001707  0.291611  0.389744    0.0010    0.0049    0.1920    0.0590    0.0819    0.1682    0.0235
 000232   G  0.002574  0.286994  0.366794    0.0006    0.0043    0.1790    0.0710    0.0789    0.1601    0.0219
 000233   L  0.003296  0.260697  0.347062    0.0013    0.0050    0.1630    0.0670    0.0722    0.1492    0.0199
 000234   L  0.004017  0.240271  0.326882    0.0024    0.0070    0.1390    0.0590    0.0654    0.1387    0.0181
 000235   L  0.004951  0.189706  0.306219    0.0010    0.0069    0.1150    0.0550    0.0529    0.1251    0.0167
 000236   A  0.006808  0.164425  0.281573    0.0009    0.0060    0.0890    0.0510    0.0445    0.1135    0.0162
 000237   F  0.008630  0.146212  0.260931    0.0009    0.0045    0.0780    0.0450    0.0397    0.1045    0.0161
 000238   L  0.009856  0.139092  0.238445    0.0013    0.0047    0.0820    0.0420    0.0394    0.0956    0.0170
 000239   L  0.010111  0.129608  0.215869    0.0010    0.0057    0.0880    0.0420    0.0391    0.0869    0.0171
 000240   G  0.010157  0.118311  0.195598    0.0010    0.0064    0.0970    0.0420    0.0389    0.0792    0.0168
 000241   Y  0.009640  0.110870  0.176939    0.0009    0.0073    0.1180    0.0450    0.0411    0.0741    0.0151
 000242   P  0.008839  0.120939  0.156778    0.0007    0.0054    0.0980    0.0390    0.0389    0.0678    0.0148
 000243   M  0.008037  0.143698  0.139764    0.0007    0.0041    0.0960    0.0410    0.0421    0.0672    0.0138
 000244   A  0.007389  0.165076  0.125993    0.0007    0.0041    0.0960    0.0390    0.0455    0.0689    0.0126
 000245   Q  0.006500  0.178168  0.114101    0.0006    0.0037    0.0940    0.0330    0.0472    0.0702    0.0112
 000246   G  0.005612  0.174657  0.105082    0.0006    0.0050    0.0960    0.0300    0.0470    0.0679    0.0090
 000247   A  0.006570  0.164637  0.099198    0.0004    0.0057    0.0960    0.0320    0.0456    0.0643    0.0073
 000248   L  0.008207  0.139169  0.094154    0.0008    0.0089    0.0990    0.0380    0.0426    0.0565    0.0060
 000249   V  0.015584  0.115756  0.089625    0.0022    0.0087    0.0950    0.0360    0.0395    0.0488    0.0051
 000250   A  0.030633  0.099299  0.085955    0.0055    0.0133    0.0950    0.0380    0.0406    0.0419    0.0043
 000251   A  0.046758  0.088194  0.082770    0.0013    0.0130    0.1020    0.0430    0.0418    0.0406    0.0038
 000252   G  0.060193  0.081584  0.081403    0.0040    0.0263    0.1020    0.0430    0.0457    0.0366    0.0035
 000253   L  0.072979  0.080539  0.079796    0.0029    0.0218    0.1070    0.0490    0.0476    0.0387    0.0032
 000254   L  0.101269  0.083572  0.079270    0.0055    0.0160    0.1120    0.0670    0.0530    0.0429    0.0033
 000255   L  0.129885  0.101582  0.078074    0.0074    0.0101    0.1130    0.0680    0.0603    0.0499    0.0035
 000256   F  0.160669  0.125068  0.077350    0.0029    0.0082    0.1170    0.0700    0.0690    0.0606    0.0036
 000257   T  0.237683  0.151190  0.076432    0.0009    0.0082    0.1210    0.0660    0.0865    0.0835    0.0043
 000258   R  0.279577  0.177328  0.074246    0.0008    0.0070    0.1150    0.0510    0.0965    0.0983    0.0048
 000259   R  0.312732  0.219668  0.072878    0.0026    0.0104    0.1140    0.0450    0.1099    0.1125    0.0049
 000260   L  0.345278  0.243924  0.069004    0.0026    0.0088    0.1160    0.0310    0.1195    0.1258    0.0051
 000261   R  0.380893  0.274558  0.068828    0.0037    0.0111    0.1140    0.0190    0.1307    0.1401    0.0053
 000262   S  0.417529  0.285456  0.070720    0.0022    0.0090    0.1060    0.0190    0.1368    0.1531    0.0057
 000263   E  0.438150  0.285995  0.072887    0.0026    0.0065    0.1100    0.0240    0.1405    0.1593    0.0056
 000264   R  0.458609  0.245856  0.072557    0.0026    0.0067    0.1010    0.0210    0.1358    0.1612    0.0049
 000265   Y  0.445388  0.200942  0.071991    0.0027    0.0080    0.0860    0.0150    0.1238    0.1536    0.0039
 000266   F  0.376501  0.150166  0.071996    0.0029    0.0070    0.0720    0.0140    0.1015    0.1280    0.0033
 000267   M  0.336364  0.118837  0.073633    0.0066    0.0115    0.0610    0.0140    0.0890    0.1125    0.0027
 000268   R  0.291263  0.089096  0.075589    0.0015    0.0107    0.0550    0.0140    0.0746    0.0974    0.0022
 000269   V  0.244867  0.073956  0.076726    0.0024    0.0075    0.0510    0.0120    0.0633    0.0819    0.0018
 000270   D  0.196253  0.068233  0.078120    0.0027    0.0050    0.0510    0.0120    0.0539    0.0659    0.0017
 000271   W  0.146597  0.059190  0.080780    0.0031    0.0053    0.0540    0.0130    0.0447    0.0504    0.0014
 000272   E  0.098309  0.053789  0.082865    0.0010    0.0040    0.0560    0.0160    0.0355    0.0390    0.0012
 000273   L  0.050105  0.047800  0.084990    0.0007    0.0042    0.0600    0.0200    0.0272    0.0332    0.0009
 000274   L  0.035281  0.041652  0.087247    0.0004    0.0042    0.0750    0.0340    0.0261    0.0356    0.0008
 000275   V  0.030078  0.037795  0.089699    0.0004    0.0042    0.0860    0.0420    0.0264    0.0384    0.0009
 000276   M  0.025043  0.037271  0.092360    0.0007    0.0045    0.0900    0.0390    0.0263    0.0402    0.0010
 000277   F  0.022627  0.042162  0.098008    0.0021    0.0067    0.0940    0.0370    0.0279    0.0421    0.0011
 000278   G  0.029363  0.045481  0.102053    0.0010    0.0080    0.0920    0.0340    0.0294    0.0424    0.0013
 000279   G  0.029751  0.052523  0.106635    0.0010    0.0059    0.0870    0.0270    0.0294    0.0432    0.0015
 000280   L  0.040766  0.066204  0.111921    0.0029    0.0076    0.0870    0.0230    0.0341    0.0441    0.0016
 000281   F  0.052918  0.078289  0.118220    0.0008    0.0053    0.1010    0.0230    0.0397    0.0488    0.0017
 000282   V  0.063816  0.092885  0.122510    0.0028    0.0069    0.1090    0.0290    0.0459    0.0512    0.0020
 000283   L  0.068958  0.122814  0.129917    0.0008    0.0069    0.1210    0.0400    0.0534    0.0583    0.0023
 000284   T  0.093180  0.146002  0.136233    0.0012    0.0084    0.1360    0.0470    0.0641    0.0645    0.0032
 000285   E  0.110285  0.161270  0.140323    0.0049    0.0084    0.1480    0.0520    0.0722    0.0688    0.0037
 000286   G  0.129448  0.178760  0.145665    0.0069    0.0080    0.1520    0.0500    0.0791    0.0735    0.0038
 000287   V  0.150700  0.189735  0.153918    0.0035    0.0107    0.1470    0.0470    0.0836    0.0780    0.0036
 000288   R  0.221264  0.188452  0.161615    0.0037    0.0125    0.1500    0.0500    0.0960    0.0885    0.0039
 000289   R  0.294488  0.203092  0.170536    0.0052    0.0105    0.1610    0.0560    0.1124    0.1072    0.0038
 000290   L  0.365206  0.212668  0.179344    0.0012    0.0104    0.1900    0.0650    0.1298    0.1285    0.0036
 000291   G  0.438586  0.214822  0.187206    0.0026    0.0165    0.2070    0.0780    0.1466    0.1488    0.0039
 000292   L  0.484370  0.222613  0.194942    0.0066    0.0454    0.2140    0.0880    0.1621    0.1576    0.0041
 000293   A  0.485550  0.250913  0.205361    0.0102    0.0398    0.2130    0.0820    0.1666    0.1597    0.0046
 000294   E  0.488169  0.262205  0.214950    0.0316    0.0749    0.2130    0.0790    0.1784    0.1516    0.0050
 000295   A  0.497362  0.273053  0.227211    0.0116    0.0356    0.2450    0.0760    0.1771    0.1665    0.0050
 000296   L  0.503309  0.304819  0.239568    0.0099    0.0174    0.2940    0.0660    0.1882    0.1768    0.0052
 000297   L  0.490550  0.318634  0.251841    0.0042    0.0107    0.3450    0.0790    0.1948    0.1820    0.0057
 000298   P  0.436938  0.321302  0.266451    0.0037    0.0130    0.3530    0.0760    0.1880    0.1721    0.0065
 000299   L  0.383326  0.332953  0.282112    0.0013    0.0105    0.3670    0.0710    0.1824    0.1679    0.0065
 000300   A  0.341473  0.350455  0.298419    0.0009    0.0113    0.3460    0.0620    0.1750    0.1633    0.0068
 000301   S  0.366336  0.344236  0.308322    0.0026    0.0111    0.3210    0.0510    0.1742    0.1640    0.0077
 000302   S  0.395772  0.346433  0.317264    0.0027    0.0076    0.3080    0.0470    0.1767    0.1696    0.0078
 000303   P  0.433187  0.335305  0.326437    0.0029    0.0107    0.2900    0.0390    0.1787    0.1745    0.0076
 000304   L  0.494959  0.305283  0.333775    0.0013    0.0086    0.2800    0.0390    0.1818    0.1865    0.0067
 000305   G  0.528780  0.287002  0.340507    0.0010    0.0057    0.2690    0.0550    0.1820    0.1949    0.0060
 000306   L  0.547994  0.253349  0.346564    0.0007    0.0044    0.2600    0.0630    0.1778    0.1998    0.0054
 000307   L  0.612081  0.223432  0.350495    0.0008    0.0059    0.2540    0.0670    0.1826    0.2174    0.0047
 000308   L  0.668601  0.198519  0.351844    0.0007    0.0085    0.2410    0.0700    0.1862    0.2343    0.0042
 000309   A  0.688070  0.184294  0.352878    0.0006    0.0057    0.2260    0.0760    0.1842    0.2414    0.0038
 000310   A  0.623782  0.167124  0.353260    0.0013    0.0089    0.2190    0.0820    0.1700    0.2222    0.0035
 000311   T  0.580443  0.152146  0.353906    0.0009    0.0088    0.2130    0.0830    0.1592    0.2105    0.0034
 000312   L  0.524128  0.171998  0.352991    0.0012    0.0066    0.2140    0.0820    0.1530    0.1942    0.0030
 000313   L  0.446308  0.205622  0.353290    0.0008    0.0048    0.2120    0.0830    0.1450    0.1746    0.0027
 000314   S  0.434285  0.214193  0.350640    0.0005    0.0033    0.2020    0.0820    0.1423    0.1716    0.0026
 000315   L  0.414451  0.210200  0.349070    0.0006    0.0032    0.2000    0.0780    0.1381    0.1668    0.0026
 000316   L  0.377516  0.210564  0.348950    0.0003    0.0027    0.2010    0.0710    0.1320    0.1593    0.0026
 000317   I  0.341606  0.215246  0.347636    0.0003    0.0042    0.1950    0.0580    0.1261    0.1522    0.0027
 000318   S  0.329332  0.234414  0.342333    0.0005    0.0041    0.1900    0.0530    0.1265    0.1496    0.0035
 000319   N  0.404578  0.231449  0.338289    0.0009    0.0048    0.1940    0.0540    0.1393    0.1626    0.0042
 000320   V  0.426068  0.232061  0.332004    0.0007    0.0055    0.1800    0.0600    0.1408    0.1662    0.0049
 000321   P  0.445930  0.223079  0.325293    0.0007    0.0066    0.1700    0.0590    0.1410    0.1694    0.0061
 000322   A  0.436896  0.210936  0.320131    0.0006    0.0070    0.1850    0.0430    0.1401    0.1657    0.0071
 000323   V  0.383315  0.211380  0.318543    0.0012    0.0109    0.1970    0.0440    0.1340    0.1522    0.0094
 000324   L  0.329579  0.212224  0.308944    0.0055    0.0214    0.2190    0.0560    0.1312    0.1372    0.0132
 000325   L  0.273636  0.194603  0.299104    0.0067    0.0115    0.2140    0.0470    0.1167    0.1269    0.0192
 000326   L  0.224279  0.216452  0.288422    0.0173    0.0117    0.1930    0.0500    0.1104    0.1163    0.0289
 000327   A  0.175879  0.230300  0.278652    0.0218    0.0117    0.1660    0.0480    0.1009    0.1098    0.0422
 000328   P  0.086101  0.238417  0.268523    0.0252    0.0136    0.1600    0.0480    0.0873    0.1083    0.0615
 000329   L  0.050724  0.244163  0.256635    0.0116    0.0111    0.1870    0.0520    0.0841    0.1138    0.0731
 000330   A  0.028889  0.261618  0.243009    0.0055    0.0102    0.1890    0.0470    0.0825    0.1178    0.0880
 000331   K  0.027879  0.270183  0.228607    0.0079    0.0157    0.2010    0.0440    0.0872    0.1165    0.1103
 000332   T  0.028846  0.298175  0.222213    0.0066    0.0125    0.2060    0.0470    0.0920    0.1225    0.1286
 000333   P  0.034393  0.315026  0.216259    0.0082    0.0171    0.1740    0.0470    0.0915    0.1212    0.1470
 000334   E  0.041914  0.301459  0.208289    0.0157    0.0157    0.1490    0.0410    0.0872    0.1130    0.1568
 000335   E  0.043177  0.285822  0.203130    0.0350    0.0218    0.1300    0.0310    0.0859    0.1034    0.1464
 000336   W  0.045360  0.255867  0.197257    0.0363    0.0405    0.1290    0.0310    0.0844    0.0911    0.1228
 000337   L  0.046692  0.220746  0.192681    0.0542    0.0888    0.1130    0.0310    0.0873    0.0734    0.0982
 000338   L  0.048521  0.203431  0.189729    0.0744    0.0618    0.1010    0.0350    0.0815    0.0689    0.0796
 000339   L  0.049648  0.207371  0.186498    0.0587    0.0531    0.1190    0.0390    0.0813    0.0715    0.0627
 000340   A  0.049505  0.207468  0.184444    0.0677    0.0543    0.1350    0.0440    0.0857    0.0703    0.0540
 000341   G  0.047173  0.217570  0.180418    0.0991    0.0372    0.1360    0.0390    0.0894    0.0724    0.0461
 000342   G  0.064964  0.244037  0.180305    0.0554    0.0275    0.1420    0.0360    0.0890    0.0824    0.0374
 000343   S  0.129842  0.258614  0.183164    0.0316    0.0248    0.1580    0.0350    0.1005    0.0880    0.0299
 000344   T  0.200934  0.270792  0.183076    0.0194    0.0130    0.1770    0.0380    0.1136    0.1002    0.0243
 000345   L  0.271680  0.305044  0.184456    0.0167    0.0097    0.1700    0.0390    0.1288    0.1176    0.0185
 000346   A  0.351295  0.319669  0.185143    0.0082    0.0094    0.1510    0.0340    0.1400    0.1376    0.0153
 000347   G  0.429770  0.307456  0.184524    0.0121    0.0102    0.1450    0.0310    0.1507    0.1542    0.0139
 000348   N  0.448096  0.295137  0.182685    0.0279    0.0093    0.1390    0.0330    0.1533    0.1552    0.0126
 000349   L  0.467692  0.271310  0.179710    0.0297    0.0100    0.1340    0.0380    0.1521    0.1581    0.0101
 000350   T  0.479493  0.212252  0.175554    0.0286    0.0130    0.1230    0.0400    0.1427    0.1579    0.0084
 000351   L  0.469778  0.174473  0.172647    0.0226    0.0184    0.1180    0.0430    0.1338    0.1538    0.0062
 000352   L  0.422719  0.149101  0.170309    0.0157    0.0184    0.1210    0.0490    0.1212    0.1389    0.0051
 000353   A  0.414564  0.122344  0.167167    0.0182    0.0146    0.1330    0.0560    0.1171    0.1364    0.0043
 000354   S  0.404879  0.116328  0.160667    0.0182    0.0146    0.1530    0.0700    0.1179    0.1330    0.0038
 000355   V  0.381913  0.120284  0.158708    0.0124    0.0134    0.1720    0.0760    0.1166    0.1270    0.0033
 000356   A  0.368689  0.121070  0.157597    0.0268    0.0269    0.1920    0.0930    0.1226    0.1190    0.0032
 000357   N  0.410540  0.129786  0.154827    0.0336    0.0349    0.1950    0.0940    0.1340    0.1295    0.0034
 000358   L  0.462633  0.151121  0.151735    0.0395    0.0214    0.1970    0.0860    0.1453    0.1472    0.0034
 000359   I  0.522733  0.187239  0.148924    0.0387    0.0188    0.2070    0.0790    0.1624    0.1676    0.0035
 000360   V  0.571682  0.214645  0.145242    0.0387    0.0209    0.2150    0.0790    0.1769    0.1840    0.0043
 000361   A  0.626782  0.265108  0.142003    0.0363    0.0188    0.2220    0.0710    0.1948    0.2046    0.0052
 000362   E  0.641372  0.314660  0.139521    0.0336    0.0188    0.2520    0.0790    0.2100    0.2127    0.0069
 000363   G  0.652164  0.353059  0.135522    0.0567    0.0188    0.3350    0.0840    0.2359    0.2184    0.0080
 000364   A  0.656792  0.376556  0.131042    0.0327    0.0281    0.3760    0.0660    0.2450    0.2270    0.0089
 000365   G  0.625305  0.411277  0.129857    0.0131    0.0294    0.3690    0.0740    0.2414    0.2244    0.0105
 000366   R  0.604779  0.428540  0.128904    0.0274    0.0258    0.3540    0.0840    0.2401    0.2180    0.0129
 000367   E  0.572005  0.432053  0.129269    0.0327    0.0334    0.3320    0.0780    0.2337    0.2061    0.0143
 000368   G  0.545572  0.411961  0.127968    0.0137    0.0138    0.3060    0.0810    0.2151    0.2020    0.0143
 000369   V  0.499296  0.389682  0.126448    0.0279    0.0240    0.2600    0.0750    0.2002    0.1804    0.0138
 000370   R  0.436584  0.352161  0.125522    0.0231    0.0275    0.2160    0.0750    0.1759    0.1573    0.0138
 000371   V  0.372785  0.303530  0.124084    0.0395    0.0592    0.1770    0.0620    0.1587    0.1241    0.0122
 000372   G  0.307435  0.247557  0.124155    0.0226    0.0414    0.1320    0.0390    0.1252    0.1047    0.0119
 000373   L  0.254188  0.217922  0.119697    0.0259    0.0389    0.1060    0.0270    0.1071    0.0869    0.0108
 000374   L  0.216794  0.183164  0.112756    0.0094    0.0218    0.0930    0.0200    0.0873    0.0785    0.0110
 000375   E  0.173363  0.164796  0.109584    0.0141    0.0134    0.0830    0.0140    0.0749    0.0665    0.0115
 000376   H  0.131829  0.145444  0.105206    0.0069    0.0134    0.0860    0.0170    0.0640    0.0566    0.0103
 000377   L  0.083397  0.132645  0.102275    0.0026    0.0089    0.1010    0.0270    0.0547    0.0518    0.0090
 000378   R  0.062944  0.123440  0.100518    0.0022    0.0070    0.1170    0.0420    0.0521    0.0521    0.0083
 000379   F  0.060109  0.123286  0.099480    0.0007    0.0052    0.1460    0.0630    0.0559    0.0581    0.0076
 000380   G  0.058335  0.122716  0.099530    0.0009    0.0050    0.1570    0.0580    0.0573    0.0604    0.0073
 000381   L  0.061590  0.119620  0.099345    0.0005    0.0038    0.1600    0.0470    0.0576    0.0609    0.0067
 000382   P  0.064169  0.111152  0.099777    0.0004    0.0036    0.1530    0.0390    0.0555    0.0584    0.0064
 000383   L  0.090925  0.097369  0.099653    0.0003    0.0036    0.1570    0.0470    0.0582    0.0584    0.0051
 000384   T  0.116470  0.081277  0.099990    0.0002    0.0036    0.1570    0.0600    0.0597    0.0598    0.0044
 000385   L  0.142644  0.066826  0.100246    0.0004    0.0043    0.1640    0.0700    0.0630    0.0649    0.0033
 000386   F  0.169255  0.055959  0.100522    0.0002    0.0039    0.1770    0.0890    0.0677    0.0732    0.0025
 000387   S  0.196824  0.051788  0.100390    0.0002    0.0033    0.2010    0.0960    0.0755    0.0842    0.0021
 000388   L  0.205683  0.054124  0.101872    0.0003    0.0037    0.3120    0.0750    0.0960    0.1142    0.0017
 000389   A  0.215161  0.067990  0.103483    0.0004    0.0031    0.4270    0.1460    0.1190    0.1498    0.0014
 000390   L  0.225680  0.087645  0.105341    0.0010    0.0039    0.5400    0.1520    0.1430    0.1864    0.0011
 000391   L  0.236732  0.134016  0.107704    0.0021    0.0032    0.5330    0.1500    0.1516    0.1824    0.0009
 000392   Y  0.234887  0.229806  0.109790    0.0081    0.0037    0.5610    0.1260    0.1729    0.1903    0.0008
 000393   L  0.223697  0.330134  0.112127    0.0083    0.0024    0.6890    0.1060    0.2089    0.2373    0.0007
 000394   G  0.230198  0.455440  0.114128    0.0297    0.0027    0.7690    0.0750    0.2478    0.2709    0.0007
 000395   L  0.225386  0.528781  0.116440    0.0387    0.0017    0.7830    0.0730    0.2629    0.2835    0.0006
 000396   A  0.232216  0.614670  0.116562    0.1018    0.0021    0.7900    0.0970    0.2902    0.2908    0.0006
