#RESNUM RES     VL-XT     VSL2B       VL3  IUPred-S  IUPred-L  PONDRFIT  FITERROR       MDP  MDPERROR   ANCHOR2
 000001   M  0.474183  0.747590  0.170064    0.4458    0.0027    0.9370    0.0370    0.4345    0.3184    0.0028
 000002   K  0.447039  0.668696  0.166059    0.3491    0.0019    0.8480    0.0390    0.3858    0.2870    0.0026
 000003   K  0.429810  0.602878  0.163223    0.2122    0.0026    0.8210    0.0640    0.3447    0.2793    0.0024
 000004   L  0.340798  0.488914  0.160469    0.0884    0.0029    0.6580    0.1030    0.2632    0.2316    0.0022
 000005   L  0.295841  0.334670  0.157841    0.0643    0.0024    0.5480    0.1140    0.2075    0.1848    0.0020
 000006   V  0.249498  0.203349  0.155710    0.0350    0.0026    0.5780    0.1100    0.1780    0.1903    0.0019
 000007   T  0.203056  0.108513  0.152864    0.0109    0.0021    0.5040    0.0620    0.1381    0.1702    0.0019
 000008   V  0.162605  0.059373  0.150026    0.0061    0.0022    0.4550    0.1530    0.1143    0.1566    0.0016
 000009   L  0.127457  0.043472  0.148153    0.0010    0.0024    0.3860    0.1600    0.0933    0.1347    0.0015
 000010   L  0.102120  0.036071  0.146456    0.0006    0.0032    0.3250    0.1390    0.0779    0.1153    0.0013
 000011   A  0.077114  0.038922  0.145008    0.0004    0.0042    0.5480    0.1180    0.1115    0.1925    0.0013
 000012   V  0.069504  0.042575  0.143904    0.0006    0.0042    0.4730    0.1110    0.0983    0.1656    0.0014
 000013   F  0.084003  0.051423  0.143568    0.0007    0.0037    0.4980    0.1620    0.1063    0.1732    0.0016
 000014   G  0.105306  0.062347  0.142806    0.0006    0.0032    0.3630    0.1650    0.0891    0.1253    0.0017
 000015   A  0.122476  0.082206  0.142538    0.0007    0.0044    0.2890    0.1250    0.0831    0.1004    0.0019
 000016   L  0.173470  0.113438  0.142082    0.0009    0.0059    0.2720    0.1050    0.0943    0.0975    0.0023
 000017   A  0.208993  0.153371  0.140751    0.0026    0.0076    0.2700    0.0990    0.1070    0.1008    0.0027
 000018   F  0.250697  0.219516  0.138967    0.0022    0.0052    0.2930    0.1080    0.1283    0.1165    0.0032
 000019   A  0.284779  0.314603  0.138603    0.0042    0.0071    0.3020    0.1120    0.1522    0.1352    0.0039
 000020   A  0.343493  0.385334  0.138294    0.0035    0.0105    0.3280    0.0910    0.1784    0.1595    0.0049
 000021   E  0.391468  0.447951  0.135623    0.0087    0.0174    0.3380    0.0900    0.2006    0.1785    0.0067
 000022   E  0.428758  0.498967  0.133707    0.0131    0.0127    0.3420    0.0930    0.2159    0.1960    0.0081
 000023   A  0.471855  0.530487  0.132037    0.0252    0.0108    0.3570    0.0970    0.2325    0.2096    0.0085
 000024   A  0.518649  0.527077  0.133648    0.0286    0.0163    0.3780    0.1300    0.2447    0.2174    0.0088
 000025   A  0.554891  0.514284  0.136281    0.0131    0.0108    0.3840    0.1520    0.2462    0.2266    0.0094
 000026   S  0.598274  0.525411  0.138430    0.0137    0.0133    0.3950    0.1530    0.2576    0.2381    0.0103
 000027   G  0.640063  0.481402  0.142212    0.0167    0.0178    0.3990    0.1470    0.2591    0.2397    0.0104
 000028   G  0.664590  0.440885  0.146731    0.0245    0.0223    0.3380    0.0980    0.2483    0.2345    0.0105
 000029   L  0.651715  0.386497  0.148847    0.0405    0.0244    0.2540    0.0400    0.2261    0.2194    0.0104
 000030   D  0.613904  0.351512  0.151472    0.0526    0.0244    0.1750    0.0290    0.2029    0.2037    0.0102
 000031   R  0.580253  0.305684  0.153128    0.0405    0.0194    0.1550    0.0270    0.1835    0.1921    0.0089
 000032   G  0.538509  0.269767  0.154373    0.0259    0.0163    0.1570    0.0290    0.1679    0.1785    0.0068
 000033   L  0.474977  0.225023  0.156768    0.0118    0.0089    0.1860    0.0370    0.1510    0.1588    0.0055
 000034   I  0.391287  0.187383  0.158216    0.0167    0.0089    0.2110    0.0490    0.1359    0.1319    0.0046
 000035   A  0.310365  0.161209  0.160611    0.0131    0.0089    0.2340    0.0560    0.1212    0.1124    0.0040
 000036   V  0.240321  0.151114  0.162269    0.0144    0.0072    0.2400    0.0620    0.1088    0.0986    0.0033
 000037   G  0.214834  0.152487  0.162389    0.0109    0.0071    0.2510    0.0670    0.1060    0.0974    0.0028
 000038   M  0.243862  0.154260  0.162833    0.0067    0.0076    0.2540    0.0750    0.1110    0.1034    0.0024
 000039   G  0.297788  0.167041  0.164074    0.0069    0.0076    0.2470    0.0780    0.1211    0.1133    0.0021
 000040   L  0.364773  0.172159  0.165197    0.0141    0.0082    0.2390    0.0750    0.1331    0.1274    0.0019
 000041   A  0.418233  0.178262  0.165234    0.0118    0.0066    0.2350    0.0690    0.1417    0.1428    0.0016
 000042   V  0.473853  0.184802  0.165093    0.0070    0.0067    0.2290    0.0650    0.1503    0.1599    0.0015
 000043   G  0.547430  0.201420  0.164640    0.0055    0.0059    0.2250    0.0640    0.1642    0.1836    0.0016
 000044   L  0.617879  0.220416  0.163195    0.0109    0.0085    0.2260    0.0610    0.1807    0.2056    0.0016
 000045   A  0.675884  0.216899  0.162440    0.0167    0.0084    0.2150    0.0690    0.1888    0.2242    0.0017
 000046   A  0.709139  0.218394  0.160749    0.0259    0.0096    0.2110    0.0710    0.1957    0.2342    0.0017
 000047   L  0.707079  0.218452  0.158998    0.0182    0.0113    0.2240    0.0670    0.1965    0.2343    0.0017
 000048   G  0.710647  0.228653  0.157444    0.0194    0.0096    0.2390    0.0920    0.2012    0.2357    0.0018
 000049   T  0.709328  0.233814  0.155816    0.0182    0.0115    0.2780    0.1120    0.2085    0.2360    0.0018
 000050   G  0.703502  0.247570  0.152321    0.0141    0.0084    0.2970    0.1200    0.2117    0.2360    0.0017
 000051   V  0.732940  0.257010  0.148849    0.0286    0.0127    0.3190    0.1430    0.2250    0.2440    0.0016
 000052   A  0.729665  0.266684  0.147980    0.0218    0.0127    0.2970    0.1280    0.2213    0.2432    0.0015
 000053   Q  0.728321  0.280906  0.145442    0.0363    0.0108    0.2860    0.1220    0.2237    0.2410    0.0015
 000054   A  0.722821  0.297841  0.143620    0.0274    0.0093    0.2510    0.1050    0.2181    0.2407    0.0013
 000055   R  0.722603  0.291560  0.139134    0.0218    0.0174    0.2430    0.1050    0.2161    0.2402    0.0012
 000056   I  0.714740  0.277108  0.135656    0.0200    0.0248    0.2380    0.1050    0.2125    0.2364    0.0010
 000057   G  0.649978  0.285778  0.133787    0.0316    0.0341    0.2020    0.0790    0.2005    0.2121    0.0011
 000058   A  0.581091  0.271911  0.131684    0.0621    0.0690    0.1830    0.0630    0.1945    0.1793    0.0011
 000059   A  0.530088  0.262893  0.130152    0.0643    0.0780    0.1760    0.0490    0.1852    0.1603    0.0012
 000060   G  0.462262  0.277798  0.131821    0.0621    0.0306    0.1890    0.0530    0.1703    0.1471    0.0014
 000061   V  0.404646  0.299084  0.134365    0.0643    0.0306    0.2260    0.0600    0.1707    0.1332    0.0017
 000062   G  0.349115  0.310686  0.135491    0.0464    0.0605    0.2810    0.0880    0.1747    0.1234    0.0021
 000063   A  0.289565  0.339012  0.136577    0.0607    0.0605    0.2980    0.0720    0.1747    0.1176    0.0027
 000064   I  0.221818  0.382953  0.137161    0.0587    0.0281    0.2940    0.0660    0.1643    0.1281    0.0033
 000065   A  0.152540  0.415182  0.138257    0.0587    0.0191    0.2730    0.0730    0.1530    0.1355    0.0046
 000066   E  0.134770  0.426546  0.139210    0.0268    0.0100    0.2390    0.0750    0.1395    0.1424    0.0060
 000067   D  0.114280  0.426660  0.141072    0.0268    0.0108    0.1850    0.0550    0.1272    0.1396    0.0073
 000068   R  0.117817  0.394077  0.144919    0.0118    0.0075    0.1400    0.0450    0.1119    0.1307    0.0073
 000069   S  0.120526  0.325032  0.149060    0.0074    0.0062    0.1330    0.0500    0.0987    0.1098    0.0067
 000070   N  0.122412  0.254826  0.151108    0.0040    0.0083    0.1280    0.0490    0.0862    0.0899    0.0053
 000071   F  0.126501  0.195404  0.152621    0.0010    0.0093    0.1220    0.0570    0.0756    0.0763    0.0044
 000072   G  0.135749  0.135551  0.155270    0.0042    0.0148    0.1110    0.0590    0.0669    0.0657    0.0038
 000073   T  0.131545  0.097290  0.158260    0.0055    0.0093    0.1040    0.0600    0.0580    0.0636    0.0034
 000074   A  0.127459  0.078069  0.162453    0.0078    0.0082    0.0960    0.0570    0.0529    0.0633    0.0027
 000075   L  0.124481  0.056909  0.167473    0.0069    0.0082    0.0950    0.0580    0.0486    0.0652    0.0021
 000076   I  0.120136  0.044068  0.173690    0.0044    0.0062    0.1020    0.0620    0.0461    0.0685    0.0016
 000077   F  0.091899  0.036700  0.180925    0.0009    0.0057    0.1220    0.0770    0.0428    0.0717    0.0013
 000078   L  0.065262  0.032246  0.188904    0.0005    0.0039    0.1420    0.0860    0.0407    0.0773    0.0012
 000079   L  0.043946  0.030545  0.197244    0.0005    0.0028    0.1590    0.0850    0.0394    0.0837    0.0011
 000080   L  0.021017  0.032505  0.205320    0.0002    0.0019    0.1690    0.0820    0.0375    0.0899    0.0011
 000081   P  0.002663  0.033735  0.213751    0.0001    0.0016    0.1700    0.0750    0.0346    0.0946    0.0013
 000082   E  0.013086  0.032642  0.219867    0.0001    0.0016    0.1740    0.0670    0.0369    0.0961    0.0012
 000083   T  0.024208  0.031785  0.225850    0.0001    0.0011    0.1830    0.0640    0.0400    0.0986    0.0010
 000084   L  0.032465  0.027673  0.232550    0.0001    0.0006    0.2040    0.0760    0.0442    0.1044    0.0007
 000085   V  0.040056  0.022546  0.236809    0.0001    0.0008    0.2340    0.0930    0.0495    0.1115    0.0006
 000086   I  0.055170  0.019045  0.241004    0.0001    0.0013    0.3020    0.1510    0.0630    0.1283    0.0005
 000087   F  0.072157  0.016426  0.243593    0.0001    0.0019    0.4170    0.2170    0.0846    0.1605    0.0004
 000088   G  0.095708  0.013764  0.246240    0.0001    0.0021    0.4510    0.2370    0.0937    0.1705    0.0004
 000089   L  0.126061  0.012726  0.248530    0.0001    0.0028    0.5320    0.2730    0.1123    0.1956    0.0003
 000090   L  0.155117  0.012848  0.249292    0.0001    0.0032    0.4590    0.1690    0.1051    0.1726    0.0002
 000091   I  0.170259  0.015661  0.249518    0.0002    0.0037    0.4890    0.1790    0.1132    0.1815    0.0002
 000092   A  0.183266  0.027883  0.248585    0.0002    0.0026    0.5130    0.2130    0.1211    0.1875    0.0002
 000093   F  0.208997  0.061540  0.250554    0.0002    0.0018    0.5890    0.1710    0.1436    0.2089    0.0001
 000094   I  0.230252  0.113691  0.253654    0.0003    0.0013    0.7170    0.1380    0.1771    0.2472    0.0001
 000095   L  0.261106  0.199368  0.256621    0.0007    0.0015    0.8240    0.0890    0.2145    0.2790    0.0001
 000096   N  0.220198  0.318824  0.259922    0.0028    0.0016    0.8090    0.0970    0.2254    0.2739    0.0002
 000097   G  0.306679  0.465351  0.262438    0.0099    0.0020    0.8530    0.0760    0.2729    0.2937    0.0002
 000098   R  0.260057  0.535890  0.265108    0.0376    0.0027    0.8580    0.0740    0.2824    0.2986    0.0002
 000099   L  0.414031  0.626294  0.266922    0.0502    0.0020    0.8660    0.0770    0.3263    0.3091    0.0002
