#RESNUM RES     VL-XT     VSL2B       VL3  IUPred-S  IUPred-L  PONDRFIT  FITERROR       MDP  MDPERROR   ANCHOR2
 000001   M  0.980047  0.830340  0.198267    0.4037    0.1115    0.9880    0.0150    0.5852    0.3617    0.4151
 000002   S  0.912810  0.766304  0.200090    0.2333    0.0817    0.9810    0.0140    0.5292    0.3660    0.4234
 000003   L  0.881556  0.708131  0.203433    0.1178    0.0483    0.9740    0.0210    0.4888    0.3765    0.4282
 000004   D  0.791662  0.539028  0.207538    0.0425    0.0306    0.9790    0.0100    0.4317    0.3659    0.4037
 000005   D  0.594925  0.422139  0.211694    0.0137    0.0231    0.9680    0.0200    0.3723    0.3376    0.3878
 000006   L  0.488086  0.271624  0.217461    0.0044    0.0209    0.9360    0.0470    0.3231    0.3188    0.3844
 000007   L  0.386852  0.175313  0.223292    0.0009    0.0188    0.6930    0.1500    0.2497    0.2369    0.3738
 000008   G  0.289023  0.099374  0.230710    0.0005    0.0294    0.5610    0.1040    0.2017    0.1908    0.3622
 000009   L  0.201178  0.058069  0.238947    0.0002    0.0349    0.3630    0.1210    0.1494    0.1292    0.3594
 000010   L  0.122540  0.045627  0.249569    0.0002    0.0300    0.2140    0.0540    0.1104    0.0941    0.3593
 000011   F  0.070510  0.039404  0.262621    0.0001    0.0443    0.5460    0.2260    0.1606    0.1921    0.3623
 000012   V  0.041633  0.044950  0.278501    0.0001    0.0531    0.3980    0.1810    0.1360    0.1480    0.3660
 000013   L  0.016060  0.043512  0.296766    0.0002    0.0349    0.3420    0.1610    0.1223    0.1408    0.3677
 000014   F  0.002874  0.065352  0.316259    0.0003    0.0287    0.2970    0.1200    0.1184    0.1348    0.3738
 000015   F  0.000932  0.098391  0.335938    0.0002    0.0244    0.2750    0.0850    0.1224    0.1346    0.3840
 000016   I  0.000920  0.141848  0.356264    0.0001    0.0205    0.3150    0.0960    0.1391    0.1475    0.3960
 000017   V  0.001091  0.196839  0.377454    0.0002    0.0313    0.4190    0.1470    0.1710    0.1743    0.4053
 000018   L  0.003291  0.257650  0.399641    0.0004    0.0543    0.4600    0.1260    0.1959    0.1872    0.4149
 000019   P  0.005198  0.317242  0.422179    0.0004    0.0581    0.4660    0.0960    0.2114    0.1961    0.4246
 000020   A  0.008878  0.369026  0.445318    0.0008    0.0985    0.5090    0.1040    0.2386    0.2089    0.4324
 000021   L  0.012539  0.415557  0.469531    0.0033    0.1528    0.5190    0.1100    0.2622    0.2137    0.4394
 000022   Q  0.019418  0.451449  0.495047    0.0087    0.1731    0.5390    0.1220    0.2812    0.2221    0.4459
 000023   G  0.026920  0.492768  0.521949    0.0259    0.2541    0.5710    0.1350    0.3154    0.2274    0.4521
 000024   L  0.047763  0.526062  0.549545    0.0336    0.2193    0.6020    0.1240    0.3298    0.2383    0.4564
 000025   F  0.071940  0.560521  0.577222    0.0789    0.3321    0.6020    0.1150    0.3704    0.2266    0.4591
 000026   R  0.112080  0.595567  0.604044    0.1041    0.3599    0.5890    0.1200    0.3941    0.2189    0.4597
 000027   R  0.145798  0.626079  0.630024    0.1958    0.4507    0.5890    0.1020    0.4396    0.1997    0.4612
 000028   N  0.215461  0.653956  0.655430    0.2167    0.5254    0.5820    0.1150    0.4748    0.1882    0.4637
 000029   P  0.282824  0.682526  0.680144    0.3535    0.6227    0.5450    0.1070    0.5278    0.1564    0.4667
 000030   P  0.354674  0.708021  0.704679    0.3359    0.5098    0.5320    0.1170    0.5241    0.1477    0.4727
 000031   P  0.432056  0.733865  0.728498    0.3992    0.5456    0.5110    0.1090    0.5583    0.1313    0.4816
 000032   D  0.521242  0.756586  0.752316    0.4651    0.6043    0.5220    0.1070    0.6036    0.1141    0.4970
 000033   L  0.604030  0.776937  0.775739    0.4600    0.6136    0.5180    0.0980    0.6247    0.1190    0.5111
 000034   P  0.688516  0.804542  0.799386    0.4420    0.6269    0.4810    0.1170    0.6404    0.1411    0.5221
 000035   F  0.757774  0.829878  0.822420    0.5473    0.7459    0.4840    0.1380    0.6979    0.1336    0.5364
 000036   P  0.831428  0.855026  0.845137    0.6516    0.8681    0.4480    0.1510    0.7499    0.1536    0.5489
 000037   V  0.869373  0.878885  0.866412    0.6715    0.8894    0.4550    0.1510    0.7718    0.1602    0.5640
 000038   E  0.903675  0.902637  0.887357    0.6906    0.9106    0.4680    0.1450    0.7938    0.1649    0.5774
 000039   G  0.933912  0.925353  0.906727    0.7034    0.9151    0.5160    0.1510    0.8167    0.1564    0.5840
 000040   E  0.957451  0.945112  0.925005    0.6906    0.9151    0.5870    0.1390    0.8367    0.1438    0.5820
 000041   L  0.966449  0.962009  0.940782    0.6870    0.8966    0.6340    0.1090    0.8478    0.1352    0.5729
 000042   E  0.972385  0.975311  0.953832    0.6789    0.8966    0.6280    0.1100    0.8508    0.1428    0.5477
 000043   A  0.972787  0.984438  0.963572    0.6442    0.8853    0.6810    0.0920    0.8552    0.1403    0.5108
 000044   P  0.972009  0.990106  0.970118    0.7192    0.9329    0.6430    0.1060    0.8712    0.1373    0.4734
 000045   P  0.971232  0.993723  0.974303    0.7147    0.9329    0.6000    0.1220    0.8645    0.1512    0.4382
 000046   P  0.970232  0.995767  0.977056    0.8001    0.9717    0.5540    0.1320    0.8782    0.1591    0.3982
 000047   P  0.975449  0.997007  0.979389    0.8001    0.9362    0.5660    0.1340    0.8756    0.1533    0.3668
 000048   P  0.980527  0.997920  0.981652    0.8650    0.9684    0.5690    0.1390    0.8937    0.1517    0.3556
 000049   P  0.983745  0.998393  0.983913    0.8311    0.9577    0.5660    0.1340    0.8868    0.1541    0.3444
 000050   P  0.989069  0.998819  0.985742    0.8350    0.9190    0.5910    0.1360    0.8865    0.1437    0.3512
 000051   P  0.990494  0.999114  0.987176    0.8158    0.9230    0.6180    0.1310    0.8890    0.1365    0.3921
 000052   R  0.992354  0.999223  0.988321    0.8350    0.9249    0.6690    0.1280    0.9016    0.1184    0.4521
 000053   P  0.994507  0.999246  0.989379    0.8488    0.9329    0.6570    0.1410    0.9036    0.1222    0.5452
 000054   S  0.996661  0.999251  0.990283    0.8242    0.9547    0.6450    0.1420    0.9017    0.1297    0.6472
 000055   E  0.998703  0.999217  0.991158    0.8242    0.9547    0.6540    0.1390    0.9036    0.1274    0.7388
 000056   P  0.991875  0.999185  0.991791    0.8242    0.9396    0.6290    0.1520    0.8959    0.1339    0.8140
 000057   S  0.982629  0.999108  0.992242    0.8200    0.9396    0.6360    0.1500    0.8949    0.1309    0.8738
 000058   L  0.971420  0.999019  0.992365    0.8118    0.9249    0.6690    0.1470    0.8947    0.1191    0.9117
 000059   E  0.962496  0.998896  0.992324    0.8118    0.9190    0.6570    0.1570    0.8902    0.1218    0.9233
 000060   A  0.951790  0.998649  0.992147    0.8074    0.8894    0.6980    0.1620    0.8896    0.1078    0.9335
 000061   L  0.937257  0.998195  0.991795    0.8036    0.8792    0.7130    0.1690    0.8871    0.1027    0.9388
 000062   Q  0.925552  0.997673  0.991155    0.7869    0.7951    0.7080    0.1590    0.8674    0.1101    0.9308
 000063   V  0.910114  0.997077  0.990525    0.8074    0.8162    0.7250    0.1620    0.8743    0.1001    0.9239
 000064   P  0.895450  0.996605  0.989841    0.7724    0.8050    0.6830    0.1640    0.8570    0.1146    0.9073
 000065   P  0.888073  0.995879  0.989224    0.7951    0.7843    0.6730    0.1490    0.8542    0.1160    0.8844
 000066   P  0.884460  0.995096  0.988471    0.7724    0.7843    0.7020    0.1360    0.8544    0.1108    0.8645
 000067   R  0.883577  0.994334  0.987705    0.7540    0.7843    0.7270    0.1290    0.8551    0.1076    0.8414
 000068   P  0.883076  0.993667  0.987094    0.7501    0.7080    0.7100    0.1130    0.8387    0.1221    0.8163
 000069   R  0.884519  0.993170  0.986491    0.7951    0.7120    0.7370    0.1030    0.8514    0.1119    0.8041
 000070   E  0.886386  0.992356  0.985792    0.7342    0.6991    0.7200    0.0990    0.8362    0.1239    0.8193
 000071   A  0.884346  0.990393  0.983736    0.6906    0.7250    0.7440    0.0970    0.8363    0.1225    0.8344
 000072   G  0.886039  0.985623  0.979614    0.7192    0.8125    0.7390    0.1070    0.8537    0.1059    0.8442
 000073   L  0.886013  0.978458  0.973455    0.6906    0.8013    0.7670    0.1160    0.8494    0.1063    0.8617
 000074   Q  0.885685  0.970896  0.964039    0.7342    0.8493    0.7620    0.1140    0.8610    0.0907    0.8567
 000075   E  0.883728  0.958856  0.950687    0.7232    0.8493    0.7790    0.1210    0.8575    0.0855    0.8593
 000076   A  0.880710  0.942156  0.934790    0.6984    0.8198    0.7810    0.1160    0.8428    0.0866    0.8616
 000077   E  0.876369  0.926167  0.919423    0.7079    0.7881    0.7820    0.1230    0.8333    0.0799    0.8516
 000078   P  0.873628  0.910730  0.907457    0.7034    0.8198    0.7740    0.1240    0.8316    0.0749    0.8430
 000079   V  0.878625  0.899742  0.898096    0.6944    0.7916    0.7710    0.1290    0.8222    0.0762    0.8335
 000080   V  0.884740  0.887990  0.890335    0.7079    0.8050    0.7690    0.1290    0.8242    0.0696    0.8101
 000081   S  0.890891  0.876473  0.882514    0.7079    0.7881    0.7730    0.1370    0.8199    0.0682    0.7733
 000082   S  0.902672  0.867004  0.873706    0.7192    0.8050    0.7660    0.1460    0.8223    0.0648    0.7278
 000083   G  0.917194  0.857892  0.863608    0.7034    0.7163    0.7700    0.1450    0.8047    0.0798    0.6817
 000084   E  0.932168  0.845842  0.853187    0.7275    0.8050    0.7650    0.1410    0.8214    0.0661    0.6425
 000085   A  0.947277  0.834993  0.843670    0.6442    0.8013    0.8070    0.1430    0.8130    0.0896    0.6262
 000086   P  0.961040  0.826433  0.835168    0.6516    0.7843    0.8190    0.1470    0.8130    0.0908    0.5993
 000087   K  0.973043  0.817714  0.827219    0.6604    0.7843    0.8210    0.1530    0.8139    0.0913    0.5755
 000088   R  0.980705  0.807923  0.818918    0.6604    0.7672    0.8060    0.1710    0.8069    0.0943    0.5676
 000089   P  0.988364  0.794544  0.810519    0.6219    0.7672    0.8070    0.1700    0.7983    0.1068    0.5594
 000090   K  0.995987  0.782006  0.802528    0.6681    0.7672    0.8180    0.1590    0.8057    0.0978    0.5545
 000091   G  0.999224  0.769024  0.794458    0.7111    0.7672    0.8130    0.1650    0.8090    0.0907    0.5613
 000092   R  0.999678  0.752115  0.785228    0.6604    0.7881    0.7890    0.1790    0.7958    0.1017    0.5739
 000093   R  0.998493  0.732169  0.773044    0.6035    0.7951    0.7570    0.2030    0.7765    0.1168    0.5914
 000094   L  0.996776  0.713131  0.757960    0.6079    0.7628    0.7250    0.2140    0.7606    0.1174    0.6131
 000095   G  0.981240  0.690083  0.740236    0.6174    0.6427    0.7200    0.2380    0.7319    0.1192    0.6296
 000096   T  0.951320  0.663458  0.720866    0.6219    0.5419    0.7370    0.2370    0.7061    0.1273    0.6464
 000097   R  0.852806  0.636075  0.699467    0.5412    0.5254    0.7430    0.2390    0.6663    0.1141    0.6746
 000098   A  0.812781  0.603115  0.676236    0.4749    0.5382    0.7220    0.2440    0.6378    0.1131    0.7069
 000099   K  0.779047  0.562576  0.651479    0.5008    0.4619    0.6910    0.2300    0.6077    0.1102    0.7281
 000100   D  0.681962  0.520092  0.626005    0.4600    0.3840    0.6670    0.2160    0.5565    0.1104    0.7509
 000101   V  0.615813  0.468513  0.601096    0.3992    0.3840    0.6000    0.1850    0.5115    0.0979    0.7744
 000102   V  0.551883  0.437773  0.581412    0.3311    0.3704    0.5060    0.1740    0.4632    0.0917    0.7898
 000103   Q  0.486458  0.415629  0.567776    0.3399    0.3948    0.3920    0.1640    0.4327    0.0743    0.7965
 000104   G  0.405887  0.421658  0.559635    0.3491    0.3983    0.3610    0.1510    0.4159    0.0690    0.8020
 000105   M  0.346501  0.399717  0.554582    0.4420    0.4801    0.3560    0.1460    0.4299    0.0725    0.8025
 000106   I  0.353542  0.378074  0.553797    0.4420    0.4220    0.3580    0.1400    0.4178    0.0688    0.7946
 000107   W  0.310441  0.395323  0.555908    0.4458    0.3983    0.5120    0.1780    0.4364    0.0808    0.7844
 000108   H  0.265860  0.396863  0.557426    0.3630    0.3840    0.7650    0.1060    0.4554    0.1629    0.7653
 000109   E  0.303029  0.397447  0.554461    0.4245    0.3807    0.7010    0.1250    0.4602    0.1311    0.7352
 000110   I  0.315751  0.453332  0.547480    0.4651    0.3599    0.7340    0.0810    0.4792    0.1361    0.7153
 000111   L  0.316612  0.489623  0.537655    0.5043    0.3087    0.6170    0.1650    0.4622    0.1131    0.6884
 000112   K  0.334066  0.508636  0.527105    0.5941    0.3566    0.6910    0.1560    0.5020    0.1254    0.6518
 000113   K  0.418474  0.522964  0.517150    0.6789    0.4119    0.7190    0.1250    0.5447    0.1178    0.6279
 000114   P  0.518316  0.535066  0.508286    0.7079    0.3566    0.7760    0.0940    0.5671    0.1383    0.6093
 000115   K  0.420856  0.541094  0.498894    0.7388    0.3053    0.7620    0.1430    0.5446    0.1632    0.5841
 000116   G  0.552666  0.524062  0.486659    0.7869    0.2988    0.7540    0.1380    0.5672    0.1652    0.5581
 000117   L  0.894618  0.547605  0.479780    0.8713    0.4017    0.8230    0.1090    0.6697    0.1990    0.5389
