#RESNUM RES     VL-XT     VSL2B       VL3  IUPred-S  IUPred-L  PONDRFIT  FITERROR       MDP  MDPERROR   ANCHOR2
 000001   M  0.731582  0.750194  0.541112    0.8945    0.3910    0.9800    0.0140    0.6246    0.2191    0.3851
 000002   D  0.763296  0.736229  0.530202    0.8677    0.4292    0.9660    0.0110    0.6270    0.2048    0.3848
 000003   L  0.399724  0.723630  0.521565    0.8424    0.3631    0.9490    0.0250    0.5464    0.2371    0.3833
 000004   T  0.500031  0.692503  0.514821    0.8074    0.3087    0.9280    0.0280    0.5394    0.2241    0.3841
 000005   H  0.522253  0.664695  0.509470    0.7079    0.2436    0.9150    0.0270    0.5089    0.2233    0.3838
 000006   Y  0.461588  0.590442  0.505448    0.6174    0.2752    0.9140    0.0260    0.4764    0.2105    0.3845
 000007   P  0.416300  0.558592  0.503938    0.5084    0.3087    0.8540    0.0730    0.4410    0.1875    0.3846
 000008   Y  0.414769  0.501532  0.504367    0.4651    0.3356    0.8950    0.0720    0.4353    0.1965    0.3851
 000009   P  0.411057  0.469409  0.504887    0.4333    0.3566    0.8980    0.0930    0.4280    0.1973    0.3820
 000010   S  0.416948  0.452294  0.504116    0.4037    0.3494    0.8830    0.1210    0.4176    0.1960    0.3812
 000011   R  0.454807  0.443106  0.503337    0.3578    0.3117    0.9210    0.0660    0.4147    0.2160    0.3814
 000012   R  0.508650  0.433681  0.506698    0.3668    0.3286    0.8080    0.1040    0.4076    0.1773    0.3830
 000013   H  0.564476  0.412889  0.506190    0.3053    0.3215    0.6030    0.1380    0.3679    0.1421    0.3865
 000014   V  0.632712  0.390646  0.510577    0.3311    0.3948    0.4920    0.1210    0.3735    0.1307    0.3934
 000015   V  0.714851  0.381947  0.513430    0.3311    0.3983    0.4290    0.1350    0.3759    0.1523    0.3994
 000016   L  0.766437  0.391787  0.514097    0.3225    0.4220    0.3940    0.1300    0.3829    0.1682    0.4068
 000017   G  0.784708  0.401857  0.505291    0.4149    0.4476    0.3520    0.1330    0.4002    0.1652    0.4138
 000018   R  0.771996  0.416761  0.494468    0.4116    0.3910    0.3450    0.1480    0.3895    0.1636    0.4186
 000019   R  0.760761  0.410950  0.485681    0.4245    0.4652    0.3280    0.1480    0.3982    0.1578    0.4246
 000020   G  0.744186  0.406714  0.478034    0.3578    0.3599    0.3280    0.1320    0.3662    0.1626    0.4323
 000021   A  0.729395  0.407096  0.468177    0.3146    0.3321    0.3510    0.1200    0.3557    0.1619    0.4261
 000022   V  0.718821  0.410840  0.458963    0.2333    0.3321    0.3860    0.1150    0.3468    0.1682    0.4205
 000023   A  0.715698  0.411198  0.447296    0.1878    0.2849    0.4180    0.1180    0.3363    0.1795    0.4130
 000024   T  0.710549  0.430005  0.438924    0.1805    0.2988    0.4260    0.1140    0.3409    0.1774    0.4080
 000025   S  0.699411  0.441748  0.433022    0.2080    0.3117    0.4310    0.1180    0.3486    0.1667    0.4060
 000026   Q  0.727642  0.432679  0.430211    0.2786    0.2918    0.4290    0.1330    0.3599    0.1640    0.4032
 000027   P  0.777891  0.414457  0.428568    0.3053    0.3740    0.3970    0.1400    0.3781    0.1680    0.4022
 000028   L  0.821500  0.395078  0.428585    0.2292    0.3740    0.3910    0.1450    0.3685    0.1956    0.4006
 000029   A  0.842664  0.383065  0.423458    0.2167    0.3740    0.3290    0.1180    0.3576    0.2086    0.3944
 000030   A  0.849410  0.374850  0.418838    0.2041    0.3704    0.3040    0.0850    0.3504    0.2153    0.3893
 000031   L  0.839380  0.380915  0.413481    0.1998    0.3704    0.2810    0.0730    0.3452    0.2145    0.3858
 000032   A  0.818388  0.377034  0.407289    0.2209    0.3704    0.2400    0.0620    0.3377    0.2089    0.3777
 000033   G  0.795560  0.397095  0.401148    0.2865    0.3667    0.2230    0.0570    0.3449    0.1948    0.3701
 000034   M  0.753084  0.417293  0.393552    0.2786    0.4051    0.2260    0.0520    0.3467    0.1802    0.3671
 000035   E  0.721110  0.435056  0.385352    0.2080    0.3667    0.2270    0.0570    0.3263    0.1811    0.3658
 000036   M  0.690787  0.460206  0.376219    0.2209    0.3426    0.2610    0.0650    0.3293    0.1666    0.3617
 000037   L  0.652883  0.488107  0.366521    0.1732    0.2680    0.2510    0.0650    0.3056    0.1730    0.3581
 000038   Q  0.630345  0.513046  0.354370    0.1240    0.2129    0.2520    0.0780    0.2887    0.1851    0.3532
 000039   K  0.564674  0.505680  0.341935    0.1240    0.2470    0.2860    0.0890    0.2879    0.1610    0.3475
 000040   G  0.492223  0.513694  0.328115    0.1178    0.2470    0.3020    0.0840    0.2788    0.1475    0.3456
 000041   G  0.429805  0.507962  0.314810    0.1150    0.2470    0.3110    0.1050    0.2685    0.1362    0.3448
 000042   S  0.376316  0.473005  0.301478    0.1349    0.2609    0.3100    0.1050    0.2592    0.1149    0.3463
 000043   A  0.351715  0.454606  0.283599    0.1322    0.2094    0.3280    0.1020    0.2460    0.1134    0.3502
 000044   V  0.307132  0.408477  0.269135    0.0909    0.2193    0.2980    0.0870    0.2206    0.1064    0.3560
 000045   D  0.271298  0.350035  0.250800    0.0643    0.2064    0.2730    0.0700    0.1942    0.0972    0.3605
 000046   A  0.270896  0.302702  0.234005    0.0587    0.1424    0.2490    0.0570    0.1707    0.0922    0.3640
 000047   A  0.258870  0.259655  0.219949    0.0490    0.1914    0.2260    0.0500    0.1642    0.0807    0.3711
 000048   V  0.288602  0.190270  0.208407    0.0526    0.2918    0.2110    0.0510    0.1724    0.0868    0.3816
 000049   A  0.324706  0.151301  0.201141    0.0607    0.2884    0.1480    0.0460    0.1622    0.0953    0.3946
 000050   M  0.342936  0.128740  0.193292    0.0771    0.2849    0.1280    0.0380    0.1602    0.0992    0.4105
 000051   A  0.372363  0.110167  0.184641    0.0771    0.2951    0.1070    0.0300    0.1603    0.1126    0.4226
 000052   A  0.422376  0.104125  0.176067    0.0789    0.2988    0.0880    0.0280    0.1654    0.1298    0.4320
 000053   C  0.465623  0.117496  0.167449    0.0771    0.2129    0.0750    0.0230    0.1581    0.1371    0.4284
 000054   L  0.477592  0.133736  0.158871    0.0965    0.2399    0.0720    0.0190    0.1700    0.1390    0.4259
 000055   T  0.428659  0.144534  0.149703    0.0858    0.3053    0.0740    0.0180    0.1731    0.1301    0.4279
 000056   V  0.370997  0.173073  0.139446    0.0744    0.3053    0.1010    0.0280    0.1708    0.1106    0.4308
 000057   V  0.315282  0.210077  0.127588    0.0935    0.2609    0.0910    0.0190    0.1618    0.0881    0.4320
 000058   E  0.266766  0.248101  0.117989    0.1266    0.1914    0.0840    0.0210    0.1529    0.0709    0.4332
 000059   P  0.233439  0.280080  0.106644    0.1240    0.2224    0.1120    0.0270    0.1621    0.0703    0.4327
 000060   T  0.183622  0.325183  0.100204    0.0935    0.1791    0.1320    0.0410    0.1523    0.0798    0.4289
 000061   S  0.122640  0.335080  0.094877    0.1018    0.1643    0.1220    0.0420    0.1410    0.0842    0.4271
 000062   N  0.068492  0.308554  0.092824    0.0813    0.1162    0.1010    0.0350    0.1126    0.0835    0.4277
 000063   G  0.034821  0.292079  0.094291    0.0723    0.1449    0.0960    0.0360    0.1067    0.0841    0.4297
 000064   I  0.026223  0.257119  0.095831    0.0744    0.1969    0.0840    0.0350    0.1064    0.0806    0.4175
 000065   G  0.016620  0.220127  0.098211    0.1322    0.2817    0.0720    0.0320    0.1205    0.0910    0.4033
 000066   G  0.011351  0.182440  0.101934    0.1322    0.1942    0.0640    0.0300    0.0973    0.0663    0.3874
 000067   D  0.007696  0.147919  0.105915    0.1921    0.2503    0.0560    0.0230    0.1090    0.0832    0.3695
 000068   L  0.007644  0.114543  0.110205    0.1878    0.3117    0.0510    0.0170    0.1121    0.1002    0.3541
 000069   F  0.006781  0.102929  0.110711    0.1667    0.2193    0.0490    0.0140    0.0908    0.0726    0.3445
 000070   A  0.004897  0.104514  0.112497    0.1456    0.2064    0.0500    0.0140    0.0852    0.0673    0.3381
 000071   L  0.003015  0.105193  0.116749    0.1041    0.1731    0.0610    0.0220    0.0745    0.0557    0.3342
 000072   V  0.001544  0.112959  0.119260    0.1041    0.1731    0.0760    0.0280    0.0779    0.0556    0.3330
 000073   W  0.000499  0.120329  0.121763    0.0909    0.1643    0.1020    0.0310    0.0797    0.0540    0.3330
 000074   D  0.000599  0.123382  0.124678    0.0965    0.1611    0.1310    0.0380    0.0854    0.0549    0.3443
 000075   G  0.000955  0.145980  0.133437    0.1566    0.2399    0.1510    0.0550    0.1157    0.0739    0.3565
 000076   T  0.027149  0.174858  0.143903    0.1635    0.2645    0.1810    0.0700    0.1352    0.0741    0.3695
 000077   L  0.052834  0.211061  0.153986    0.1698    0.2224    0.2130    0.0750    0.1448    0.0635    0.3827
 000078   H  0.126614  0.269172  0.163334    0.1805    0.1881    0.2320    0.0880    0.1661    0.0536    0.3962
 000079   G  0.153477  0.354023  0.181941    0.2209    0.1852    0.2780    0.1040    0.1986    0.0746    0.4083
 000080   L  0.248585  0.426324  0.203417    0.2865    0.2951    0.3390    0.1290    0.2658    0.0780    0.4177
 000081   N  0.331560  0.493960  0.217784    0.2483    0.3426    0.3770    0.1500    0.2988    0.0968    0.4272
 000082   A  0.428608  0.547675  0.234970    0.3359    0.4330    0.4570    0.1540    0.3670    0.1059    0.4334
 000083   S  0.528203  0.607795  0.252796    0.4116    0.4940    0.5570    0.1400    0.4331    0.1236    0.4275
 000084   G  0.633652  0.594325  0.270660    0.4967    0.5139    0.6350    0.1280    0.4789    0.1332    0.4218
 000085   K  0.716627  0.577660  0.285547    0.4825    0.5254    0.5500    0.1190    0.4754    0.1371    0.4213
 000086   S  0.801204  0.611108  0.303979    0.4116    0.5254    0.5550    0.1250    0.4840    0.1639    0.4223
 000087   P  0.835107  0.591833  0.325341    0.4245    0.5055    0.4940    0.1430    0.4752    0.1680    0.4230
 000088   M  0.913731  0.575269  0.340221    0.5008    0.5533    0.5420    0.1780    0.5141    0.1808    0.4228
 000089   A  0.924556  0.576353  0.353065    0.5008    0.5854    0.4780    0.1580    0.5109    0.1857    0.4233
 000090   L  0.940260  0.585700  0.368470    0.4651    0.6043    0.4240    0.1080    0.5032    0.1974    0.4228
 000091   T  0.933720  0.603666  0.381881    0.5473    0.7036    0.4170    0.1080    0.5342    0.1959    0.4199
 000092   P  0.920499  0.616639  0.395791    0.5549    0.6948    0.4580    0.1520    0.5409    0.1833    0.4162
 000093   E  0.887462  0.627976  0.399875    0.5711    0.6043    0.4570    0.1430    0.5246    0.1688    0.4119
 000094   R  0.836401  0.639957  0.400806    0.5762    0.5139    0.4090    0.0950    0.4959    0.1633    0.4098
 000095   L  0.776595  0.619357  0.406031    0.4918    0.5382    0.3880    0.0800    0.4690    0.1489    0.4097
 000096   P  0.733228  0.605234  0.411400    0.4282    0.4725    0.3340    0.0750    0.4289    0.1500    0.4078
 000097   G  0.706521  0.596860  0.414421    0.4420    0.4864    0.3130    0.0830    0.4242    0.1450    0.4064
 000098   R  0.679692  0.580534  0.414170    0.3578    0.3948    0.3310    0.0990    0.3906    0.1443    0.4052
 000099   M  0.638775  0.551201  0.414088    0.4116    0.4619    0.3010    0.0930    0.3941    0.1281    0.4068
 000100   P  0.631228  0.531144  0.416302    0.3668    0.4940    0.2180    0.0700    0.3735    0.1483    0.4076
 000101   E  0.636598  0.502881  0.414245    0.4513    0.5493    0.1740    0.0550    0.3858    0.1598    0.4102
 000102   R  0.611805  0.459964  0.411316    0.4556    0.4685    0.1680    0.0550    0.3607    0.1490    0.4149
 000103   G  0.591486  0.417480  0.409421    0.4149    0.4409    0.1450    0.0480    0.3349    0.1483    0.4247
 000104   W  0.574347  0.422152  0.406931    0.3311    0.4256    0.1320    0.0470    0.3143    0.1492    0.4332
 000105   L  0.521751  0.412569  0.405725    0.3359    0.3392    0.1170    0.0440    0.2878    0.1403    0.4282
 000106   P  0.448274  0.347979  0.398778    0.4149    0.4119    0.0970    0.0290    0.2867    0.1356    0.4228
 000107   V  0.370551  0.340904  0.388818    0.3053    0.3599    0.1030    0.0320    0.2466    0.1165    0.4178
 000108   T  0.317589  0.301533  0.378862    0.2820    0.2817    0.1010    0.0290    0.2140    0.1060    0.4117
 000109   V  0.238873  0.303029  0.369313    0.2602    0.2849    0.0990    0.0240    0.1976    0.1030    0.4058
 000110   P  0.151235  0.304831  0.350559    0.2080    0.3426    0.0900    0.0170    0.1827    0.1147    0.4015
 000111   G  0.108072  0.325159  0.329972    0.1844    0.3117    0.0890    0.0200    0.1697    0.1158    0.3951
 000112   A  0.075096  0.338362  0.317213    0.1878    0.2064    0.0870    0.0170    0.1492    0.1141    0.3907
 000113   V  0.046600  0.324799  0.303491    0.1805    0.2129    0.0870    0.0170    0.1420    0.1141    0.3863
 000114   S  0.035614  0.325413  0.289054    0.1117    0.2034    0.0870    0.0200    0.1271    0.1166    0.3852
 000115   G  0.031048  0.308981  0.274828    0.1805    0.2164    0.0770    0.0180    0.1356    0.1098    0.3854
 000116   W  0.033671  0.302228  0.263374    0.2122    0.3149    0.0760    0.0210    0.1565    0.1172    0.3822
 000117   R  0.031188  0.294843  0.248774    0.1322    0.1914    0.0810    0.0240    0.1218    0.1007    0.3858
 000118   A  0.028481  0.271837  0.229771    0.1878    0.2224    0.0810    0.0250    0.1319    0.0946    0.3835
 000119   L  0.025494  0.268543  0.217723    0.1088    0.2258    0.0730    0.0230    0.1169    0.0961    0.3825
 000120   H  0.022997  0.257286  0.207064    0.1349    0.2258    0.0620    0.0200    0.1172    0.0929    0.3853
 000121   E  0.020084  0.255050  0.193881    0.1322    0.1399    0.0710    0.0300    0.1030    0.0832    0.3885
 000122   R  0.016584  0.254660  0.187597    0.0858    0.0985    0.0930    0.0440    0.0915    0.0832    0.3873
 000123   W  0.036083  0.228211  0.178363    0.0643    0.1323    0.0920    0.0450    0.0922    0.0724    0.3814
 000124   G  0.044879  0.215804  0.176543    0.0660    0.1583    0.0790    0.0380    0.0940    0.0698    0.3824
 000125   R  0.050405  0.213371  0.174844    0.0744    0.1028    0.0910    0.0490    0.0886    0.0644    0.3831
 000126   L  0.067547  0.210478  0.170311    0.0607    0.0967    0.1230    0.0600    0.0931    0.0610    0.3784
 000127   P  0.107086  0.191250  0.165241    0.0677    0.0909    0.1310    0.0610    0.0981    0.0506    0.3817
 000128   F  0.128475  0.179894  0.159412    0.0660    0.0799    0.1470    0.0600    0.1002    0.0490    0.3818
 000129   A  0.140289  0.164221  0.162759    0.0414    0.1028    0.1390    0.0500    0.0980    0.0505    0.3911
 000130   E  0.193156  0.149775  0.165637    0.0587    0.1731    0.1360    0.0480    0.1185    0.0511    0.4029
 000131   V  0.241882  0.127020  0.172771    0.0643    0.1731    0.1460    0.0540    0.1253    0.0609    0.4117
 000132   L  0.291512  0.139834  0.187349    0.0643    0.0888    0.1460    0.0540    0.1217    0.0800    0.4206
 000133   V  0.361353  0.128719  0.196232    0.0723    0.1070    0.1400    0.0450    0.1349    0.0998    0.4309
 000134   P  0.436349  0.144427  0.208746    0.0723    0.1275    0.1330    0.0390    0.1522    0.1234    0.4091
 000135   A  0.507500  0.176071  0.226139    0.0789    0.1275    0.1440    0.0480    0.1724    0.1453    0.3928
 000136   I  0.557003  0.209478  0.236750    0.0567    0.1501    0.1490    0.0510    0.1870    0.1631    0.3761
 000137   R  0.616602  0.223336  0.247919    0.1018    0.2328    0.1490    0.0500    0.2207    0.1717    0.3537
 000138   Y  0.687824  0.263081  0.265258    0.1041    0.2193    0.1580    0.0600    0.2387    0.1950    0.3414
 000139   A  0.690655  0.316654  0.282637    0.1805    0.2988    0.1630    0.0590    0.2750    0.1810    0.3382
 000140   E  0.677400  0.355272  0.294431    0.2167    0.3149    0.1600    0.0520    0.2874    0.1726    0.3378
 000141   E  0.633146  0.381436  0.305468    0.1805    0.2951    0.1520    0.0470    0.2736    0.1663    0.3381
 000142   G  0.579379  0.425917  0.323898    0.2209    0.2609    0.1600    0.0340    0.2745    0.1498    0.3401
 000143   F  0.533429  0.448905  0.343005    0.2865    0.3249    0.1690    0.0380    0.2939    0.1293    0.3448
 000144   P  0.507099  0.457650  0.364114    0.2700    0.3774    0.1530    0.0400    0.2942    0.1318    0.3456
 000145   V  0.484572  0.484772  0.385531    0.2333    0.3249    0.1740    0.0510    0.2836    0.1339    0.3459
 000146   G  0.438508  0.517206  0.404132    0.2385    0.3667    0.1650    0.0440    0.2876    0.1371    0.3470
 000147   P  0.373345  0.510093  0.422785    0.2865    0.4582    0.1560    0.0420    0.2973    0.1371    0.3430
 000148   E  0.330605  0.516253  0.441145    0.3225    0.4087    0.1520    0.0490    0.2883    0.1362    0.3449
 000149   T  0.307196  0.535779  0.462009    0.4245    0.4051    0.1520    0.0520    0.3040    0.1453    0.3468
 000150   A  0.316939  0.539167  0.480639    0.3847    0.3566    0.1560    0.0510    0.2923    0.1461    0.3449
 000151   R  0.323136  0.540792  0.500985    0.3184    0.3667    0.1580    0.0480    0.2845    0.1517    0.3432
 000152   S  0.323285  0.543774  0.520439    0.2558    0.2752    0.1470    0.0380    0.2574    0.1674    0.3491
 000153   W  0.325318  0.538738  0.527534    0.2700    0.2849    0.1510    0.0350    0.2617    0.1654    0.3558
 000154   R  0.288046  0.552023  0.535051    0.2913    0.3948    0.1550    0.0420    0.2802    0.1673    0.3539
 000155   R  0.271512  0.555951  0.546243    0.2820    0.3910    0.1590    0.0500    0.2766    0.1721    0.3619
 000156   A  0.272697  0.564156  0.561084    0.3668    0.4685    0.1540    0.0510    0.3044    0.1768    0.3751
 000157   E  0.274416  0.569875  0.572585    0.3762    0.3599    0.1430    0.0420    0.2873    0.1804    0.3846
 000158   G  0.278896  0.503541  0.581192    0.3668    0.3392    0.1490    0.0450    0.2729    0.1717    0.4009
 000159   V  0.279848  0.539315  0.596828    0.2820    0.3494    0.1490    0.0450    0.2665    0.1847    0.4122
 000160   F  0.325382  0.551759  0.606243    0.2786    0.2364    0.1510    0.0470    0.2571    0.1939    0.4204
 000161   L  0.348330  0.572373  0.612596    0.3263    0.2575    0.1480    0.0450    0.2754    0.1942    0.4260
 000162   P  0.296524  0.588072  0.616338    0.2786    0.2849    0.1520    0.0490    0.2667    0.2001    0.4277
 000163   L  0.287059  0.605427  0.613273    0.2786    0.2258    0.1680    0.0590    0.2607    0.2058    0.4276
 000164   E  0.276419  0.635230  0.617311    0.3717    0.2224    0.1680    0.0610    0.2790    0.2103    0.4265
 000165   G  0.264095  0.632541  0.614873    0.3225    0.1424    0.1940    0.0720    0.2593    0.2190    0.4323
 000166   P  0.262222  0.632053  0.609680    0.2748    0.1731    0.2090    0.0840    0.2586    0.2132    0.4243
 000167   E  0.290869  0.646430  0.613379    0.2255    0.1969    0.2430    0.0930    0.2671    0.2128    0.4180
 000168   F  0.315943  0.646187  0.614672    0.2333    0.1881    0.2720    0.1020    0.2760    0.2093    0.4093
 000169   G  0.271023  0.669217  0.608058    0.2333    0.1731    0.2340    0.1010    0.2634    0.2212    0.4059
 000170   P  0.245761  0.648702  0.600023    0.3096    0.2034    0.2120    0.0910    0.2700    0.2091    0.4044
 000171   F  0.250142  0.635714  0.598588    0.3578    0.3249    0.2430    0.0710    0.3020    0.1867    0.4003
 000172   K  0.265201  0.621010  0.596915    0.3847    0.3872    0.1980    0.0440    0.3093    0.1853    0.3985
 000173   E  0.285571  0.607562  0.583633    0.3885    0.3392    0.1880    0.0500    0.3014    0.1805    0.3950
 000174   V  0.280008  0.565119  0.569083    0.4379    0.4220    0.1920    0.0470    0.3162    0.1676    0.3914
 000175   F  0.279634  0.529163  0.552357    0.3992    0.4220    0.1850    0.0480    0.3025    0.1590    0.3875
 000176   F  0.248087  0.549501  0.534665    0.3939    0.3566    0.2040    0.0520    0.2921    0.1577    0.3947
 000177   P  0.201663  0.558000  0.521714    0.3847    0.2292    0.2210    0.0640    0.2658    0.1696    0.4088
 000178   G  0.187828  0.537410  0.505824    0.3096    0.2034    0.2870    0.0810    0.2542    0.1605    0.4212
 000179   G  0.164982  0.496980  0.488863    0.3005    0.3053    0.3330    0.1110    0.2668    0.1412    0.4292
 000180   R  0.149620  0.507305  0.473581    0.2865    0.3215    0.3310    0.1230    0.2660    0.1429    0.4114
 000181   A  0.116659  0.516572  0.462543    0.2657    0.2193    0.2960    0.1320    0.2357    0.1578    0.4003
 000182   P  0.096309  0.513683  0.452423    0.3630    0.3149    0.2610    0.1240    0.2582    0.1546    0.3872
 000183   R  0.152463  0.501532  0.440771    0.2865    0.2951    0.2840    0.1300    0.2533    0.1359    0.3791
 000184   A  0.239326  0.521477  0.439154    0.2786    0.2752    0.2370    0.1040    0.2585    0.1312    0.3752
 000185   G  0.319708  0.517330  0.433504    0.3096    0.3460    0.2090    0.0820    0.2836    0.1215    0.3675
 000186   E  0.396626  0.497320  0.423115    0.3762    0.3667    0.1810    0.0610    0.3030    0.1191    0.3605
 000187   V  0.421958  0.465778  0.411046    0.4600    0.4582    0.1850    0.0730    0.3318    0.1199    0.3622
 000188   W  0.454958  0.433019  0.401166    0.3578    0.4476    0.1740    0.0640    0.3112    0.1177    0.3663
 000189   R  0.491722  0.407151  0.391861    0.3456    0.3529    0.1410    0.0580    0.2898    0.1253    0.3640
 000190   S  0.511307  0.393964  0.377867    0.3491    0.3215    0.1430    0.0590    0.2865    0.1266    0.3672
 000191   P  0.527758  0.385302  0.364405    0.2820    0.3356    0.1550    0.0670    0.2809    0.1276    0.3753
 000192   L  0.538944  0.378100  0.351972    0.2865    0.3566    0.1750    0.0660    0.2893    0.1236    0.3790
 000193   H  0.467704  0.367099  0.341868    0.2602    0.2364    0.2000    0.0520    0.2552    0.1070    0.3804
 000194   A  0.397991  0.387546  0.340153    0.2748    0.2541    0.2370    0.0540    0.2585    0.0851    0.3802
 000195   K  0.382339  0.390155  0.336727    0.2122    0.2918    0.2370    0.0690    0.2522    0.0881    0.3772
 000196   T  0.414640  0.401030  0.337307    0.2080    0.2817    0.2460    0.0860    0.2585    0.0950    0.3800
 000197   L  0.441410  0.416682  0.334757    0.2080    0.1881    0.2550    0.0850    0.2515    0.1127    0.3791
 000198   R  0.464536  0.437474  0.329395    0.2700    0.1583    0.2660    0.0750    0.2661    0.1186    0.3768
 000199   E  0.504922  0.419940  0.329741    0.2748    0.2399    0.2730    0.0880    0.2855    0.1084    0.3806
 000200   I  0.551869  0.417629  0.332453    0.1921    0.2575    0.2830    0.1050    0.2837    0.1299    0.3831
 000201   A  0.557462  0.423744  0.334802    0.1844    0.2328    0.2590    0.0870    0.2762    0.1384    0.3854
 000202   G  0.609605  0.425575  0.335668    0.1635    0.1424    0.2820    0.0830    0.2704    0.1690    0.3848
 000203   S  0.662558  0.432111  0.338966    0.2041    0.1852    0.3120    0.1070    0.2993    0.1700    0.3851
 000204   Y  0.664913  0.441472  0.348038    0.1416    0.2034    0.3010    0.1240    0.2921    0.1803    0.3892
 000205   G  0.667269  0.435192  0.347811    0.1456    0.2034    0.2430    0.0900    0.2823    0.1836    0.3946
 000206   E  0.620856  0.435548  0.347441    0.1602    0.1399    0.2330    0.0760    0.2649    0.1781    0.3995
 000207   S  0.594504  0.432662  0.347760    0.1292    0.0817    0.2500    0.0750    0.2480    0.1852    0.4057
 000208   L  0.594513  0.418405  0.346962    0.1349    0.1229    0.2450    0.0750    0.2525    0.1752    0.4208
 000209   Y  0.584051  0.404041  0.346844    0.0909    0.0690    0.2280    0.0790    0.2294    0.1893    0.4281
 000210   R  0.565436  0.392345  0.351775    0.0789    0.0605    0.2260    0.0830    0.2206    0.1877    0.4292
 000211   G  0.557694  0.352102  0.353891    0.0723    0.1137    0.2370    0.0850    0.2222    0.1738    0.4129
 000212   A  0.553473  0.328606  0.352925    0.0858    0.1137    0.2710    0.0930    0.2255    0.1676    0.3980
 000213   L  0.513180  0.312131  0.344915    0.0965    0.1184    0.2670    0.0860    0.2178    0.1524    0.3817
 000214   A  0.462456  0.295816  0.339776    0.0813    0.1229    0.2440    0.0780    0.2011    0.1407    0.3697
 000215   E  0.469428  0.295790  0.334731    0.1380    0.2034    0.2190    0.0630    0.2210    0.1207    0.3601
 000216   A  0.456608  0.301732  0.333389    0.1380    0.1349    0.2130    0.0570    0.2074    0.1271    0.3509
 000217   L  0.466621  0.306305  0.333944    0.1349    0.0780    0.2180    0.0630    0.2006    0.1410    0.3405
 000218   L  0.470264  0.309450  0.331721    0.0909    0.0851    0.2240    0.0660    0.1967    0.1473    0.3359
 000219   R  0.472287  0.340400  0.328038    0.0935    0.1298    0.2290    0.0670    0.2108    0.1412    0.3407
 000220   F  0.481657  0.351520  0.330086    0.1532    0.2224    0.2290    0.0650    0.2396    0.1205    0.3395
 000221   S  0.491026  0.357746  0.328524    0.1532    0.2470    0.2200    0.0620    0.2448    0.1221    0.3491
 000222   E  0.511909  0.368870  0.328965    0.1667    0.1702    0.2210    0.0670    0.2398    0.1349    0.3599
 000223   A  0.543222  0.390639  0.334140    0.1958    0.2064    0.2230    0.0750    0.2598    0.1362    0.3699
 000224   T  0.580624  0.396905  0.337760    0.1878    0.2575    0.2290    0.0820    0.2752    0.1427    0.3806
 000225   G  0.644992  0.391399  0.334777    0.2333    0.2817    0.2320    0.0800    0.2973    0.1526    0.3912
 000226   G  0.653114  0.404179  0.335603    0.1921    0.2364    0.2590    0.0940    0.2908    0.1632    0.3999
 000227   L  0.674517  0.422467  0.335284    0.2080    0.2884    0.3510    0.1220    0.3240    0.1571    0.4098
 000228   L  0.699713  0.433685  0.331437    0.2558    0.3840    0.3700    0.1260    0.3572    0.1500    0.4225
 000229   T  0.695603  0.468190  0.327591    0.3578    0.3566    0.3180    0.1250    0.3661    0.1431    0.4324
 000230   R  0.686312  0.509970  0.317941    0.3885    0.3053    0.3140    0.1150    0.3674    0.1481    0.4315
 000231   E  0.705160  0.484328  0.307467    0.3992    0.4256    0.2930    0.1150    0.3846    0.1465    0.4294
 000232   D  0.722612  0.457486  0.298659    0.3359    0.4582    0.2740    0.1200    0.3747    0.1593    0.4309
 000233   L  0.737511  0.448119  0.289677    0.3225    0.3599    0.2210    0.0770    0.3482    0.1741    0.4307
 000234   E  0.727375  0.426786  0.279203    0.3806    0.3872    0.1530    0.0510    0.3458    0.1811    0.4302
 000235   A  0.714317  0.379486  0.266736    0.2913    0.3872    0.1580    0.0430    0.3217    0.1791    0.4273
 000236   H  0.697286  0.375754  0.265661    0.2913    0.3983    0.1390    0.0420    0.3169    0.1778    0.4287
 000237   A  0.640237  0.379342  0.261485    0.2963    0.3019    0.1150    0.0280    0.2889    0.1647    0.4313
 000238   P  0.584449  0.368984  0.259160    0.3885    0.3774    0.1000    0.0230    0.3032    0.1525    0.4324
 000239   E  0.518933  0.349543  0.255500    0.3668    0.4619    0.1090    0.0280    0.3010    0.1409    0.4324
 000240   W  0.441081  0.341451  0.251733    0.3535    0.3667    0.1210    0.0440    0.2707    0.1102    0.4334
 000241   V  0.364626  0.334833  0.244040    0.3762    0.3872    0.0970    0.0260    0.2600    0.1103    0.4289
 000242   T  0.278499  0.315516  0.237657    0.2602    0.3087    0.1080    0.0360    0.2118    0.0800    0.4234
 000243   P  0.200403  0.315816  0.230007    0.2602    0.1881    0.1070    0.0310    0.1785    0.0752    0.4169
 000244   L  0.132747  0.310738  0.226216    0.2748    0.2817    0.1070    0.0300    0.1844    0.0857    0.4103
 000245   S  0.063106  0.292450  0.222498    0.1698    0.1914    0.0870    0.0190    0.1340    0.0863    0.4039
 000246   T  0.035454  0.283052  0.218523    0.2122    0.2436    0.0810    0.0220    0.1426    0.0965    0.4003
 000247   E  0.022388  0.292398  0.219417    0.1495    0.2715    0.0750    0.0250    0.1351    0.1057    0.3953
 000248   Y  0.032805  0.268720  0.216043    0.1921    0.3117    0.0690    0.0250    0.1457    0.1068    0.3892
 000249   K  0.045637  0.245612  0.213034    0.1921    0.2884    0.0630    0.0250    0.1391    0.0970    0.3831
 000250   G  0.051034  0.244670  0.211656    0.1732    0.2849    0.0600    0.0240    0.1356    0.0951    0.3849
 000251   L  0.058234  0.221829  0.206216    0.2558    0.3948    0.0550    0.0190    0.1643    0.1223    0.3862
 000252   T  0.060215  0.201518  0.203634    0.3311    0.3910    0.0580    0.0160    0.1736    0.1291    0.3876
 000253   V  0.060609  0.197738  0.198062    0.3311    0.3529    0.0650    0.0190    0.1679    0.1188    0.3861
 000254   W  0.064605  0.206369  0.189999    0.2385    0.2609    0.0730    0.0250    0.1405    0.0829    0.3880
 000255   E  0.075964  0.225275  0.183868    0.2913    0.2609    0.0790    0.0320    0.1553    0.0890    0.3888
 000256   L  0.081220  0.245366  0.177834    0.2209    0.1852    0.0890    0.0420    0.1370    0.0685    0.3893
 000257   P  0.067924  0.269701  0.167986    0.1495    0.1528    0.0770    0.0350    0.1195    0.0723    0.3912
 000258   P  0.060970  0.265534  0.158194    0.0832    0.0888    0.0740    0.0350    0.0954    0.0761    0.3926
 000259   N  0.059174  0.264748  0.153809    0.1205    0.1583    0.0800    0.0370    0.1138    0.0714    0.3934
 000260   G  0.057993  0.248969  0.149470    0.0771    0.1048    0.0790    0.0370    0.0946    0.0693    0.3947
 000261   Q  0.089152  0.227883  0.145686    0.0771    0.0631    0.0790    0.0400    0.0893    0.0624    0.3938
 000262   G  0.097741  0.199829  0.142477    0.0771    0.1137    0.0750    0.0350    0.0938    0.0494    0.3982
 000263   V  0.103204  0.171193  0.139235    0.0405    0.1070    0.0590    0.0220    0.0802    0.0500    0.4059
 000264   A  0.098420  0.140374  0.135464    0.0677    0.0817    0.0470    0.0150    0.0725    0.0409    0.4178
 000265   V  0.089298  0.108464  0.131905    0.1240    0.1643    0.0400    0.0140    0.0877    0.0444    0.4272
 000266   L  0.129117  0.084085  0.128105    0.0542    0.0948    0.0310    0.0080    0.0656    0.0417    0.4264
 000267   L  0.160738  0.068776  0.123386    0.1060    0.1424    0.0270    0.0060    0.0841    0.0496    0.4149
 000268   A  0.203723  0.065423  0.120906    0.0478    0.1424    0.0290    0.0070    0.0814    0.0637    0.4134
 000269   L  0.207187  0.066726  0.116550    0.0363    0.1373    0.0360    0.0090    0.0805    0.0642    0.4137
 000270   N  0.187669  0.072938  0.112629    0.0441    0.1373    0.0420    0.0090    0.0807    0.0556    0.4146
 000271   L  0.184140  0.098877  0.111353    0.0455    0.1554    0.0560    0.0110    0.0900    0.0529    0.4127
 000272   L  0.179521  0.133187  0.109085    0.0464    0.0799    0.0650    0.0160    0.0840    0.0482    0.4145
 000273   E  0.178688  0.178280  0.105302    0.0542    0.0765    0.0810    0.0160    0.0948    0.0521    0.4244
 000274   G  0.180946  0.210306  0.103252    0.0414    0.0676    0.1290    0.0330    0.1049    0.0618    0.4285
 000275   F  0.141680  0.258344  0.102278    0.0502    0.0799    0.1840    0.0580    0.1190    0.0715    0.4094
 000276   D  0.127695  0.287421  0.101719    0.0425    0.0780    0.2170    0.0650    0.1255    0.0860    0.3928
 000277   L  0.104993  0.331906  0.098786    0.0643    0.1323    0.2310    0.0710    0.1441    0.0939    0.3674
 000278   R  0.128459  0.378211  0.093106    0.0643    0.1229    0.2540    0.0870    0.1580    0.1101    0.3450
 000279   P  0.141698  0.415406  0.091542    0.0858    0.1554    0.2610    0.0930    0.1766    0.1164    0.3282
 000280   E  0.148520  0.396608  0.091387    0.0744    0.1969    0.2510    0.0990    0.1780    0.1100    0.3135
 000281   D  0.155914  0.390901  0.092238    0.0832    0.1528    0.2270    0.0940    0.1683    0.1052    0.2981
 000282   P  0.169853  0.341290  0.093432    0.1178    0.2129    0.1710    0.0560    0.1688    0.0816    0.2780
 000283   W  0.182188  0.279128  0.095591    0.1495    0.2129    0.1460    0.0470    0.1617    0.0600    0.2561
 000284   S  0.197436  0.228439  0.098662    0.1240    0.1702    0.1060    0.0320    0.1376    0.0510    0.2386
 000285   Y  0.207172  0.196533  0.100533    0.0701    0.1115    0.0880    0.0260    0.1122    0.0557    0.2251
 000286   H  0.186794  0.173254  0.099045    0.1178    0.1399    0.0790    0.0190    0.1162    0.0418    0.2168
 000287   V  0.158277  0.154430  0.096802    0.0621    0.1424    0.0720    0.0170    0.0983    0.0422    0.2044
 000288   Q  0.132260  0.137222  0.094299    0.0771    0.2193    0.0640    0.0170    0.1050    0.0538    0.1996
 000289   I  0.119612  0.134027  0.093805    0.0935    0.1501    0.0620    0.0220    0.0932    0.0330    0.1982
 000290   E  0.112614  0.132144  0.093313    0.0789    0.1251    0.0520    0.0150    0.0834    0.0318    0.2016
 000291   A  0.096395  0.125823  0.094840    0.0405    0.0581    0.0480    0.0130    0.0615    0.0344    0.2024
 000292   M  0.085142  0.120784  0.098838    0.0350    0.0356    0.0460    0.0120    0.0537    0.0371    0.2054
 000293   R  0.076725  0.114931  0.103187    0.0141    0.0248    0.0470    0.0120    0.0463    0.0416    0.2059
 000294   L  0.056054  0.093767  0.106417    0.0212    0.0531    0.0560    0.0170    0.0467    0.0333    0.2135
 000295   A  0.065031  0.088567  0.111729    0.0157    0.0646    0.0640    0.0230    0.0496    0.0346    0.2225
 000296   L  0.077553  0.091454  0.116828    0.0327    0.1070    0.0670    0.0240    0.0626    0.0339    0.2300
 000297   V  0.088854  0.098714  0.125039    0.0425    0.1070    0.0660    0.0220    0.0672    0.0342    0.2312
 000298   D  0.100906  0.107790  0.132519    0.0660    0.1251    0.0670    0.0210    0.0778    0.0340    0.2398
 000299   T  0.109399  0.118807  0.135822    0.0607    0.1298    0.0710    0.0220    0.0816    0.0365    0.2434
 000300   Y  0.131095  0.132405  0.140887    0.0884    0.1424    0.0740    0.0220    0.0948    0.0355    0.2412
 000301   R  0.151427  0.151306  0.148681    0.0813    0.1092    0.0760    0.0210    0.0948    0.0409    0.2381
 000302   F  0.153567  0.175401  0.156003    0.0554    0.1528    0.0880    0.0210    0.1042    0.0504    0.2416
 000303   V  0.156390  0.208598  0.164450    0.0643    0.2034    0.1000    0.0230    0.1221    0.0590    0.2474
 000304   A  0.162268  0.245389  0.175553    0.0884    0.1852    0.1080    0.0270    0.1315    0.0594    0.2579
 000305   D  0.171409  0.279311  0.188077    0.1495    0.1643    0.1330    0.0320    0.1495    0.0567    0.2660
 000306   P  0.185169  0.308260  0.201105    0.1456    0.1275    0.1740    0.0440    0.1568    0.0671    0.2732
 000307   R  0.198929  0.333202  0.213718    0.1322    0.1914    0.2150    0.0780    0.1784    0.0698    0.2815
 000308   H  0.216858  0.347836  0.231975    0.1240    0.2503    0.2230    0.1050    0.1936    0.0760    0.2981
 000309   M  0.259916  0.372182  0.252163    0.1150    0.2094    0.2100    0.0940    0.1944    0.0876    0.3104
 000310   E  0.310046  0.402243  0.273162    0.1150    0.1275    0.1840    0.0670    0.1897    0.1126    0.3230
 000311   L  0.376981  0.425615  0.293517    0.1635    0.1759    0.1880    0.0560    0.2217    0.1136    0.3376
 000312   A  0.438585  0.439481  0.310246    0.1150    0.1611    0.1840    0.0550    0.2229    0.1403    0.3487
 000313   P  0.475380  0.442837  0.321562    0.1667    0.2783    0.1960    0.0900    0.2599    0.1270    0.3558
 000314   E  0.517590  0.412105  0.331842    0.1958    0.3356    0.2090    0.1020    0.2784    0.1244    0.3620
 000315   A  0.560502  0.399713  0.343342    0.2292    0.3599    0.2160    0.0940    0.2942    0.1286    0.3654
 000316   F  0.604141  0.385642  0.354118    0.2209    0.3426    0.2110    0.0880    0.2940    0.1431    0.3665
 000317   L  0.642039  0.391600  0.367682    0.1878    0.2364    0.1830    0.0640    0.2735    0.1711    0.3628
 000318   S  0.630356  0.404962  0.379720    0.1998    0.1611    0.1820    0.0610    0.2631    0.1778    0.3559
 000319   K  0.606511  0.416640  0.390574    0.1380    0.1643    0.1860    0.0600    0.2519    0.1812    0.3400
 000320   A  0.571298  0.417941  0.400547    0.1178    0.2129    0.1990    0.0670    0.2532    0.1697    0.3255
 000321   Y  0.535460  0.410717  0.408575    0.1150    0.1942    0.2060    0.0750    0.2436    0.1637    0.3138
 000322   A  0.559129  0.411453  0.418157    0.1921    0.2436    0.1970    0.0720    0.2671    0.1528    0.3041
 000323   A  0.587273  0.417477  0.426303    0.2167    0.1969    0.1930    0.0690    0.2686    0.1644    0.2943
 000324   E  0.614587  0.416714  0.434347    0.1602    0.1942    0.1990    0.0730    0.2641    0.1803    0.2859
 000325   R  0.641794  0.434343  0.441580    0.1018    0.1791    0.2000    0.0750    0.2595    0.2020    0.2780
 000326   R  0.612121  0.434765  0.443576    0.1380    0.1476    0.1960    0.0710    0.2548    0.1933    0.2705
 000327   R  0.593425  0.443152  0.447844    0.2167    0.1702    0.2090    0.0790    0.2721    0.1736    0.2631
 000328   L  0.618894  0.433257  0.451117    0.2292    0.2680    0.1950    0.0720    0.2908    0.1669    0.2604
 000329   I  0.654455  0.428498  0.455067    0.1495    0.2715    0.1820    0.0790    0.2810    0.1909    0.2598
 000330   G  0.673006  0.429890  0.458545    0.1698    0.1969    0.1770    0.0800    0.2744    0.2014    0.2643
 000331   E  0.676993  0.428552  0.458267    0.1921    0.2193    0.1870    0.0860    0.2841    0.1948    0.2698
 000332   R  0.626946  0.392041  0.453423    0.1805    0.3356    0.1970    0.0860    0.2887    0.1706    0.2730
 000333   A  0.576445  0.376444  0.445266    0.1998    0.3807    0.1910    0.0680    0.2874    0.1539    0.2772
 000334   L  0.542518  0.368993  0.437711    0.2558    0.4087    0.1940    0.0570    0.2950    0.1365    0.2848
 000335   P  0.565472  0.349753  0.430657    0.2602    0.4017    0.2120    0.0640    0.2982    0.1361    0.2906
 000336   R  0.597334  0.353038  0.421716    0.2602    0.3356    0.2580    0.0800    0.3006    0.1355    0.2972
 000337   V  0.583258  0.364777  0.408841    0.2748    0.2503    0.3070    0.0940    0.2966    0.1305    0.3042
 000338   L  0.568263  0.373159  0.394674    0.2122    0.1759    0.3200    0.1140    0.2749    0.1448    0.3119
 000339   P  0.576738  0.381352  0.374789    0.2041    0.2193    0.3370    0.1200    0.2863    0.1384    0.3173
 000340   G  0.565236  0.381844  0.354041    0.2041    0.2783    0.3950    0.1260    0.3041    0.1263    0.3200
 000341   L  0.602783  0.373836  0.331532    0.1698    0.2436    0.4230    0.1290    0.3022    0.1483    0.3229
 000342   R  0.631285  0.354000  0.308865    0.1292    0.2436    0.4320    0.1390    0.2983    0.1651    0.3227
 000343   P  0.653915  0.343696  0.290757    0.1060    0.2470    0.4270    0.1400    0.2962    0.1760    0.3266
 000344   E  0.676545  0.336556  0.277498    0.1456    0.2918    0.4050    0.1300    0.3093    0.1698    0.3253
 000345   G  0.699316  0.303848  0.263160    0.2122    0.3019    0.3840    0.1290    0.3169    0.1658    0.3207
 000346   T  0.713997  0.270284  0.247284    0.2041    0.2328    0.3440    0.1120    0.2942    0.1795    0.3178
 000347   V  0.722297  0.246728  0.233792    0.1456    0.1731    0.3060    0.1020    0.2656    0.1977    0.3148
 000348   Y  0.736768  0.227111  0.219794    0.1698    0.2328    0.2380    0.0730    0.2674    0.1982    0.3147
 000349   L  0.752101  0.206894  0.205771    0.1805    0.2328    0.1780    0.0570    0.2583    0.2091    0.3145
 000350   A  0.745586  0.214956  0.192963    0.1602    0.1298    0.1450    0.0470    0.2327    0.2193    0.3177
 000351   A  0.708978  0.225024  0.179731    0.1018    0.1349    0.1450    0.0420    0.2192    0.2113    0.3240
 000352   A  0.658982  0.221376  0.168702    0.1018    0.2034    0.1320    0.0440    0.2196    0.1904    0.3309
 000353   D  0.614899  0.219304  0.153552    0.1060    0.2164    0.1080    0.0330    0.2107    0.1772    0.3434
 000354   G  0.526941  0.222328  0.139528    0.0909    0.1162    0.0980    0.0290    0.1758    0.1547    0.3503
 000355   E  0.469220  0.213395  0.125504    0.0858    0.1137    0.0950    0.0280    0.1629    0.1359    0.3636
 000356   V  0.439892  0.201045  0.114503    0.0490    0.1162    0.0930    0.0280    0.1499    0.1307    0.3753
 000357   M  0.407441  0.203914  0.109542    0.0490    0.0555    0.0850    0.0240    0.1334    0.1266    0.3873
 000358   V  0.362158  0.210949  0.104411    0.0723    0.0870    0.0870    0.0290    0.1366    0.1053    0.3985
 000359   S  0.313006  0.197460  0.096536    0.0643    0.1501    0.0880    0.0300    0.1355    0.0860    0.4085
 000360   L  0.283587  0.193442  0.088504    0.1060    0.2224    0.1000    0.0380    0.1509    0.0742    0.4178
 000361   I  0.263392  0.219057  0.083686    0.1292    0.1914    0.0940    0.0330    0.1494    0.0676    0.4199
 000362   Q  0.241758  0.251367  0.083013    0.1602    0.1476    0.0950    0.0250    0.1493    0.0664    0.4208
 000363   S  0.267440  0.271990  0.084207    0.1380    0.1206    0.1280    0.0410    0.1544    0.0748    0.4246
 000364   N  0.276236  0.309365  0.091604    0.0789    0.1298    0.1700    0.0580    0.1608    0.0894    0.4231
 000365   Y  0.257045  0.301120  0.098706    0.0526    0.1323    0.2000    0.0770    0.1572    0.0890    0.4273
 000366   Q  0.223893  0.300941  0.106235    0.0587    0.1275    0.1570    0.0570    0.1447    0.0817    0.4260
 000367   G  0.199592  0.304823  0.118751    0.0935    0.1852    0.1330    0.0230    0.1526    0.0724    0.4271
 000368   F  0.207826  0.310229  0.134573    0.1240    0.1449    0.1110    0.0200    0.1496    0.0726    0.4279
 000369   G  0.231663  0.296049  0.152872    0.1844    0.1791    0.0940    0.0190    0.1642    0.0678    0.4232
 000370   S  0.222832  0.290237  0.166349    0.1240    0.1162    0.0890    0.0160    0.1404    0.0746    0.4199
 000371   G  0.211351  0.284296  0.183783    0.1602    0.1881    0.0930    0.0160    0.1561    0.0649    0.4190
 000372   V  0.186147  0.251432  0.200676    0.1732    0.2918    0.1010    0.0160    0.1673    0.0689    0.4215
 000373   L  0.157865  0.223835  0.211381    0.1844    0.2817    0.1170    0.0170    0.1607    0.0629    0.4232
 000374   V  0.130430  0.219472  0.220235    0.1805    0.2817    0.1340    0.0210    0.1576    0.0645    0.4204
 000375   P  0.120975  0.227207  0.231267    0.1844    0.1914    0.1500    0.0350    0.1456    0.0551    0.4193
 000376   G  0.106782  0.230287  0.243581    0.2786    0.2817    0.1480    0.0370    0.1742    0.0771    0.4169
 000377   T  0.076185  0.227889  0.252521    0.1998    0.1702    0.1440    0.0400    0.1364    0.0716    0.4165
 000378   G  0.097434  0.234135  0.260912    0.2080    0.1702    0.1440    0.0480    0.1424    0.0702    0.4167
 000379   I  0.151550  0.224939  0.269925    0.2255    0.1914    0.1560    0.0550    0.1583    0.0613    0.4173
 000380   A  0.202960  0.246794  0.285514    0.2333    0.2034    0.1580    0.0590    0.1741    0.0622    0.4227
 000381   L  0.271298  0.261652  0.300494    0.1667    0.2164    0.1540    0.0590    0.1783    0.0738    0.4272
 000382   Q  0.330170  0.280152  0.315899    0.1766    0.2164    0.1440    0.0560    0.1913    0.0873    0.4278
 000383   N  0.379248  0.293184  0.332672    0.2531    0.2884    0.1430    0.0590    0.2261    0.0921    0.4279
 000384   R  0.416625  0.306240  0.351041    0.3311    0.3948    0.1500    0.0640    0.2665    0.1044    0.4314
 000385   G  0.458739  0.322517  0.371010    0.4037    0.4801    0.1580    0.0670    0.3039    0.1232    0.4306
 000386   L  0.512786  0.352692  0.394850    0.3992    0.4476    0.1640    0.0540    0.3128    0.1265    0.4260
 000387   G  0.520842  0.409951  0.420624    0.3939    0.3740    0.1880    0.0650    0.3144    0.1217    0.4221
 000388   F  0.533740  0.465719  0.442474    0.3992    0.3631    0.1930    0.0650    0.3257    0.1297    0.4187
 000389   S  0.533524  0.510899  0.462752    0.3359    0.3910    0.1660    0.0530    0.3229    0.1464    0.4190
 000390   L  0.526855  0.553345  0.480068    0.4203    0.4831    0.1720    0.0510    0.3593    0.1496    0.4198
 000391   E  0.511139  0.570403  0.493898    0.4825    0.5139    0.1790    0.0510    0.3762    0.1521    0.4226
 000392   E  0.501975  0.566482  0.511939    0.5549    0.6136    0.2210    0.0540    0.4096    0.1539    0.4263
 000393   G  0.503254  0.587930  0.527824    0.5374    0.6427    0.2230    0.0590    0.4157    0.1599    0.4284
 000394   H  0.496969  0.609412  0.543459    0.5412    0.4940    0.1980    0.0610    0.3899    0.1601    0.4293
 000395   P  0.502697  0.633070  0.555777    0.5623    0.5017    0.1710    0.0570    0.3951    0.1750    0.4308
 000396   N  0.510524  0.630789  0.569446    0.4879    0.5139    0.1840    0.0580    0.3878    0.1707    0.4319
 000397   R  0.513083  0.643238  0.580890    0.5549    0.5055    0.1870    0.0630    0.4006    0.1753    0.4312
 000398   V  0.458916  0.658553  0.587190    0.5623    0.4087    0.1860    0.0610    0.3791    0.1824    0.4313
 000399   G  0.392251  0.659224  0.592539    0.5846    0.5533    0.1840    0.0570    0.3956    0.1887    0.4305
 000400   P  0.343666  0.653894  0.596704    0.5253    0.5533    0.1710    0.0610    0.3745    0.1935    0.4272
 000401   G  0.305157  0.642187  0.601169    0.6255    0.5296    0.1610    0.0530    0.3773    0.2069    0.4247
 000402   K  0.267744  0.618583  0.601553    0.6219    0.4256    0.1830    0.0610    0.3527    0.2027    0.4189
 000403   R  0.238466  0.589973  0.599757    0.5412    0.4220    0.1910    0.0670    0.3304    0.1918    0.4106
 000404   P  0.175254  0.576465  0.604385    0.4879    0.4186    0.1650    0.0520    0.3039    0.2031    0.4021
 000405   F  0.111145  0.570293  0.607192    0.4879    0.4330    0.1480    0.0390    0.2918    0.2193    0.3939
 000406   H  0.037978  0.504704  0.607654    0.4703    0.4017    0.1300    0.0350    0.2574    0.2289    0.3895
 000407   T  0.034498  0.481012  0.605112    0.4825    0.3872    0.1260    0.0360    0.2518    0.2281    0.3860
 000408   I  0.037415  0.446785  0.603041    0.4825    0.4220    0.1280    0.0370    0.2527    0.2250    0.3858
 000409   I  0.039570  0.405398  0.599059    0.5514    0.4119    0.1240    0.0400    0.2554    0.2297    0.3840
 000410   P  0.038908  0.421532  0.592395    0.5667    0.4119    0.1150    0.0330    0.2589    0.2327    0.3829
 000411   G  0.030360  0.465052  0.581372    0.4651    0.4119    0.1220    0.0340    0.2490    0.2215    0.3831
 000412   F  0.022331  0.469336  0.570524    0.4651    0.3087    0.1340    0.0350    0.2332    0.2173    0.3811
 000413   L  0.022607  0.446597  0.559443    0.4879    0.3117    0.1550    0.0530    0.2373    0.2117    0.3811
 000414   T  0.020449  0.465937  0.550184    0.3939    0.2436    0.1840    0.0830    0.2180    0.2015    0.3823
 000415   R  0.018506  0.494708  0.547226    0.3717    0.1791    0.2390    0.1100    0.2171    0.2046    0.3834
 000416   E  0.018253  0.523501  0.536541    0.3717    0.2783    0.2550    0.1260    0.2411    0.1980    0.3830
 000417   G  0.016271  0.533506  0.519529    0.3263    0.2752    0.2730    0.1550    0.2373    0.1944    0.3803
 000418   K  0.015692  0.535343  0.500385    0.3225    0.1643    0.2630    0.1410    0.2168    0.1993    0.3769
 000419   P  0.022599  0.539550  0.484864    0.3806    0.2094    0.2330    0.1170    0.2309    0.1941    0.3699
 000420   L  0.035811  0.513621  0.472057    0.3456    0.3087    0.1900    0.0790    0.2323    0.1806    0.3616
 000421   G  0.042716  0.492876  0.465378    0.2748    0.3087    0.1400    0.0480    0.2099    0.1789    0.3545
 000422   P  0.044785  0.473436  0.462888    0.2786    0.3182    0.1210    0.0440    0.2060    0.1773    0.3464
 000423   F  0.044069  0.437334  0.447220    0.3806    0.4220    0.1330    0.0490    0.2363    0.1769    0.3394
 000424   G  0.044322  0.403685  0.433611    0.4513    0.5139    0.1520    0.0470    0.2609    0.1867    0.3362
 000425   V  0.043674  0.396115  0.417029    0.4458    0.4256    0.2080    0.0880    0.2533    0.1633    0.3321
 000426   M  0.042890  0.405097  0.401897    0.4333    0.4369    0.2100    0.0900    0.2547    0.1614    0.3275
 000427   G  0.041939  0.413334  0.386325    0.3456    0.3529    0.2070    0.0840    0.2268    0.1442    0.3251
 000428   G  0.034557  0.402842  0.368367    0.3578    0.2817    0.1920    0.0740    0.2115    0.1410    0.3261
 000429   F  0.021139  0.429482  0.353560    0.2786    0.2164    0.1910    0.0750    0.1894    0.1424    0.3310
 000430   M  0.016075  0.438048  0.337988    0.1958    0.1881    0.1650    0.0620    0.1673    0.1453    0.3421
 000431   Q  0.011395  0.428954  0.322416    0.2041    0.1852    0.1670    0.0590    0.1661    0.1410    0.3582
 000432   P  0.009245  0.432044  0.310049    0.2041    0.1583    0.1620    0.0620    0.1609    0.1418    0.3748
 000433   Q  0.007898  0.404901  0.294009    0.1240    0.1476    0.1380    0.0570    0.1371    0.1374    0.3932
 000434   G  0.006775  0.355615  0.283051    0.1667    0.1449    0.1220    0.0590    0.1327    0.1222    0.4093
 000435   H  0.006585  0.320995  0.277963    0.1805    0.1424    0.0980    0.0460    0.1248    0.1155    0.4204
 000436   V  0.010181  0.276194  0.278067    0.1667    0.1323    0.0780    0.0340    0.1105    0.1083    0.4332
 000437   Q  0.013962  0.224204  0.271426    0.2080    0.1731    0.0650    0.0240    0.1141    0.1013    0.4203
 000438   V  0.017503  0.194234  0.267832    0.1322    0.2002    0.0590    0.0210    0.1004    0.0970    0.4085
 000439   V  0.014854  0.202273  0.267534    0.1349    0.2064    0.0590    0.0190    0.1030    0.0986    0.4007
 000440   V  0.015693  0.222391  0.267824    0.2385    0.2817    0.0680    0.0230    0.1377    0.1116    0.3958
 000441   G  0.017387  0.221554  0.269841    0.2963    0.2918    0.0680    0.0260    0.1492    0.1195    0.3994
 000442   L  0.023394  0.195804  0.271309    0.2531    0.2002    0.0820    0.0310    0.1257    0.1003    0.4060
 000443   A  0.034571  0.229981  0.271265    0.1958    0.1881    0.0920    0.0310    0.1234    0.0927    0.4128
 000444   D  0.035856  0.256423  0.271090    0.1205    0.1791    0.1070    0.0390    0.1165    0.0948    0.4221
 000445   F  0.033489  0.273299  0.267372    0.1380    0.2064    0.1430    0.0390    0.1324    0.0944    0.4258
 000446   G  0.031387  0.275753  0.256108    0.1349    0.2034    0.1420    0.0330    0.1312    0.0929    0.4278
 000447   L  0.029737  0.296222  0.250917    0.2292    0.1823    0.1510    0.0350    0.1481    0.0951    0.4305
 000448   N  0.032213  0.325873  0.248180    0.2122    0.1823    0.1350    0.0400    0.1479    0.1005    0.4307
 000449   P  0.036523  0.337866  0.245056    0.1958    0.1823    0.1340    0.0460    0.1478    0.1013    0.4227
 000450   Q  0.047358  0.341993  0.237785    0.2700    0.1823    0.1420    0.0400    0.1640    0.1023    0.4209
 000451   A  0.055707  0.333425  0.228999    0.2602    0.2817    0.1540    0.0460    0.1809    0.0987    0.4218
 000452   A  0.074742  0.316303  0.216771    0.1805    0.2817    0.1480    0.0400    0.1668    0.0886    0.4240
 000453   L  0.094700  0.296979  0.205472    0.2865    0.3774    0.1560    0.0570    0.2019    0.1005    0.4268
 000454   D  0.114075  0.304208  0.202106    0.3263    0.4220    0.1450    0.0630    0.2187    0.1132    0.4292
 000455   R  0.149341  0.299306  0.196368    0.3146    0.3356    0.1500    0.0560    0.2081    0.0846    0.4300
 000456   P  0.184608  0.288505  0.192677    0.4245    0.3631    0.1580    0.0640    0.2365    0.1039    0.4232
 000457   R  0.219423  0.277903  0.189691    0.3456    0.2817    0.1630    0.0620    0.2146    0.0695    0.4156
 000458   W  0.246371  0.248736  0.184815    0.3535    0.3807    0.1610    0.0600    0.2317    0.0863    0.4097
 000459   Q  0.273513  0.223228  0.182408    0.2700    0.4017    0.1130    0.0480    0.2135    0.0944    0.3932
 000460   V  0.306862  0.224066  0.175750    0.2558    0.3704    0.1070    0.0420    0.2107    0.0904    0.3793
 000461   V  0.334956  0.236541  0.169035    0.2786    0.2715    0.1030    0.0410    0.2041    0.0814    0.3717
 000462   P  0.392085  0.248971  0.161705    0.3096    0.3321    0.1120    0.0440    0.2325    0.1009    0.3649
 000463   G  0.436030  0.252305  0.155717    0.2483    0.3704    0.1170    0.0500    0.2373    0.1145    0.3575
 000464   D  0.447751  0.273034  0.153811    0.3578    0.4256    0.1140    0.0390    0.2697    0.1301    0.3496
 000465   E  0.490590  0.281026  0.150493    0.3399    0.4220    0.1070    0.0310    0.2735    0.1393    0.3381
 000466   V  0.525927  0.280052  0.141564    0.3096    0.3948    0.1010    0.0280    0.2686    0.1461    0.3313
 000467   L  0.558173  0.298658  0.130182    0.2820    0.2817    0.0860    0.0200    0.2510    0.1530    0.3293
 000468   L  0.600529  0.327612  0.125289    0.2558    0.1852    0.0740    0.0160    0.2405    0.1739    0.3284
 000469   E  0.620982  0.321223  0.120916    0.2602    0.1969    0.0650    0.0200    0.2441    0.1815    0.3298
 000470   P  0.630860  0.301794  0.116181    0.1698    0.1881    0.0680    0.0210    0.2265    0.1875    0.3377
 000471   G  0.591728  0.274437  0.112451    0.1635    0.2680    0.0770    0.0300    0.2291    0.1713    0.3382
 000472   I  0.531772  0.244032  0.109517    0.2292    0.2575    0.0780    0.0340    0.2235    0.1476    0.3403
 000473   P  0.488146  0.213434  0.107032    0.2122    0.2258    0.0640    0.0240    0.2006    0.1361    0.3479
 000474   Q  0.420022  0.185605  0.106723    0.1322    0.2258    0.0650    0.0240    0.1714    0.1170    0.3528
 000475   A  0.362797  0.171966  0.105470    0.1266    0.2094    0.0630    0.0230    0.1556    0.0983    0.3627
 000476   T  0.314383  0.167552  0.104153    0.1150    0.1373    0.0590    0.0190    0.1322    0.0826    0.3725
 000477   A  0.243247  0.158517  0.102678    0.1602    0.1914    0.0600    0.0180    0.1355    0.0615    0.3770
 000478   L  0.212378  0.159008  0.101063    0.1566    0.1791    0.0580    0.0160    0.1276    0.0535    0.3748
 000479   F  0.159877  0.172572  0.099113    0.2122    0.2680    0.0580    0.0160    0.1450    0.0711    0.3684
 000480   L  0.131697  0.181039  0.096813    0.1266    0.2258    0.0540    0.0140    0.1198    0.0579    0.3553
 000481   K  0.133504  0.190456  0.098815    0.1150    0.2094    0.0540    0.0170    0.1170    0.0556    0.3398
 000482   D  0.129108  0.200442  0.100075    0.0884    0.1275    0.0550    0.0190    0.1000    0.0481    0.3292
 000483   L  0.118216  0.201580  0.103785    0.1602    0.2034    0.0590    0.0200    0.1237    0.0553    0.3105
 000484   G  0.107251  0.190258  0.107667    0.0832    0.1162    0.0590    0.0180    0.0926    0.0443    0.2895
 000485   H  0.097792  0.199782  0.115152    0.0789    0.0568    0.0630    0.0160    0.0826    0.0518    0.2718
 000486   R  0.104182  0.218003  0.124051    0.0567    0.0690    0.0710    0.0170    0.0864    0.0584    0.2546
 000487   V  0.087816  0.227423  0.132108    0.0308    0.0631    0.0760    0.0210    0.0808    0.0671    0.2430
 000488   R  0.087040  0.247374  0.138741    0.0376    0.0765    0.0760    0.0230    0.0874    0.0719    0.2334
 000489   Y  0.087052  0.267390  0.141654    0.0567    0.1298    0.0770    0.0230    0.1031    0.0733    0.2282
 000490   E  0.094852  0.291959  0.142739    0.0965    0.1852    0.0740    0.0210    0.1238    0.0779    0.2261
 000491   A  0.107966  0.288537  0.146028    0.1635    0.1942    0.0830    0.0250    0.1396    0.0706    0.2269
 000492   E  0.121918  0.288096  0.148525    0.1349    0.1115    0.0820    0.0280    0.1230    0.0706    0.2287
 000493   Y  0.134312  0.276395  0.152654    0.0789    0.0985    0.0730    0.0240    0.1101    0.0737    0.2308
 000494   G  0.146704  0.249077  0.155528    0.0744    0.0967    0.0630    0.0190    0.1051    0.0680    0.2348
 000495   L  0.148232  0.220737  0.157815    0.0677    0.0948    0.0600    0.0200    0.0985    0.0624    0.2353
 000496   F  0.164455  0.201347  0.158390    0.0405    0.1028    0.0560    0.0130    0.0941    0.0645    0.2329
 000497   G  0.166502  0.191867  0.158583    0.0425    0.0888    0.0510    0.0090    0.0901    0.0641    0.2273
 000498   R  0.172280  0.188401  0.157542    0.0744    0.0817    0.0610    0.0140    0.0963    0.0576    0.2183
 000499   G  0.162534  0.196915  0.160272    0.0643    0.0531    0.0840    0.0280    0.0935    0.0612    0.2162
 000500   Q  0.158979  0.180028  0.161755    0.0677    0.0985    0.0980    0.0370    0.1005    0.0493    0.2105
 000501   A  0.156073  0.169732  0.164503    0.0395    0.0749    0.1080    0.0440    0.0913    0.0562    0.2057
 000502   V  0.153793  0.170710  0.170313    0.0490    0.0888    0.1120    0.0460    0.0958    0.0533    0.2004
 000503   F  0.155763  0.172683  0.173569    0.0363    0.0888    0.1240    0.0440    0.0963    0.0574    0.1969
 000504   R  0.167556  0.177988  0.174489    0.0587    0.1823    0.1350    0.0420    0.1203    0.0522    0.1900
 000505   L  0.186485  0.200308  0.174780    0.0643    0.1731    0.1430    0.0350    0.1279    0.0535    0.1896
 000506   G  0.218261  0.221887  0.176791    0.1266    0.2193    0.1630    0.0270    0.1581    0.0462    0.1890
 000507   E  0.276425  0.229384  0.178513    0.1878    0.3392    0.2060    0.0370    0.2065    0.0634    0.1893
 000508   A  0.342619  0.251837  0.182092    0.1532    0.3392    0.2950    0.0750    0.2303    0.0790    0.1900
 000509   L  0.405327  0.296636  0.190785    0.1698    0.2541    0.3700    0.0930    0.2494    0.0922    0.1922
 000510   V  0.460763  0.342228  0.194178    0.1698    0.2224    0.3620    0.0800    0.2595    0.1092    0.1879
 000511   G  0.548014  0.397284  0.197803    0.0991    0.1373    0.4030    0.1180    0.2641    0.1660    0.1863
 000512   A  0.635372  0.461020  0.199498    0.1060    0.1373    0.4680    0.1120    0.3013    0.2001    0.1854
 000513   S  0.704720  0.503910  0.200187    0.1018    0.1229    0.5670    0.1020    0.3334    0.2371    0.1875
 000514   D  0.748732  0.501064  0.199532    0.1416    0.2034    0.6050    0.1180    0.3665    0.2331    0.1893
 000515   P  0.778709  0.488777  0.196129    0.0991    0.1823    0.6990    0.1470    0.3747    0.2666    0.1937
 000516   R  0.768969  0.478707  0.190363    0.1921    0.2436    0.7360    0.1290    0.4033    0.2469    0.1903
 000517   A  0.754192  0.494565  0.182614    0.2385    0.2129    0.7160    0.1230    0.4026    0.2385    0.1915
 000518   E  0.720375  0.494797  0.176650    0.2700    0.1643    0.6510    0.1220    0.3835    0.2241    0.1977
 000519   G  0.691213  0.532480  0.169924    0.3491    0.1671    0.5750    0.1480    0.3858    0.2026    0.2047
 000520   L  0.618336  0.558796  0.169069    0.4781    0.2328    0.5880    0.1290    0.4127    0.1782    0.2074
 000521   A  0.511422  0.596810  0.169343    0.5941    0.3019    0.6590    0.0380    0.4439    0.1790    0.2115
 000522   L  0.356402  0.625488  0.168019    0.6374    0.2645    0.6820    0.0740    0.4276    0.2028    0.2149
 000523   A  0.347353  0.646091  0.169481    0.7111    0.2752    0.6240    0.1330    0.4340    0.2084    0.2192
 000524   W  0.267402  0.622556  0.169154    0.7501    0.2328    0.6220    0.1600    0.4158    0.2285    0.2229
