#RESNUM RES     VL-XT     VSL2B       VL3  IUPred-S  IUPred-L  PONDRFIT  FITERROR       MDP  MDPERROR   ANCHOR2
 000001   M  0.960130  0.710145  0.531514    0.8158    0.0690    0.9650    0.0170    0.5866    0.3217    0.4102
 000002   D  0.950259  0.713114  0.521709    0.7147    0.0765    0.9200    0.0510    0.5624    0.3060    0.4162
 000003   P  0.924735  0.701424  0.512338    0.5992    0.1115    0.9020    0.0350    0.5399    0.2868    0.4181
 000004   R  0.693991  0.638528  0.501870    0.5253    0.1528    0.8340    0.0810    0.4740    0.2278    0.4282
 000005   R  0.616414  0.573054  0.493838    0.4879    0.1914    0.7690    0.1080    0.4397    0.1935    0.4294
 000006   L  0.545287  0.494231  0.490406    0.4458    0.2258    0.6250    0.1230    0.3893    0.1477    0.4242
 000007   K  0.489022  0.430735  0.490748    0.4116    0.1399    0.5420    0.1390    0.3355    0.1546    0.4188
 000008   A  0.440822  0.379875  0.492052    0.3717    0.1791    0.5140    0.1210    0.3142    0.1374    0.4181
 000009   F  0.413550  0.321074  0.490442    0.2333    0.2064    0.5220    0.0710    0.2827    0.1456    0.4220
 000010   L  0.407990  0.326619  0.483223    0.1998    0.2064    0.4100    0.1240    0.2585    0.1333    0.4183
 000011   V  0.411260  0.372802  0.476558    0.1635    0.2064    0.5360    0.0700    0.2817    0.1568    0.4085
 000012   L  0.374621  0.421163  0.470387    0.1667    0.2364    0.5350    0.0760    0.2889    0.1505    0.4007
 000013   A  0.339850  0.441610  0.461967    0.1456    0.2258    0.5300    0.0750    0.2804    0.1559    0.3934
 000014   E  0.315406  0.469566  0.456115    0.1266    0.1323    0.4570    0.0910    0.2502    0.1668    0.3804
 000015   E  0.288339  0.505690  0.456316    0.1292    0.0870    0.4510    0.0860    0.2435    0.1810    0.3820
 000016   K  0.275175  0.529703  0.460037    0.0789    0.0568    0.4300    0.1160    0.2284    0.1996    0.3920
 000017   S  0.263887  0.534962  0.459652    0.0832    0.0948    0.3820    0.1450    0.2265    0.1884    0.4017
 000018   F  0.254566  0.537380  0.458078    0.0464    0.0985    0.3270    0.1180    0.2107    0.1928    0.4103
 000019   H  0.241847  0.534470  0.458113    0.0567    0.1399    0.2550    0.1070    0.2047    0.1839    0.4109
 000020   K  0.234542  0.519573  0.453971    0.1088    0.2064    0.2300    0.0920    0.2165    0.1635    0.4050
 000021   A  0.289848  0.511471  0.449780    0.1878    0.2064    0.2160    0.0740    0.2352    0.1465    0.4045
 000022   A  0.293334  0.506056  0.451268    0.2209    0.2849    0.2000    0.0540    0.2509    0.1365    0.4084
 000023   E  0.292713  0.485418  0.453065    0.2080    0.3704    0.1880    0.0480    0.2574    0.1364    0.4132
 000024   R  0.289748  0.475946  0.456670    0.2483    0.3872    0.2030    0.0500    0.2673    0.1283    0.4259
 000025   L  0.279112  0.459807  0.460336    0.2558    0.2884    0.2250    0.0560    0.2514    0.1224    0.4267
 000026   Y  0.315435  0.449920  0.460041    0.2432    0.2918    0.2320    0.0630    0.2554    0.1193    0.4269
 000027   L  0.331652  0.456306  0.460115    0.1602    0.2609    0.2330    0.0640    0.2403    0.1356    0.4290
 000028   S  0.362305  0.468724  0.465120    0.1667    0.1852    0.2170    0.0590    0.2333    0.1488    0.4139
 000029   Q  0.388045  0.470188  0.474801    0.2255    0.2988    0.2060    0.0630    0.2648    0.1339    0.4002
 000030   P  0.382612  0.469940  0.481556    0.1456    0.2817    0.1950    0.0670    0.2459    0.1518    0.3895
 000031   A  0.446778  0.460002  0.486782    0.1456    0.2884    0.1940    0.0700    0.2558    0.1574    0.3767
 000032   L  0.493325  0.472006  0.499848    0.1698    0.2364    0.1890    0.0680    0.2601    0.1686    0.3589
 000033   T  0.541428  0.497446  0.514363    0.1958    0.2645    0.1800    0.0670    0.2798    0.1771    0.3411
 000034   Q  0.569533  0.506148  0.528382    0.1266    0.1914    0.1790    0.0670    0.2621    0.2063    0.3218
 000035   R  0.565239  0.516399  0.542773    0.1349    0.1914    0.1830    0.0680    0.2652    0.2079    0.3004
 000036   I  0.560906  0.504530  0.556205    0.1416    0.1914    0.1750    0.0620    0.2623    0.2087    0.2818
 000037   Q  0.517772  0.517267  0.567602    0.1958    0.1969    0.1630    0.0550    0.2651    0.1995    0.2734
 000038   A  0.481954  0.529286  0.576542    0.1998    0.2783    0.1610    0.0530    0.2750    0.1903    0.2718
 000039   L  0.455955  0.527182  0.584961    0.1292    0.2680    0.1560    0.0480    0.2561    0.2033    0.2675
 000040   E  0.428848  0.549927  0.595343    0.1292    0.2503    0.1640    0.0510    0.2537    0.2077    0.2587
 000041   R  0.416393  0.574861  0.607998    0.1018    0.2541    0.1870    0.0610    0.2557    0.2161    0.2508
 000042   E  0.386774  0.622857  0.623313    0.1150    0.1791    0.2100    0.0670    0.2523    0.2306    0.2509
 000043   L  0.359322  0.632837  0.638164    0.2255    0.2399    0.2240    0.0690    0.2802    0.2108    0.2609
 000044   G  0.310048  0.657557  0.655444    0.1416    0.1583    0.2340    0.0810    0.2502    0.2430    0.2672
 000045   V  0.283927  0.653435  0.670891    0.1292    0.1643    0.2330    0.0820    0.2440    0.2487    0.2784
 000046   R  0.275125  0.640241  0.682687    0.0789    0.2002    0.2480    0.0980    0.2404    0.2531    0.2930
 000047   L  0.266866  0.643402  0.690951    0.1416    0.2680    0.2710    0.1100    0.2652    0.2379    0.3110
 000048   L  0.261539  0.665124  0.696860    0.1635    0.2645    0.2830    0.1050    0.2729    0.2401    0.3241
 000049   E  0.264987  0.699637  0.706083    0.1635    0.2951    0.3050    0.1100    0.2880    0.2451    0.3320
 000050   R  0.321612  0.698295  0.711705    0.2483    0.2951    0.3340    0.1050    0.3162    0.2265    0.3453
 000051   R  0.368381  0.716392  0.718918    0.2531    0.2129    0.3420    0.1040    0.3154    0.2386    0.3671
 000052   P  0.412773  0.738495  0.726716    0.1805    0.2094    0.3350    0.1150    0.3126    0.2554    0.3948
 000053   F  0.416982  0.742963  0.734807    0.1205    0.1942    0.3720    0.1080    0.3078    0.2695    0.4129
 000054   R  0.460984  0.737069  0.746510    0.1732    0.2817    0.3680    0.1180    0.3369    0.2497    0.4174
 000055   L  0.505257  0.738861  0.753849    0.1566    0.2817    0.4250    0.1060    0.3512    0.2531    0.4272
 000056   T  0.573368  0.769345  0.760996    0.2209    0.3215    0.4160    0.0880    0.3835    0.2445    0.4320
 000057   P  0.658233  0.801496  0.766762    0.2385    0.3249    0.4140    0.0880    0.4061    0.2532    0.4326
 000058   A  0.658242  0.806505  0.772923    0.2913    0.3215    0.4620    0.1050    0.4233    0.2428    0.4234
 000059   G  0.601004  0.821581  0.778101    0.3668    0.3215    0.4770    0.1080    0.4314    0.2308    0.4166
 000060   D  0.608119  0.808961  0.779203    0.2865    0.3117    0.4990    0.1010    0.4191    0.2425    0.4135
 000061   L  0.621629  0.802722  0.782361    0.2167    0.3321    0.5870    0.0940    0.4267    0.2532    0.4090
 000062   L  0.675481  0.792676  0.784243    0.2292    0.2645    0.6180    0.0990    0.4300    0.2647    0.3944
 000063   R  0.705425  0.811462  0.783753    0.1958    0.2364    0.6130    0.1370    0.4271    0.2819    0.3739
 000064   R  0.732292  0.819594  0.780346    0.2041    0.3149    0.6020    0.1750    0.4454    0.2690    0.3597
 000065   E  0.731388  0.808986  0.776627    0.2122    0.2503    0.5890    0.1730    0.4320    0.2758    0.3571
 000066   G  0.723156  0.789792  0.774086    0.2748    0.3249    0.5930    0.1710    0.4510    0.2451    0.3557
 000067   A  0.782872  0.806129  0.773113    0.1844    0.3215    0.6420    0.1420    0.4562    0.2758    0.3568
 000068   R  0.852133  0.811895  0.771577    0.1532    0.2645    0.6540    0.1300    0.4559    0.3030    0.3565
 000069   L  0.884498  0.811599  0.768137    0.1805    0.2193    0.6850    0.1200    0.4635    0.3109    0.3646
 000070   L  0.906003  0.810490  0.763281    0.1495    0.2094    0.6850    0.1080    0.4600    0.3223    0.3665
 000071   K  0.920020  0.794820  0.755608    0.0991    0.1942    0.6520    0.1210    0.4434    0.3347    0.3616
 000072   E  0.917884  0.792252  0.749335    0.1416    0.2470    0.6050    0.1320    0.4506    0.3123    0.3527
 000073   L  0.918723  0.775695  0.742806    0.1921    0.3249    0.6310    0.1140    0.4738    0.2851    0.3526
 000074   E  0.919082  0.766416  0.736741    0.1805    0.3426    0.5310    0.1490    0.4566    0.2838    0.3511
 000075   A  0.920166  0.758885  0.731790    0.1958    0.3599    0.5570    0.1330    0.4653    0.2758    0.3512
 000076   L  0.908739  0.755933  0.726815    0.2122    0.3249    0.5480    0.1180    0.4583    0.2739    0.3432
 000077   K  0.893227  0.739059  0.719342    0.2080    0.2470    0.4910    0.1320    0.4296    0.2831    0.3325
 000078   E  0.868799  0.740271  0.711016    0.2080    0.2645    0.5040    0.1310    0.4309    0.2734    0.3239
 000079   A  0.837231  0.741441  0.702614    0.1495    0.1702    0.5470    0.1250    0.4076    0.2960    0.3163
 000080   V  0.828371  0.724687  0.689852    0.2080    0.2436    0.5230    0.1520    0.4213    0.2637    0.3079
 000081   R  0.807709  0.700034  0.680050    0.1878    0.2503    0.4920    0.1470    0.4063    0.2588    0.3057
 000082   R  0.783543  0.680328  0.669940    0.1878    0.2817    0.4700    0.1270    0.4006    0.2455    0.3132
 000083   A  0.759858  0.661891  0.659703    0.1266    0.2817    0.4400    0.1270    0.3783    0.2522    0.3289
 000084   G  0.724471  0.663167  0.649466    0.2255    0.3740    0.3870    0.1210    0.3957    0.2135    0.3401
 000085   Q  0.659637  0.628381  0.638288    0.2333    0.2884    0.3670    0.1080    0.3627    0.2069    0.3508
 000086   E  0.590738  0.632092  0.629004    0.2657    0.2364    0.3690    0.1040    0.3489    0.1988    0.3640
 000087   A  0.532666  0.606998  0.615883    0.2657    0.3426    0.3430    0.0750    0.3484    0.1728    0.3850
 000088   L  0.514739  0.563792  0.607203    0.1766    0.3529    0.3220    0.0770    0.3216    0.1823    0.4068
 000089   R  0.498986  0.563598  0.603046    0.1998    0.2680    0.2730    0.0660    0.3006    0.1879    0.4245
 000090   F  0.489211  0.550156  0.597800    0.2385    0.2645    0.2840    0.0730    0.3045    0.1765    0.4198
 000091   G  0.476646  0.529934  0.591824    0.2292    0.3599    0.2490    0.0760    0.3075    0.1689    0.3989
 000092   V  0.454283  0.517066  0.583788    0.2122    0.2918    0.2300    0.0740    0.2842    0.1737    0.3784
 000093   P  0.406641  0.541203  0.575443    0.2558    0.2193    0.2030    0.0630    0.2710    0.1787    0.3588
 000094   E  0.390241  0.536813  0.567099    0.2080    0.2541    0.2020    0.0690    0.2652    0.1770    0.3446
 000095   N  0.379353  0.520023  0.557591    0.1380    0.2575    0.2080    0.0750    0.2505    0.1817    0.3254
 000096   L  0.366836  0.486553  0.556460    0.1416    0.1731    0.2140    0.0750    0.2304    0.1835    0.3046
 000097   L  0.337615  0.499140  0.555056    0.1456    0.1583    0.2040    0.0710    0.2241    0.1866    0.2864
 000098   P  0.291000  0.496159  0.554151    0.1060    0.1731    0.1810    0.0770    0.2078    0.1925    0.2782
 000099   D  0.255507  0.472021  0.550716    0.1602    0.2503    0.1990    0.0850    0.2228    0.1712    0.2769
 000100   L  0.218145  0.483260  0.547725    0.1602    0.1823    0.1980    0.0810    0.2070    0.1805    0.2738
 000101   M  0.175378  0.493740  0.542089    0.2531    0.2918    0.1880    0.0680    0.2337    0.1693    0.2739
 000102   P  0.181508  0.481295  0.541011    0.1698    0.2951    0.1960    0.0750    0.2206    0.1736    0.2779
 000103   L  0.192052  0.475900  0.540889    0.2432    0.3392    0.2060    0.0790    0.2426    0.1616    0.2855
 000104   L  0.200012  0.472135  0.534725    0.2255    0.2364    0.1980    0.0770    0.2220    0.1641    0.2951
 000105   D  0.223651  0.458913  0.529053    0.1878    0.2364    0.2090    0.0920    0.2192    0.1607    0.3089
 000106   H  0.247207  0.425360  0.522267    0.1292    0.1583    0.2370    0.1110    0.1995    0.1661    0.3263
 000107   L  0.269886  0.437320  0.517703    0.2122    0.1554    0.2460    0.1200    0.2202    0.1544    0.3527
 000108   R  0.286385  0.420455  0.510481    0.2333    0.2328    0.2560    0.1240    0.2382    0.1354    0.3800
 000109   R  0.311148  0.402945  0.507251    0.1322    0.1759    0.2670    0.1150    0.2149    0.1534    0.4009
 000110   G  0.380506  0.416295  0.505496    0.1322    0.1759    0.2580    0.1050    0.2272    0.1578    0.4112
 000111   L  0.442023  0.427354  0.508167    0.1667    0.2645    0.2390    0.0960    0.2566    0.1502    0.4175
 000112   G  0.503058  0.419956  0.511002    0.1921    0.3215    0.2190    0.0830    0.2759    0.1528    0.4263
 000113   Q  0.558385  0.409309  0.514564    0.1698    0.2988    0.2250    0.0750    0.2769    0.1673    0.4285
 000114   A  0.600945  0.429337  0.517366    0.2748    0.3872    0.2360    0.0780    0.3213    0.1539    0.4258
 000115   V  0.637229  0.428675  0.520792    0.3668    0.3948    0.2310    0.0720    0.3431    0.1534    0.4237
 000116   E  0.672170  0.438875  0.525816    0.3630    0.3740    0.2160    0.0730    0.3441    0.1670    0.4183
 000117   V  0.713011  0.447300  0.532183    0.2913    0.3392    0.2360    0.0680    0.3377    0.1840    0.4134
 000118   L  0.755538  0.450168  0.542066    0.3630    0.3392    0.2300    0.0660    0.3563    0.1911    0.4024
 000119   E  0.769498  0.458461  0.549054    0.3491    0.3494    0.2360    0.0690    0.3604    0.1951    0.3917
 000120   M  0.778360  0.461787  0.552513    0.2865    0.3667    0.2860    0.0910    0.3633    0.1956    0.3827
 000121   H  0.784769  0.495940  0.554808    0.2786    0.3667    0.2930    0.1070    0.3698    0.1986    0.3832
 000122   T  0.793131  0.510869  0.559382    0.3762    0.4369    0.2960    0.1110    0.4023    0.1836    0.3902
 000123   P  0.796029  0.519166  0.562450    0.3717    0.3529    0.3130    0.1150    0.3920    0.1900    0.4004
 000124   E  0.792598  0.525339  0.565651    0.3491    0.3529    0.3050    0.1210    0.3876    0.1933    0.4113
 000125   Q  0.793957  0.529576  0.564328    0.2963    0.2918    0.3180    0.1250    0.3716    0.2063    0.4218
 000126   V  0.783332  0.530565  0.565604    0.3847    0.3667    0.3070    0.1240    0.3954    0.1855    0.4283
 000127   R  0.765493  0.522292  0.560779    0.2913    0.2752    0.3160    0.1290    0.3617    0.2012    0.4328
 000128   A  0.760128  0.517664  0.560456    0.3630    0.3182    0.3380    0.1480    0.3829    0.1819    0.4300
 000129   L  0.753486  0.501190  0.558448    0.3630    0.3983    0.3290    0.1460    0.3909    0.1715    0.4280
 000130   K  0.746431  0.482366  0.554150    0.3225    0.3087    0.2960    0.1220    0.3594    0.1874    0.4274
 000131   E  0.737675  0.469403  0.549147    0.3668    0.3392    0.2680    0.0980    0.3636    0.1804    0.4240
 000132   G  0.736463  0.455275  0.552156    0.2865    0.2575    0.2710    0.0920    0.3344    0.1983    0.4181
 000133   R  0.738800  0.431846  0.551516    0.2748    0.2541    0.2680    0.0900    0.3279    0.2007    0.4097
 000134   L  0.710938  0.422496  0.550875    0.1805    0.2328    0.2590    0.0890    0.3009    0.2107    0.3959
 000135   D  0.690044  0.413168  0.557967    0.1766    0.2503    0.2470    0.0760    0.2962    0.2066    0.3866
 000136   Y  0.649871  0.395835  0.564154    0.1766    0.2541    0.2480    0.0760    0.2874    0.1978    0.3805
 000137   G  0.623828  0.407772  0.566610    0.2602    0.2541    0.2420    0.0740    0.2980    0.1811    0.3789
 000138   L  0.611292  0.409467  0.568451    0.2820    0.2328    0.2690    0.0990    0.3007    0.1760    0.3799
 000139   A  0.592618  0.405823  0.570995    0.2333    0.2609    0.2830    0.1130    0.2959    0.1738    0.3869
 000140   G  0.534737  0.431451  0.575006    0.2786    0.3529    0.2960    0.1250    0.3156    0.1482    0.3977
 000141   L  0.516172  0.456507  0.575955    0.2820    0.3807    0.3040    0.1180    0.3232    0.1439    0.4069
 000142   K  0.495522  0.492607  0.580968    0.2820    0.2918    0.3140    0.1100    0.3126    0.1523    0.4210
 000143   V  0.527831  0.521295  0.583528    0.3005    0.2064    0.3340    0.1010    0.3150    0.1695    0.4300
 000144   E  0.557842  0.545684  0.585724    0.2333    0.2094    0.3500    0.0950    0.3161    0.1841    0.4330
 000145   D  0.613476  0.560916  0.591615    0.2385    0.2193    0.3910    0.0880    0.3371    0.1905    0.4261
 000146   P  0.640366  0.574312  0.598416    0.2167    0.2364    0.4190    0.0850    0.3478    0.1976    0.4184
 000147   E  0.655487  0.579043  0.603987    0.2209    0.2224    0.4870    0.0860    0.3609    0.2034    0.4111
 000148   V  0.677861  0.581413  0.607685    0.2385    0.1554    0.5280    0.0770    0.3635    0.2206    0.4025
 000149   A  0.748862  0.580034  0.611654    0.2292    0.1643    0.4960    0.0560    0.3697    0.2325    0.3959
 000150   K  0.777938  0.572671  0.615665    0.1998    0.1643    0.4620    0.0530    0.3628    0.2436    0.3873
 000151   E  0.804848  0.569494  0.618738    0.1349    0.1028    0.4720    0.0630    0.3473    0.2747    0.3823
 000152   P  0.802618  0.566171  0.619349    0.1766    0.1852    0.4630    0.0610    0.3655    0.2495    0.3794
 000153   L  0.802686  0.569626  0.621121    0.1178    0.1969    0.4690    0.0510    0.3593    0.2602    0.3780
 000154   L  0.769794  0.516088  0.627978    0.1844    0.2849    0.4250    0.0540    0.3634    0.2238    0.3678
 000155   R  0.745268  0.474562  0.634157    0.1805    0.2817    0.4010    0.0620    0.3472    0.2206    0.3522
 000156   V  0.734573  0.464472  0.641969    0.1766    0.2988    0.3880    0.0620    0.3438    0.2191    0.3428
 000157   P  0.736011  0.475293  0.646186    0.1635    0.1881    0.3700    0.0520    0.3221    0.2398    0.3378
 000158   I  0.729917  0.494722  0.649313    0.1732    0.1528    0.4190    0.0550    0.3284    0.2433    0.3340
 000159   V  0.679829  0.521145  0.651643    0.1602    0.2436    0.4140    0.0580    0.3364    0.2225    0.3375
 000160   V  0.637580  0.549494  0.653655    0.1635    0.2645    0.3890    0.0700    0.3340    0.2151    0.3413
 000161   A  0.634877  0.523471  0.655794    0.1766    0.2328    0.3780    0.0690    0.3243    0.2157    0.3471
 000162   L  0.637737  0.521183  0.663802    0.1635    0.2164    0.3550    0.0710    0.3156    0.2243    0.3485
 000163   P  0.661611  0.579956  0.663700    0.1205    0.1323    0.3490    0.0620    0.3072    0.2563    0.3438
 000164   E  0.658412  0.615802  0.668265    0.1732    0.2224    0.3800    0.0700    0.3416    0.2332    0.3365
 000165   T  0.640633  0.633652  0.672659    0.1635    0.2224    0.4030    0.0780    0.3438    0.2349    0.3354
 000166   H  0.620336  0.625291  0.676476    0.1844    0.2224    0.4360    0.0870    0.3480    0.2270    0.3325
 000167   P  0.623979  0.663908  0.680107    0.1635    0.2680    0.4210    0.0770    0.3567    0.2308    0.3187
 000168   L  0.673203  0.681681  0.686512    0.1380    0.1643    0.3490    0.0490    0.3344    0.2668    0.3029
 000169   A  0.718801  0.682877  0.688636    0.1844    0.2575    0.2700    0.0480    0.3522    0.2584    0.2866
 000170   P  0.715545  0.682554  0.691610    0.1566    0.3426    0.2730    0.0620    0.3618    0.2540    0.2657
 000171   R  0.676633  0.701472  0.691031    0.2209    0.4256    0.3240    0.0910    0.3914    0.2244    0.2429
 000172   A  0.643080  0.699462  0.692154    0.2558    0.4831    0.3090    0.0810    0.3984    0.2130    0.2228
 000173   R  0.630181  0.669311  0.683026    0.3535    0.4476    0.2990    0.0820    0.3999    0.1917    0.2063
 000174   V  0.618594  0.682538  0.674340    0.3535    0.3356    0.3000    0.1100    0.3817    0.2007    0.1956
 000175   P  0.635300  0.679203  0.669024    0.2432    0.2436    0.2740    0.1220    0.3459    0.2329    0.1923
 000176   L  0.635260  0.674425  0.660832    0.1602    0.1528    0.2790    0.1180    0.3169    0.2583    0.1900
 000177   R  0.591154  0.631157  0.648582    0.1018    0.1702    0.2980    0.1240    0.2987    0.2496    0.1895
 000178   A  0.531860  0.599817  0.634764    0.0526    0.1476    0.3300    0.1210    0.2771    0.2473    0.1943
 000179   L  0.493997  0.612189  0.620239    0.1060    0.2364    0.3030    0.1440    0.2919    0.2195    0.2006
 000180   K  0.494475  0.634477  0.610522    0.1266    0.1583    0.2750    0.1580    0.2814    0.2300    0.2102
 000181   E  0.497447  0.625768  0.598460    0.1240    0.0851    0.2570    0.1530    0.2648    0.2408    0.2184
 000182   E  0.458124  0.585189  0.586447    0.0701    0.1048    0.2310    0.1390    0.2415    0.2353    0.2276
 000183   P  0.431338  0.515341  0.576896    0.0490    0.1424    0.1660    0.0900    0.2173    0.2238    0.2368
 000184   F  0.352536  0.509824  0.565692    0.0587    0.0909    0.1380    0.0690    0.1916    0.2228    0.2475
 000185   L  0.266745  0.510763  0.553650    0.1150    0.0817    0.1360    0.0650    0.1850    0.2108    0.2550
 000186   L  0.221428  0.462039  0.540758    0.0542    0.0749    0.1370    0.0620    0.1583    0.2085    0.2497
 000187   L  0.197604  0.473756  0.527553    0.0567    0.1007    0.1330    0.0530    0.1603    0.2040    0.2412
 000188   P  0.160756  0.466212  0.514668    0.0621    0.0506    0.1190    0.0490    0.1432    0.2075    0.2328
 000189   K  0.108612  0.488583  0.500365    0.0621    0.0483    0.1220    0.0480    0.1383    0.2117    0.2203
 000190   D  0.060148  0.479063  0.482873    0.0587    0.0851    0.1300    0.0520    0.1354    0.2053    0.2083
 000191   F  0.061042  0.465769  0.465517    0.0425    0.0531    0.1400    0.0560    0.1271    0.2027    0.1907
 000192   L  0.050956  0.453905  0.453310    0.0414    0.0240    0.1130    0.0440    0.1138    0.2034    0.1751
 000193   P  0.057154  0.435947  0.438152    0.0218    0.0214    0.1010    0.0410    0.1062    0.1982    0.1586
 000194   P  0.060789  0.402766  0.425437    0.0081    0.0181    0.0900    0.0330    0.0966    0.1903    0.1436
 000195   L  0.062553  0.360436  0.408880    0.0150    0.0294    0.0880    0.0380    0.0926    0.1745    0.1280
 000196   Y  0.061966  0.346774  0.393181    0.0268    0.0494    0.0850    0.0390    0.0950    0.1634    0.1149
 000197   E  0.060846  0.350717  0.375016    0.0316    0.0398    0.0720    0.0300    0.0926    0.1604    0.1099
 000198   A  0.073741  0.314825  0.357821    0.0526    0.0555    0.0630    0.0190    0.0934    0.1434    0.1021
 000199   F  0.087194  0.303709  0.339792    0.0194    0.0555    0.0540    0.0150    0.0867    0.1401    0.0963
 000200   M  0.093869  0.279084  0.323217    0.0131    0.0555    0.0440    0.0130    0.0809    0.1321    0.0931
 000201   E  0.101862  0.251710  0.308415    0.0144    0.0313    0.0410    0.0120    0.0735    0.1252    0.0879
 000202   V  0.108387  0.230493  0.294898    0.0304    0.0405    0.0410    0.0120    0.0752    0.1139    0.0816
 000203   F  0.126483  0.212609  0.281425    0.0308    0.0662    0.0430    0.0140    0.0798    0.1036    0.0754
 000204   R  0.145149  0.197967  0.270475    0.0137    0.0605    0.0400    0.0120    0.0763    0.1023    0.0721
 000205   R  0.154104  0.213312  0.262924    0.0116    0.0320    0.0360    0.0100    0.0745    0.1067    0.0698
 000206   A  0.171941  0.220631  0.251792    0.0268    0.0443    0.0340    0.0080    0.0829    0.1020    0.0662
 000207   G  0.182843  0.221725  0.239840    0.0268    0.0765    0.0340    0.0070    0.0903    0.0963    0.0626
 000208   F  0.192789  0.237530  0.231455    0.0179    0.0334    0.0410    0.0090    0.0872    0.1036    0.0562
 000209   A  0.201816  0.277766  0.226708    0.0245    0.0405    0.0640    0.0200    0.1014    0.1064    0.0525
 000210   P  0.217332  0.278806  0.219954    0.0212    0.0909    0.0840    0.0280    0.1154    0.0987    0.0495
 000211   K  0.207150  0.276961  0.207309    0.0286    0.0948    0.1070    0.0340    0.1191    0.0907    0.0461
 000212   V  0.185276  0.290201  0.198297    0.0286    0.0555    0.1060    0.0320    0.1110    0.0959    0.0426
 000213   V  0.163970  0.285237  0.188676    0.0405    0.0870    0.0980    0.0300    0.1125    0.0860    0.0403
 000214   R  0.145763  0.259455  0.179990    0.0478    0.1070    0.1010    0.0300    0.1101    0.0735    0.0394
 000215   E  0.130803  0.267015  0.174431    0.0502    0.0704    0.0990    0.0220    0.1029    0.0782    0.0377
 000216   V  0.112332  0.262703  0.168189    0.0286    0.0592    0.0980    0.0220    0.0934    0.0816    0.0344
 000217   A  0.091748  0.247648  0.161959    0.0226    0.0592    0.0810    0.0180    0.0837    0.0789    0.0330
 000218   R  0.072844  0.244963  0.159687    0.0160    0.0592    0.0800    0.0190    0.0788    0.0801    0.0319
 000219   F  0.043565  0.258210  0.161471    0.0304    0.0719    0.0870    0.0300    0.0818    0.0834    0.0317
 000220   S  0.038619  0.243791  0.164891    0.0405    0.0888    0.0880    0.0370    0.0833    0.0778    0.0326
 000221   Q  0.038527  0.224453  0.165714    0.0173    0.0463    0.0950    0.0370    0.0703    0.0795    0.0327
 000222   A  0.036434  0.227006  0.166909    0.0179    0.0483    0.1060    0.0430    0.0726    0.0803    0.0320
 000223   V  0.034703  0.209361  0.166817    0.0182    0.0443    0.1090    0.0440    0.0692    0.0765    0.0334
 000224   S  0.026670  0.189928  0.166942    0.0387    0.0799    0.1100    0.0430    0.0742    0.0669    0.0370
 000225   L  0.022856  0.186935  0.171887    0.0212    0.0483    0.1130    0.0440    0.0654    0.0735    0.0410
 000226   V  0.079185  0.188999  0.176757    0.0182    0.0364    0.1130    0.0450    0.0726    0.0711    0.0471
 000227   A  0.103155  0.176452  0.180498    0.0179    0.0676    0.1140    0.0450    0.0799    0.0648    0.0580
 000228   A  0.111303  0.174667  0.179805    0.0182    0.0454    0.1080    0.0410    0.0763    0.0670    0.0713
 000229   G  0.143076  0.174008  0.178193    0.0231    0.0454    0.1010    0.0310    0.0811    0.0670    0.0878
 000230   L  0.164655  0.153870  0.178424    0.0286    0.0592    0.1120    0.0320    0.0864    0.0631    0.1054
 000231   G  0.201895  0.143063  0.180420    0.0279    0.0327    0.1170    0.0380    0.0870    0.0735    0.1207
 000232   V  0.273650  0.136986  0.183868    0.0131    0.0356    0.1330    0.0450    0.0987    0.0929    0.1363
 000233   H  0.344820  0.129435  0.187106    0.0087    0.0443    0.1440    0.0520    0.1119    0.1129    0.1623
 000234   L  0.398328  0.120509  0.192951    0.0212    0.0835    0.1590    0.0550    0.1304    0.1230    0.1868
 000235   T  0.366974  0.134702  0.204463    0.0226    0.0835    0.1660    0.0590    0.1289    0.1134    0.2042
 000236   L  0.354109  0.160655  0.216647    0.0490    0.0870    0.1910    0.0730    0.1402    0.1046    0.2129
 000237   A  0.411422  0.186572  0.230803    0.0813    0.0870    0.2070    0.0800    0.1622    0.1166    0.2143
 000238   P  0.411589  0.213755  0.247106    0.0621    0.0618    0.2200    0.0770    0.1616    0.1264    0.2075
 000239   Y  0.439766  0.226790  0.264415    0.0514    0.0734    0.2430    0.0820    0.1724    0.1368    0.1993
 000240   R  0.478544  0.236481  0.280568    0.0297    0.0817    0.2540    0.0810    0.1800    0.1528    0.1915
 000241   V  0.491739  0.238748  0.299019    0.0514    0.0780    0.2720    0.0770    0.1886    0.1552    0.1865
 000242   Y  0.505014  0.261632  0.319958    0.0554    0.0817    0.2940    0.0740    0.1996    0.1608    0.1855
 000243   P  0.537765  0.276337  0.341963    0.0554    0.1373    0.2970    0.0780    0.2173    0.1636    0.1838
 000244   H  0.594789  0.305476  0.363114    0.0526    0.1424    0.3150    0.0810    0.2351    0.1821    0.1759
 000245   P  0.662936  0.327521  0.383930    0.0991    0.1852    0.3120    0.0760    0.2645    0.1884    0.1627
 000246   G  0.682864  0.331029  0.402582    0.0991    0.1424    0.3330    0.0750    0.2647    0.2022    0.1507
 000247   V  0.735855  0.354225  0.421316    0.1416    0.1424    0.3590    0.0810    0.2889    0.2120    0.1422
 000248   V  0.771454  0.388518  0.442030    0.1566    0.1759    0.3600    0.0880    0.3088    0.2167    0.1385
 000249   L  0.785166  0.408200  0.460886    0.0832    0.1028    0.3640    0.0930    0.2905    0.2487    0.1380
 000250   R  0.781975  0.452454  0.477505    0.1495    0.1449    0.3680    0.0830    0.3162    0.2314    0.1340
 000251   P  0.781800  0.490237  0.493011    0.0991    0.0948    0.3890    0.0880    0.3091    0.2538    0.1299
 000252   L  0.778642  0.523132  0.510419    0.1349    0.0799    0.4230    0.0810    0.3232    0.2540    0.1267
 000253   E  0.774911  0.540903  0.527598    0.1495    0.0799    0.4250    0.0630    0.3283    0.2541    0.1179
 000254   E  0.776451  0.557685  0.545850    0.0744    0.0568    0.4350    0.0490    0.3168    0.2775    0.1121
 000255   E  0.775748  0.560297  0.563459    0.0441    0.0531    0.4490    0.0470    0.3138    0.2874    0.1071
 000256   A  0.778582  0.559345  0.577407    0.0316    0.0443    0.4370    0.0400    0.3084    0.2942    0.1062
 000257   A  0.784712  0.563800  0.591824    0.0297    0.0506    0.4080    0.0510    0.3061    0.2970    0.1056
 000258   L  0.785942  0.550625  0.607107    0.0455    0.0948    0.3820    0.0750    0.3099    0.2870    0.1056
 000259   E  0.794991  0.546104  0.625885    0.0832    0.1643    0.3580    0.0990    0.3244    0.2728    0.1046
 000260   V  0.800944  0.546066  0.645393    0.1602    0.2680    0.3130    0.1110    0.3481    0.2502    0.1025
 000261   A  0.807325  0.566543  0.664938    0.1878    0.2680    0.2790    0.0890    0.3514    0.2554    0.1045
 000262   L  0.810720  0.592431  0.684264    0.1958    0.1611    0.2850    0.0680    0.3409    0.2764    0.1053
 000263   I  0.792809  0.641406  0.702458    0.2657    0.2575    0.2770    0.0590    0.3724    0.2555    0.1046
 000264   Y  0.751860  0.680544  0.719503    0.1698    0.2575    0.2940    0.0550    0.3589    0.2703    0.1114
 000265   A  0.708488  0.731253  0.733864    0.1667    0.1702    0.3290    0.0660    0.3510    0.2846    0.1157
 000266   R  0.655738  0.786946  0.745963    0.1667    0.1554    0.4280    0.0690    0.3654    0.2870    0.1185
 000267   R  0.642448  0.822192  0.753908    0.1240    0.1791    0.5340    0.0750    0.3836    0.2967    0.1215
 000268   P  0.645680  0.843648  0.760913    0.1266    0.1349    0.5830    0.0840    0.3890    0.3115    0.1246
 000269   P  0.648911  0.849771  0.767320    0.1805    0.1349    0.6280    0.0870    0.4069    0.3051    0.1300
 000270   P  0.652366  0.877998  0.772486    0.1117    0.1229    0.6600    0.0930    0.4042    0.3296    0.1368
 000271   P  0.663796  0.876254  0.772751    0.1041    0.1528    0.6860    0.0950    0.4138    0.3274    0.1410
 000272   R  0.706332  0.887555  0.772723    0.1150    0.1092    0.7650    0.0800    0.4306    0.3457    0.1439
 000273   L  0.768544  0.894784  0.772051    0.1495    0.1399    0.7450    0.0680    0.4497    0.3360    0.1523
 000274   E  0.820958  0.883494  0.770566    0.1532    0.1501    0.7000    0.0750    0.4513    0.3334    0.1630
 000275   E  0.883510  0.885894  0.770588    0.1921    0.2292    0.7650    0.0920    0.4926    0.3211    0.1720
 000276   V  0.902323  0.864836  0.769868    0.1416    0.2364    0.8470    0.0720    0.4986    0.3386    0.1836
 000277   R  0.907442  0.872630  0.769089    0.1878    0.2129    0.8960    0.0480    0.5128    0.3399    0.2019
 000278   R  0.916811  0.877498  0.768130    0.2432    0.1914    0.9370    0.0240    0.5276    0.3399    0.2275
 000279   L  0.896897  0.896058  0.766243    0.2602    0.1399    0.9460    0.0190    0.5231    0.3494    0.2628
 000280   L  0.836675  0.905298  0.765808    0.2748    0.0948    0.9470    0.0280    0.5098    0.3530    0.2943
 000281   R  0.770414  0.903478  0.766311    0.2865    0.0592    0.9380    0.0270    0.4929    0.3533    0.3082
 000282   A  0.935442  0.902820  0.768328    0.3053    0.0334    0.9630    0.0260    0.5233    0.3774    0.3316
 000283   L  0.673897  0.915514  0.770880    0.3668    0.0240    0.9700    0.0240    0.4916    0.3544    0.3590
 000284   A  0.327878  0.914442  0.773223    0.5043    0.0398    0.9620    0.0180    0.4580    0.3549    0.3831
 000285   L  0.399585  0.913406  0.775388    0.5473    0.0227    0.9760    0.0170    0.4764    0.3527    0.4088
