#RESNUM RES     VL-XT     VSL2B       VL3  IUPred-S  IUPred-L  PONDRFIT  FITERROR       MDP  MDPERROR   ANCHOR2
 000001   M  0.742583  0.870830  0.170427    0.7418    0.0483    0.9750    0.0140    0.5915    0.3519    0.3910
 000002   G  0.743855  0.794466  0.169345    0.6219    0.0780    0.9360    0.0190    0.5573    0.3212    0.3845
 000003   E  0.533257  0.709871  0.168520    0.5711    0.1184    0.9190    0.0240    0.5034    0.2832    0.3787
 000004   G  0.193451  0.639068  0.169980    0.5412    0.0870    0.8180    0.0840    0.4082    0.2724    0.3754
 000005   I  0.288757  0.496296  0.172787    0.5126    0.1162    0.6590    0.1570    0.3742    0.1956    0.3763
 000006   G  0.210146  0.344213  0.174951    0.3939    0.0631    0.6240    0.1280    0.3017    0.1805    0.3749
 000007   R  0.147214  0.239470  0.175386    0.3578    0.0909    0.5240    0.1120    0.2558    0.1461    0.3679
 000008   V  0.100231  0.165093  0.174213    0.2209    0.1373    0.4720    0.1310    0.2117    0.1222    0.3532
 000009   F  0.090220  0.123637  0.172711    0.1921    0.0985    0.4370    0.0910    0.1858    0.1184    0.3397
 000010   F  0.101849  0.119838  0.173313    0.1805    0.1206    0.3870    0.0670    0.1804    0.0966    0.3450
 000011   L  0.097665  0.140306  0.175654    0.0858    0.1528    0.5190    0.0640    0.1952    0.1480    0.3663
 000012   K  0.090288  0.164354  0.179590    0.1117    0.1852    0.4850    0.0700    0.2027    0.1311    0.3938
 000013   D  0.080313  0.188408  0.184808    0.1088    0.1942    0.3920    0.0550    0.1915    0.0997    0.4097
 000014   E  0.069236  0.221417  0.193103    0.0965    0.1852    0.2480    0.0440    0.1690    0.0647    0.4278
 000015   V  0.065392  0.250812  0.204334    0.1018    0.1229    0.2370    0.0610    0.1637    0.0704    0.4238
 000016   G  0.045958  0.287749  0.215897    0.1732    0.1399    0.1900    0.0600    0.1755    0.0736    0.4156
 000017   F  0.034594  0.324807  0.226438    0.1178    0.0948    0.1630    0.0550    0.1603    0.0943    0.4060
 000018   Q  0.036108  0.346363  0.235498    0.0813    0.0948    0.1280    0.0390    0.1537    0.1057    0.3942
 000019   P  0.067814  0.352026  0.242103    0.0858    0.0851    0.1440    0.0440    0.1628    0.1028    0.3810
 000020   L  0.066664  0.351718  0.247445    0.1416    0.1007    0.1960    0.0760    0.1840    0.0956    0.3668
 000021   S  0.065015  0.339872  0.250631    0.1495    0.1852    0.1760    0.0790    0.1944    0.0851    0.3598
 000022   N  0.065103  0.313322  0.255728    0.1532    0.2575    0.1670    0.0740    0.2019    0.0824    0.3590
 000023   H  0.066293  0.305227  0.261929    0.1635    0.1554    0.1530    0.0520    0.1843    0.0783    0.3635
 000024   Q  0.088463  0.296767  0.269361    0.1532    0.1476    0.1320    0.0380    0.1812    0.0754    0.3685
 000025   G  0.159970  0.263849  0.276631    0.0789    0.1501    0.1240    0.0420    0.1756    0.0718    0.3745
 000026   L  0.230857  0.249661  0.284205    0.1205    0.2094    0.1170    0.0430    0.2020    0.0629    0.3787
 000027   V  0.289650  0.242710  0.293447    0.1205    0.2129    0.1230    0.0410    0.2136    0.0707    0.3755
 000028   V  0.308990  0.228554  0.301517    0.1998    0.3356    0.1330    0.0470    0.2512    0.0709    0.3707
 000029   K  0.368665  0.217122  0.309196    0.1958    0.3566    0.1390    0.0510    0.2644    0.0857    0.3680
 000030   L  0.441199  0.243710  0.314869    0.1732    0.2436    0.1470    0.0520    0.2606    0.0972    0.3686
 000031   L  0.518231  0.263701  0.320372    0.2913    0.2988    0.1510    0.0520    0.3072    0.1091    0.3694
 000032   E  0.584181  0.286079  0.323831    0.2122    0.2193    0.1540    0.0550    0.2966    0.1396    0.3704
 000033   S  0.635799  0.318389  0.326282    0.1958    0.2034    0.1740    0.0590    0.3089    0.1578    0.3776
 000034   W  0.629912  0.363749  0.327020    0.1380    0.2328    0.2010    0.0570    0.3155    0.1595    0.3822
 000035   R  0.635984  0.410530  0.326809    0.1322    0.2193    0.2130    0.0580    0.3229    0.1658    0.3810
 000036   E  0.661408  0.458746  0.326604    0.1532    0.2258    0.2400    0.0620    0.3442    0.1710    0.3799
 000037   G  0.691005  0.518979  0.327749    0.2122    0.3019    0.2830    0.0810    0.3891    0.1643    0.3801
 000038   D  0.727801  0.575828  0.330232    0.2786    0.3807    0.2740    0.0900    0.4278    0.1682    0.3837
 000039   E  0.751483  0.570294  0.336758    0.3491    0.4409    0.2840    0.0870    0.4555    0.1611    0.3875
 000040   P  0.768112  0.571977  0.344945    0.3668    0.3599    0.3180    0.0930    0.4549    0.1630    0.3917
 000041   L  0.796078  0.560888  0.352504    0.4420    0.3566    0.3460    0.0950    0.4756    0.1619    0.3936
 000042   A  0.817572  0.544012  0.355383    0.4600    0.3494    0.3720    0.1040    0.4831    0.1646    0.3979
 000043   L  0.841161  0.550743  0.355354    0.3847    0.3117    0.4230    0.1270    0.4777    0.1787    0.4057
 000044   S  0.847970  0.580112  0.352166    0.3184    0.2849    0.4060    0.1530    0.4648    0.1958    0.4094
 000045   P  0.835427  0.577661  0.345876    0.4037    0.3910    0.4130    0.1660    0.4944    0.1688    0.4165
 000046   K  0.811456  0.557252  0.336671    0.3847    0.3019    0.3790    0.1420    0.4618    0.1758    0.4239
 000047   T  0.778294  0.551322  0.327562    0.3630    0.2918    0.3330    0.1130    0.4408    0.1727    0.4334
 000048   K  0.786331  0.519628  0.321167    0.2786    0.2988    0.2740    0.1080    0.4130    0.1869    0.4222
 000049   E  0.802113  0.476619  0.317260    0.2700    0.2988    0.2070    0.0930    0.3952    0.1995    0.4107
 000050   R  0.816337  0.432708  0.317408    0.2657    0.2884    0.1680    0.0640    0.3814    0.2096    0.3988
 000051   L  0.830296  0.374512  0.317285    0.2292    0.2541    0.1390    0.0450    0.3574    0.2237    0.3869
 000052   L  0.838580  0.312603  0.318719    0.3053    0.3286    0.1170    0.0270    0.3701    0.2219    0.3781
 000053   L  0.790424  0.290236  0.317241    0.3263    0.2399    0.1160    0.0240    0.3467    0.2105    0.3759
 000054   A  0.738498  0.278401  0.315512    0.4078    0.3286    0.1200    0.0310    0.3648    0.1883    0.3787
 000055   A  0.676926  0.270802  0.311456    0.3053    0.2164    0.1230    0.0430    0.3173    0.1730    0.3841
 000056   R  0.624738  0.280736  0.307245    0.2748    0.1881    0.1060    0.0320    0.2969    0.1616    0.3910
 000057   Y  0.524607  0.301593  0.302379    0.1805    0.1206    0.1110    0.0310    0.2568    0.1422    0.3922
 000058   H  0.419711  0.341366  0.296820    0.1844    0.0765    0.0930    0.0160    0.2354    0.1271    0.3952
 000059   D  0.318345  0.363259  0.291817    0.1266    0.0948    0.1000    0.0190    0.2158    0.1111    0.4021
 000060   D  0.220465  0.387945  0.287400    0.0832    0.0888    0.1030    0.0240    0.1951    0.1145    0.4083
 000061   G  0.134785  0.399507  0.284578    0.1088    0.0948    0.0920    0.0170    0.1858    0.1162    0.4165
 000062   K  0.107662  0.378264  0.282622    0.1566    0.1476    0.0870    0.0190    0.1934    0.1034    0.4249
 000063   R  0.075411  0.341289  0.281372    0.2122    0.2224    0.0880    0.0250    0.2035    0.0959    0.4313
 000064   F  0.064234  0.293262  0.280087    0.2786    0.3053    0.0910    0.0370    0.2188    0.1004    0.4324
 000065   T  0.053542  0.257579  0.279701    0.3005    0.2470    0.0910    0.0370    0.2049    0.0959    0.4334
 000066   F  0.049286  0.232446  0.279789    0.3225    0.2849    0.0920    0.0390    0.2101    0.1029    0.4282
 000067   H  0.043593  0.223151  0.279905    0.2385    0.2002    0.0800    0.0270    0.1775    0.0859    0.4258
 000068   I  0.035672  0.227102  0.278372    0.3146    0.2884    0.0870    0.0250    0.2053    0.1059    0.4285
 000069   V  0.024945  0.247245  0.276180    0.2385    0.1731    0.1000    0.0320    0.1766    0.0891    0.4321
 000070   P  0.013535  0.299837  0.270343    0.2432    0.1611    0.1100    0.0350    0.1831    0.0995    0.4321
 000071   D  0.004830  0.330168  0.263351    0.1635    0.1583    0.1320    0.0480    0.1753    0.1026    0.4262
 000072   G  0.009670  0.359923  0.254822    0.1635    0.1528    0.1280    0.0420    0.1782    0.1085    0.4219
 000073   K  0.015469  0.366649  0.251072    0.1635    0.1476    0.1180    0.0350    0.1771    0.1096    0.4200
 000074   G  0.022485  0.374037  0.249904    0.1602    0.0799    0.1180    0.0340    0.1674    0.1159    0.4192
 000075   G  0.032703  0.371924  0.251404    0.2558    0.1449    0.1080    0.0200    0.1942    0.1114    0.4210
 000076   L  0.044002  0.383340  0.252223    0.1732    0.0929    0.0950    0.0150    0.1734    0.1152    0.4260
 000077   T  0.051636  0.371681  0.251428    0.2700    0.1528    0.0800    0.0190    0.1963    0.1122    0.4224
 000078   Y  0.052169  0.355645  0.247572    0.1998    0.1611    0.0770    0.0210    0.1822    0.1026    0.4236
 000079   S  0.059214  0.322734  0.239780    0.2385    0.2164    0.0730    0.0210    0.1916    0.0948    0.4257
 000080   F  0.068773  0.281123  0.229950    0.3184    0.2129    0.0750    0.0220    0.1977    0.0953    0.4289
 000081   R  0.073309  0.262069  0.218820    0.2483    0.1942    0.0650    0.0210    0.1770    0.0792    0.4293
 000082   G  0.076559  0.231593  0.208480    0.1921    0.1942    0.0660    0.0210    0.1615    0.0652    0.4326
 000083   H  0.079456  0.222829  0.198526    0.2041    0.2193    0.0730    0.0270    0.1663    0.0641    0.4332
 000084   R  0.080307  0.227179  0.190144    0.2041    0.1424    0.0740    0.0300    0.1531    0.0593    0.4314
 000085   F  0.078539  0.226583  0.183300    0.2385    0.1206    0.0830    0.0300    0.1552    0.0646    0.4273
 000086   R  0.078274  0.240407  0.178180    0.1698    0.1275    0.0840    0.0240    0.1463    0.0567    0.4162
 000087   V  0.101915  0.257724  0.173588    0.2209    0.1702    0.0880    0.0250    0.1686    0.0602    0.4071
 000088   A  0.105993  0.281358  0.168822    0.2385    0.1028    0.0960    0.0330    0.1656    0.0720    0.4019
 000089   Q  0.104166  0.291553  0.162601    0.2913    0.1048    0.1120    0.0460    0.1777    0.0828    0.3958
 000090   A  0.102715  0.296773  0.156954    0.2041    0.0985    0.1300    0.0480    0.1649    0.0689    0.3887
 000091   V  0.100414  0.296186  0.151352    0.2122    0.1852    0.1320    0.0420    0.1796    0.0632    0.3792
 000092   Q  0.103834  0.289401  0.147434    0.2041    0.1914    0.1140    0.0410    0.1750    0.0629    0.3736
 000093   D  0.114391  0.276158  0.143636    0.2041    0.1852    0.1160    0.0400    0.1732    0.0567    0.3664
 000094   P  0.135934  0.272823  0.141406    0.2041    0.1942    0.1070    0.0330    0.1759    0.0549    0.3637
 000095   Y  0.152676  0.277574  0.139912    0.1998    0.1275    0.1140    0.0320    0.1686    0.0556    0.3598
 000096   A  0.150748  0.277566  0.138149    0.3005    0.2224    0.0930    0.0260    0.1971    0.0756    0.3561
 000097   Q  0.158187  0.281846  0.135155    0.2167    0.2399    0.0960    0.0330    0.1880    0.0639    0.3561
 000098   A  0.169016  0.285936  0.130734    0.2865    0.2988    0.1170    0.0430    0.2147    0.0774    0.3532
 000099   L  0.178771  0.280763  0.126228    0.3184    0.3392    0.1220    0.0430    0.2276    0.0888    0.3474
 000100   I  0.193338  0.275571  0.121935    0.2913    0.2609    0.1320    0.0550    0.2124    0.0679    0.3406
 000101   R  0.192660  0.303244  0.118472    0.3456    0.2193    0.1130    0.0540    0.2153    0.0868    0.3340
 000102   G  0.191446  0.325028  0.115254    0.3311    0.3053    0.1410    0.0630    0.2349    0.0888    0.3295
 000103   H  0.175673  0.335833  0.112672    0.2432    0.2064    0.1560    0.0660    0.2050    0.0711    0.3243
 000104   H  0.159427  0.349639  0.108693    0.2385    0.1759    0.1830    0.0890    0.2025    0.0760    0.3175
 000105   D  0.142917  0.367927  0.104532    0.1292    0.1298    0.1610    0.0680    0.1725    0.0890    0.3058
 000106   Y  0.137879  0.386361  0.100359    0.1667    0.2164    0.1530    0.0600    0.1935    0.0929    0.2950
 000107   S  0.157885  0.403319  0.098788    0.1667    0.1424    0.1260    0.0340    0.1825    0.1012    0.2873
 000108   T  0.196459  0.420352  0.099393    0.1667    0.0817    0.1160    0.0350    0.1802    0.1143    0.2785
 000109   R  0.219676  0.379380  0.102432    0.1150    0.1048    0.1060    0.0380    0.1711    0.1019    0.2693
 000110   E  0.263543  0.344807  0.106266    0.1088    0.1791    0.0910    0.0290    0.1822    0.0936    0.2639
 000111   V  0.300770  0.279853  0.111217    0.1921    0.2680    0.0760    0.0180    0.2047    0.0859    0.2579
 000112   V  0.338638  0.239830  0.116191    0.2167    0.1969    0.0650    0.0140    0.1956    0.0877    0.2547
 000113   N  0.363364  0.187971  0.121548    0.2167    0.1969    0.0600    0.0100    0.1910    0.0935    0.2521
 000114   L  0.392708  0.172145  0.126602    0.1322    0.1969    0.0570    0.0140    0.1796    0.1047    0.2508
 000115   A  0.444790  0.181873  0.130702    0.1322    0.1881    0.0630    0.0170    0.1901    0.1211    0.2527
 000116   A  0.486304  0.192408  0.133405    0.1150    0.0967    0.0750    0.0210    0.1831    0.1404    0.2508
 000117   D  0.474875  0.209550  0.135299    0.1566    0.1881    0.0930    0.0340    0.2096    0.1243    0.2494
 000118   F  0.452239  0.243434  0.137781    0.0813    0.2002    0.1100    0.0470    0.2042    0.1235    0.2479
 000119   L  0.415068  0.288635  0.142506    0.1018    0.2002    0.1080    0.0420    0.2094    0.1118    0.2476
 000120   E  0.373778  0.332913  0.148478    0.1178    0.1424    0.0950    0.0320    0.2018    0.1092    0.2520
 000121   E  0.341456  0.367527  0.154737    0.1088    0.0690    0.0970    0.0330    0.1898    0.1194    0.2559
 000122   G  0.330084  0.371030  0.161188    0.1018    0.0631    0.1000    0.0300    0.1878    0.1192    0.2625
 000123   L  0.315807  0.359515  0.167843    0.0909    0.0592    0.0980    0.0250    0.1818    0.1155    0.2678
 000124   G  0.271005  0.349996  0.174459    0.0502    0.0433    0.0980    0.0290    0.1644    0.1141    0.2746
 000125   H  0.240397  0.326338  0.180100    0.0502    0.0592    0.1100    0.0390    0.1610    0.0994    0.2840
 000126   R  0.245236  0.303135  0.184131    0.0464    0.0592    0.1190    0.0470    0.1595    0.0941    0.2943
 000127   F  0.273004  0.283757  0.187444    0.0425    0.0734    0.1040    0.0330    0.1607    0.0942    0.3175
 000128   P  0.274548  0.273974  0.190260    0.0316    0.0749    0.0900    0.0230    0.1560    0.0962    0.3448
 000129   E  0.306256  0.256358  0.193755    0.0643    0.0909    0.0800    0.0180    0.1653    0.0931    0.3660
 000130   D  0.333251  0.228332  0.198957    0.1240    0.1528    0.0760    0.0170    0.1855    0.0824    0.3818
 000131   L  0.357820  0.202730  0.205836    0.0567    0.1229    0.0700    0.0130    0.1694    0.1022    0.3913
 000132   F  0.386570  0.163862  0.214351    0.0554    0.1206    0.0680    0.0110    0.1681    0.1118    0.4005
 000133   L  0.415320  0.153916  0.223446    0.0441    0.0734    0.0650    0.0120    0.1625    0.1286    0.4072
 000134   L  0.434584  0.148516  0.231818    0.0935    0.1048    0.0640    0.0140    0.1795    0.1259    0.4118
 000135   M  0.401509  0.154067  0.238890    0.0502    0.0690    0.0710    0.0200    0.1641    0.1244    0.4158
 000136   M  0.356871  0.180255  0.243402    0.0478    0.0646    0.0790    0.0240    0.1620    0.1113    0.4068
 000137   A  0.340276  0.226898  0.246522    0.0327    0.0414    0.0870    0.0290    0.1625    0.1155    0.3833
 000138   D  0.303889  0.259059  0.247597    0.0567    0.0433    0.0980    0.0320    0.1680    0.1049    0.3489
 000139   Q  0.271645  0.294272  0.248386    0.0259    0.0389    0.1120    0.0440    0.1652    0.1104    0.3128
 000140   L  0.244979  0.300208  0.249546    0.0099    0.0334    0.1090    0.0390    0.1579    0.1125    0.2807
 000141   E  0.232572  0.300304  0.251613    0.0102    0.0294    0.1100    0.0380    0.1558    0.1119    0.2483
 000142   A  0.216763  0.294573  0.254367    0.0160    0.0414    0.1170    0.0410    0.1566    0.1056    0.2109
 000143   E  0.176667  0.280298  0.256386    0.0279    0.0851    0.1190    0.0410    0.1576    0.0901    0.1756
 000144   L  0.191809  0.261752  0.258751    0.0405    0.1424    0.1190    0.0460    0.1690    0.0785    0.1443
 000145   A  0.208893  0.252152  0.260477    0.0744    0.1528    0.1010    0.0350    0.1749    0.0713    0.1203
 000146   V  0.225211  0.268507  0.262672    0.1117    0.1731    0.0830    0.0210    0.1874    0.0713    0.0964
 000147   R  0.241717  0.240337  0.265895    0.0884    0.2364    0.0710    0.0140    0.1907    0.0791    0.0776
 000148   L  0.244591  0.250234  0.269284    0.0909    0.1583    0.0730    0.0190    0.1811    0.0784    0.0684
 000149   W  0.244229  0.263577  0.272199    0.1041    0.1048    0.0940    0.0220    0.1804    0.0801    0.0601
 000150   Q  0.228260  0.293098  0.272573    0.0526    0.1048    0.0990    0.0260    0.1751    0.0930    0.0517
 000151   R  0.215692  0.280467  0.272894    0.0643    0.0888    0.1290    0.0380    0.1751    0.0858    0.0453
 000152   R  0.209118  0.303361  0.272739    0.0643    0.0870    0.1170    0.0310    0.1755    0.0918    0.0424
 000153   A  0.201278  0.312769  0.272823    0.0425    0.0618    0.0960    0.0220    0.1646    0.1042    0.0441
 000154   G  0.194471  0.308932  0.273137    0.0425    0.0341    0.0900    0.0250    0.1571    0.1086    0.0463
 000155   E  0.190112  0.311271  0.273577    0.0425    0.0690    0.0830    0.0230    0.1616    0.1038    0.0479
 000156   V  0.188768  0.307885  0.274566    0.0274    0.0851    0.0810    0.0230    0.1608    0.1043    0.0484
 000157   R  0.197184  0.286878  0.276024    0.0526    0.1298    0.0730    0.0170    0.1692    0.0917    0.0530
 000158   P  0.204677  0.277498  0.279171    0.0660    0.1449    0.0660    0.0130    0.1731    0.0884    0.0628
 000159   F  0.225217  0.258858  0.283423    0.1205    0.2193    0.0650    0.0180    0.1954    0.0772    0.0692
 000160   V  0.238785  0.233656  0.286894    0.2167    0.3321    0.0520    0.0090    0.2267    0.0871    0.0794
 000161   E  0.248774  0.219240  0.288080    0.2122    0.2094    0.0480    0.0100    0.2042    0.0751    0.0943
 000162   F  0.245771  0.239598  0.287904    0.2483    0.1501    0.0560    0.0140    0.2046    0.0783    0.1080
 000163   D  0.241855  0.260262  0.287251    0.1732    0.1028    0.0670    0.0190    0.1886    0.0819    0.1219
 000164   L  0.238463  0.273487  0.286519    0.1322    0.1275    0.0800    0.0210    0.1897    0.0795    0.1275
 000165   L  0.215062  0.294306  0.286217    0.0744    0.1449    0.0850    0.0190    0.1832    0.0885    0.1367
 000166   P  0.199784  0.334623  0.285860    0.0723    0.0719    0.0810    0.0210    0.1742    0.1068    0.1536
 000167   D  0.185141  0.356249  0.285827    0.1416    0.1298    0.0960    0.0280    0.1991    0.0924    0.1757
 000168   G  0.153235  0.357350  0.285362    0.0909    0.0704    0.0920    0.0250    0.1749    0.1086    0.1945
 000169   E  0.137004  0.354783  0.284963    0.0909    0.0531    0.0840    0.0290    0.1675    0.1123    0.2046
 000170   G  0.118704  0.331185  0.283850    0.0789    0.0704    0.0850    0.0440    0.1613    0.1054    0.2080
 000171   G  0.115078  0.289958  0.280573    0.1041    0.1115    0.0810    0.0530    0.1637    0.0867    0.2031
 000172   F  0.120951  0.233849  0.275872    0.0554    0.1137    0.0760    0.0530    0.1460    0.0810    0.1961
 000173   L  0.122179  0.199828  0.269683    0.1150    0.1449    0.0640    0.0410    0.1527    0.0660    0.1979
 000174   L  0.128697  0.176913  0.263639    0.1178    0.1206    0.0500    0.0240    0.1429    0.0654    0.1981
 000175   D  0.124392  0.161703  0.257164    0.1292    0.1229    0.0430    0.0180    0.1398    0.0635    0.2065
 000176   P  0.116829  0.136841  0.251454    0.1844    0.2002    0.0400    0.0160    0.1550    0.0673    0.2096
 000177   W  0.106941  0.128348  0.246260    0.0935    0.0967    0.0390    0.0150    0.1184    0.0632    0.2070
 000178   P  0.087932  0.122897  0.240226    0.0935    0.0568    0.0350    0.0150    0.1061    0.0661    0.1997
 000179   F  0.073820  0.116496  0.234755    0.0478    0.0356    0.0380    0.0170    0.0912    0.0699    0.1916
 000180   R  0.056942  0.123637  0.229944    0.0252    0.0198    0.0410    0.0190    0.0827    0.0742    0.1856
 000181   V  0.039263  0.122691  0.226684    0.0131    0.0111    0.0460    0.0230    0.0765    0.0767    0.1963
 000182   D  0.024515  0.117358  0.223201    0.0069    0.0109    0.0490    0.0230    0.0721    0.0771    0.2172
 000183   E  0.014883  0.105626  0.219204    0.0074    0.0227    0.0480    0.0190    0.0697    0.0744    0.2367
 000184   V  0.009446  0.095267  0.215472    0.0116    0.0209    0.0460    0.0180    0.0664    0.0728    0.2559
 000185   A  0.006478  0.085644  0.211895    0.0274    0.0313    0.0420    0.0170    0.0675    0.0689    0.2779
 000186   L  0.011501  0.073959  0.209388    0.0116    0.0300    0.0420    0.0180    0.0631    0.0688    0.2843
 000187   D  0.012611  0.073046  0.206829    0.0079    0.0275    0.0410    0.0170    0.0615    0.0684    0.2951
 000188   F  0.013584  0.066554  0.203994    0.0167    0.0592    0.0420    0.0150    0.0670    0.0643    0.3029
 000189   L  0.014476  0.057966  0.200053    0.0144    0.0414    0.0420    0.0140    0.0617    0.0638    0.3063
 000190   V  0.016168  0.057402  0.197161    0.0363    0.0817    0.0490    0.0200    0.0730    0.0590    0.3091
 000191   Y  0.018056  0.070883  0.197712    0.0350    0.0581    0.0560    0.0220    0.0726    0.0585    0.3080
 000192   F  0.017866  0.086819  0.202271    0.0526    0.0581    0.0660    0.0230    0.0805    0.0582    0.2944
 000193   H  0.016008  0.110118  0.209822    0.0304    0.0592    0.0770    0.0270    0.0838    0.0641    0.2717
 000194   P  0.015209  0.147617  0.218719    0.0150    0.0568    0.0960    0.0300    0.0916    0.0733    0.2500
 000195   Y  0.014086  0.210505  0.229285    0.0286    0.0454    0.1470    0.0470    0.1125    0.0872    0.2292
 000196   R  0.017293  0.272059  0.241344    0.0350    0.0543    0.1970    0.0640    0.1361    0.1035    0.2147
 000197   G  0.020500  0.317510  0.256615    0.0350    0.0835    0.2550    0.0740    0.1613    0.1184    0.2175
 000198   E  0.053115  0.369768  0.274561    0.0308    0.0646    0.2640    0.0810    0.1762    0.1314    0.2114
 000199   E  0.121788  0.404732  0.293339    0.0526    0.0765    0.2780    0.0970    0.2044    0.1288    0.2115
 000200   A  0.190484  0.430344  0.311566    0.0771    0.0817    0.2790    0.1060    0.2284    0.1266    0.2200
 000201   K  0.269540  0.399493  0.328669    0.0744    0.1229    0.2660    0.1170    0.2436    0.1125    0.2277
 000202   V  0.360243  0.391199  0.346485    0.0884    0.1731    0.2800    0.1380    0.2732    0.1089    0.2411
 000203   V  0.448051  0.350844  0.364509    0.1566    0.1969    0.2710    0.1310    0.2980    0.1005    0.2583
 000204   E  0.522638  0.323650  0.383115    0.1532    0.2094    0.2420    0.1130    0.3057    0.1224    0.2807
 000205   G  0.584478  0.298014  0.403005    0.0884    0.1942    0.2330    0.0980    0.3002    0.1591    0.3045
 000206   W  0.607827  0.278533  0.423438    0.1566    0.2918    0.2180    0.0830    0.3294    0.1487    0.3241
 000207   G  0.646729  0.256087  0.444136    0.1698    0.2951    0.1940    0.0710    0.3344    0.1653    0.3299
 000208   R  0.660960  0.280194  0.464593    0.1732    0.2224    0.1890    0.0650    0.3316    0.1762    0.3232
 000209   A  0.669803  0.275501  0.485648    0.1635    0.2399    0.1960    0.0690    0.3384    0.1808    0.3314
 000210   L  0.673264  0.323211  0.507041    0.1088    0.2399    0.2080    0.0840    0.3434    0.1915    0.3345
 000211   V  0.664979  0.339948  0.528804    0.1532    0.2364    0.2150    0.0910    0.3564    0.1830    0.3275
 000212   G  0.666068  0.407607  0.550517    0.1635    0.1424    0.2220    0.0890    0.3588    0.1988    0.3241
 000213   A  0.679774  0.460213  0.570732    0.2122    0.1881    0.2440    0.0980    0.3924    0.1894    0.3196
 000214   L  0.708615  0.491568  0.589414    0.2167    0.2645    0.2670    0.1010    0.4229    0.1853    0.3091
 000215   E  0.775947  0.553594  0.607372    0.1958    0.2645    0.2870    0.1070    0.4473    0.2111    0.2950
 000216   E  0.797605  0.603265  0.625214    0.1958    0.2503    0.3030    0.0990    0.4625    0.2237    0.2837
 000217   G  0.812433  0.633267  0.642402    0.3005    0.3392    0.3420    0.0950    0.5116    0.1939    0.2768
 000218   K  0.831858  0.648183  0.658534    0.2913    0.3182    0.3760    0.1060    0.5206    0.2028    0.2688
 000219   V  0.855180  0.667868  0.676191    0.2913    0.2645    0.3970    0.1190    0.5254    0.2202    0.2626
 000220   P  0.878849  0.700488  0.694735    0.3005    0.2783    0.3860    0.1170    0.5399    0.2288    0.2538
 000221   E  0.899469  0.721294  0.712396    0.3096    0.2817    0.4300    0.1110    0.5590    0.2315    0.2439
 000222   A  0.917266  0.737731  0.727133    0.3630    0.3356    0.4830    0.1060    0.5940    0.2142    0.2437
 000223   F  0.932975  0.757022  0.737598    0.2913    0.3599    0.4720    0.1020    0.5918    0.2322    0.2372
 000224   R  0.948683  0.770491  0.744351    0.3053    0.2884    0.4200    0.1060    0.5795    0.2535    0.2277
 000225   E  0.955005  0.780988  0.747601    0.4037    0.3460    0.4240    0.1230    0.6095    0.2288    0.2277
 000226   E  0.966087  0.796282  0.748571    0.3225    0.3053    0.4190    0.1160    0.5929    0.2553    0.2327
 000227   K  0.977779  0.787596  0.747804    0.3096    0.2988    0.4200    0.1310    0.5903    0.2603    0.2415
 000228   R  0.982831  0.785773  0.744665    0.2865    0.2680    0.4470    0.1450    0.5857    0.2686    0.2527
 000229   R  0.987541  0.752645  0.739698    0.3005    0.2609    0.4580    0.1480    0.5832    0.2634    0.2749
 000230   V  0.988556  0.700534  0.733759    0.3456    0.3215    0.4330    0.1480    0.5871    0.2409    0.3001
 000231   R  0.989023  0.697554  0.726844    0.3005    0.2680    0.4270    0.1430    0.5682    0.2584    0.3216
 000232   L  0.989190  0.687506  0.719137    0.3005    0.2645    0.4200    0.1430    0.5635    0.2582    0.3502
 000233   R  0.989369  0.680463  0.709652    0.2913    0.2988    0.4390    0.1320    0.5682    0.2503    0.3686
 000234   P  0.998914  0.672255  0.699368    0.3668    0.4409    0.3740    0.1110    0.5920    0.2254    0.3929
 000235   W  0.991507  0.661456  0.689668    0.3847    0.4619    0.3470    0.0940    0.5893    0.2214    0.4194
 000236   A  0.934870  0.646393  0.679839    0.4116    0.4220    0.3340    0.0740    0.5715    0.2055    0.4315
 000237   A  0.928731  0.690237  0.670787    0.4078    0.3053    0.3800    0.0880    0.5639    0.2181    0.4275
 000238   G  0.857053  0.710790  0.659683    0.3992    0.2258    0.4520    0.0940    0.5508    0.2119    0.4200
 000239   A  0.787571  0.707370  0.646372    0.3578    0.2503    0.4670    0.1290    0.5361    0.1928    0.4152
 000240   R  0.687128  0.706784  0.631414    0.3053    0.2541    0.4520    0.1100    0.5061    0.1805    0.4177
 000241   K  0.585939  0.713712  0.616190    0.3762    0.2164    0.4710    0.1260    0.4966    0.1649    0.4190
 000242   A  0.496129  0.709318  0.602578    0.3847    0.2328    0.5360    0.1500    0.4937    0.1528    0.4121
 000243   D  0.406476  0.697145  0.589429    0.3630    0.2364    0.5770    0.1590    0.4782    0.1565    0.4114
 000244   D  0.329437  0.685041  0.578456    0.3806    0.2436    0.5520    0.1250    0.4616    0.1546    0.4031
 000245   P  0.283133  0.675286  0.568877    0.2748    0.2436    0.4560    0.1210    0.4170    0.1631    0.3989
 000246   E  0.186557  0.648279  0.559136    0.3578    0.3494    0.3500    0.0960    0.4085    0.1522    0.3950
 000247   A  0.155515  0.612982  0.548754    0.4078    0.4051    0.3080    0.0820    0.4064    0.1503    0.3849
 000248   F  0.128826  0.600522  0.537889    0.4203    0.3249    0.2990    0.0870    0.3852    0.1569    0.3758
 000249   Y  0.131600  0.568016  0.528779    0.4420    0.3356    0.2970    0.0950    0.3838    0.1482    0.3717
 000250   D  0.128280  0.568026  0.518172    0.3762    0.3494    0.2780    0.0740    0.3696    0.1464    0.3684
 000251   R  0.109281  0.538342  0.505245    0.4149    0.3740    0.3270    0.0900    0.3781    0.1403    0.3648
 000252   F  0.089561  0.519749  0.489589    0.4149    0.3182    0.3440    0.0920    0.3627    0.1417    0.3612
 000253   G  0.064335  0.527981  0.473002    0.4600    0.2436    0.3380    0.0880    0.3511    0.1592    0.3644
 000254   L  0.057648  0.534095  0.460301    0.3939    0.2292    0.3590    0.0850    0.3390    0.1567    0.3643
 000255   K  0.056786  0.534759  0.450311    0.3225    0.1671    0.3400    0.1160    0.3119    0.1611    0.3727
 000256   P  0.074347  0.528543  0.442622    0.2820    0.1251    0.2770    0.1290    0.2882    0.1603    0.3779
 000257   T  0.091227  0.514702  0.434356    0.2209    0.1275    0.2390    0.1240    0.2713    0.1541    0.3833
 000258   P  0.113688  0.499381  0.426536    0.2122    0.1476    0.2150    0.1190    0.2691    0.1431    0.3913
 000259   F  0.170607  0.471176  0.420726    0.2913    0.2503    0.2290    0.1240    0.3056    0.1064    0.3979
 000260   Q  0.222420  0.471747  0.416470    0.3630    0.3631    0.2210    0.1110    0.3430    0.0933    0.4055
 000261   R  0.275063  0.479573  0.413600    0.3668    0.3321    0.2370    0.1170    0.3507    0.0815    0.4122
 000262   E  0.324990  0.465225  0.411065    0.3992    0.3426    0.2470    0.1040    0.3650    0.0700    0.4163
 000263   V  0.364969  0.476675  0.407542    0.4556    0.3740    0.2520    0.0860    0.3884    0.0731    0.4193
 000264   F  0.408529  0.478913  0.403521    0.4556    0.2951    0.2420    0.0680    0.3806    0.0847    0.4182
 000265   K  0.424027  0.473434  0.399471    0.4703    0.2951    0.2310    0.0500    0.3823    0.0899    0.4198
 000266   V  0.463334  0.502925  0.394063    0.4078    0.2783    0.2790    0.0540    0.3875    0.0849    0.4141
 000267   A  0.497552  0.502106  0.387365    0.3053    0.2752    0.2760    0.0620    0.3739    0.0966    0.4113
 000268   E  0.495917  0.494235  0.379368    0.2748    0.2752    0.2320    0.0550    0.3585    0.1063    0.4087
 000269   G  0.444953  0.483980  0.375417    0.2748    0.2470    0.1680    0.0470    0.3324    0.1119    0.4032
 000270   D  0.394788  0.475251  0.375564    0.3578    0.3599    0.1500    0.0430    0.3521    0.0989    0.3977
 000271   P  0.395047  0.451710  0.378186    0.3399    0.3460    0.1510    0.0460    0.3436    0.0937    0.3881
 000272   A  0.434481  0.426914  0.379703    0.3456    0.3529    0.1470    0.0410    0.3477    0.0959    0.3802
 000273   H  0.468747  0.432045  0.377506    0.3263    0.3494    0.1430    0.0430    0.3494    0.1042    0.3770
 000274   L  0.512652  0.422406  0.373300    0.3806    0.4220    0.1440    0.0440    0.3759    0.1131    0.3766
 000275   L  0.458021  0.426912  0.366800    0.4556    0.5017    0.1480    0.0450    0.3928    0.1169    0.3807
 000276   L  0.412679  0.431716  0.359893    0.4781    0.4801    0.1730    0.0550    0.3893    0.1048    0.3876
 000277   A  0.362432  0.446810  0.352759    0.5126    0.5176    0.2290    0.0900    0.4036    0.1012    0.4003
 000278   P  0.363647  0.475757  0.346783    0.5043    0.4330    0.2840    0.1010    0.4013    0.0767    0.4132
 000279   T  0.364065  0.505178  0.341618    0.4556    0.4507    0.3370    0.1000    0.4090    0.0645    0.4268
 000280   G  0.320608  0.514122  0.337301    0.3630    0.4186    0.3080    0.1180    0.3769    0.0710    0.4258
 000281   T  0.253823  0.533018  0.334221    0.3847    0.3392    0.3090    0.1120    0.3590    0.0871    0.4116
 000282   G  0.242689  0.549927  0.332577    0.3225    0.2884    0.2610    0.0600    0.3329    0.1020    0.3984
 000283   K  0.238407  0.548134  0.331063    0.2820    0.3053    0.2500    0.0650    0.3259    0.1042    0.3868
 000284   T  0.298227  0.529344  0.329136    0.2483    0.3053    0.2570    0.0780    0.3279    0.0942    0.3791
 000285   E  0.339043  0.516731  0.323694    0.3053    0.3910    0.2190    0.0760    0.3491    0.0909    0.3722
 000286   A  0.360452  0.482202  0.315633    0.3630    0.4619    0.1940    0.0590    0.3628    0.0956    0.3692
 000287   A  0.383995  0.445122  0.305251    0.4458    0.4652    0.1540    0.0360    0.3666    0.1091    0.3700
 000288   A  0.402181  0.407661  0.294658    0.4781    0.4292    0.1340    0.0300    0.3576    0.1141    0.3773
 000289   F  0.422474  0.366684  0.283921    0.3491    0.2988    0.1350    0.0320    0.3093    0.0902    0.3852
 000290   P  0.432355  0.343148  0.271542    0.2700    0.2292    0.1150    0.0250    0.2768    0.0977    0.3937
 000291   A  0.376196  0.311841  0.258315    0.1805    0.1583    0.1100    0.0230    0.2324    0.0921    0.4004
 000292   L  0.305307  0.281044  0.245116    0.1240    0.1759    0.1050    0.0200    0.2061    0.0762    0.4085
 000293   A  0.237802  0.247721  0.233852    0.0744    0.1791    0.0900    0.0170    0.1772    0.0707    0.4140
 000294   R  0.180232  0.230925  0.227249    0.0935    0.1791    0.0980    0.0220    0.1681    0.0551    0.4201
 000295   G  0.160468  0.228897  0.223659    0.0935    0.1702    0.1040    0.0260    0.1635    0.0523    0.4262
 000296   E  0.149129  0.216153  0.222181    0.0789    0.1070    0.1010    0.0250    0.1458    0.0559    0.4336
 000297   R  0.140163  0.204516  0.220933    0.0991    0.0851    0.0960    0.0200    0.1409    0.0538    0.4226
 000298   L  0.128950  0.204119  0.220373    0.0723    0.1028    0.0810    0.0170    0.1349    0.0577    0.4085
 000299   V  0.124224  0.192162  0.219317    0.0526    0.1229    0.0750    0.0150    0.1311    0.0590    0.4015
 000300   F  0.125083  0.181493  0.215522    0.0991    0.1449    0.0700    0.0120    0.1393    0.0487    0.3961
 000301   V  0.129654  0.180122  0.209212    0.0858    0.1323    0.0690    0.0170    0.1343    0.0489    0.3935
 000302   L  0.137283  0.168328  0.200888    0.0542    0.1528    0.0650    0.0190    0.1298    0.0532    0.3927
 000303   P  0.145689  0.167087  0.193190    0.0935    0.2094    0.0630    0.0220    0.1453    0.0521    0.3966
 000304   T  0.141257  0.183056  0.186997    0.1117    0.1399    0.0710    0.0280    0.1389    0.0402    0.4031
 000305   R  0.133524  0.205255  0.183120    0.1088    0.1399    0.0780    0.0330    0.1415    0.0427    0.4051
 000306   S  0.133217  0.219872  0.182492    0.0567    0.0967    0.0860    0.0360    0.1291    0.0567    0.4079
 000307   L  0.131921  0.252838  0.183848    0.0514    0.0543    0.0880    0.0320    0.1270    0.0726    0.4092
 000308   V  0.127230  0.283875  0.187543    0.0327    0.0341    0.0900    0.0340    0.1260    0.0886    0.4130
 000309   D  0.125171  0.292542  0.189819    0.0395    0.0531    0.0950    0.0360    0.1325    0.0869    0.4145
 000310   D  0.124799  0.291291  0.190736    0.0363    0.0454    0.1020    0.0390    0.1317    0.0880    0.4141
 000311   L  0.123644  0.282486  0.188479    0.0643    0.0531    0.1150    0.0450    0.1378    0.0783    0.4099
 000312   E  0.139006  0.235114  0.185527    0.0554    0.0662    0.1140    0.0460    0.1326    0.0633    0.4024
 000313   G  0.158720  0.190832  0.183864    0.0542    0.1137    0.1120    0.0520    0.1356    0.0476    0.3904
 000314   R  0.176423  0.161889  0.185710    0.0363    0.1007    0.1030    0.0480    0.1273    0.0526    0.3769
 000315   F  0.199870  0.126557  0.190395    0.0395    0.1007    0.1020    0.0490    0.1265    0.0552    0.3610
 000316   R  0.257502  0.101343  0.198069    0.0414    0.1070    0.0950    0.0450    0.1334    0.0721    0.3567
 000317   C  0.321727  0.108602  0.206976    0.0425    0.1048    0.1020    0.0440    0.1478    0.0915    0.3503
 000318   Y  0.383654  0.119670  0.216697    0.0723    0.1823    0.1130    0.0440    0.1813    0.1021    0.3492
 000319   L  0.417982  0.130157  0.225339    0.1117    0.2364    0.1140    0.0380    0.2059    0.1075    0.3507
 000320   K  0.444128  0.158350  0.234951    0.1292    0.2034    0.1280    0.0370    0.2163    0.1089    0.3641
 000321   I  0.440430  0.190813  0.245946    0.1178    0.1323    0.1400    0.0430    0.2112    0.1112    0.3730
 000322   L  0.478967  0.233397  0.259201    0.1732    0.1399    0.1450    0.0530    0.2383    0.1162    0.3855
 000323   A  0.481701  0.279019  0.273713    0.1266    0.0909    0.1480    0.0630    0.2333    0.1319    0.4044
 000324   Q  0.487260  0.325519  0.288376    0.0935    0.0909    0.1750    0.0700    0.2434    0.1406    0.4272
 000325   E  0.499483  0.367430  0.300631    0.0677    0.0985    0.2070    0.1060    0.2568    0.1508    0.4174
 000326   E  0.510256  0.378338  0.312211    0.1292    0.1759    0.2230    0.1230    0.2881    0.1292    0.3968
 000327   G  0.512440  0.398420  0.324909    0.1380    0.1791    0.2190    0.1130    0.2953    0.1309    0.3843
 000328   R  0.540708  0.424254  0.340251    0.1998    0.2364    0.1990    0.0940    0.3234    0.1265    0.3716
 000329   P  0.545109  0.429573  0.354216    0.2700    0.3286    0.1720    0.0670    0.3500    0.1175    0.3628
 000330   K  0.563873  0.431246  0.365277    0.3491    0.3774    0.1350    0.0330    0.3704    0.1271    0.3529
 000331   A  0.528604  0.423310  0.373254    0.3630    0.3774    0.1160    0.0250    0.3637    0.1239    0.3490
 000332   L  0.543545  0.407071  0.380269    0.4282    0.3426    0.1080    0.0250    0.3683    0.1318    0.3393
 000333   V  0.559411  0.399094  0.386147    0.5084    0.4186    0.1070    0.0280    0.3965    0.1433    0.3291
 000334   V  0.551050  0.383198  0.390402    0.4600    0.3286    0.1120    0.0350    0.3709    0.1352    0.3209
 000335   D  0.485922  0.372097  0.392493    0.4458    0.3149    0.1190    0.0400    0.3550    0.1187    0.3154
 000336   T  0.427216  0.355081  0.392919    0.3630    0.3321    0.1330    0.0530    0.3338    0.0949    0.3119
 000337   G  0.366069  0.352183  0.391066    0.3668    0.3249    0.1480    0.0610    0.3248    0.0817    0.3084
 000338   H  0.337911  0.357638  0.387561    0.3992    0.3249    0.1740    0.0700    0.3303    0.0744    0.3041
 000339   R  0.309852  0.376544  0.383273    0.4116    0.3392    0.1950    0.0750    0.3359    0.0709    0.2984
 000340   Q  0.297504  0.399053  0.379530    0.3806    0.3249    0.2000    0.0780    0.3303    0.0680    0.2941
 000341   A  0.281453  0.429544  0.376219    0.4037    0.3426    0.2160    0.0820    0.3415    0.0733    0.2926
 000342   R  0.274956  0.459858  0.373000    0.4282    0.3392    0.2120    0.0900    0.3479    0.0850    0.2885
 000343   F  0.233910  0.492642  0.368923    0.4918    0.4292    0.2420    0.0970    0.3764    0.1065    0.2890
 000344   R  0.242413  0.525650  0.362734    0.5126    0.4940    0.3150    0.1200    0.4087    0.1083    0.2870
 000345   F  0.253298  0.547853  0.354417    0.5623    0.5951    0.4280    0.1710    0.4568    0.1233    0.2877
 000346   S  0.275196  0.580799  0.344801    0.5583    0.5854    0.4310    0.1750    0.4626    0.1212    0.2842
 000347   P  0.290063  0.631595  0.333441    0.5667    0.5758    0.4340    0.1710    0.4719    0.1284    0.2786
 000348   D  0.303820  0.650264  0.321512    0.5583    0.4831    0.4790    0.1760    0.4659    0.1225    0.2728
 000349   G  0.323786  0.689679  0.309560    0.5549    0.3948    0.4770    0.1690    0.4583    0.1338    0.2692
 000350   Q  0.366991  0.702558  0.299423    0.4879    0.3983    0.5080    0.1660    0.4605    0.1292    0.2698
 000351   E  0.379607  0.711698  0.288380    0.4037    0.3566    0.5350    0.1610    0.4458    0.1400    0.2712
 000352   E  0.418562  0.677667  0.275697    0.4282    0.3910    0.5740    0.1710    0.4608    0.1302    0.2760
 000353   A  0.456651  0.684556  0.260076    0.3992    0.3286    0.5980    0.1700    0.4544    0.1472    0.2833
 000354   T  0.486011  0.644368  0.242360    0.4825    0.3566    0.5790    0.1590    0.4651    0.1337    0.2909
 000355   K  0.511135  0.606464  0.224107    0.4116    0.2817    0.5620    0.1610    0.4329    0.1414    0.3044
 000356   E  0.530943  0.574213  0.206715    0.4149    0.4051    0.4160    0.1630    0.4246    0.1167    0.3200
 000357   R  0.528305  0.482700  0.189539    0.3311    0.4149    0.3710    0.1490    0.3862    0.1098    0.3402
 000358   H  0.507806  0.382325  0.170750    0.2913    0.3087    0.3060    0.1240    0.3279    0.1018    0.3620
 000359   L  0.438391  0.282515  0.150664    0.2865    0.3087    0.2740    0.1350    0.2901    0.0838    0.3838
 000360   Y  0.374281  0.206924  0.132811    0.1958    0.3087    0.2280    0.1400    0.2411    0.0790    0.3991
 000361   H  0.300982  0.172084  0.119315    0.1878    0.2193    0.1830    0.1180    0.1970    0.0552    0.4055
 000362   A  0.230084  0.158479  0.109222    0.1805    0.1399    0.1600    0.0910    0.1631    0.0371    0.4074
 000363   D  0.167616  0.147387  0.100062    0.1240    0.0780    0.1340    0.0650    0.1253    0.0295    0.4076
 000364   V  0.104794  0.129100  0.091698    0.0965    0.0948    0.1020    0.0390    0.1031    0.0124    0.4109
 000365   I  0.052473  0.121888  0.084775    0.0607    0.0518    0.0870    0.0200    0.0764    0.0247    0.4088
 000366   L  0.022600  0.115822  0.079493    0.0587    0.0269    0.0800    0.0150    0.0639    0.0324    0.4023
 000367   T  0.003722  0.106726  0.074844    0.0316    0.0248    0.0740    0.0170    0.0527    0.0353    0.3882
 000368   T  0.001856  0.100880  0.070317    0.0141    0.0160    0.0680    0.0180    0.0452    0.0364    0.3722
 000369   L  0.001770  0.099964  0.066300    0.0144    0.0136    0.0690    0.0320    0.0442    0.0361    0.3572
 000370   D  0.000262  0.094464  0.061040    0.0141    0.0218    0.0660    0.0350    0.0430    0.0332    0.3396
 000371   K  0.000217  0.082946  0.055029    0.0182    0.0364    0.0550    0.0230    0.0412    0.0269    0.3263
 000372   L  0.000275  0.078929  0.048807    0.0182    0.0244    0.0510    0.0210    0.0370    0.0257    0.3191
 000373   L  0.000386  0.075716  0.043765    0.0245    0.0294    0.0450    0.0220    0.0365    0.0230    0.3120
 000374   Y  0.000420  0.068671  0.040236    0.0121    0.0281    0.0400    0.0200    0.0316    0.0219    0.2994
 000375   R  0.000476  0.070769  0.037671    0.0194    0.0244    0.0390    0.0180    0.0319    0.0216    0.2791
 000376   Y  0.000551  0.081412  0.035716    0.0327    0.0443    0.0620    0.0230    0.0428    0.0252    0.2642
 000377   F  0.000717  0.088034  0.033441    0.0308    0.0349    0.1080    0.0410    0.0494    0.0369    0.2459
 000378   G  0.000805  0.109828  0.030629    0.0304    0.0398    0.1440    0.0400    0.0592    0.0503    0.2277
 000379   Y  0.000909  0.150974  0.027409    0.0124    0.0372    0.1820    0.0490    0.0685    0.0708    0.2104
 000380   A  0.001010  0.194612  0.024152    0.0297    0.0605    0.1800    0.0620    0.0817    0.0769    0.1905
 000381   E  0.014423  0.225574  0.020903    0.0268    0.0334    0.1710    0.0710    0.0821    0.0840    0.1721
 000382   G  0.027792  0.283528  0.018006    0.0252    0.0341    0.1870    0.0840    0.0959    0.1024    0.1511
 000383   V  0.062105  0.310283  0.015976    0.0200    0.0592    0.2030    0.0870    0.1118    0.1085    0.1312
 000384   K  0.109256  0.315786  0.014956    0.0297    0.0948    0.1960    0.0810    0.1267    0.1031    0.1144
 000385   S  0.141989  0.316517  0.014645    0.0478    0.1501    0.1900    0.0750    0.1434    0.0982    0.1019
 000386   Y  0.181551  0.324779  0.013993    0.0455    0.1583    0.1850    0.0700    0.1515    0.1018    0.0928
 000387   T  0.212502  0.321637  0.012787    0.0677    0.1611    0.1780    0.0700    0.1589    0.0995    0.0822
 000388   F  0.268198  0.335960  0.011173    0.1349    0.1583    0.1770    0.0700    0.1810    0.1026    0.0725
 000389   P  0.302171  0.357784  0.009556    0.0744    0.1115    0.1700    0.0640    0.1708    0.1232    0.0647
 000390   R  0.322812  0.354815  0.007575    0.0607    0.0967    0.1780    0.0590    0.1702    0.1299    0.0566
 000391   R  0.324877  0.328418  0.005354    0.0478    0.1162    0.1820    0.0550    0.1674    0.1252    0.0488
 000392   I  0.304628  0.303736  0.003031    0.0218    0.1162    0.1700    0.0520    0.1533    0.1205    0.0426
 000393   H  0.271517  0.270849  0.001569    0.0226    0.0780    0.1400    0.0490    0.1307    0.1085    0.0401
 000394   D  0.251505  0.242024  0.001364    0.0405    0.1184    0.1280    0.0420    0.1304    0.0931    0.0370
 000395   R  0.225247  0.212283  0.002219    0.0259    0.0719    0.1140    0.0300    0.1086    0.0855    0.0345
 000396   R  0.206390  0.197486  0.003538    0.0245    0.0424    0.1080    0.0270    0.0971    0.0808    0.0313
 000397   T  0.159652  0.173022  0.004446    0.0212    0.0799    0.0960    0.0300    0.0891    0.0632    0.0280
 000398   L  0.128325  0.155570  0.004802    0.0097    0.0618    0.0880    0.0320    0.0748    0.0561    0.0252
 000399   F  0.097270  0.130723  0.004641    0.0268    0.1298    0.0890    0.0330    0.0798    0.0482    0.0232
 000400   V  0.085819  0.123373  0.004407    0.0144    0.0948    0.0800    0.0290    0.0672    0.0431    0.0230
 000401   F  0.074151  0.117550  0.004589    0.0160    0.0443    0.0760    0.0240    0.0555    0.0385    0.0231
 000402   D  0.062483  0.120421  0.005368    0.0128    0.0294    0.0720    0.0200    0.0504    0.0396    0.0235
 000403   E  0.049831  0.107248  0.006396    0.0102    0.0581    0.0640    0.0170    0.0492    0.0342    0.0238
 000404   V  0.036403  0.096231  0.007286    0.0070    0.0275    0.0600    0.0140    0.0390    0.0313    0.0232
 000405   H  0.024287  0.088982  0.007668    0.0074    0.0263    0.0570    0.0110    0.0353    0.0291    0.0231
 000406   L  0.015517  0.080437  0.008046    0.0029    0.0275    0.0570    0.0100    0.0319    0.0279    0.0230
 000407   Y  0.013345  0.078461  0.008757    0.0031    0.0184    0.0510    0.0110    0.0288    0.0270    0.0240
 000408   E  0.011342  0.094676  0.009828    0.0029    0.0115    0.0450    0.0090    0.0293    0.0323    0.0261
 000409   A  0.007279  0.099484  0.011428    0.0031    0.0148    0.0450    0.0080    0.0302    0.0338    0.0281
 000410   T  0.004849  0.095156  0.013255    0.0035    0.0269    0.0440    0.0070    0.0312    0.0317    0.0315
 000411   A  0.002420  0.086887  0.015417    0.0052    0.0248    0.0390    0.0060    0.0290    0.0287    0.0338
 000412   W  0.002248  0.079020  0.017521    0.0099    0.0300    0.0390    0.0070    0.0296    0.0252    0.0378
 000413   V  0.002149  0.062928  0.019357    0.0049    0.0294    0.0360    0.0090    0.0257    0.0205    0.0455
 000414   N  0.002190  0.054508  0.020557    0.0013    0.0235    0.0350    0.0090    0.0229    0.0185    0.0554
 000415   F  0.001936  0.051924  0.021118    0.0035    0.0349    0.0390    0.0080    0.0255    0.0184    0.0668
 000416   R  0.001361  0.053545  0.021419    0.0028    0.0231    0.0390    0.0070    0.0235    0.0186    0.0815
 000417   H  0.000339  0.049126  0.022202    0.0067    0.0372    0.0400    0.0070    0.0260    0.0178    0.0989
 000418   L  0.000349  0.054254  0.023875    0.0074    0.0320    0.0420    0.0070    0.0267    0.0188    0.1160
 000419   I  0.000443  0.071334  0.026448    0.0069    0.0191    0.0430    0.0070    0.0279    0.0238    0.1327
 000420   A  0.000551  0.084163  0.030226    0.0040    0.0160    0.0430    0.0070    0.0297    0.0284    0.1534
 000421   S  0.000659  0.101658  0.034711    0.0015    0.0127    0.0480    0.0080    0.0332    0.0351    0.1742
 000422   L  0.000969  0.117346  0.039725    0.0010    0.0148    0.0540    0.0110    0.0380    0.0405    0.1973
 000423   Y  0.001459  0.115641  0.044998    0.0029    0.0248    0.0620    0.0160    0.0419    0.0393    0.2169
 000424   K  0.002906  0.111964  0.053314    0.0059    0.0389    0.0680    0.0190    0.0469    0.0374    0.2294
 000425   A  0.005830  0.117855  0.064226    0.0042    0.0275    0.0800    0.0230    0.0499    0.0413    0.2400
 000426   G  0.007179  0.114652  0.076274    0.0099    0.0676    0.0940    0.0300    0.0616    0.0403    0.2534
 000427   V  0.009400  0.104833  0.088299    0.0082    0.0676    0.1090    0.0360    0.0646    0.0417    0.2627
 000428   R  0.019158  0.107787  0.101315    0.0099    0.0690    0.1180    0.0320    0.0708    0.0426    0.2724
 000429   F  0.065962  0.113510  0.115756    0.0218    0.0676    0.1300    0.0270    0.0857    0.0375    0.2850
 000430   L  0.127954  0.120672  0.131209    0.0425    0.1115    0.1330    0.0250    0.1111    0.0315    0.2937
 000431   V  0.174326  0.132144  0.146643    0.0304    0.1373    0.1360    0.0270    0.1262    0.0450    0.2968
 000432   M  0.213629  0.159583  0.163337    0.0327    0.1449    0.1500    0.0350    0.1440    0.0546    0.2979
 000433   S  0.282125  0.198417  0.178929    0.0723    0.1424    0.1620    0.0460    0.1728    0.0630    0.2973
 000434   A  0.352951  0.231650  0.196665    0.1380    0.1449    0.1810    0.0590    0.2075    0.0722    0.2981
 000435   T  0.432538  0.268241  0.216490    0.0991    0.0948    0.1840    0.0570    0.2158    0.1148    0.3008
 000436   M  0.516342  0.305595  0.240555    0.0858    0.1184    0.1840    0.0530    0.2418    0.1428    0.3030
 000437   P  0.595817  0.343219  0.264953    0.0554    0.1162    0.1830    0.0530    0.2598    0.1771    0.3039
 000438   G  0.637314  0.372283  0.286958    0.1018    0.1731    0.1920    0.0590    0.2939    0.1761    0.3054
 000439   T  0.665642  0.401032  0.306626    0.1060    0.1115    0.2040    0.0680    0.2991    0.1942    0.3083
 000440   Y  0.708303  0.422789  0.325584    0.1958    0.2064    0.2220    0.0860    0.3467    0.1803    0.3096
 000441   R  0.757709  0.430965  0.345692    0.2080    0.2884    0.2240    0.0870    0.3757    0.1865    0.3141
 000442   E  0.773101  0.436737  0.365991    0.2913    0.3774    0.2160    0.0840    0.4100    0.1768    0.3239
 000443   E  0.789427  0.439109  0.385875    0.3399    0.3840    0.2100    0.0800    0.4248    0.1777    0.3338
 000444   L  0.798574  0.442230  0.406477    0.3668    0.3529    0.2170    0.0760    0.4306    0.1789    0.3441
 000445   L  0.803065  0.437387  0.429387    0.3762    0.3774    0.2220    0.0680    0.4409    0.1767    0.3521
 000446   L  0.805673  0.456942  0.453421    0.3491    0.3667    0.2090    0.0600    0.4402    0.1830    0.3573
 000447   E  0.810288  0.472922  0.476549    0.3992    0.4330    0.2020    0.0520    0.4656    0.1798    0.3612
 000448   G  0.811637  0.481887  0.495478    0.3762    0.4051    0.2130    0.0550    0.4639    0.1809    0.3654
 000449   T  0.811238  0.494579  0.511413    0.4037    0.4017    0.2420    0.0740    0.4774    0.1731    0.3714
 000450   L  0.792278  0.518865  0.525253    0.4037    0.3249    0.2420    0.0810    0.4678    0.1765    0.3741
 000451   E  0.783870  0.542877  0.539260    0.5008    0.3286    0.2230    0.0680    0.4864    0.1775    0.3761
 000452   H  0.781799  0.570118  0.553557    0.4333    0.3249    0.2400    0.0750    0.4839    0.1772    0.3821
 000453   P  0.784309  0.593485  0.567660    0.3535    0.2328    0.2650    0.0880    0.4661    0.1981    0.3821
 000454   A  0.793005  0.615566  0.581799    0.3456    0.1881    0.2950    0.1090    0.4698    0.2096    0.3842
 000455   A  0.798079  0.631180  0.594400    0.3456    0.2884    0.3010    0.1210    0.4931    0.1928    0.3899
 000456   K  0.809772  0.629393  0.605778    0.3847    0.3740    0.2850    0.1230    0.5149    0.1815    0.3969
 000457   R  0.826105  0.620826  0.616108    0.4781    0.4507    0.2680    0.1210    0.5433    0.1732    0.4033
 000458   P  0.845272  0.604160  0.625319    0.4781    0.4582    0.2650    0.1070    0.5461    0.1781    0.4100
 000459   S  0.883377  0.569862  0.633512    0.4825    0.4864    0.2650    0.0990    0.5534    0.1864    0.4161
 000460   R  0.906196  0.548596  0.639592    0.4781    0.4330    0.2690    0.0930    0.5457    0.1970    0.4200
 000461   V  0.918923  0.536139  0.644151    0.5762    0.5296    0.2590    0.0970    0.5773    0.1943    0.4270
 000462   L  0.930574  0.521570  0.647837    0.5412    0.4256    0.2550    0.0940    0.5537    0.2072    0.4328
 000463   R  0.926508  0.510677  0.648921    0.5412    0.3321    0.2670    0.0960    0.5378    0.2159    0.4302
 000464   Y  0.924689  0.515359  0.650188    0.4420    0.3149    0.3140    0.1130    0.5268    0.2126    0.4315
 000465   M  0.904231  0.509890  0.647712    0.3939    0.3460    0.3290    0.1240    0.5218    0.2028    0.4284
 000466   P  0.875628  0.488785  0.644029    0.4282    0.3840    0.3180    0.1310    0.5231    0.1873    0.4188
 000467   Q  0.847024  0.494578  0.637430    0.4282    0.3807    0.3540    0.1450    0.5236    0.1716    0.4132
 000468   G  0.818042  0.498047  0.631204    0.4420    0.3872    0.4100    0.1700    0.5311    0.1510    0.4093
 000469   N  0.797744  0.499939  0.626072    0.4149    0.3599    0.4550    0.1990    0.5256    0.1469    0.4059
 000470   P  0.771066  0.519469  0.620589    0.4116    0.3566    0.4540    0.2120    0.5223    0.1390    0.4028
 000471   M  0.725588  0.523427  0.613135    0.4116    0.2951    0.4880    0.2220    0.5095    0.1376    0.3982
 000472   E  0.666911  0.513458  0.602355    0.4651    0.2884    0.5120    0.2140    0.5081    0.1185    0.3892
 000473   I  0.640653  0.496802  0.589678    0.4703    0.3053    0.5250    0.2030    0.5046    0.1058    0.3863
 000474   I  0.644144  0.481206  0.578042    0.3885    0.2436    0.5550    0.2080    0.4818    0.1332    0.3876
 000475   Q  0.650531  0.448755  0.566324    0.3939    0.2503    0.5660    0.2040    0.4794    0.1324    0.3881
 000476   S  0.658311  0.416844  0.553120    0.3491    0.2988    0.5640    0.1940    0.4734    0.1277    0.3967
 000477   H  0.669107  0.380720  0.538553    0.2385    0.2817    0.5440    0.1920    0.4422    0.1540    0.4029
 000478   R  0.679800  0.348706  0.526425    0.2292    0.2129    0.5440    0.1900    0.4234    0.1724    0.3956
 000479   G  0.689126  0.332046  0.521412    0.2255    0.2129    0.5500    0.1890    0.4219    0.1771    0.3900
 000480   K  0.721646  0.331931  0.523120    0.1566    0.2064    0.5160    0.1830    0.4093    0.1970    0.3857
 000481   R  0.776375  0.320801  0.529519    0.1349    0.1611    0.4870    0.1570    0.4017    0.2235    0.3779
 000482   V  0.787648  0.303143  0.536696    0.1602    0.1702    0.4440    0.1220    0.4003    0.2201    0.3763
 000483   L  0.763388  0.301947  0.542940    0.1349    0.1731    0.4010    0.0940    0.3862    0.2171    0.3786
 000484   V  0.782327  0.284959  0.546884    0.1732    0.1823    0.3320    0.0670    0.3837    0.2171    0.3661
 000485   V  0.759155  0.304382  0.547175    0.2333    0.1914    0.2780    0.0860    0.3855    0.2020    0.3560
 000486   L  0.732522  0.331610  0.543368    0.1495    0.1823    0.2500    0.0940    0.3648    0.2086    0.3498
 000487   E  0.706436  0.344279  0.537090    0.0935    0.1759    0.2280    0.1090    0.3475    0.2133    0.3341
 000488   E  0.634907  0.369582  0.531642    0.0832    0.1137    0.2110    0.1110    0.3240    0.2069    0.3278
 000489   V  0.557736  0.395656  0.529503    0.0789    0.1137    0.2020    0.1060    0.3129    0.1917    0.3375
 000490   K  0.481773  0.401319  0.530963    0.0455    0.1115    0.1950    0.0890    0.2944    0.1861    0.3437
 000491   E  0.408947  0.416485  0.535445    0.0455    0.1206    0.2110    0.0850    0.2897    0.1756    0.3474
 000492   A  0.352384  0.440798  0.542366    0.0464    0.1229    0.2190    0.0800    0.2872    0.1745    0.3554
 000493   A  0.250239  0.441920  0.550340    0.0660    0.1229    0.2260    0.0840    0.2762    0.1700    0.3560
 000494   E  0.188406  0.432665  0.560097    0.1088    0.1048    0.2410    0.0940    0.2726    0.1690    0.3530
 000495   L  0.126000  0.439998  0.570144    0.1117    0.0985    0.2530    0.1070    0.2665    0.1800    0.3699
 000496   Y  0.068598  0.435681  0.581577    0.0991    0.0909    0.2490    0.1110    0.2541    0.1938    0.3855
 000497   K  0.066266  0.420144  0.591282    0.1018    0.1449    0.2500    0.1210    0.2623    0.1876    0.3984
 000498   R  0.055475  0.414390  0.599330    0.0660    0.1373    0.2610    0.1370    0.2556    0.1972    0.4213
 000499   L  0.049764  0.412942  0.605454    0.0723    0.1298    0.2560    0.1470    0.2543    0.1996    0.4268
 000500   K  0.052668  0.410451  0.610754    0.1117    0.1206    0.2310    0.1310    0.2562    0.1961    0.4216
 000501   G  0.049840  0.413156  0.616977    0.1060    0.1028    0.2240    0.1240    0.2522    0.2018    0.4139
 000502   E  0.076996  0.411205  0.623866    0.0643    0.1048    0.2170    0.1120    0.2497    0.2051    0.4037
 000503   G  0.170849  0.368333  0.631362    0.0660    0.1229    0.2100    0.1040    0.2616    0.1900    0.3943
 000504   V  0.247860  0.348656  0.638859    0.0771    0.1476    0.2020    0.0950    0.2770    0.1822    0.3820
 000505   F  0.276729  0.353034  0.643173    0.0789    0.1373    0.2120    0.1040    0.2835    0.1838    0.3718
 000506   L  0.293085  0.290555  0.645194    0.1380    0.1969    0.2040    0.1000    0.2946    0.1660    0.3818
 000507   Y  0.306078  0.280987  0.644065    0.1998    0.2715    0.2140    0.1080    0.3193    0.1499    0.3991
 000508   H  0.314121  0.302899  0.642595    0.1958    0.2129    0.2240    0.1080    0.3154    0.1530    0.4255
 000509   G  0.319668  0.329240  0.639014    0.1998    0.1349    0.2860    0.1510    0.3180    0.1590    0.4047
 000510   R  0.340587  0.357186  0.632357    0.2167    0.1969    0.3120    0.1570    0.3426    0.1427    0.3739
 000511   L  0.373732  0.374718  0.621850    0.1416    0.2129    0.3150    0.1780    0.3399    0.1516    0.3505
 000512   A  0.386350  0.421536  0.609051    0.1456    0.1583    0.3190    0.1760    0.3400    0.1594    0.3230
 000513   E  0.417269  0.469853  0.595141    0.1566    0.1449    0.4310    0.1580    0.3691    0.1647    0.2936
 000514   G  0.492726  0.484988  0.582310    0.1041    0.1424    0.6010    0.1880    0.4013    0.2015    0.2658
 000515   Q  0.577841  0.484966  0.570491    0.1416    0.1942    0.6060    0.1460    0.4292    0.1890    0.2379
 000516   R  0.672520  0.469988  0.560654    0.2080    0.3087    0.4690    0.1280    0.4481    0.1533    0.2151
 000517   R  0.764245  0.453777  0.551678    0.2748    0.3774    0.3850    0.1170    0.4678    0.1567    0.2041
 000518   R  0.858066  0.432687  0.542798    0.3535    0.4292    0.3580    0.1270    0.4957    0.1737    0.1985
 000519   V  0.941948  0.440560  0.532282    0.3359    0.4292    0.3520    0.1580    0.5054    0.2055    0.2012
 000520   F  0.989336  0.455777  0.518124    0.3005    0.4441    0.3970    0.1720    0.5174    0.2212    0.2053
 000521   G  0.990941  0.486540  0.499626    0.3184    0.4801    0.4140    0.1570    0.5316    0.2144    0.2001
 000522   E  0.992087  0.523178  0.478418    0.3939    0.4864    0.4800    0.1600    0.5589    0.1976    0.1964
 000523   V  0.980351  0.551462  0.456471    0.4600    0.4476    0.5630    0.1570    0.5765    0.1864    0.1996
 000524   K  0.939969  0.548040  0.436524    0.3939    0.3667    0.6110    0.1960    0.5493    0.1943    0.2095
 000525   R  0.895137  0.556874  0.418565    0.3225    0.2849    0.6330    0.1960    0.5185    0.2079    0.2243
 000526   R  0.855846  0.565405  0.402741    0.2483    0.2918    0.6090    0.1950    0.4955    0.2077    0.2449
 000527   D  0.835746  0.528188  0.386468    0.1805    0.3087    0.5380    0.1710    0.4630    0.2075    0.2686
 000528   K  0.816015  0.483951  0.370340    0.1844    0.3426    0.4720    0.1560    0.4449    0.1932    0.2905
 000529   A  0.792321  0.464660  0.353961    0.1921    0.3215    0.4440    0.1530    0.4280    0.1857    0.3163
 000530   Q  0.771516  0.417261  0.339356    0.2865    0.2988    0.4080    0.1620    0.4202    0.1647    0.3408
 000531   E  0.741326  0.364159  0.326641    0.3456    0.4087    0.3700    0.1520    0.4261    0.1432    0.3705
 000532   P  0.718562  0.310961  0.314860    0.2531    0.3426    0.3400    0.1400    0.3800    0.1542    0.4083
 000533   Y  0.700509  0.261344  0.304607    0.2657    0.3321    0.3160    0.1270    0.3634    0.1529    0.4263
 000534   L  0.686906  0.198570  0.295759    0.2602    0.3321    0.2790    0.1130    0.3421    0.1594    0.4067
 000535   L  0.685544  0.162503  0.288530    0.2748    0.3494    0.2730    0.0970    0.3390    0.1645    0.3976
 000536   I  0.670472  0.147929  0.282553    0.2122    0.2817    0.2720    0.0920    0.3112    0.1677    0.3984
 000537   T  0.649636  0.151684  0.276272    0.2333    0.2988    0.2530    0.0910    0.3105    0.1585    0.3990
 000538   T  0.614338  0.167910  0.271894    0.1495    0.2575    0.2470    0.0950    0.2847    0.1543    0.4028
 000539   P  0.556719  0.175043  0.269055    0.1602    0.2715    0.2420    0.0860    0.2791    0.1314    0.4069
 000540   A  0.530009  0.181610  0.269045    0.1635    0.2364    0.2480    0.0880    0.2714    0.1214    0.4160
 000541   I  0.516454  0.192702  0.271944    0.1635    0.1671    0.2550    0.0920    0.2611    0.1214    0.4242
 000542   E  0.526835  0.218921  0.277843    0.1150    0.1115    0.2710    0.0950    0.2536    0.1391    0.4306
 000543   V  0.521897  0.232682  0.284810    0.0567    0.0985    0.3040    0.1070    0.2498    0.1521    0.4321
 000544   G  0.513626  0.237699  0.288853    0.0587    0.1554    0.3070    0.1050    0.2603    0.1410    0.4298
 000545   V  0.510634  0.236156  0.288884    0.0991    0.1501    0.3080    0.1030    0.2654    0.1318    0.4328
 000546   D  0.514849  0.234051  0.289078    0.1456    0.1528    0.3110    0.1080    0.2746    0.1241    0.4262
 000547   L  0.535650  0.227346  0.291405    0.1380    0.2575    0.2930    0.1150    0.2905    0.1214    0.4149
 000548   D  0.575318  0.220099  0.297429    0.0935    0.2752    0.2600    0.1100    0.2869    0.1449    0.4077
 000549   A  0.571178  0.205320  0.304536    0.1117    0.2752    0.2390    0.1100    0.2845    0.1419    0.3997
 000550   E  0.565275  0.193345  0.312649    0.1117    0.2609    0.2340    0.1150    0.2797    0.1419    0.3921
 000551   V  0.554913  0.188834  0.321908    0.1416    0.2129    0.2170    0.1010    0.2729    0.1372    0.3824
 000552   L  0.556186  0.168983  0.333123    0.2209    0.2258    0.1950    0.0760    0.2833    0.1323    0.3705
 000553   V  0.552428  0.163819  0.345403    0.1495    0.2193    0.1830    0.0640    0.2689    0.1422    0.3621
 000554   T  0.534419  0.179772  0.356809    0.1566    0.2783    0.1640    0.0500    0.2783    0.1350    0.3584
 000555   T  0.512349  0.190722  0.364593    0.1566    0.2064    0.1590    0.0490    0.2650    0.1310    0.3587
 000556   L  0.490156  0.189129  0.369751    0.2080    0.2680    0.1610    0.0500    0.2811    0.1154    0.3591
 000557   C  0.428624  0.214557  0.373036    0.1349    0.2470    0.1540    0.0470    0.2587    0.1082    0.3649
 000558   P  0.401015  0.245274  0.378582    0.1998    0.2575    0.1500    0.0530    0.2719    0.0905    0.3747
 000559   P  0.372209  0.285040  0.386903    0.1878    0.2575    0.1630    0.0540    0.2753    0.0843    0.3836
 000560   E  0.353406  0.299415  0.398350    0.1602    0.2783    0.1990    0.0710    0.2814    0.0824    0.3950
 000561   N  0.340257  0.304997  0.410022    0.1532    0.2609    0.2300    0.0880    0.2832    0.0817    0.4092
 000562   L  0.320716  0.310232  0.422123    0.1998    0.3215    0.2340    0.0940    0.3014    0.0710    0.4250
 000563   L  0.315127  0.324552  0.434958    0.2657    0.3948    0.1930    0.0730    0.3214    0.0795    0.4198
 000564   Q  0.323251  0.328568  0.447826    0.3263    0.4582    0.1640    0.0600    0.3413    0.0977    0.3934
 000565   R  0.323941  0.359760  0.459224    0.3184    0.4541    0.1630    0.0610    0.3463    0.0997    0.3703
 000566   L  0.351702  0.395638  0.468727    0.3146    0.4441    0.1640    0.0570    0.3565    0.1005    0.3494
 000567   G  0.368160  0.421210  0.477957    0.4037    0.5296    0.1580    0.0600    0.3932    0.1173    0.3255
 000568   R  0.374268  0.454947  0.488718    0.4703    0.5758    0.1780    0.0760    0.4237    0.1248    0.3057
 000569   V  0.383730  0.501623  0.499590    0.4458    0.4619    0.2110    0.0900    0.4172    0.1004    0.2921
 000570   N  0.390997  0.551053  0.509143    0.3806    0.3667    0.2200    0.0960    0.4031    0.1070    0.2850
 000571   R  0.396033  0.575618  0.516750    0.2913    0.2918    0.2400    0.1030    0.3853    0.1240    0.2829
 000572   R  0.405962  0.587430  0.521486    0.2333    0.2783    0.2460    0.1140    0.3788    0.1375    0.2859
 000573   G  0.422111  0.602770  0.522626    0.2432    0.3631    0.2190    0.1060    0.3954    0.1387    0.2919
 000574   G  0.427435  0.580153  0.520823    0.3096    0.4476    0.2060    0.1000    0.4153    0.1254    0.3036
 000575   G  0.440470  0.572093  0.521089    0.3184    0.3704    0.2090    0.1050    0.4053    0.1223    0.3181
 000576   Q  0.449471  0.554520  0.525184    0.3311    0.4087    0.2260    0.1220    0.4159    0.1121    0.3349
 000577   G  0.465028  0.524086  0.531413    0.3311    0.4940    0.2400    0.1420    0.4310    0.1082    0.3544
 000578   E  0.461065  0.492168  0.537784    0.3762    0.4220    0.1990    0.1150    0.4148    0.1089    0.3787
 000579   A  0.427970  0.465024  0.543625    0.3992    0.3599    0.1870    0.1040    0.3970    0.1101    0.4055
 000580   Y  0.400898  0.414593  0.549813    0.3939    0.4256    0.1820    0.1000    0.3945    0.1084    0.4319
 000581   V  0.351331  0.363698  0.555234    0.3225    0.4119    0.1580    0.0780    0.3605    0.1177    0.4179
 000582   V  0.284833  0.355111  0.559488    0.3311    0.3494    0.1440    0.0620    0.3374    0.1224    0.4022
 000583   G  0.230709  0.356450  0.561512    0.3456    0.3872    0.1490    0.0600    0.3384    0.1292    0.3872
 000584   E  0.181205  0.364723  0.562455    0.2748    0.3948    0.1460    0.0650    0.3206    0.1403    0.3731
 000585   T  0.135414  0.376014  0.561818    0.3146    0.3983    0.1420    0.0580    0.3213    0.1492    0.3604
 000586   Y  0.086504  0.391496  0.562366    0.3311    0.3286    0.1420    0.0500    0.3071    0.1577    0.3505
 000587   P  0.049914  0.399190  0.563242    0.3263    0.2541    0.1390    0.0390    0.2886    0.1681    0.3440
 000588   D  0.041786  0.416418  0.566233    0.2602    0.2645    0.1570    0.0550    0.2843    0.1698    0.3401
 000589   Y  0.028828  0.425905  0.568033    0.1805    0.1852    0.1780    0.0700    0.2610    0.1801    0.3385
 000590   L  0.022142  0.429312  0.567714    0.2292    0.1449    0.1870    0.0770    0.2634    0.1823    0.3413
 000591   G  0.014943  0.419719  0.564851    0.2255    0.1969    0.2040    0.1050    0.2709    0.1761    0.3466
 000592   S  0.014215  0.424310  0.561304    0.2122    0.2364    0.2280    0.1320    0.2793    0.1731    0.3500
 000593   L  0.021819  0.419187  0.557747    0.2602    0.2258    0.2300    0.1310    0.2858    0.1677    0.3517
 000594   P  0.024171  0.417747  0.555021    0.2209    0.2399    0.2250    0.1230    0.2804    0.1674    0.3529
 000595   E  0.026689  0.405279  0.553846    0.1416    0.2292    0.2350    0.1260    0.2653    0.1719    0.3542
 000596   G  0.066626  0.387535  0.555606    0.1566    0.2224    0.2370    0.1270    0.2710    0.1597    0.3560
 000597   Y  0.119138  0.379807  0.559216    0.2209    0.3053    0.2310    0.1230    0.3025    0.1398    0.3572
 000598   L  0.171363  0.366378  0.563211    0.1958    0.2064    0.2040    0.1000    0.2845    0.1400    0.3601
 000599   E  0.220146  0.371334  0.564375    0.1998    0.1759    0.1820    0.1010    0.2857    0.1411    0.3652
 000600   L  0.281222  0.400413  0.563078    0.1998    0.2470    0.2040    0.1000    0.3160    0.1292    0.3703
 000601   L  0.330815  0.409590  0.559774    0.2333    0.3182    0.1860    0.0880    0.3397    0.1216    0.3787
 000602   K  0.395506  0.416779  0.555962    0.2531    0.3215    0.1730    0.0800    0.3526    0.1228    0.3905
 000603   A  0.457650  0.425646  0.552514    0.2483    0.3286    0.1900    0.0910    0.3671    0.1246    0.4006
 000604   L  0.537000  0.428009  0.550067    0.3184    0.4119    0.1940    0.1070    0.4065    0.1233    0.4084
 000605   D  0.580570  0.443965  0.548592    0.2963    0.3704    0.2090    0.1110    0.4081    0.1320    0.4162
 000606   G  0.601162  0.487571  0.545654    0.3005    0.2918    0.2380    0.1240    0.4108    0.1393    0.4283
 000607   Q  0.622142  0.526794  0.539726    0.2913    0.2783    0.2540    0.1330    0.4187    0.1476    0.4299
 000608   D  0.639375  0.545434  0.530993    0.2786    0.3529    0.3120    0.1410    0.4432    0.1349    0.4196
 000609   L  0.610270  0.564418  0.520341    0.3359    0.4017    0.3460    0.1420    0.4632    0.1071    0.4088
 000610   A  0.599157  0.595925  0.508232    0.3263    0.3149    0.3440    0.1350    0.4481    0.1236    0.3955
 000611   Q  0.596203  0.613497  0.494945    0.3630    0.3740    0.3880    0.1490    0.4716    0.1037    0.3802
 000612   G  0.599083  0.613418  0.481157    0.3359    0.3807    0.4200    0.1680    0.4716    0.1048    0.3674
 000613   G  0.577176  0.616036  0.467727    0.3359    0.4220    0.4060    0.1790    0.4708    0.0977    0.3612
 000614   E  0.539427  0.593939  0.456479    0.2963    0.4409    0.3870    0.1860    0.4524    0.0969    0.3551
 000615   E  0.532249  0.570331  0.448378    0.4245    0.4476    0.3720    0.1830    0.4659    0.0663    0.3449
 000616   R  0.526039  0.530434  0.443546    0.3939    0.3667    0.3350    0.1570    0.4326    0.0751    0.3367
 000617   L  0.527569  0.487929  0.438378    0.3263    0.3774    0.2780    0.1360    0.4060    0.0875    0.3360
 000618   R  0.574873  0.426868  0.431483    0.2385    0.4051    0.1960    0.0860    0.3788    0.1274    0.3324
 000619   Q  0.614549  0.386409  0.421677    0.2385    0.3807    0.1640    0.0640    0.3676    0.1430    0.3341
 000620   A  0.585548  0.363511  0.410740    0.3491    0.4220    0.1530    0.0540    0.3806    0.1277    0.3379
 000621   I  0.539831  0.350716  0.398163    0.3717    0.4619    0.1440    0.0430    0.3777    0.1220    0.3460
 000622   R  0.501858  0.333883  0.384369    0.3263    0.4652    0.1370    0.0470    0.3580    0.1180    0.3549
 000623   Y  0.465216  0.340719  0.369407    0.3359    0.3667    0.1450    0.0580    0.3372    0.0958    0.3682
 000624   P  0.409301  0.356673  0.353711    0.3359    0.2715    0.1270    0.0470    0.3089    0.0911    0.3809
 000625   K  0.346592  0.347988  0.336983    0.2385    0.2783    0.1200    0.0390    0.2781    0.0813    0.3937
 000626   Y  0.281391  0.334726  0.319806    0.1495    0.2436    0.1240    0.0390    0.2422    0.0803    0.4119
 000627   L  0.201321  0.339729  0.301168    0.1635    0.1881    0.1060    0.0290    0.2167    0.0799    0.4265
 000628   D  0.122289  0.325148  0.282420    0.2122    0.2609    0.0920    0.0240    0.2159    0.0841    0.4304
 000629   P  0.080754  0.311559  0.263804    0.1566    0.2849    0.0870    0.0220    0.1974    0.0937    0.4214
 000630   R  0.058088  0.307457  0.248424    0.1602    0.2129    0.0890    0.0240    0.1794    0.0871    0.4164
 000631   A  0.035239  0.299549  0.235740    0.1878    0.1823    0.0920    0.0250    0.1721    0.0874    0.4053
 000632   E  0.023492  0.270596  0.225549    0.2041    0.1942    0.0790    0.0260    0.1662    0.0862    0.3943
 000633   T  0.012609  0.244326  0.215472    0.1602    0.2064    0.0710    0.0260    0.1516    0.0833    0.3809
 000634   F  0.007747  0.221352  0.204417    0.1602    0.2034    0.0660    0.0260    0.1439    0.0796    0.3699
 000635   F  0.006672  0.202400  0.191924    0.1266    0.1852    0.0640    0.0270    0.1295    0.0727    0.3611
 000636   E  0.009893  0.179120  0.179163    0.0813    0.1373    0.0640    0.0280    0.1084    0.0623    0.3582
 000637   A  0.013056  0.162731  0.167891    0.1266    0.2002    0.0560    0.0200    0.1211    0.0660    0.3545
 000638   L  0.015069  0.147624  0.158898    0.1205    0.2752    0.0490    0.0150    0.1277    0.0837    0.3513
 000639   Q  0.015189  0.127077  0.152158    0.1088    0.2715    0.0450    0.0130    0.1200    0.0824    0.3501
 000640   D  0.016137  0.124385  0.147359    0.0935    0.2680    0.0490    0.0140    0.1163    0.0808    0.3471
 000641   Y  0.019250  0.131268  0.143463    0.1060    0.2129    0.0570    0.0170    0.1117    0.0621    0.3448
 000642   V  0.037863  0.131255  0.140723    0.1532    0.2399    0.0740    0.0280    0.1295    0.0637    0.3455
 000643   Y  0.037643  0.140582  0.140487    0.0965    0.2164    0.0760    0.0250    0.1179    0.0569    0.3455
 000644   G  0.035747  0.172019  0.141003    0.0909    0.1969    0.0760    0.0230    0.1188    0.0562    0.3549
 000645   L  0.033901  0.201001  0.140274    0.1292    0.2951    0.0950    0.0300    0.1491    0.0823    0.3661
 000646   D  0.031944  0.228867  0.136407    0.1844    0.2951    0.1150    0.0410    0.1652    0.0841    0.3772
 000647   L  0.034986  0.267822  0.131929    0.1805    0.2224    0.1240    0.0430    0.1603    0.0749    0.3840
 000648   T  0.047737  0.308215  0.129546    0.1380    0.2258    0.1330    0.0410    0.1637    0.0826    0.3956
 000649   Q  0.047760  0.322703  0.129143    0.1532    0.3053    0.1440    0.0470    0.1837    0.0984    0.4058
 000650   E  0.045630  0.342302  0.131895    0.1266    0.2884    0.1420    0.0380    0.1795    0.1023    0.4124
 000651   P  0.027598  0.345051  0.137325    0.1240    0.2783    0.1430    0.0450    0.1759    0.1051    0.4204
 000652   L  0.029126  0.320293  0.148015    0.1766    0.2258    0.1620    0.0530    0.1770    0.0874    0.4286
 000653   H  0.028775  0.341110  0.162917    0.2432    0.2988    0.1540    0.0500    0.2048    0.1034    0.4286
 000654   R  0.031634  0.320683  0.180303    0.2209    0.3948    0.1490    0.0580    0.2162    0.1174    0.4176
 000655   K  0.033447  0.313084  0.197080    0.2167    0.3948    0.1460    0.0660    0.2168    0.1155    0.4152
 000656   G  0.088192  0.293239  0.212214    0.3311    0.4017    0.1420    0.0640    0.2448    0.1084    0.4167
 000657   F  0.137787  0.273851  0.226062    0.3311    0.3774    0.1410    0.0530    0.2478    0.0898    0.4202
 000658   V  0.192145  0.252792  0.241775    0.3535    0.3807    0.1220    0.0350    0.2571    0.0889    0.4162
 000659   A  0.252289  0.261348  0.258199    0.3399    0.3566    0.1160    0.0340    0.2641    0.0778    0.4163
 000660   T  0.349985  0.257400  0.274976    0.2602    0.3599    0.1160    0.0340    0.2698    0.0800    0.4125
 000661   R  0.384976  0.255537  0.290710    0.2333    0.3529    0.1160    0.0340    0.2723    0.0872    0.4065
 000662   G  0.403359  0.265316  0.308226    0.2080    0.3356    0.1180    0.0380    0.2731    0.0917    0.4047
 000663   W  0.424460  0.272412  0.327789    0.2913    0.4186    0.1210    0.0390    0.3093    0.1022    0.4024
 000664   T  0.469008  0.299031  0.348854    0.2963    0.4292    0.1220    0.0430    0.3274    0.1116    0.4024
 000665   P  0.466873  0.331791  0.369975    0.3225    0.3807    0.1290    0.0420    0.3334    0.1028    0.4018
 000666   S  0.456859  0.368290  0.391713    0.3359    0.4017    0.1430    0.0420    0.3496    0.0993    0.3996
 000667   V  0.445935  0.392116  0.413371    0.2602    0.3392    0.1550    0.0450    0.3343    0.0998    0.3959
 000668   R  0.429288  0.416752  0.436246    0.3399    0.4619    0.1570    0.0430    0.3736    0.1037    0.3928
 000669   L  0.368221  0.454983  0.460074    0.3399    0.4409    0.1740    0.0480    0.3730    0.0998    0.3947
 000670   R  0.403179  0.503617  0.484002    0.3992    0.4801    0.1870    0.0540    0.4095    0.1073    0.3943
 000671   Q  0.458222  0.536872  0.505983    0.3184    0.4541    0.2170    0.0690    0.4151    0.1119    0.3985
 000672   G  0.476496  0.565744  0.526321    0.3456    0.4017    0.2450    0.0750    0.4267    0.1096    0.4027
 000673   E  0.503343  0.593755  0.545908    0.3184    0.3426    0.2370    0.0620    0.4236    0.1308    0.4067
 000674   D  0.534322  0.588176  0.564409    0.3668    0.4619    0.2650    0.0810    0.4635    0.1150    0.4126
 000675   E  0.575089  0.591215  0.583610    0.3184    0.4369    0.2870    0.0940    0.4653    0.1266    0.4183
 000676   V  0.624085  0.599089  0.603854    0.3005    0.3983    0.2820    0.1070    0.4680    0.1457    0.4231
 000677   E  0.673918  0.597953  0.625006    0.2748    0.4087    0.2610    0.0830    0.4736    0.1670    0.4267
 000678   V  0.731762  0.608072  0.645400    0.3263    0.4801    0.2620    0.0810    0.5089    0.1700    0.4302
 000679   P  0.753718  0.623131  0.663897    0.3399    0.4220    0.2540    0.0720    0.5095    0.1817    0.4318
 000680   I  0.770948  0.637942  0.681585    0.4078    0.5017    0.2660    0.0760    0.5444    0.1716    0.4327
 000681   D  0.818544  0.646733  0.696880    0.3630    0.5533    0.2630    0.0740    0.5569    0.1915    0.4336
 000682   R  0.828957  0.652776  0.710522    0.3630    0.4766    0.2960    0.0890    0.5547    0.1909    0.4334
 000683   L  0.831610  0.670712  0.721155    0.3847    0.4582    0.3140    0.0840    0.5633    0.1887    0.4335
 000684   V  0.819676  0.711688  0.729023    0.3359    0.3872    0.2900    0.0700    0.5456    0.2124    0.4328
 000685   G  0.806344  0.709630  0.735034    0.3096    0.3117    0.3110    0.0660    0.5306    0.2216    0.4314
 000686   R  0.782748  0.740283  0.741730    0.2700    0.3117    0.3730    0.0620    0.5365    0.2209    0.4302
 000687   K  0.761624  0.759902  0.750204    0.2820    0.3599    0.4120    0.0760    0.5542    0.2065    0.4295
 000688   E  0.741760  0.784150  0.759555    0.2913    0.2783    0.4450    0.0990    0.5501    0.2188    0.4292
 000689   E  0.733205  0.801983  0.767158    0.3359    0.2752    0.4920    0.1100    0.5675    0.2110    0.4296
 000690   L  0.732666  0.808548  0.773858    0.2531    0.2541    0.4870    0.1200    0.5516    0.2345    0.4316
 000691   T  0.739136  0.796157  0.780449    0.2700    0.3460    0.4380    0.1160    0.5616    0.2165    0.4329
 000692   P  0.739250  0.787817  0.787266    0.2748    0.3356    0.4090    0.0990    0.5556    0.2199    0.4341
 000693   V  0.749155  0.800081  0.791587    0.3005    0.3599    0.4200    0.0850    0.5703    0.2134    0.4352
 000694   R  0.755868  0.833514  0.793331    0.3668    0.4330    0.4680    0.0840    0.6085    0.1894    0.4354
 000695   V  0.735830  0.829482  0.793412    0.4116    0.5017    0.4940    0.0740    0.6276    0.1635    0.4368
 000696   V  0.700592  0.815203  0.794034    0.4078    0.5139    0.4620    0.0710    0.6155    0.1613    0.4380
 000697   E  0.666540  0.809234  0.794181    0.4379    0.5098    0.4240    0.0550    0.6069    0.1587    0.4388
 000698   R  0.644172  0.819858  0.794294    0.4513    0.5055    0.5040    0.0590    0.6199    0.1449    0.4389
 000699   L  0.605061  0.790271  0.792870    0.4333    0.4801    0.5660    0.0530    0.6113    0.1390    0.4377
 000700   L  0.573809  0.820644  0.790788    0.4203    0.4801    0.6230    0.0750    0.6181    0.1478    0.4359
 000701   T  0.558616  0.803817  0.787999    0.4651    0.5707    0.5840    0.0700    0.6283    0.1246    0.4341
 000702   D  0.525615  0.835867  0.785985    0.4600    0.4940    0.6430    0.0720    0.6240    0.1443    0.4337
 000703   G  0.502871  0.839920  0.783800    0.4333    0.4901    0.6430    0.0660    0.6155    0.1533    0.4335
 000704   E  0.496523  0.838779  0.781262    0.4245    0.4864    0.6590    0.0710    0.6144    0.1562    0.4330
 000705   T  0.539517  0.842341  0.778391    0.4703    0.4831    0.6840    0.0920    0.6330    0.1445    0.4308
 000706   G  0.581324  0.839375  0.775599    0.4458    0.5533    0.7000    0.1090    0.6492    0.1353    0.4279
 000707   N  0.602611  0.832508  0.772902    0.4781    0.6427    0.7160    0.1150    0.6741    0.1163    0.4252
 000708   R  0.633122  0.825748  0.769947    0.4749    0.6427    0.7820    0.0920    0.6881    0.1190    0.4221
 000709   R  0.644807  0.821925  0.766367    0.4967    0.5707    0.8160    0.0900    0.6861    0.1243    0.4173
 000710   R  0.655290  0.812129  0.762076    0.5583    0.5758    0.8560    0.1110    0.7033    0.1142    0.4152
 000711   E  0.663763  0.804853  0.756890    0.5514    0.6755    0.8140    0.1260    0.7112    0.0918    0.4139
 000712   E  0.664061  0.787932  0.751611    0.4825    0.6427    0.8090    0.1290    0.6896    0.1106    0.4149
 000713   V  0.678513  0.772270  0.745785    0.4781    0.6375    0.8040    0.1160    0.6861    0.1085    0.4177
 000714   P  0.654745  0.757154  0.739607    0.4556    0.5493    0.6940    0.1450    0.6418    0.1072    0.4213
 000715   L  0.645478  0.739936  0.732542    0.4651    0.4801    0.6500    0.1510    0.6189    0.1097    0.4256
 000716   R  0.649767  0.713533  0.725399    0.3885    0.4087    0.6000    0.1430    0.5809    0.1356    0.4282
 000717   S  0.617385  0.683756  0.717178    0.3263    0.4149    0.5180    0.1420    0.5463    0.1412    0.4324
 000718   G  0.605731  0.662198  0.709573    0.2531    0.3356    0.5050    0.1350    0.5118    0.1676    0.4315
 000719   E  0.526283  0.620969  0.701609    0.2748    0.3807    0.4560    0.1570    0.4935    0.1429    0.4277
 000720   L  0.463394  0.588349  0.695093    0.2255    0.3249    0.4420    0.1520    0.4566    0.1556    0.4244
 000721   Y  0.403014  0.555565  0.688126    0.2657    0.3704    0.4150    0.2010    0.4496    0.1364    0.4230
 000722   G  0.351540  0.554914  0.682131    0.1958    0.2951    0.3570    0.1650    0.4061    0.1634    0.4225
 000723   R  0.295094  0.517205  0.676266    0.2167    0.2988    0.3320    0.1440    0.3894    0.1575    0.4234
 000724   E  0.223914  0.532271  0.670208    0.2080    0.3840    0.2820    0.1320    0.3834    0.1688    0.4231
 000725   L  0.139101  0.495462  0.662620    0.2041    0.3667    0.2720    0.1180    0.3566    0.1783    0.4220
 000726   V  0.089551  0.510978  0.653292    0.2963    0.3704    0.2110    0.0850    0.3552    0.1863    0.4209
 000727   L  0.030399  0.496955  0.643968    0.3225    0.3910    0.1960    0.0800    0.3469    0.1984    0.4219
 000728   N  0.027619  0.482632  0.636737    0.2292    0.3053    0.1920    0.0850    0.3123    0.1986    0.4242
 000729   Y  0.029852  0.453947  0.630884    0.2292    0.2503    0.1890    0.0850    0.2972    0.1940    0.4267
 000730   P  0.027758  0.456442  0.626010    0.1380    0.2503    0.1720    0.0830    0.2785    0.2029    0.4336
 000731   Y  0.021619  0.442756  0.620202    0.1349    0.2503    0.1760    0.0880    0.2742    0.2007    0.4420
 000732   P  0.020041  0.432151  0.614723    0.1921    0.3460    0.1680    0.0890    0.2956    0.1940    0.4480
 000733   Y  0.018881  0.447244  0.610196    0.1240    0.3286    0.1900    0.1020    0.2865    0.1999    0.4538
 000734   D  0.018666  0.461292  0.607816    0.1532    0.2951    0.1880    0.1030    0.2873    0.1971    0.4574
 000735   P  0.018945  0.460709  0.607315    0.1416    0.2034    0.1950    0.1090    0.2711    0.1999    0.4601
 000736   E  0.027131  0.471213  0.608131    0.1416    0.2715    0.1980    0.1160    0.2862    0.1975    0.4636
 000737   L  0.027083  0.455403  0.609066    0.1240    0.3053    0.1870    0.1170    0.2846    0.1986    0.4672
 000738   G  0.049341  0.445134  0.610205    0.1921    0.3053    0.1830    0.1080    0.2975    0.1851    0.4686
 000739   F  0.066209  0.435147  0.610719    0.1766    0.2783    0.2110    0.1150    0.2964    0.1793    0.4692
 000740   V  0.099619  0.406177  0.610997    0.1698    0.3460    0.1900    0.1050    0.3038    0.1728    0.4713
 000741   E  0.138462  0.417602  0.609790    0.1456    0.3426    0.1550    0.0970    0.3015    0.1744    0.4745
 000742   L  0.162159  0.420736  0.608672    0.1921    0.4220    0.1430    0.0840    0.3248    0.1715    0.4762
 000743   P  0.178388  0.416046  0.607786    0.1921    0.4220    0.1340    0.0770    0.3251    0.1699    0.4768
 000744   K  0.196673  0.417468  0.609050    0.2786    0.4979    0.1500    0.0890    0.3582    0.1643    0.4754
 000745   V  0.204227  0.395836  0.611334    0.2820    0.4619    0.1690    0.1050    0.3540    0.1536    0.4767
 000746   F  0.222347  0.428684  0.614535    0.2786    0.3807    0.1750    0.1040    0.3499    0.1468    0.4750
 000747   Q  0.217133  0.429197  0.618441    0.2602    0.3774    0.1870    0.1120    0.3483    0.1479    0.4670
 000748   R  0.210016  0.464969  0.623157    0.2913    0.3807    0.2210    0.1230    0.3652    0.1455    0.4560
 000749   L  0.197040  0.503929  0.627543    0.3096    0.3215    0.2420    0.1300    0.3669    0.1508    0.4501
 000750   R  0.183675  0.515662  0.632455    0.3491    0.3426    0.2510    0.1410    0.3790    0.1526    0.4418
 000751   H  0.185275  0.540741  0.637292    0.3630    0.3840    0.2710    0.1550    0.3969    0.1530    0.4397
 000752   P  0.196597  0.568733  0.643477    0.2913    0.4017    0.2670    0.1570    0.3949    0.1625    0.4387
 000753   D  0.232677  0.576830  0.646368    0.3578    0.4766    0.2950    0.1670    0.4309    0.1488    0.4376
 000754   P  0.271357  0.569869  0.646426    0.3630    0.4292    0.3020    0.1520    0.4303    0.1369    0.4376
 000755   Q  0.330703  0.560066  0.643181    0.3762    0.4619    0.3380    0.1420    0.4517    0.1167    0.4371
 000756   R  0.392868  0.552137  0.641446    0.4420    0.4979    0.3420    0.1410    0.4781    0.0996    0.4377
 000757   V  0.473167  0.524238  0.641523    0.5412    0.6089    0.3120    0.1230    0.5169    0.1067    0.4435
 000758   Q  0.547073  0.501149  0.641950    0.5008    0.6136    0.2520    0.1130    0.5095    0.1265    0.4521
 000759   L  0.614220  0.447010  0.639240    0.5173    0.6183    0.2650    0.1300    0.5168    0.1312    0.4612
 000760   L  0.679498  0.442261  0.631660    0.5992    0.7331    0.2550    0.1240    0.5568    0.1621    0.4666
 000761   Y  0.740324  0.423222  0.619933    0.5802    0.7718    0.2860    0.1300    0.5702    0.1706    0.4706
 000762   A  0.773884  0.485279  0.606998    0.6174    0.7755    0.3400    0.1550    0.5999    0.1539    0.4708
 000763   P  0.798694  0.534765  0.594223    0.6035    0.6755    0.3740    0.1610    0.5967    0.1295    0.4696
 000764   E  0.806342  0.583786  0.581683    0.5846    0.6269    0.4840    0.1670    0.6113    0.0972    0.4697
 000765   K  0.810480  0.611557  0.568996    0.5084    0.6136    0.5530    0.1500    0.6110    0.0961    0.4746
 000766   D  0.810616  0.662677  0.557569    0.4600    0.6227    0.5820    0.1540    0.6160    0.1072    0.4850
 000767   A  0.812481  0.703904  0.547738    0.4918    0.6712    0.6260    0.1200    0.6422    0.1044    0.4924
 000768   G  0.825528  0.692200  0.539764    0.5549    0.7459    0.6710    0.1220    0.6716    0.1005    0.4983
 000769   E  0.840783  0.679693  0.530185    0.5514    0.6712    0.6770    0.1540    0.6584    0.1018    0.5048
 000770   A  0.856885  0.662992  0.519511    0.6174    0.7595    0.6430    0.1850    0.6766    0.1071    0.5156
 000771   P  0.865231  0.628599  0.508171    0.6174    0.8279    0.5750    0.2200    0.6704    0.1308    0.5280
 000772   E  0.867531  0.605756  0.501106    0.6756    0.8894    0.5330    0.2080    0.6788    0.1517    0.5463
 000773   G  0.861872  0.582088  0.497064    0.6944    0.9013    0.5520    0.1840    0.6815    0.1536    0.5671
 000774   V  0.851906  0.569692  0.494233    0.6681    0.8655    0.5550    0.1900    0.6675    0.1445    0.5896
 000775   M  0.798139  0.559855  0.490792    0.6604    0.8343    0.5760    0.2030    0.6533    0.1257    0.6025
 000776   D  0.719970  0.556019  0.488472    0.6442    0.7982    0.5270    0.2320    0.6222    0.1099    0.6002
 000777   T  0.628105  0.547528  0.488393    0.6124    0.7120    0.4600    0.2410    0.5747    0.0861    0.5956
 000778   D  0.532283  0.542049  0.489808    0.5992    0.6043    0.4030    0.2220    0.5285    0.0685    0.5994
 000779   Q  0.437978  0.533696  0.493722    0.5583    0.5211    0.3960    0.2000    0.4902    0.0563    0.6095
 000780   V  0.353454  0.516750  0.499372    0.5126    0.4507    0.4140    0.2150    0.4579    0.0592    0.6308
 000781   T  0.285502  0.501082  0.505608    0.4781    0.4725    0.3850    0.1960    0.4380    0.0789    0.6567
 000782   G  0.204799  0.488459  0.510697    0.4078    0.4541    0.3490    0.1880    0.4025    0.1030    0.6841
 000783   G  0.125999  0.473899  0.515121    0.4078    0.4441    0.3170    0.1510    0.3806    0.1294    0.7103
 000784   G  0.092823  0.469020  0.522430    0.4245    0.4220    0.3170    0.1350    0.3746    0.1404    0.7338
 000785   R  0.076209  0.467488  0.533323    0.4781    0.3774    0.2680    0.1220    0.3667    0.1553    0.7609
 000786   R  0.064023  0.464721  0.548850    0.5008    0.3807    0.2120    0.0880    0.3619    0.1714    0.8104
 000787   V  0.055273  0.464884  0.565163    0.4203    0.3807    0.1760    0.0560    0.3437    0.1743    0.8695
 000788   L  0.047557  0.480915  0.581883    0.4037    0.3948    0.1620    0.0400    0.3452    0.1836    0.9056
 000789   W  0.038471  0.487885  0.598124    0.4078    0.3631    0.1700    0.0410    0.3443    0.1885    0.9256
 000790   Y  0.050246  0.519423  0.616464    0.4245    0.3392    0.1830    0.0450    0.3555    0.1927    0.9363
 000791   L  0.066107  0.553613  0.639228    0.4651    0.3948    0.2100    0.0540    0.3881    0.1966    0.9365
 000792   G  0.068951  0.594297  0.666171    0.4282    0.3872    0.2980    0.1000    0.4072    0.1955    0.9301
 000793   E  0.066674  0.622007  0.694926    0.4282    0.3948    0.4670    0.1940    0.4456    0.2001    0.9229
 000794   S  0.072764  0.641669  0.722689    0.4333    0.3392    0.6030    0.2260    0.4688    0.2189    0.9169
 000795   A  0.081626  0.660113  0.748936    0.4513    0.3182    0.6830    0.2010    0.4905    0.2348    0.9142
 000796   W  0.124572  0.684957  0.773563    0.4333    0.3494    0.7040    0.2040    0.5116    0.2302    0.9105
 000797   A  0.220334  0.710992  0.795423    0.4420    0.3840    0.6700    0.1860    0.5371    0.2031    0.8929
 000798   E  0.322630  0.734748  0.814244    0.4967    0.4476    0.6480    0.1670    0.5774    0.1704    0.8629
 000799   P  0.404276  0.755501  0.830628    0.5473    0.5211    0.6660    0.1360    0.6208    0.1452    0.8270
 000800   A  0.493077  0.770125  0.847952    0.5941    0.6661    0.6860    0.0840    0.6762    0.1146    0.7945
 000801   K  0.598375  0.790209  0.866988    0.6715    0.7628    0.6960    0.0390    0.7310    0.0869    0.7607
 000802   S  0.705535  0.810583  0.886215    0.7275    0.8421    0.7440    0.0300    0.7859    0.0652    0.7484
 000803   G  0.807802  0.824400  0.902638    0.7418    0.8530    0.7990    0.0750    0.8214    0.0494    0.7446
 000804   E  0.907552  0.837999  0.916538    0.7458    0.8565    0.8300    0.0960    0.8490    0.0566    0.7404
 000805   V  0.973412  0.857816  0.930124    0.7644    0.8596    0.8520    0.0940    0.8729    0.0658    0.7355
 000806   A  0.985425  0.877273  0.943144    0.8074    0.8872    0.8470    0.0870    0.8913    0.0588    0.7185
 000807   E  0.990907  0.890990  0.954560    0.8650    0.9415    0.8540    0.0870    0.9161    0.0498    0.6978
 000808   E  0.993812  0.903281  0.964281    0.9040    0.9534    0.9790    0.0220    0.9496    0.0348    0.6885
 000809   T  0.996917  0.916119  0.972780    0.9162    0.9488    0.9560    0.0610    0.9512    0.0290    0.6842
 000810   E  0.998948  0.925543  0.979370    0.9235    0.9346    0.9250    0.1170    0.9479    0.0299    0.6832
 000811   E  0.999898  0.929561  0.983763    0.9512    0.9473    0.8980    0.1670    0.9517    0.0335    0.6844
 000812   E  0.999964  0.934329  0.987048    0.9760    0.9593    0.9180    0.1300    0.9624    0.0289    0.6877
 000813   E  0.999985  0.939758  0.990400    0.9867    0.9606    0.9180    0.1080    0.9658    0.0296    0.6857
 000814   E  0.999995  0.944810  0.994230    0.9935    0.9621    0.9580    0.0480    0.9754    0.0212    0.6817
 000815   E  0.999998  0.949999  0.998499    0.9964    0.9577    0.9340    0.0740    0.9727    0.0266    0.6752
 000816   G  0.999998  0.955541  1.003051    1.0000    0.9816    0.9210    0.0830    0.9769    0.0298    0.6667
 000817   D  0.999997  0.958152  1.005361    1.0000    0.9879    0.8570    0.1530    0.9681    0.0520    0.6675
