#RESNUM RES     VL-XT     VSL2B       VL3  IUPred-S  IUPred-L  PONDRFIT  FITERROR       MDP  MDPERROR   ANCHOR2
 000001   M  0.707891  0.911495  0.197347    0.8311    0.1942    0.9360    0.0560    0.5967    0.3170    0.0111
 000002   R  0.772437  0.916215  0.187715    0.7951    0.1643    0.8930    0.1030    0.5902    0.3205    0.0117
 000003   S  0.822763  0.910455  0.179544    0.7540    0.0749    0.8960    0.0920    0.5764    0.3453    0.0117
 000004   W  0.816110  0.884932  0.172459    0.6715    0.1206    0.8930    0.0800    0.5644    0.3256    0.0108
 000005   L  0.790847  0.858390  0.166448    0.5173    0.1070    0.9220    0.0460    0.5326    0.3266    0.0108
 000006   P  0.811457  0.808190  0.160629    0.4879    0.0568    0.9160    0.0520    0.5134    0.3345    0.0108
 000007   S  0.779938  0.769875  0.155149    0.3939    0.0320    0.9330    0.0440    0.4848    0.3394    0.0100
 000008   S  0.735545  0.732564  0.150189    0.2292    0.0184    0.9470    0.0280    0.4438    0.3500    0.0088
 000009   R  0.683817  0.671344  0.146261    0.1041    0.0130    0.9530    0.0300    0.4043    0.3561    0.0073
 000010   S  0.613808  0.640131  0.143704    0.0376    0.0099    0.9110    0.0700    0.3687    0.3457    0.0058
 000011   K  0.518542  0.614292  0.141245    0.0121    0.0120    0.8930    0.1090    0.3417    0.3334    0.0044
 000012   G  0.433801  0.545851  0.138077    0.0079    0.0099    0.8300    0.1020    0.3045    0.3037    0.0032
 000013   A  0.348765  0.466865  0.135256    0.0081    0.0105    0.7320    0.0770    0.2611    0.2629    0.0021
 000014   L  0.278348  0.385241  0.132897    0.0033    0.0066    0.6010    0.0550    0.2124    0.2151    0.0015
 000015   E  0.179954  0.290022  0.131711    0.0082    0.0095    0.4540    0.0740    0.1570    0.1587    0.0012
 000016   A  0.125695  0.199802  0.130710    0.0070    0.0153    0.3200    0.0690    0.1113    0.1096    0.0008
 000017   L  0.078696  0.130848  0.118290    0.0052    0.0076    0.2210    0.0570    0.0739    0.0775    0.0006
 000018   L  0.039875  0.082323  0.105660    0.0053    0.0069    0.1490    0.0480    0.0472    0.0554    0.0004
 000019   Y  0.015207  0.059971  0.094346    0.0013    0.0046    0.1120    0.0430    0.0322    0.0466    0.0004
 000020   L  0.012995  0.048682  0.085810    0.0009    0.0038    0.0990    0.0460    0.0276    0.0418    0.0003
 000021   L  0.006524  0.046640  0.083825    0.0006    0.0038    0.0900    0.0460    0.0245    0.0399    0.0003
 000022   G  0.002418  0.043858  0.078955    0.0003    0.0027    0.0790    0.0390    0.0213    0.0371    0.0004
 000023   L  0.001309  0.045116  0.072948    0.0003    0.0027    0.0750    0.0360    0.0208    0.0352    0.0004
 000024   T  0.000452  0.048394  0.071253    0.0002    0.0021    0.0740    0.0320    0.0209    0.0350    0.0006
 000025   F  0.000423  0.051406  0.070562    0.0003    0.0025    0.0550    0.0130    0.0183    0.0318    0.0006
 000026   R  0.000438  0.054097  0.071224    0.0002    0.0021    0.0480    0.0100    0.0174    0.0316    0.0008
 000027   G  0.000353  0.058583  0.073169    0.0002    0.0017    0.0440    0.0090    0.0175    0.0325    0.0010
 000028   F  0.000328  0.058218  0.074841    0.0002    0.0021    0.0420    0.0090    0.0171    0.0327    0.0012
 000029   A  0.000294  0.056618  0.075904    0.0002    0.0021    0.0390    0.0090    0.0164    0.0327    0.0015
 000030   F  0.000472  0.052590  0.076995    0.0002    0.0024    0.0380    0.0100    0.0157    0.0324    0.0018
 000031   V  0.003677  0.052676  0.078256    0.0002    0.0024    0.0380    0.0100    0.0161    0.0323    0.0021
 000032   H  0.008676  0.050873  0.079807    0.0002    0.0032    0.0380    0.0100    0.0168    0.0319    0.0024
 000033   L  0.008702  0.048633  0.080917    0.0001    0.0035    0.0400    0.0110    0.0168    0.0321    0.0024
 000034   G  0.008723  0.051121  0.081731    0.0002    0.0049    0.0410    0.0120    0.0176    0.0324    0.0028
 000035   F  0.008721  0.053428  0.082069    0.0002    0.0042    0.0440    0.0140    0.0185    0.0331    0.0031
 000036   A  0.008702  0.058067  0.082218    0.0004    0.0046    0.0490    0.0140    0.0201    0.0339    0.0036
 000037   A  0.008745  0.067814  0.082549    0.0004    0.0046    0.0520    0.0140    0.0223    0.0355    0.0040
 000038   L  0.008819  0.070465  0.083766    0.0002    0.0032    0.0570    0.0160    0.0232    0.0369    0.0046
 000039   A  0.008783  0.076492  0.085114    0.0004    0.0034    0.0600    0.0160    0.0249    0.0384    0.0053
 000040   L  0.005891  0.080676  0.086195    0.0003    0.0038    0.0650    0.0170    0.0259    0.0402    0.0058
 000041   V  0.001058  0.087750  0.087270    0.0003    0.0050    0.0690    0.0180    0.0273    0.0427    0.0064
 000042   L  0.001904  0.099410  0.089010    0.0006    0.0056    0.0750    0.0180    0.0304    0.0456    0.0070
 000043   G  0.002066  0.119752  0.090418    0.0005    0.0049    0.0710    0.0170    0.0331    0.0501    0.0075
 000044   E  0.002228  0.132159  0.091645    0.0007    0.0049    0.0600    0.0130    0.0333    0.0528    0.0078
 000045   E  0.002405  0.140241  0.092622    0.0006    0.0048    0.0550    0.0100    0.0339    0.0550    0.0069
 000046   A  0.002543  0.139047  0.093542    0.0007    0.0048    0.0540    0.0100    0.0336    0.0548    0.0058
 000047   W  0.002494  0.133247  0.094354    0.0009    0.0048    0.0600    0.0140    0.0336    0.0535    0.0046
 000048   G  0.002346  0.125171  0.095555    0.0007    0.0039    0.0570    0.0150    0.0315    0.0518    0.0034
 000049   F  0.002141  0.117521  0.095319    0.0015    0.0054    0.0510    0.0140    0.0296    0.0494    0.0024
 000050   L  0.002063  0.111565  0.093933    0.0010    0.0044    0.0460    0.0140    0.0274    0.0478    0.0017
 000051   G  0.001181  0.109538  0.091376    0.0040    0.0043    0.0370    0.0100    0.0259    0.0465    0.0013
 000052   A  0.000996  0.099501  0.089245    0.0040    0.0054    0.0340    0.0090    0.0239    0.0435    0.0009
 000053   A  0.000812  0.096362  0.087712    0.0055    0.0076    0.0310    0.0100    0.0236    0.0420    0.0006
 000054   A  0.000914  0.092772  0.085773    0.0059    0.0050    0.0310    0.0110    0.0225    0.0409    0.0005
 000055   L  0.001095  0.096366  0.084152    0.0052    0.0046    0.0340    0.0150    0.0236    0.0414    0.0004
 000056   G  0.001268  0.096075  0.081963    0.0010    0.0044    0.0370    0.0180    0.0233    0.0414    0.0003
 000057   F  0.001539  0.098922  0.080439    0.0022    0.0049    0.0510    0.0270    0.0264    0.0417    0.0003
 000058   A  0.001733  0.101801  0.078905    0.0049    0.0076    0.0580    0.0320    0.0291    0.0417    0.0003
 000059   L  0.002102  0.105174  0.077371    0.0044    0.0078    0.0620    0.0290    0.0302    0.0424    0.0004
 000060   G  0.002594  0.109447  0.075943    0.0124    0.0107    0.0600    0.0230    0.0326    0.0415    0.0006
 000061   Y  0.004949  0.126858  0.074778    0.0279    0.0191    0.0780    0.0250    0.0428    0.0439    0.0007
 000062   L  0.008228  0.143950  0.073657    0.0194    0.0227    0.1040    0.0360    0.0497    0.0513    0.0010
 000063   G  0.022690  0.170187  0.072191    0.0286    0.0313    0.1410    0.0500    0.0656    0.0592    0.0016
 000064   T  0.051314  0.217575  0.071330    0.0455    0.0414    0.1960    0.0600    0.0920    0.0746    0.0026
 000065   F  0.064537  0.292381  0.070246    0.0587    0.0414    0.2500    0.0740    0.1179    0.1020    0.0036
 000066   R  0.079835  0.354137  0.069498    0.1117    0.0967    0.2780    0.0830    0.1534    0.1105    0.0055
 000067   G  0.095143  0.455363  0.068761    0.0832    0.0568    0.2710    0.0860    0.1602    0.1464    0.0081
 000068   R  0.106885  0.567896  0.068101    0.1635    0.0605    0.2900    0.0900    0.1981    0.1782    0.0115
 000069   P  0.121100  0.639749  0.066845    0.1292    0.0618    0.3190    0.0880    0.2118    0.2054    0.0148
 000070   K  0.130383  0.659741  0.065787    0.1240    0.1206    0.3340    0.0800    0.2280    0.2064    0.0170
 000071   A  0.136668  0.680762  0.064380    0.0965    0.0734    0.3470    0.0640    0.2223    0.2221    0.0180
 000072   Q  0.125974  0.667076  0.062319    0.1732    0.1184    0.3570    0.0670    0.2403    0.2081    0.0199
 000073   P  0.097479  0.611094  0.060213    0.1805    0.1229    0.3410    0.0580    0.2255    0.1907    0.0199
 000074   Q  0.084385  0.561758  0.060710    0.1495    0.0662    0.3060    0.0730    0.1946    0.1806    0.0174
 000075   R  0.069016  0.505097  0.061884    0.0789    0.0313    0.2500    0.0850    0.1558    0.1677    0.0149
 000076   A  0.053647  0.405876  0.064273    0.0858    0.0398    0.1500    0.0630    0.1226    0.1274    0.0142
 000077   E  0.041636  0.296166  0.065413    0.0514    0.0218    0.0990    0.0470    0.0851    0.0933    0.0132
 000078   V  0.027066  0.207262  0.067165    0.0279    0.0141    0.0760    0.0290    0.0588    0.0663    0.0109
 000079   F  0.015559  0.130155  0.067706    0.0137    0.0168    0.0650    0.0210    0.0402    0.0434    0.0094
 000080   A  0.006073  0.077438  0.069138    0.0062    0.0099    0.0560    0.0220    0.0259    0.0328    0.0089
 000081   G  0.002077  0.047160  0.072347    0.0075    0.0069    0.0520    0.0240    0.0192    0.0296    0.0088
 000082   V  0.001689  0.033606  0.076508    0.0059    0.0081    0.0530    0.0330    0.0171    0.0304    0.0084
 000083   A  0.001352  0.024054  0.080411    0.0024    0.0068    0.0500    0.0330    0.0140    0.0319    0.0084
 000084   L  0.001109  0.018679  0.083697    0.0013    0.0048    0.0470    0.0280    0.0122    0.0334    0.0085
 000085   L  0.000864  0.017998  0.087053    0.0009    0.0052    0.0470    0.0230    0.0120    0.0346    0.0088
 000086   W  0.003697  0.016761  0.090093    0.0006    0.0038    0.0500    0.0130    0.0125    0.0360    0.0098
 000087   L  0.007315  0.018259  0.093578    0.0008    0.0032    0.0470    0.0100    0.0128    0.0365    0.0093
 000088   L  0.010929  0.022051  0.097237    0.0005    0.0021    0.0470    0.0110    0.0137    0.0375    0.0090
 000089   V  0.013495  0.023077  0.101138    0.0005    0.0026    0.0450    0.0140    0.0141    0.0386    0.0092
 000090   P  0.016082  0.022253  0.104377    0.0005    0.0039    0.0470    0.0170    0.0149    0.0396    0.0098
 000091   V  0.015964  0.024283  0.107743    0.0006    0.0044    0.0480    0.0190    0.0155    0.0408    0.0096
 000092   L  0.015960  0.029241  0.109642    0.0006    0.0033    0.0470    0.0190    0.0161    0.0415    0.0096
 000093   G  0.015981  0.034852  0.111470    0.0009    0.0037    0.0470    0.0180    0.0171    0.0420    0.0098
 000094   A  0.016035  0.043483  0.113314    0.0006    0.0027    0.0470    0.0160    0.0183    0.0429    0.0095
 000095   V  0.013061  0.053999  0.114557    0.0008    0.0027    0.0460    0.0140    0.0194    0.0440    0.0094
 000096   P  0.009312  0.056233  0.114331    0.0007    0.0039    0.0440    0.0130    0.0191    0.0443    0.0095
 000097   Y  0.005567  0.056134  0.114032    0.0006    0.0046    0.0490    0.0130    0.0194    0.0447    0.0091
 000098   W  0.002936  0.059851  0.113674    0.0012    0.0046    0.0570    0.0150    0.0210    0.0455    0.0097
 000099   I  0.000331  0.061392  0.113383    0.0026    0.0041    0.0560    0.0170    0.0208    0.0457    0.0095
 000100   S  0.000374  0.058167  0.112919    0.0021    0.0056    0.0490    0.0190    0.0192    0.0448    0.0097
 000101   G  0.000428  0.059888  0.111730    0.0006    0.0050    0.0490    0.0210    0.0192    0.0448    0.0099
 000102   G  0.000408  0.059699  0.109663    0.0010    0.0053    0.0530    0.0230    0.0199    0.0441    0.0102
 000103   L  0.000352  0.058098  0.107811    0.0034    0.0071    0.0580    0.0240    0.0211    0.0432    0.0097
 000104   A  0.000348  0.065356  0.105252    0.0018    0.0070    0.0610    0.0230    0.0225    0.0434    0.0094
 000105   F  0.007085  0.101685  0.101760    0.0028    0.0057    0.0670    0.0250    0.0307    0.0472    0.0094
 000106   L  0.018816  0.136916  0.097313    0.0061    0.0076    0.0780    0.0310    0.0413    0.0525    0.0088
 000107   D  0.027513  0.161116  0.090738    0.0013    0.0060    0.0930    0.0330    0.0481    0.0591    0.0084
 000108   A  0.035105  0.185036  0.084530    0.0049    0.0089    0.1270    0.0460    0.0601    0.0670    0.0075
 000109   L  0.039974  0.221259  0.077808    0.0062    0.0138    0.1520    0.0500    0.0722    0.0789    0.0069
 000110   F  0.044831  0.232285  0.071767    0.0128    0.0198    0.1740    0.0440    0.0806    0.0830    0.0069
 000111   E  0.050156  0.263772  0.066565    0.0137    0.0223    0.1890    0.0460    0.0898    0.0936    0.0068
 000112   S  0.084844  0.324194  0.060982    0.0097    0.0141    0.2180    0.0570    0.1084    0.1155    0.0063
 000113   M  0.097793  0.378592  0.056044    0.0097    0.0090    0.2470    0.0570    0.1237    0.1364    0.0056
 000114   S  0.102895  0.388581  0.051353    0.0131    0.0146    0.2540    0.0520    0.1288    0.1392    0.0050
 000115   G  0.098546  0.395274  0.046642    0.0090    0.0194    0.2550    0.0450    0.1295    0.1419    0.0045
 000116   Y  0.105434  0.408903  0.042342    0.0259    0.0194    0.2610    0.0420    0.1367    0.1445    0.0040
 000117   T  0.144998  0.396981  0.037778    0.0554    0.0349    0.2650    0.0410    0.1495    0.1348    0.0039
 000118   A  0.166105  0.355031  0.033196    0.0231    0.0174    0.2470    0.0430    0.1348    0.1282    0.0035
 000119   T  0.169917  0.351792  0.028390    0.0308    0.0218    0.2230    0.0520    0.1329    0.1232    0.0034
 000120   G  0.166074  0.327734  0.023792    0.0286    0.0414    0.2050    0.0550    0.1281    0.1122    0.0030
 000121   A  0.132119  0.285390  0.019769    0.0587    0.0948    0.1950    0.0590    0.1277    0.0884    0.0027
 000122   T  0.119432  0.261386  0.016520    0.0490    0.0433    0.1970    0.0620    0.1116    0.0888    0.0024
 000123   V  0.110241  0.285233  0.014069    0.0502    0.0205    0.2000    0.0580    0.1111    0.0997    0.0021
 000124   L  0.105735  0.291041  0.012430    0.0363    0.0168    0.2020    0.0530    0.1086    0.1040    0.0020
 000125   Q  0.092519  0.301203  0.010767    0.0173    0.0102    0.1880    0.0490    0.1015    0.1089    0.0020
 000126   D  0.047706  0.306189  0.009629    0.0083    0.0104    0.1710    0.0460    0.0906    0.1115    0.0020
 000127   F  0.023990  0.289913  0.010253    0.0082    0.0184    0.1790    0.0510    0.0866    0.1083    0.0019
 000128   S  0.015381  0.259834  0.010986    0.0083    0.0094    0.1660    0.0400    0.0765    0.0990    0.0019
 000129   L  0.014038  0.238909  0.011192    0.0116    0.0119    0.1440    0.0300    0.0701    0.0889    0.0019
 000130   S  0.013498  0.227952  0.010974    0.0052    0.0119    0.1110    0.0200    0.0617    0.0823    0.0020
 000131   R  0.013481  0.209959  0.010887    0.0052    0.0083    0.0850    0.0140    0.0536    0.0744    0.0023
 000132   S  0.011035  0.195181  0.011563    0.0070    0.0080    0.0790    0.0170    0.0500    0.0689    0.0027
 000133   L  0.008219  0.169537  0.013253    0.0034    0.0076    0.0770    0.0220    0.0442    0.0606    0.0031
 000134   F  0.005920  0.132910  0.015001    0.0042    0.0104    0.0720    0.0220    0.0376    0.0477    0.0040
 000135   L  0.003597  0.113141  0.016715    0.0084    0.0102    0.0680    0.0200    0.0339    0.0406    0.0051
 000136   Y  0.001348  0.102451  0.017868    0.0082    0.0100    0.0610    0.0150    0.0305    0.0366    0.0065
 000137   R  0.001262  0.086197  0.019610    0.0031    0.0066    0.0500    0.0100    0.0246    0.0311    0.0093
 000138   G  0.001123  0.080111  0.022762    0.0082    0.0079    0.0460    0.0080    0.0239    0.0279    0.0131
 000139   F  0.000930  0.079056  0.025728    0.0037    0.0062    0.0450    0.0090    0.0225    0.0283    0.0166
 000140   T  0.000637  0.068425  0.028851    0.0052    0.0064    0.0400    0.0080    0.0202    0.0245    0.0221
 000141   Q  0.000444  0.060555  0.031213    0.0026    0.0044    0.0360    0.0070    0.0174    0.0227    0.0265
 000142   W  0.000379  0.061945  0.033907    0.0008    0.0033    0.0380    0.0080    0.0175    0.0240    0.0316
 000143   M  0.000323  0.058463  0.036355    0.0005    0.0030    0.0410    0.0130    0.0173    0.0238    0.0357
 000144   G  0.000273  0.051343  0.038626    0.0005    0.0032    0.0400    0.0110    0.0158    0.0223    0.0384
 000145   G  0.000210  0.046372  0.040563    0.0007    0.0032    0.0380    0.0090    0.0148    0.0215    0.0378
 000146   I  0.000184  0.037173  0.042696    0.0008    0.0045    0.0380    0.0070    0.0135    0.0202    0.0348
 000147   G  0.000200  0.025461  0.044581    0.0008    0.0065    0.0370    0.0060    0.0117    0.0192    0.0338
 000148   I  0.000219  0.019903  0.048378    0.0009    0.0047    0.0360    0.0080    0.0103    0.0201    0.0306
 000149   V  0.000284  0.018459  0.052498    0.0009    0.0047    0.0350    0.0090    0.0099    0.0213    0.0278
 000150   V  0.000339  0.014979  0.056955    0.0010    0.0054    0.0340    0.0090    0.0093    0.0226    0.0265
 000151   L  0.000401  0.014670  0.060840    0.0010    0.0046    0.0360    0.0100    0.0094    0.0243    0.0241
 000152   F  0.000424  0.017802  0.064457    0.0006    0.0045    0.0400    0.0130    0.0106    0.0261    0.0217
 000153   L  0.000457  0.019823  0.067525    0.0008    0.0061    0.0450    0.0150    0.0120    0.0275    0.0193
 000154   A  0.000488  0.026631  0.071068    0.0013    0.0073    0.0460    0.0170    0.0137    0.0286    0.0182
 000155   V  0.000515  0.039221  0.074410    0.0013    0.0065    0.0500    0.0190    0.0162    0.0305    0.0176
 000156   F  0.000872  0.055834  0.077678    0.0013    0.0044    0.0600    0.0270    0.0204    0.0344    0.0177
 000157   P  0.001426  0.074161  0.080748    0.0035    0.0041    0.0660    0.0300    0.0249    0.0381    0.0183
 000158   Q  0.002148  0.092838  0.084501    0.0010    0.0036    0.0960    0.0420    0.0326    0.0468    0.0170
 000159   L  0.003211  0.109172  0.086602    0.0012    0.0053    0.1170    0.0450    0.0393    0.0534    0.0160
 000160   H  0.004439  0.123181  0.088816    0.0026    0.0066    0.1150    0.0440    0.0419    0.0552    0.0162
 000161   V  0.020201  0.142779  0.091851    0.0062    0.0091    0.1430    0.0580    0.0536    0.0617    0.0155
 000162   A  0.034143  0.178977  0.095552    0.0124    0.0138    0.1670    0.0630    0.0677    0.0708    0.0161
 000163   G  0.115136  0.209001  0.098257    0.0286    0.0171    0.1530    0.0560    0.0872    0.0688    0.0172
 000164   R  0.181870  0.235599  0.100791    0.0567    0.0349    0.1660    0.0610    0.1125    0.0732    0.0174
 000165   Q  0.242377  0.260727  0.103442    0.0405    0.0454    0.1800    0.0610    0.1281    0.0898    0.0176
 000166   A  0.307741  0.272162  0.106686    0.0789    0.0909    0.1890    0.0760    0.1565    0.0914    0.0183
 000167   F  0.382751  0.285062  0.110863    0.1566    0.1852    0.1930    0.0840    0.2004    0.0919    0.0198
 000168   F  0.437700  0.321153  0.114129    0.1456    0.0870    0.1900    0.0720    0.1970    0.1258    0.0224
 000169   A  0.488165  0.369127  0.116899    0.1495    0.0888    0.2090    0.0730    0.2174    0.1459    0.0263
 000170   E  0.507287  0.402797  0.117146    0.1532    0.1852    0.2430    0.0840    0.2485    0.1421    0.0325
 000171   S  0.544594  0.454692  0.117247    0.1566    0.1852    0.2870    0.0740    0.2714    0.1596    0.0385
 000172   T  0.514042  0.494386  0.117522    0.2748    0.1583    0.3170    0.0790    0.2930    0.1523    0.0470
 000173   G  0.497741  0.528997  0.117877    0.3146    0.1942    0.3530    0.0860    0.3147    0.1495    0.0495
 000174   V  0.517946  0.556179  0.120879    0.1958    0.2002    0.3500    0.0940    0.3034    0.1672    0.0521
 000175   E  0.545518  0.617407  0.122550    0.2041    0.2094    0.3550    0.1100    0.3218    0.1847    0.0605
 000176   K  0.562506  0.639332  0.124513    0.1998    0.1643    0.3510    0.1040    0.3195    0.1995    0.0686
 000177   E  0.590260  0.630870  0.125738    0.2432    0.2094    0.3280    0.1160    0.3336    0.1920    0.0736
 000178   R  0.613013  0.585279  0.125666    0.2963    0.2951    0.3240    0.1160    0.3522    0.1736    0.0724
 000179   L  0.645986  0.531289  0.124282    0.4037    0.3426    0.3010    0.1100    0.3707    0.1678    0.0664
 000180   T  0.656168  0.488309  0.122838    0.3992    0.2817    0.2710    0.0880    0.3494    0.1722    0.0622
 000181   P  0.664231  0.427596  0.120521    0.2963    0.1643    0.2550    0.0850    0.3013    0.1831    0.0547
 000182   R  0.633327  0.388792  0.118542    0.2041    0.0948    0.2550    0.1040    0.2627    0.1852    0.0463
 000183   I  0.565910  0.359315  0.116466    0.1292    0.0443    0.2280    0.0990    0.2211    0.1773    0.0388
 000184   R  0.478747  0.311353  0.114353    0.0744    0.0235    0.1790    0.0770    0.1779    0.1565    0.0376
 000185   Q  0.392586  0.257033  0.111913    0.0789    0.0300    0.1500    0.0540    0.1514    0.1231    0.0354
 000186   T  0.324174  0.214984  0.109858    0.0395    0.0148    0.1200    0.0330    0.1189    0.1069    0.0322
 000187   A  0.265455  0.172037  0.107583    0.0297    0.0157    0.0910    0.0210    0.0957    0.0871    0.0287
 000188   Q  0.203142  0.129678  0.105830    0.0116    0.0136    0.0730    0.0150    0.0719    0.0692    0.0279
 000189   A  0.147186  0.104202  0.103330    0.0109    0.0109    0.0640    0.0150    0.0562    0.0532    0.0287
 000190   V  0.104216  0.082281  0.103752    0.0231    0.0148    0.0610    0.0160    0.0476    0.0396    0.0310
 000191   L  0.096321  0.070800  0.104526    0.0157    0.0113    0.0670    0.0210    0.0435    0.0400    0.0342
 000192   L  0.092721  0.066480  0.104913    0.0083    0.0070    0.0780    0.0320    0.0421    0.0424    0.0384
 000193   L  0.089862  0.063081  0.103922    0.0062    0.0070    0.0900    0.0430    0.0426    0.0432    0.0447
 000194   Y  0.086723  0.063998  0.103852    0.0066    0.0072    0.0930    0.0460    0.0429    0.0432    0.0522
 000195   L  0.075196  0.066709  0.104240    0.0061    0.0064    0.0900    0.0460    0.0407    0.0422    0.0568
 000196   A  0.061328  0.075492  0.103732    0.0026    0.0046    0.0890    0.0440    0.0388    0.0430    0.0619
 000197   L  0.070025  0.090538  0.103764    0.0012    0.0039    0.0870    0.0400    0.0420    0.0448    0.0670
 000198   T  0.078800  0.105092  0.102656    0.0008    0.0044    0.0830    0.0330    0.0454    0.0466    0.0724
 000199   G  0.063317  0.124489  0.103073    0.0006    0.0035    0.0760    0.0270    0.0446    0.0496    0.0742
 000200   A  0.052285  0.146051  0.103869    0.0008    0.0043    0.0760    0.0250    0.0466    0.0547    0.0730
 000201   A  0.045432  0.157757  0.108109    0.0008    0.0041    0.0790    0.0240    0.0479    0.0589    0.0725
 000202   A  0.046066  0.163241  0.112634    0.0026    0.0038    0.0850    0.0250    0.0501    0.0610    0.0708
 000203   L  0.046701  0.166895  0.115712    0.0024    0.0054    0.0900    0.0260    0.0519    0.0624    0.0691
 000204   G  0.050352  0.159870  0.120439    0.0013    0.0065    0.0880    0.0250    0.0509    0.0612    0.0682
 000205   Y  0.056113  0.146359  0.124630    0.0049    0.0070    0.0900    0.0250    0.0507    0.0580    0.0654
 000206   A  0.045299  0.140333  0.128537    0.0069    0.0086    0.0810    0.0230    0.0470    0.0571    0.0618
 000207   L  0.034484  0.132510  0.132645    0.0052    0.0107    0.0740    0.0210    0.0428    0.0572    0.0580
 000208   A  0.037811  0.120092  0.138193    0.0075    0.0141    0.0680    0.0200    0.0412    0.0551    0.0540
 000209   G  0.039475  0.127712  0.141286    0.0074    0.0087    0.0620    0.0170    0.0409    0.0581    0.0499
 000210   V  0.045778  0.138135  0.143323    0.0055    0.0075    0.0610    0.0150    0.0430    0.0607    0.0451
 000211   P  0.049827  0.137826  0.146836    0.0040    0.0091    0.0530    0.0150    0.0422    0.0617    0.0417
 000212   L  0.056249  0.142880  0.150344    0.0042    0.0079    0.0560    0.0180    0.0445    0.0634    0.0378
 000213   F  0.060782  0.157408  0.154381    0.0066    0.0102    0.0600    0.0220    0.0492    0.0663    0.0326
 000214   E  0.055909  0.156940  0.157638    0.0075    0.0134    0.0620    0.0200    0.0493    0.0665    0.0288
 000215   A  0.056249  0.163151  0.160032    0.0086    0.0134    0.0690    0.0240    0.0517    0.0681    0.0231
 000216   V  0.058932  0.174833  0.162132    0.0131    0.0235    0.0710    0.0250    0.0568    0.0686    0.0192
 000217   A  0.063635  0.173763  0.162453    0.0182    0.0141    0.0750    0.0250    0.0575    0.0687    0.0167
 000218   N  0.069442  0.178078  0.163284    0.0376    0.0231    0.0840    0.0290    0.0654    0.0648    0.0142
 000219   A  0.074089  0.188503  0.164255    0.0252    0.0364    0.0910    0.0290    0.0691    0.0668    0.0119
 000220   L  0.158934  0.203579  0.164599    0.0259    0.0405    0.1050    0.0280    0.0890    0.0711    0.0106
 000221   A  0.154400  0.218749  0.163069    0.0526    0.0851    0.1140    0.0280    0.1041    0.0609    0.0102
 000222   T  0.148332  0.261045  0.161137    0.0441    0.0719    0.1220    0.0250    0.1078    0.0747    0.0103
 000223   V  0.156666  0.306044  0.158906    0.0965    0.1275    0.1650    0.0350    0.1420    0.0710    0.0102
 000224   P  0.160110  0.349425  0.157795    0.1921    0.1251    0.1810    0.0360    0.1679    0.0771    0.0114
 000225   A  0.173652  0.400743  0.156385    0.1635    0.0851    0.2100    0.0410    0.1721    0.1013    0.0117
 000226   G  0.211014  0.446066  0.154150    0.1205    0.1115    0.2360    0.0460    0.1875    0.1163    0.0131
 000227   G  0.248375  0.495283  0.151333    0.1456    0.0948    0.2660    0.0440    0.2083    0.1337    0.0145
 000228   F  0.279696  0.536472  0.147899    0.1844    0.1449    0.2950    0.0510    0.2401    0.1373    0.0151
 000229   S  0.236853  0.578845  0.144697    0.1041    0.1554    0.3290    0.0560    0.2340    0.1628    0.0177
 000230   P  0.237848  0.595368  0.139743    0.1566    0.1115    0.3580    0.0610    0.2432    0.1697    0.0216
 000231   N  0.233109  0.641168  0.133785    0.2602    0.1554    0.3640    0.0630    0.2757    0.1723    0.0237
 000232   P  0.223485  0.634983  0.127046    0.1958    0.2002    0.3530    0.0620    0.2680    0.1701    0.0242
 000233   Q  0.217028  0.597749  0.120098    0.1532    0.1070    0.3400    0.0700    0.2358    0.1727    0.0232
 000234   S  0.198002  0.572778  0.114999    0.2432    0.0948    0.3190    0.0750    0.2379    0.1612    0.0229
 000235   F  0.153200  0.508418  0.107596    0.1349    0.0765    0.3070    0.0800    0.1967    0.1513    0.0206
 000236   A  0.108178  0.404657  0.098083    0.1018    0.0581    0.2770    0.0850    0.1583    0.1253    0.0206
 000237   G  0.062699  0.348076  0.090695    0.1041    0.0433    0.2080    0.0630    0.1277    0.1067    0.0197
 000238   Y  0.012532  0.291954  0.082848    0.0587    0.0191    0.1510    0.0560    0.0889    0.0973    0.0181
 000239   P  0.005529  0.214725  0.073695    0.0909    0.0306    0.0960    0.0300    0.0729    0.0674    0.0176
 000240   P  0.004260  0.168682  0.069154    0.0464    0.0148    0.0690    0.0220    0.0505    0.0549    0.0150
 000241   L  0.002736  0.144500  0.065383    0.0274    0.0085    0.0640    0.0250    0.0412    0.0492    0.0117
 000242   A  0.001951  0.105712  0.060113    0.0118    0.0069    0.0620    0.0300    0.0314    0.0390    0.0096
 000243   Q  0.001263  0.079354  0.055524    0.0053    0.0062    0.0510    0.0270    0.0239    0.0316    0.0082
 000244   W  0.000573  0.063534  0.050456    0.0031    0.0047    0.0480    0.0250    0.0201    0.0275    0.0071
 000245   L  0.000127  0.054294  0.046144    0.0034    0.0051    0.0460    0.0270    0.0181    0.0244    0.0056
 000246   G  0.000133  0.041978  0.041717    0.0037    0.0052    0.0330    0.0130    0.0140    0.0195    0.0048
 000247   V  0.000122  0.038329  0.037424    0.0059    0.0044    0.0270    0.0100    0.0127    0.0171    0.0038
 000248   A  0.000124  0.034510  0.034519    0.0021    0.0033    0.0260    0.0100    0.0109    0.0162    0.0032
 000249   F  0.000123  0.029492  0.031557    0.0018    0.0046    0.0260    0.0120    0.0103    0.0145    0.0027
 000250   M  0.000120  0.027878  0.027650    0.0006    0.0031    0.0260    0.0120    0.0096    0.0138    0.0024
 000251   F  0.000092  0.029957  0.024431    0.0006    0.0028    0.0260    0.0120    0.0099    0.0136    0.0021
 000252   L  0.000181  0.030291  0.021919    0.0005    0.0028    0.0260    0.0120    0.0099    0.0132    0.0021
 000253   A  0.000272  0.033957  0.020078    0.0006    0.0022    0.0260    0.0120    0.0106    0.0139    0.0021
 000254   G  0.001556  0.037820  0.018331    0.0003    0.0014    0.0270    0.0120    0.0113    0.0148    0.0021
 000255   V  0.002594  0.037667  0.016317    0.0002    0.0019    0.0280    0.0120    0.0117    0.0145    0.0020
 000256   N  0.004414  0.034345  0.014233    0.0002    0.0027    0.0280    0.0110    0.0116    0.0133    0.0021
 000257   F  0.006952  0.034549  0.012928    0.0002    0.0029    0.0310    0.0110    0.0125    0.0135    0.0022
 000258   L  0.009395  0.036068  0.011902    0.0003    0.0030    0.0350    0.0140    0.0140    0.0146    0.0026
 000259   L  0.011842  0.038129  0.010542    0.0004    0.0034    0.0390    0.0180    0.0154    0.0157    0.0028
 000260   Q  0.018618  0.038840  0.008243    0.0004    0.0055    0.0450    0.0210    0.0181    0.0171    0.0033
 000261   Y  0.028644  0.043586  0.007064    0.0005    0.0047    0.0660    0.0290    0.0239    0.0238    0.0036
 000262   R  0.039260  0.048624  0.006890    0.0010    0.0052    0.0740    0.0310    0.0280    0.0270    0.0041
 000263   L  0.049975  0.053308  0.006480    0.0009    0.0071    0.0950    0.0400    0.0345    0.0341    0.0041
 000264   F  0.060942  0.063883  0.005705    0.0006    0.0086    0.1220    0.0490    0.0426    0.0434    0.0044
 000265   F  0.074233  0.092530  0.005063    0.0006    0.0073    0.1320    0.0540    0.0511    0.0507    0.0050
 000266   R  0.087253  0.124373  0.004197    0.0009    0.0108    0.1540    0.0520    0.0628    0.0614    0.0060
 000267   G  0.097593  0.156292  0.003331    0.0007    0.0064    0.1770    0.0540    0.0730    0.0740    0.0069
 000268   E  0.110371  0.188142  0.001867    0.0026    0.0099    0.1890    0.0530    0.0833    0.0830    0.0073
 000269   V  0.115811  0.207226  0.000863    0.0013    0.0125    0.2050    0.0520    0.0903    0.0908    0.0070
 000270   G  0.118222  0.221961  0.001124    0.0049    0.0119    0.2060    0.0500    0.0938    0.0937    0.0069
 000271   P  0.121148  0.244523  0.001290    0.0028    0.0084    0.1990    0.0570    0.0960    0.0988    0.0063
 000272   L  0.125561  0.254822  0.001299    0.0033    0.0085    0.2060    0.0750    0.0997    0.1027    0.0053
 000273   L  0.136851  0.253574  0.000775    0.0013    0.0062    0.2030    0.0810    0.1002    0.1032    0.0044
 000274   R  0.143914  0.246886 -0.000253    0.0021    0.0066    0.1890    0.0780    0.0980    0.0997    0.0038
 000275   D  0.137904  0.227981 -0.001265    0.0031    0.0071    0.1640    0.0690    0.0900    0.0909    0.0030
 000276   A  0.133787  0.184685 -0.001705    0.0053    0.0096    0.1220    0.0430    0.0759    0.0738    0.0020
 000277   E  0.126703  0.143741 -0.001694    0.0024    0.0082    0.0730    0.0170    0.0591    0.0598    0.0014
 000278   F  0.118694  0.110258 -0.001936    0.0013    0.0082    0.0480    0.0080    0.0477    0.0502    0.0009
 000279   R  0.113122  0.088483 -0.002692    0.0008    0.0054    0.0330    0.0050    0.0402    0.0453    0.0006
 000280   A  0.109113  0.063647 -0.003328    0.0026    0.0061    0.0290    0.0060    0.0350    0.0402    0.0005
 000281   Y  0.095644  0.048457 -0.002732    0.0008    0.0045    0.0270    0.0050    0.0294    0.0347    0.0003
 000282   V  0.073069  0.041490 -0.002668    0.0006    0.0041    0.0260    0.0060    0.0242    0.0270    0.0002
 000283   L  0.050956  0.035309 -0.001863    0.0006    0.0055    0.0260    0.0050    0.0197    0.0195    0.0002
 000284   V  0.041404  0.035523 -0.001069    0.0015    0.0054    0.0270    0.0060    0.0184    0.0169    0.0002
 000285   V  0.032922  0.042420  0.000213    0.0015    0.0040    0.0270    0.0050    0.0180    0.0168    0.0002
 000286   L  0.024808  0.049990  0.000922    0.0007    0.0027    0.0300    0.0060    0.0181    0.0185    0.0002
 000287   A  0.020622  0.059937  0.002083    0.0005    0.0033    0.0370    0.0090    0.0203    0.0219    0.0002
 000288   A  0.013693  0.072086  0.002590    0.0003    0.0031    0.0440    0.0110    0.0223    0.0267    0.0002
 000289   G  0.004073  0.082423  0.003504    0.0006    0.0046    0.0560    0.0140    0.0246    0.0321    0.0003
 000290   L  0.001111  0.099017  0.004516    0.0006    0.0047    0.0680    0.0170    0.0289    0.0392    0.0004
 000291   A  0.000481  0.137016  0.006101    0.0007    0.0039    0.0890    0.0260    0.0385    0.0538    0.0005
 000292   L  0.000605  0.179294  0.007251    0.0012    0.0057    0.1120    0.0380    0.0498    0.0697    0.0008
 000293   S  0.001342  0.208388  0.007912    0.0010    0.0053    0.1100    0.0390    0.0544    0.0786    0.0012
 000294   G  0.001472  0.229543  0.008829    0.0035    0.0079    0.1110    0.0430    0.0589    0.0850    0.0017
 000295   Y  0.002583  0.230118  0.010092    0.0027    0.0092    0.1300    0.0490    0.0625    0.0870    0.0023
 000296   L  0.002956  0.215596  0.010887    0.0066    0.0127    0.1460    0.0490    0.0639    0.0838    0.0031
 000297   Y  0.003801  0.198459  0.012038    0.0084    0.0127    0.1580    0.0530    0.0636    0.0806    0.0042
 000298   T  0.003880  0.217661  0.013158    0.0116    0.0163    0.1780    0.0730    0.0712    0.0888    0.0055
 000299   H  0.003914  0.230383  0.014514    0.0070    0.0202    0.1910    0.0830    0.0754    0.0948    0.0067
 000300   H  0.003837  0.259400  0.016237    0.0070    0.0163    0.1980    0.0840    0.0808    0.1044    0.0077
 000301   T  0.003673  0.320587  0.017655    0.0128    0.0136    0.2170    0.0830    0.0945    0.1248    0.0085
 000302   Y  0.003103  0.397136  0.018302    0.0128    0.0092    0.2440    0.0820    0.1110    0.1526    0.0079
 000303   D  0.003215  0.444524  0.019567    0.0128    0.0148    0.2700    0.0690    0.1242    0.1702    0.0074
 000304   L  0.003677  0.478016  0.021945    0.0062    0.0101    0.2730    0.0550    0.1285    0.1821    0.0062
 000305   E  0.004287  0.485306  0.025180    0.0069    0.0068    0.2530    0.0630    0.1260    0.1819    0.0057
 000306   A  0.005095  0.417140  0.028515    0.0075    0.0097    0.2170    0.0600    0.1095    0.1550    0.0046
 000307   S  0.007963  0.321449  0.031981    0.0081    0.0092    0.1480    0.0310    0.0824    0.1157    0.0039
 000308   L  0.010875  0.234284  0.036847    0.0150    0.0092    0.0870    0.0210    0.0594    0.0803    0.0029
 000309   R  0.014478  0.162342  0.042305    0.0075    0.0091    0.0550    0.0180    0.0414    0.0544    0.0021
 000310   H  0.014856  0.105955  0.047786    0.0031    0.0092    0.0410    0.0140    0.0290    0.0358    0.0016
 000311   A  0.015251  0.087475  0.052761    0.0033    0.0096    0.0360    0.0140    0.0252    0.0305    0.0012
 000312   F  0.014911  0.083127  0.056565    0.0033    0.0091    0.0360    0.0130    0.0244    0.0300    0.0010
 000313   F  0.013390  0.069039  0.061077    0.0075    0.0081    0.0360    0.0120    0.0224    0.0270    0.0009
 000314   Q  0.012577  0.070033  0.063998    0.0074    0.0066    0.0350    0.0100    0.0220    0.0283    0.0009
 000315   V  0.011142  0.072020  0.067985    0.0069    0.0093    0.0370    0.0090    0.0226    0.0296    0.0008
 000316   I  0.008253  0.070777  0.071786    0.0038    0.0064    0.0370    0.0100    0.0211    0.0316    0.0008
 000317   S  0.005394  0.074167  0.075415    0.0061    0.0076    0.0360    0.0090    0.0215    0.0331    0.0008
 000318   I  0.001772  0.085156  0.078448    0.0027    0.0049    0.0370    0.0090    0.0219    0.0376    0.0008
 000319   L  0.001396  0.102276  0.081763    0.0075    0.0060    0.0390    0.0090    0.0260    0.0417    0.0009
 000320   T  0.000866  0.112973  0.085015    0.0029    0.0060    0.0410    0.0080    0.0273    0.0458    0.0010
 000321   G  0.000825  0.131955  0.087488    0.0022    0.0043    0.0430    0.0080    0.0304    0.0518    0.0012
 000322   T  0.000803  0.156897  0.090301    0.0033    0.0037    0.0460    0.0090    0.0352    0.0594    0.0014
 000323   G  0.000685  0.153068  0.092897    0.0049    0.0043    0.0500    0.0110    0.0355    0.0584    0.0014
 000324   F  0.000507  0.141986  0.095081    0.0059    0.0071    0.0580    0.0130    0.0356    0.0552    0.0014
 000325   A  0.000510  0.141120  0.097114    0.0026    0.0060    0.0580    0.0120    0.0347    0.0559    0.0014
 000326   S  0.000484  0.133265  0.098344    0.0067    0.0081    0.0610    0.0130    0.0349    0.0534    0.0016
 000327   V  0.000527  0.109790  0.100828    0.0084    0.0104    0.0620    0.0140    0.0319    0.0479    0.0017
 000328   D  0.000543  0.109129  0.103255    0.0087    0.0070    0.0560    0.0110    0.0303    0.0485    0.0019
 000329   F  0.000536  0.104611  0.106402    0.0137    0.0070    0.0520    0.0100    0.0297    0.0477    0.0019
 000330   A  0.000514  0.094384  0.109024    0.0144    0.0074    0.0470    0.0090    0.0272    0.0463    0.0020
 000331   Q  0.000483  0.080568  0.111663    0.0070    0.0051    0.0420    0.0080    0.0226    0.0461    0.0019
 000332   W  0.000424  0.069761  0.113558    0.0035    0.0037    0.0440    0.0100    0.0202    0.0460    0.0019
 000333   V  0.000377  0.059921  0.115903    0.0010    0.0030    0.0410    0.0100    0.0175    0.0462    0.0017
 000334   V  0.000336  0.049394  0.118382    0.0006    0.0019    0.0390    0.0100    0.0152    0.0465    0.0017
 000335   P  0.000325  0.044938  0.118223    0.0008    0.0023    0.0380    0.0110    0.0144    0.0462    0.0018
 000336   A  0.001298  0.040191  0.117236    0.0006    0.0026    0.0400    0.0110    0.0141    0.0456    0.0017
 000337   Q  0.002489  0.034935  0.116026    0.0003    0.0026    0.0420    0.0120    0.0137    0.0450    0.0015
 000338   A  0.004235  0.030386  0.115515    0.0006    0.0034    0.0430    0.0120    0.0136    0.0445    0.0015
 000339   I  0.013122  0.028312  0.113962    0.0005    0.0028    0.0430    0.0120    0.0146    0.0432    0.0013
 000340   L  0.027195  0.024894  0.112991    0.0009    0.0044    0.0440    0.0160    0.0168    0.0419    0.0014
 000341   V  0.052810  0.025756  0.112843    0.0009    0.0049    0.0510    0.0230    0.0225    0.0422    0.0014
 000342   L  0.065636  0.031225  0.112684    0.0009    0.0043    0.0650    0.0330    0.0279    0.0434    0.0015
 000343   L  0.071991  0.041068  0.113447    0.0021    0.0052    0.0730    0.0350    0.0322    0.0439    0.0017
 000344   M  0.076843  0.055364  0.113358    0.0029    0.0070    0.0770    0.0330    0.0365    0.0438    0.0022
 000345   F  0.078337  0.089610  0.113000    0.0044    0.0094    0.0890    0.0320    0.0451    0.0457    0.0026
 000346   V  0.080203  0.151937  0.111697    0.0035    0.0058    0.1400    0.0480    0.0635    0.0621    0.0032
 000347   G  0.079813  0.240045  0.110219    0.0061    0.0066    0.2240    0.0390    0.0928    0.0952    0.0042
 000348   G  0.071547  0.318983  0.109231    0.0022    0.0048    0.3160    0.0610    0.1189    0.1340    0.0052
 000349   S  0.058094  0.410471  0.108297    0.0034    0.0043    0.3860    0.0900    0.1438    0.1721    0.0062
 000350   A  0.033254  0.465468  0.107234    0.0033    0.0062    0.4630    0.1030    0.1619    0.2049    0.0070
 000351   G  0.020864  0.494380  0.108856    0.0038    0.0062    0.5260    0.1080    0.1753    0.2278    0.0079
 000352   S  0.014937  0.510939  0.111290    0.0079    0.0060    0.5320    0.1070    0.1786    0.2329    0.0089
 000353   A  0.010737  0.493431  0.113723    0.0086    0.0065    0.4920    0.1160    0.1685    0.2198    0.0092
 000354   A  0.008290  0.428113  0.116587    0.0084    0.0066    0.4070    0.1150    0.1430    0.1855    0.0090
 000355   G  0.005253  0.357557  0.121351    0.0070    0.0052    0.2550    0.0790    0.1051    0.1391    0.0082
 000356   G  0.004000  0.280551  0.125739    0.0081    0.0082    0.1170    0.0380    0.0696    0.1014    0.0071
 000357   I  0.004233  0.180711  0.130088    0.0074    0.0070    0.0530    0.0150    0.0420    0.0718    0.0059
 000358   K  0.004255  0.114463  0.133452    0.0075    0.0050    0.0330    0.0090    0.0274    0.0582    0.0051
 000359   L  0.003956  0.069421  0.135850    0.0029    0.0051    0.0280    0.0070    0.0182    0.0535    0.0041
 000360   V  0.003998  0.044564  0.137290    0.0010    0.0052    0.0250    0.0050    0.0133    0.0529    0.0036
 000361   R  0.016531  0.026162  0.137909    0.0018    0.0064    0.0240    0.0050    0.0125    0.0520    0.0034
 000362   W  0.028113  0.019048  0.137641    0.0015    0.0045    0.0240    0.0060    0.0128    0.0519    0.0031
 000363   L  0.037587  0.017644  0.140334    0.0022    0.0047    0.0220    0.0060    0.0140    0.0529    0.0023
 000364   V  0.046727  0.017288  0.142221    0.0009    0.0054    0.0210    0.0050    0.0152    0.0539    0.0020
 000365   L  0.049249  0.020083  0.143342    0.0021    0.0065    0.0230    0.0050    0.0168    0.0539    0.0018
 000366   F  0.052054  0.025110  0.147512    0.0013    0.0046    0.0270    0.0070    0.0184    0.0554    0.0019
 000367   G  0.055741  0.031917  0.149304    0.0015    0.0046    0.0300    0.0070    0.0206    0.0557    0.0020
 000368   F  0.055670  0.045837  0.154048    0.0022    0.0073    0.0350    0.0070    0.0244    0.0565    0.0022
 000369   L  0.058522  0.074806  0.156792    0.0021    0.0074    0.0410    0.0070    0.0306    0.0579    0.0025
 000370   R  0.051137  0.116449  0.159719    0.0069    0.0092    0.0490    0.0110    0.0388    0.0616    0.0032
 000371   R  0.044016  0.159346  0.161885    0.0124    0.0091    0.0590    0.0120    0.0473    0.0689    0.0037
 000372   E  0.047815  0.207427  0.162913    0.0087    0.0064    0.0680    0.0140    0.0563    0.0808    0.0039
 000373   I  0.053284  0.235131  0.163608    0.0090    0.0101    0.0900    0.0160    0.0663    0.0868    0.0038
 000374   T  0.065300  0.254864  0.164637    0.0086    0.0101    0.0970    0.0190    0.0727    0.0916    0.0050
 000375   R  0.090648  0.269178  0.166343    0.0226    0.0151    0.1210    0.0270    0.0864    0.0914    0.0055
 000376   T  0.149240  0.264525  0.166405    0.0182    0.0148    0.1640    0.0440    0.1019    0.0925    0.0057
 000377   L  0.180311  0.258730  0.165550    0.0387    0.0320    0.1890    0.0580    0.1165    0.0868    0.0049
 000378   H  0.195130  0.255592  0.164538    0.0144    0.0320    0.1480    0.0530    0.1076    0.0903    0.0048
 000379   P  0.208174  0.260422  0.163008    0.0350    0.0780    0.1180    0.0430    0.1166    0.0810    0.0044
 000380   Q  0.237131  0.252176  0.161567    0.0701    0.0888    0.1060    0.0370    0.1258    0.0758    0.0037
 000381   A  0.280264  0.251910  0.160164    0.0660    0.0443    0.1060    0.0370    0.1247    0.0930    0.0028
 000382   V  0.337110  0.242932  0.156638    0.0376    0.0433    0.1120    0.0370    0.1288    0.1104    0.0022
 000383   L  0.385646  0.243137  0.153004    0.0141    0.0424    0.0940    0.0290    0.1299    0.1298    0.0020
 000384   P  0.408699  0.234879  0.149917    0.0327    0.1028    0.0730    0.0170    0.1420    0.1278    0.0021
 000385   L  0.407285  0.227646  0.146415    0.0316    0.0555    0.0790    0.0220    0.1336    0.1312    0.0019
 000386   R  0.423518  0.230026  0.142077    0.0376    0.0281    0.0920    0.0280    0.1353    0.1384    0.0018
 000387   L  0.456780  0.235901  0.138298    0.0167    0.0258    0.1110    0.0350    0.1410    0.1518    0.0017
 000388   G  0.485002  0.245216  0.134705    0.0137    0.0543    0.1300    0.0400    0.1547    0.1572    0.0018
 000389   G  0.473221  0.266051  0.130337    0.0131    0.0306    0.1410    0.0370    0.1539    0.1583    0.0018
 000390   R  0.439321  0.294968  0.126470    0.0099    0.0248    0.1950    0.0780    0.1606    0.1523    0.0016
 000391   V  0.384210  0.322446  0.122718    0.0055    0.0151    0.2290    0.0790    0.1594    0.1460    0.0016
 000392   L  0.337410  0.366850  0.120704    0.0070    0.0100    0.2210    0.0630    0.1570    0.1450    0.0015
 000393   S  0.303413  0.403749  0.119013    0.0069    0.0091    0.2220    0.0710    0.1575    0.1485    0.0016
 000394   E  0.265010  0.397213  0.114661    0.0066    0.0091    0.2060    0.0880    0.1472    0.1412    0.0014
 000395   E  0.234078  0.363390  0.110668    0.0010    0.0058    0.2040    0.1000    0.1347    0.1304    0.0011
 000396   V  0.194254  0.311824  0.107635    0.0010    0.0057    0.1810    0.0900    0.1156    0.1112    0.0009
 000397   L  0.150446  0.241735  0.102555    0.0006    0.0060    0.1450    0.0780    0.0906    0.0864    0.0007
 000398   R  0.131163  0.164316  0.100306    0.0006    0.0060    0.1190    0.0580    0.0701    0.0643    0.0007
 000399   Q  0.111642  0.115092  0.095212    0.0006    0.0044    0.1040    0.0530    0.0559    0.0519    0.0006
 000400   V  0.097740  0.081432  0.090903    0.0003    0.0029    0.1030    0.0580    0.0476    0.0463    0.0005
 000401   S  0.081458  0.058759  0.087448    0.0002    0.0023    0.0950    0.0530    0.0395    0.0416    0.0005
 000402   V  0.063386  0.040354  0.083999    0.0002    0.0021    0.0830    0.0410    0.0316    0.0374    0.0005
 000403   F  0.040279  0.027228  0.080232    0.0002    0.0029    0.0830    0.0400    0.0256    0.0357    0.0006
 000404   I  0.023503  0.018499  0.078875    0.0001    0.0025    0.0820    0.0340    0.0211    0.0362    0.0006
 000405   L  0.011903  0.014395  0.076914    0.0001    0.0018    0.0850    0.0320    0.0189    0.0376    0.0007
 000406   L  0.008843  0.012914  0.075126    0.0001    0.0015    0.0750    0.0220    0.0164    0.0353    0.0010
 000407   Y  0.005782  0.011632  0.076425    0.0001    0.0014    0.0650    0.0150    0.0139    0.0339    0.0013
 000408   T  0.002721  0.010805  0.078515    0.0001    0.0017    0.0590    0.0180    0.0125    0.0340    0.0018
 000409   L  0.000217  0.011096  0.080516    0.0001    0.0011    0.0600    0.0190    0.0121    0.0351    0.0020
 000410   L  0.000097  0.013015  0.082178    0.0001    0.0007    0.0620    0.0180    0.0127    0.0359    0.0024
 000411   F  0.000078  0.014516  0.083662    0.0001    0.0011    0.0630    0.0200    0.0131    0.0363    0.0027
 000412   V  0.000055  0.017813  0.084583    0.0001    0.0011    0.0600    0.0220    0.0131    0.0360    0.0030
 000413   L  0.000033  0.023091  0.085889    0.0001    0.0016    0.0570    0.0220    0.0136    0.0358    0.0036
 000414   G  0.000064  0.027798  0.087419    0.0001    0.0016    0.0560    0.0230    0.0142    0.0361    0.0045
 000415   A  0.000073  0.032075  0.087694    0.0001    0.0017    0.0540    0.0210    0.0147    0.0361    0.0050
 000416   V  0.000090  0.036107  0.088195    0.0001    0.0018    0.0570    0.0210    0.0158    0.0365    0.0051
 000417   A  0.000119  0.041581  0.087020    0.0002    0.0023    0.0570    0.0190    0.0168    0.0363    0.0053
 000418   L  0.000283  0.047673  0.085974    0.0002    0.0022    0.0640    0.0210    0.0190    0.0372    0.0053
 000419   A  0.000504  0.063075  0.085003    0.0001    0.0022    0.0710    0.0220    0.0228    0.0393    0.0052
 000420   F  0.000915  0.076521  0.085224    0.0001    0.0026    0.0860    0.0210    0.0276    0.0431    0.0057
 000421   L  0.001276  0.091040  0.084801    0.0002    0.0036    0.0860    0.0240    0.0303    0.0451    0.0060
 000422   E  0.001497  0.105015  0.085099    0.0003    0.0047    0.0820    0.0260    0.0323    0.0471    0.0066
 000423   K  0.001806  0.111946  0.084578    0.0006    0.0062    0.0750    0.0250    0.0326    0.0474    0.0066
 000424   D  0.002136  0.110351  0.084176    0.0008    0.0076    0.0700    0.0250    0.0319    0.0462    0.0062
 000425   F  0.002472  0.104778  0.083836    0.0009    0.0052    0.0700    0.0260    0.0306    0.0451    0.0051
 000426   V  0.002844  0.102918  0.083961    0.0009    0.0060    0.0680    0.0240    0.0301    0.0444    0.0042
 000427   V  0.006270  0.098345  0.083252    0.0010    0.0083    0.0700    0.0230    0.0306    0.0426    0.0037
 000428   A  0.012660  0.103767  0.082543    0.0021    0.0064    0.0730    0.0250    0.0330    0.0431    0.0034
 000429   F  0.012513  0.114867  0.081689    0.0062    0.0090    0.1040    0.0340    0.0410    0.0484    0.0030
 000430   T  0.012589  0.124515  0.080847    0.0038    0.0119    0.1130    0.0400    0.0442    0.0519    0.0028
 000431   A  0.014665  0.141645  0.081019    0.0097    0.0240    0.1620    0.0530    0.0586    0.0627    0.0025
 000432   S  0.026139  0.175681  0.080762    0.0316    0.0240    0.1810    0.0570    0.0731    0.0691    0.0022
 000433   A  0.044837  0.215265  0.079475    0.0274    0.0218    0.2040    0.0620    0.0856    0.0817    0.0019
 000434   Q  0.092677  0.232586  0.079318    0.0128    0.0231    0.2450    0.0780    0.1010    0.0935    0.0017
 000435   A  0.142095  0.281639  0.078003    0.0109    0.0136    0.2470    0.0640    0.1159    0.1067    0.0017
 000436   I  0.248455  0.328209  0.077231    0.0327    0.0287    0.2510    0.0670    0.1481    0.1195    0.0017
 000437   G  0.352265  0.340449  0.075632    0.0387    0.0618    0.2600    0.0820    0.1756    0.1337    0.0020
 000438   N  0.462509  0.346280  0.073333    0.0677    0.0780    0.2720    0.1000    0.2044    0.1545    0.0023
 000439   I  0.572139  0.384342  0.070574    0.1150    0.1007    0.2790    0.1420    0.2419    0.1808    0.0025
 000440   G  0.680105  0.385127  0.067921    0.1667    0.2034    0.2760    0.1550    0.2852    0.1975    0.0033
 000441   P  0.777056  0.388756  0.066516    0.1667    0.1070    0.2550    0.1490    0.2825    0.2407    0.0042
 000442   G  0.862708  0.449247  0.065964    0.2167    0.1092    0.2510    0.1420    0.3148    0.2696    0.0051
 000443   L  0.924697  0.475543  0.065802    0.1292    0.1115    0.2580    0.1440    0.3165    0.2996    0.0058
 000444   G  0.983174  0.479773  0.064989    0.1349    0.0749    0.2670    0.1500    0.3232    0.3233    0.0077
 000445   E  0.982828  0.529167  0.064775    0.1266    0.0719    0.2810    0.1410    0.3319    0.3282    0.0096
 000446   V  0.978498  0.541525  0.064900    0.0965    0.1137    0.3210    0.1290    0.3418    0.3252    0.0111
 000447   G  0.965216  0.515436  0.064427    0.1635    0.1206    0.3750    0.1490    0.3567    0.3094    0.0143
 000448   P  0.909510  0.515045  0.065552    0.1878    0.1206    0.3570    0.1170    0.3484    0.2888    0.0164
 000449   M  0.826790  0.518763  0.067078    0.1060    0.1115    0.3220    0.0830    0.3142    0.2739    0.0180
 000450   G  0.752895  0.485221  0.069213    0.1878    0.1229    0.2710    0.0730    0.3033    0.2370    0.0203
 000451   S  0.683084  0.465869  0.070458    0.1921    0.0662    0.2700    0.0860    0.2795    0.2216    0.0202
 000452   Y  0.656026  0.453787  0.071732    0.0965    0.0275    0.2710    0.0860    0.2508    0.2279    0.0195
 000453   A  0.640183  0.423099  0.072421    0.0542    0.0171    0.2550    0.0780    0.2316    0.2262    0.0210
 000454   G  0.565987  0.387791  0.073163    0.0542    0.0313    0.2400    0.0900    0.2132    0.1973    0.0225
 000455   L  0.474223  0.356500  0.073627    0.0336    0.0174    0.2190    0.0890    0.1835    0.1722    0.0229
 000456   H  0.393473  0.329506  0.074252    0.0304    0.0127    0.1700    0.0640    0.1560    0.1470    0.0238
 000457   P  0.346452  0.280793  0.074365    0.0259    0.0109    0.1180    0.0350    0.1304    0.1277    0.0251
 000458   L  0.320849  0.256028  0.074765    0.0179    0.0095    0.1010    0.0240    0.1175    0.1185    0.0247
 000459   S  0.286829  0.222031  0.075706    0.0069    0.0086    0.0800    0.0150    0.1007    0.1062    0.0257
 000460   K  0.252555  0.178268  0.077065    0.0075    0.0100    0.0680    0.0160    0.0861    0.0900    0.0269
 000461   L  0.169806  0.140849  0.078010    0.0078    0.0066    0.0660    0.0200    0.0653    0.0626    0.0276
 000462   L  0.078699  0.113932  0.078457    0.0074    0.0071    0.0650    0.0210    0.0454    0.0412    0.0277
 000463   L  0.045121  0.077288  0.078419    0.0067    0.0076    0.0590    0.0190    0.0327    0.0323    0.0290
 000464   V  0.031403  0.063087  0.079266    0.0084    0.0066    0.0530    0.0190    0.0270    0.0302    0.0287
 000465   G  0.015543  0.054650  0.079677    0.0049    0.0073    0.0530    0.0250    0.0225    0.0311    0.0286
 000466   L  0.008454  0.043229  0.079596    0.0053    0.0078    0.0600    0.0300    0.0207    0.0317    0.0288
 000467   M  0.006608  0.042205  0.078515    0.0066    0.0060    0.0620    0.0290    0.0205    0.0320    0.0291
 000468   W  0.005918  0.045926  0.077939    0.0026    0.0040    0.0660    0.0230    0.0207    0.0336    0.0287
 000469   A  0.006002  0.050378  0.077406    0.0028    0.0041    0.0680    0.0170    0.0218    0.0340    0.0272
 000470   G  0.010336  0.057832  0.077301    0.0008    0.0031    0.0680    0.0090    0.0233    0.0345    0.0250
 000471   R  0.012742  0.061764  0.077440    0.0005    0.0032    0.0710    0.0100    0.0248    0.0352    0.0225
 000472   I  0.011047  0.059287  0.077266    0.0004    0.0046    0.0770    0.0140    0.0255    0.0360    0.0214
 000473   E  0.025632  0.054965  0.076358    0.0007    0.0067    0.0810    0.0140    0.0281    0.0342    0.0230
 000474   V  0.048029  0.055410  0.079890    0.0022    0.0067    0.1090    0.0350    0.0369    0.0400    0.0239
 000475   V  0.074267  0.055877  0.087029    0.0040    0.0062    0.1800    0.0850    0.0533    0.0608    0.0255
 000476   P  0.106488  0.053869  0.086372    0.0009    0.0062    0.2660    0.1220    0.0723    0.0902    0.0274
 000477   V  0.141196  0.051349  0.086061    0.0009    0.0086    0.7030    0.1910    0.1508    0.2454    0.0285
 000478   V  0.175563  0.054341  0.086601    0.0010    0.0070    0.9310    0.0450    0.1948    0.3282    0.0298
 000479   L  0.224013  0.052377  0.086648    0.0031    0.0102    0.9600    0.0270    0.2082    0.3380    0.0309
 000480   L  0.272545  0.053995  0.086002    0.0012    0.0119    0.9300    0.0610    0.2116    0.3277    0.0330
 000481   L  0.363368  0.070487  0.085065    0.0009    0.0097    0.3540    0.0800    0.1332    0.1533    0.0351
 000482   T  0.449395  0.101515  0.084663    0.0015    0.0082    0.3030    0.2090    0.1440    0.1647    0.0384
 000483   P  0.534264  0.144672  0.085068    0.0074    0.0111    0.2900    0.1660    0.1645    0.1859    0.0386
 000484   E  0.618498  0.217335  0.085538    0.0087    0.0083    0.4990    0.2010    0.2253    0.2391    0.0345
 000485   L  0.697013  0.320496  0.086013    0.0252    0.0097    0.6490    0.1910    0.2837    0.2849    0.0299
 000486   W  0.772484  0.439262  0.087064    0.0587    0.0120    0.6730    0.1840    0.3258    0.3053    0.0287
 000487   R  0.970932  0.561330  0.087984    0.0677    0.0079    0.6490    0.1740    0.3761    0.3596    0.0270
 000488   R  0.996533  0.697340  0.089450    0.1532    0.0095    0.7420    0.1130    0.4332    0.3783    0.0255
 000489   L  0.997498  0.762238  0.090566    0.2748    0.0125    0.7810    0.1420    0.4713    0.3767    0.0231
 000490   R  0.993150  0.817769  0.091652    0.4333    0.0223    0.8560    0.0810    0.5204    0.3794    0.0215
