#RESNUM RES     VL-XT     VSL2B       VL3  IUPred-S  IUPred-L  PONDRFIT  FITERROR       MDP  MDPERROR   ANCHOR2
 000001   M  0.489709  0.820444  0.376405    0.7605    0.1671    0.9370    0.0360    0.5291    0.2771    0.3091
 000002   P  0.067381  0.758019  0.369358    0.7111    0.2258    0.8870    0.0660    0.4416    0.3064    0.2945
 000003   I  0.223582  0.744912  0.362134    0.6789    0.2609    0.8600    0.0500    0.4613    0.2559    0.2830
 000004   S  0.125190  0.686708  0.351675    0.6442    0.2988    0.7410    0.0630    0.4159    0.2357    0.2730
 000005   R  0.283367  0.620377  0.339096    0.6035    0.3426    0.7820    0.0690    0.4387    0.1921    0.2637
 000006   Y  0.278358  0.536669  0.327643    0.5549    0.3599    0.7500    0.0850    0.4134    0.1718    0.2588
 000007   Y  0.313655  0.491842  0.320709    0.5229    0.2884    0.6820    0.0950    0.3831    0.1518    0.2436
 000008   D  0.327260  0.482147  0.314942    0.4781    0.2224    0.7310    0.0770    0.3735    0.1727    0.2229
 000009   V  0.351163  0.524860  0.319330    0.3535    0.2645    0.6900    0.1130    0.3641    0.1552    0.2105
 000010   K  0.345132  0.577426  0.325465    0.2292    0.3149    0.6550    0.1280    0.3536    0.1626    0.2022
 000011   R  0.307817  0.629973  0.331127    0.1958    0.2609    0.7280    0.1230    0.3537    0.2051    0.2021
 000012   D  0.276977  0.657926  0.337131    0.2700    0.2328    0.7010    0.1250    0.3564    0.1995    0.2128
 000013   E  0.258563  0.649538  0.343551    0.1766    0.2193    0.6840    0.1070    0.3313    0.2111    0.2236
 000014   K  0.215324  0.603939  0.350149    0.1878    0.3149    0.5560    0.1430    0.3130    0.1685    0.2388
 000015   G  0.176412  0.569207  0.356977    0.1921    0.2034    0.4920    0.1480    0.2721    0.1653    0.2594
 000016   E  0.170635  0.517882  0.363895    0.2041    0.1424    0.3770    0.1240    0.2353    0.1473    0.2875
 000017   R  0.160943  0.468343  0.358171    0.1921    0.1399    0.2940    0.0990    0.2091    0.1316    0.3196
 000018   Y  0.155726  0.411455  0.355032    0.1921    0.1349    0.1960    0.0720    0.1817    0.1197    0.3716
 000019   L  0.160525  0.349251  0.350496    0.1292    0.1251    0.1340    0.0630    0.1497    0.1166    0.4289
 000020   E  0.169320  0.281711  0.348628    0.1292    0.1162    0.0930    0.0450    0.1316    0.1102    0.3960
 000021   P  0.185114  0.233910  0.347776    0.1240    0.1349    0.0840    0.0410    0.1270    0.1044    0.3512
 000022   Y  0.194152  0.203463  0.349905    0.0771    0.0888    0.0960    0.0500    0.1099    0.1119    0.3163
 000023   V  0.186134  0.172419  0.351666    0.0909    0.0506    0.1140    0.0600    0.1023    0.1133    0.2929
 000024   T  0.175827  0.152249  0.357601    0.0542    0.0531    0.1360    0.0640    0.0952    0.1181    0.2687
 000025   G  0.139894  0.158833  0.365885    0.0327    0.0531    0.1820    0.1120    0.0945    0.1246    0.2494
 000026   F  0.111443  0.170730  0.368909    0.0336    0.0531    0.2090    0.1320    0.0963    0.1282    0.2350
 000027   L  0.078903  0.153542  0.373204    0.0308    0.0518    0.2190    0.1330    0.0890    0.1334    0.2296
 000028   L  0.042922  0.141297  0.381603    0.0316    0.0454    0.2250    0.1270    0.0811    0.1414    0.2339
 000029   L  0.039870  0.150252  0.392621    0.0554    0.0356    0.2260    0.1300    0.0846    0.1441    0.2502
 000030   R  0.087091  0.170285  0.405189    0.0789    0.0631    0.2210    0.1150    0.1034    0.1365    0.2698
 000031   L  0.129538  0.180754  0.419944    0.0405    0.0631    0.2370    0.1170    0.1085    0.1448    0.2793
 000032   P  0.160413  0.233572  0.434646    0.0350    0.0568    0.2540    0.1230    0.1233    0.1526    0.2991
 000033   L  0.218844  0.265619  0.448473    0.0607    0.0967    0.3010    0.1570    0.1571    0.1495    0.3189
 000034   L  0.276388  0.330978  0.461143    0.1018    0.1373    0.3220    0.1600    0.1947    0.1439    0.3450
 000035   N  0.341204  0.383964  0.477609    0.1060    0.1251    0.3060    0.1480    0.2103    0.1560    0.3823
 000036   K  0.406267  0.425879  0.496117    0.1018    0.0780    0.3140    0.1410    0.2210    0.1804    0.4224
 000037   G  0.494465  0.477543  0.513993    0.1602    0.0967    0.3380    0.1490    0.2612    0.1863    0.4114
 000038   T  0.575311  0.501531  0.529411    0.1566    0.1501    0.3580    0.1440    0.2903    0.1937    0.3875
 000039   A  0.597968  0.511589  0.544412    0.1495    0.1501    0.3720    0.1230    0.2969    0.2029    0.3683
 000040   F  0.631531  0.540679  0.549736    0.2255    0.2292    0.4020    0.1150    0.3382    0.1828    0.3563
 000041   T  0.689323  0.558593  0.554328    0.1566    0.2399    0.3850    0.0970    0.3383    0.2095    0.3390
 000042   E  0.721908  0.567652  0.557868    0.2333    0.2436    0.3640    0.0790    0.3550    0.2034    0.3167
 000043   E  0.751271  0.582513  0.561900    0.2080    0.1501    0.3270    0.0660    0.3365    0.2362    0.3071
 000044   E  0.772676  0.579316  0.564396    0.2122    0.2470    0.3400    0.0940    0.3585    0.2225    0.3048
 000045   R  0.791857  0.545853  0.569590    0.2167    0.3529    0.3470    0.1140    0.3756    0.2107    0.3105
 000046   R  0.787731  0.526111  0.576562    0.2531    0.3356    0.3320    0.1070    0.3724    0.2062    0.3271
 000047   L  0.785058  0.492246  0.583970    0.2913    0.2715    0.3150    0.0960    0.3592    0.2097    0.3524
 000048   L  0.787695  0.480097  0.589370    0.2913    0.2715    0.3150    0.0910    0.3576    0.2111    0.3665
 000049   G  0.790331  0.488999  0.591825    0.2167    0.2715    0.2850    0.0850    0.3421    0.2268    0.3745
 000050   L  0.787966  0.522181  0.594653    0.2483    0.2193    0.2590    0.0820    0.3394    0.2342    0.3861
 000051   E  0.780985  0.518528  0.596263    0.3535    0.3426    0.2360    0.0680    0.3720    0.2077    0.3917
 000052   G  0.779619  0.489143  0.594299    0.2602    0.3426    0.2340    0.0660    0.3509    0.2176    0.4064
 000053   L  0.779707  0.479199  0.596290    0.2483    0.3426    0.2450    0.0760    0.3492    0.2177    0.4203
 000054   L  0.782789  0.484533  0.604040    0.2333    0.3249    0.2340    0.0690    0.3432    0.2257    0.4187
 000055   P  0.777828  0.468500  0.608297    0.2333    0.3286    0.2200    0.0640    0.3381    0.2267    0.4060
 000056   P  0.777291  0.484651  0.615635    0.2483    0.3286    0.2310    0.0680    0.3449    0.2245    0.3891
 000057   H  0.777986  0.516418  0.624587    0.2602    0.2680    0.2520    0.0770    0.3458    0.2294    0.3649
 000058   V  0.765279  0.533637  0.635472    0.3359    0.2715    0.2870    0.0970    0.3655    0.2148    0.3328
 000059   H  0.747998  0.559611  0.639696    0.3535    0.3426    0.2910    0.1060    0.3824    0.2009    0.3142
 000060   T  0.734058  0.593236  0.642534    0.2786    0.3356    0.3160    0.1150    0.3762    0.2085    0.2942
 000061   L  0.718113  0.623438  0.638237    0.3668    0.3392    0.3200    0.1240    0.3945    0.1941    0.2683
 000062   E  0.696505  0.643413  0.628894    0.3578    0.3215    0.3480    0.1450    0.3945    0.1902    0.2496
 000063   E  0.670807  0.644403  0.614625    0.2700    0.2399    0.4180    0.1880    0.3738    0.2042    0.2296
 000064   Q  0.665390  0.651351  0.601176    0.3399    0.2258    0.4680    0.2210    0.3918    0.1924    0.2151
 000065   K  0.650713  0.625767  0.587380    0.3263    0.3149    0.4280    0.2070    0.3909    0.1696    0.2060
 000066   E  0.648064  0.578728  0.572767    0.1998    0.2918    0.3950    0.1990    0.3523    0.1898    0.1996
 000067   R  0.672718  0.517184  0.558901    0.1805    0.2918    0.3890    0.2090    0.3419    0.1906    0.1956
 000068   V  0.703756  0.453375  0.545196    0.1805    0.2094    0.3710    0.2100    0.3197    0.2043    0.1971
 000069   Y  0.737666  0.373327  0.530242    0.2748    0.2918    0.3370    0.2120    0.3357    0.1855    0.2031
 000070   R  0.758765  0.313809  0.515200    0.1766    0.2884    0.2800    0.1860    0.3029    0.2120    0.2012
 000071   R  0.779171  0.300786  0.501904    0.1732    0.2752    0.2400    0.1530    0.2947    0.2220    0.2028
 000072   Y  0.797587  0.285233  0.486413    0.2531    0.2680    0.2300    0.1390    0.3056    0.2180    0.2127
 000073   R  0.824733  0.269167  0.470101    0.2531    0.1823    0.2250    0.1410    0.2924    0.2359    0.2156
 000074   L  0.782135  0.265621  0.453502    0.1635    0.1115    0.2330    0.1360    0.2593    0.2390    0.2274
 000075   I  0.728727  0.297038  0.438113    0.1041    0.1028    0.2510    0.1430    0.2473    0.2281    0.2335
 000076   Q  0.683049  0.312889  0.418657    0.0542    0.1048    0.2600    0.1370    0.2358    0.2199    0.2397
 000077   S  0.637453  0.323881  0.396721    0.0478    0.0581    0.2790    0.1230    0.2244    0.2129    0.2517
 000078   P  0.552287  0.353790  0.373782    0.0490    0.0631    0.2310    0.1100    0.2082    0.1888    0.2614
 000079   L  0.507511  0.348931  0.353742    0.0376    0.1007    0.2040    0.0970    0.1998    0.1716    0.2651
 000080   E  0.474441  0.331678  0.336773    0.0587    0.1501    0.1720    0.0760    0.1979    0.1505    0.2663
 000081   K  0.446681  0.323846  0.321519    0.0660    0.1671    0.1370    0.0470    0.1902    0.1412    0.2710
 000082   H  0.372497  0.313192  0.305540    0.0660    0.1881    0.1200    0.0360    0.1766    0.1219    0.2751
 000083   I  0.348983  0.264973  0.293052    0.1117    0.1942    0.1090    0.0230    0.1715    0.1025    0.2710
 000084   Y  0.319385  0.247338  0.279533    0.1240    0.1349    0.1010    0.0150    0.1544    0.0963    0.2743
 000085   L  0.265206  0.238316  0.263336    0.1266    0.1162    0.0950    0.0080    0.1402    0.0849    0.2659
 000086   R  0.211365  0.229169  0.247160    0.1266    0.1251    0.1020    0.0160    0.1324    0.0705    0.2606
 000087   H  0.192728  0.228713  0.228232    0.0587    0.1007    0.1200    0.0270    0.1168    0.0757    0.2631
 000088   L  0.146938  0.227530  0.211598    0.0350    0.0605    0.1120    0.0280    0.0971    0.0796    0.2618
 000089   Q  0.095797  0.231293  0.192064    0.0226    0.0334    0.1060    0.0290    0.0815    0.0829    0.2660
 000090   D  0.044618  0.230171  0.173053    0.0218    0.0372    0.0920    0.0290    0.0709    0.0821    0.2742
 000091   R  0.023236  0.217956  0.154540    0.0121    0.0356    0.0840    0.0310    0.0621    0.0796    0.2814
 000092   N  0.033889  0.185891  0.143411    0.0074    0.0372    0.0770    0.0330    0.0569    0.0682    0.2930
 000093   E  0.053193  0.165707  0.135225    0.0079    0.0231    0.0830    0.0430    0.0555    0.0614    0.3039
 000094   V  0.076358  0.131114  0.129597    0.0144    0.0443    0.0760    0.0390    0.0570    0.0474    0.3206
 000095   L  0.120359  0.093454  0.124149    0.0118    0.0780    0.0570    0.0190    0.0602    0.0438    0.3367
 000096   F  0.155360  0.064386  0.119755    0.0259    0.1028    0.0440    0.0110    0.0654    0.0491    0.3516
 000097   Y  0.193322  0.056132  0.115167    0.0304    0.0646    0.0400    0.0090    0.0641    0.0593    0.3635
 000098   A  0.193695  0.056324  0.110921    0.0200    0.0780    0.0380    0.0080    0.0643    0.0603    0.3570
 000099   L  0.194121  0.053559  0.106348    0.0218    0.0749    0.0450    0.0130    0.0648    0.0591    0.3486
 000100   V  0.190285  0.065510  0.102968    0.0259    0.0433    0.0490    0.0170    0.0624    0.0575    0.3326
 000101   V  0.175955  0.074969  0.099147    0.0116    0.0258    0.0660    0.0270    0.0590    0.0562    0.3159
 000102   D  0.154959  0.089441  0.095830    0.0069    0.0275    0.0970    0.0390    0.0626    0.0514    0.3069
 000103   H  0.145068  0.111011  0.094018    0.0033    0.0306    0.1170    0.0330    0.0678    0.0524    0.2968
 000104   L  0.163819  0.136262  0.093470    0.0031    0.0294    0.1330    0.0360    0.0776    0.0607    0.2849
 000105   E  0.193061  0.151951  0.092423    0.0070    0.0294    0.1380    0.0430    0.0866    0.0682    0.2728
 000106   E  0.221494  0.170100  0.091443    0.0131    0.0483    0.1300    0.0440    0.0972    0.0723    0.2595
 000107   M  0.299203  0.180299  0.091776    0.0167    0.1048    0.1180    0.0460    0.1199    0.0889    0.2536
 000108   L  0.382410  0.176361  0.091735    0.0304    0.1373    0.1000    0.0540    0.1378    0.1128    0.2494
 000109   P  0.463318  0.167165  0.091843    0.0405    0.1115    0.0780    0.0480    0.1434    0.1423    0.2510
 000110   I  0.547892  0.161195  0.092088    0.0567    0.1671    0.0760    0.0410    0.1681    0.1688    0.2529
 000111   L  0.631689  0.147779  0.090875    0.0567    0.2436    0.0830    0.0520    0.1939    0.1991    0.2571
 000112   Y  0.695632  0.140838  0.089324    0.0884    0.2002    0.1110    0.0680    0.2061    0.2162    0.2602
 000113   T  0.660403  0.153150  0.088531    0.0909    0.1942    0.1050    0.0560    0.2006    0.2031    0.2541
 000114   P  0.622797  0.164399  0.085984    0.0490    0.1942    0.1060    0.0460    0.1894    0.1940    0.2469
 000115   T  0.562550  0.175901  0.083763    0.0991    0.1823    0.1080    0.0370    0.1879    0.1662    0.2429
 000116   V  0.490615  0.225671  0.082247    0.0909    0.1115    0.0940    0.0270    0.1688    0.1467    0.2336
 000117   G  0.419116  0.263746  0.082184    0.0502    0.1007    0.0830    0.0230    0.1529    0.1331    0.2299
 000118   E  0.353516  0.285726  0.083616    0.0464    0.0799    0.0900    0.0270    0.1426    0.1186    0.2227
 000119   A  0.282472  0.312760  0.084771    0.0832    0.1501    0.1070    0.0380    0.1560    0.0943    0.2189
 000120   V  0.211654  0.322284  0.085190    0.0425    0.1251    0.0910    0.0390    0.1321    0.0953    0.2180
 000121   R  0.147084  0.284428  0.086344    0.0965    0.1969    0.0810    0.0360    0.1343    0.0744    0.2197
 000122   E  0.132730  0.276163  0.086800    0.1495    0.1702    0.0750    0.0310    0.1339    0.0677    0.2223
 000123   F  0.121523  0.256679  0.085658    0.2255    0.2503    0.0780    0.0370    0.1553    0.0777    0.2243
 000124   S  0.129030  0.218318  0.084525    0.1456    0.2129    0.0700    0.0380    0.1293    0.0587    0.2324
 000125   H  0.131370  0.197272  0.083910    0.1292    0.1881    0.0720    0.0320    0.1196    0.0492    0.2369
 000126   I  0.126254  0.197202  0.083001    0.1060    0.1881    0.0930    0.0350    0.1184    0.0469    0.2394
 000127   Y  0.121212  0.193501  0.082794    0.1667    0.2470    0.1030    0.0470    0.1385    0.0581    0.2509
 000128   R  0.117298  0.206853  0.081565    0.1667    0.2609    0.0960    0.0460    0.1412    0.0652    0.2516
 000129   Y  0.109198  0.258326  0.080588    0.1532    0.1611    0.1060    0.0510    0.1313    0.0595    0.2547
 000130   P  0.118322  0.296089  0.079974    0.1844    0.1942    0.1080    0.0490    0.1502    0.0731    0.2503
 000131   R  0.120299  0.292161  0.079639    0.1766    0.2541    0.1060    0.0410    0.1582    0.0793    0.2449
 000132   G  0.123989  0.301743  0.079695    0.1958    0.1731    0.1080    0.0480    0.1505    0.0741    0.2416
 000133   F  0.128469  0.328977  0.080889    0.1732    0.1643    0.1170    0.0540    0.1520    0.0804    0.2366
 000134   T  0.147013  0.313603  0.081432    0.1805    0.2783    0.1380    0.0500    0.1763    0.0823    0.2335
 000135   A  0.165326  0.331260  0.083323    0.1844    0.2470    0.1640    0.0590    0.1821    0.0783    0.2300
 000136   S  0.183601  0.400190  0.084982    0.1958    0.1702    0.1810    0.0620    0.1884    0.0966    0.2297
 000137   T  0.201876  0.433073  0.086650    0.2385    0.2680    0.1920    0.0710    0.2223    0.1053    0.2286
 000138   K  0.228187  0.411290  0.087794    0.2209    0.3599    0.2020    0.0940    0.2370    0.1075    0.2218
 000139   N  0.276441  0.437657  0.088947    0.2432    0.2988    0.1750    0.0720    0.2385    0.1089    0.2213
 000140   I  0.343584  0.434171  0.089599    0.3184    0.4017    0.1660    0.0700    0.2773    0.1250    0.2203
 000141   D  0.405475  0.390981  0.088784    0.2122    0.2849    0.1570    0.0590    0.2417    0.1172    0.2277
 000142   R  0.457942  0.362246  0.088790    0.2602    0.3019    0.1830    0.0700    0.2609    0.1200    0.2310
 000143   I  0.490357  0.346021  0.089520    0.1805    0.3117    0.1870    0.0700    0.2525    0.1322    0.2344
 000144   D  0.517377  0.323882  0.090346    0.2820    0.3494    0.1630    0.0740    0.2726    0.1377    0.2420
 000145   E  0.514965  0.294660  0.092414    0.2913    0.3356    0.1830    0.0920    0.2700    0.1319    0.2465
 000146   A  0.512911  0.288315  0.095186    0.2558    0.2817    0.2020    0.1060    0.2568    0.1267    0.2485
 000147   L  0.513893  0.278842  0.096688    0.2531    0.1942    0.1890    0.1030    0.2382    0.1306    0.2553
 000148   Q  0.477301  0.264296  0.098309    0.1698    0.1323    0.1490    0.0730    0.1988    0.1289    0.2648
 000149   N  0.454577  0.260612  0.097126    0.1178    0.1162    0.1260    0.0530    0.1792    0.1289    0.2769
 000150   V  0.447492  0.243995  0.095208    0.0789    0.1115    0.1070    0.0410    0.1648    0.1320    0.2883
 000151   P  0.454865  0.219317  0.094413    0.1041    0.1881    0.0860    0.0270    0.1753    0.1290    0.3017
 000152   L  0.443695  0.193689  0.092325    0.0965    0.1791    0.0770    0.0220    0.1650    0.1268    0.3091
 000153   E  0.427793  0.181246  0.090396    0.1088    0.1852    0.0630    0.0200    0.1610    0.1221    0.3218
 000154   D  0.452480  0.163275  0.089145    0.1805    0.2436    0.0620    0.0240    0.1836    0.1291    0.3300
 000155   V  0.464023  0.156064  0.089176    0.1805    0.1528    0.0630    0.0240    0.1694    0.1323    0.3323
 000156   R  0.472107  0.154514  0.089027    0.1380    0.0870    0.0670    0.0280    0.1531    0.1402    0.3370
 000157   L  0.476524  0.149921  0.088612    0.1018    0.1048    0.0850    0.0470    0.1530    0.1405    0.3461
 000158   I  0.444089  0.153242  0.088136    0.0991    0.0985    0.1070    0.0700    0.1504    0.1274    0.3459
 000159   V  0.410846  0.165945  0.088236    0.0884    0.0929    0.1290    0.0790    0.1478    0.1154    0.3436
 000160   A  0.344383  0.169296  0.086947    0.0464    0.0888    0.1530    0.0830    0.1337    0.0982    0.3380
 000161   T  0.317371  0.183406  0.086338    0.0723    0.1373    0.1590    0.0760    0.1450    0.0818    0.3360
 000162   D  0.317546  0.204795  0.085959    0.0607    0.1184    0.1520    0.0580    0.1422    0.0867    0.3313
 000163   S  0.318536  0.219586  0.086112    0.1088    0.1206    0.1470    0.0580    0.1524    0.0811    0.3242
 000164   S  0.360723  0.228219  0.085281    0.0965    0.1115    0.1450    0.0670    0.1570    0.0980    0.3198
 000165   A  0.399481  0.245916  0.086444    0.0502    0.1070    0.1250    0.0420    0.1547    0.1204    0.3150
 000166   I  0.461957  0.262536  0.086144    0.0789    0.1251    0.1180    0.0330    0.1743    0.1373    0.3133
 000167   L  0.521918  0.293242  0.085754    0.0771    0.1070    0.1160    0.0350    0.1858    0.1620    0.3172
 000168   G  0.574644  0.325357  0.084063    0.1041    0.1028    0.1240    0.0410    0.2052    0.1793    0.3157
 000169   I  0.644183  0.352274  0.082271    0.1292    0.1671    0.1630    0.0440    0.2427    0.1932    0.3163
 000170   G  0.663451  0.348164  0.080048    0.1088    0.1476    0.1490    0.0330    0.2362    0.2046    0.3194
 000171   D  0.652214  0.342865  0.078604    0.1349    0.1702    0.1340    0.0280    0.2390    0.1974    0.3213
 000172   Q  0.610581  0.323238  0.077998    0.0789    0.1583    0.1490    0.0370    0.2201    0.1880    0.3170
 000173   G  0.531150  0.318576  0.079583    0.0701    0.0948    0.1280    0.0300    0.1904    0.1695    0.3107
 000174   Y  0.456382  0.294125  0.080144    0.0621    0.0985    0.1340    0.0450    0.1743    0.1430    0.3108
 000175   G  0.359916  0.296200  0.084306    0.0376    0.0592    0.1180    0.0390    0.1451    0.1241    0.3025
 000176   G  0.285347  0.279995  0.088065    0.0464    0.0433    0.1230    0.0360    0.1296    0.1025    0.2981
 000177   M  0.205952  0.263044  0.089316    0.0526    0.0817    0.1390    0.0300    0.1237    0.0757    0.2984
 000178   A  0.188737  0.227163  0.090645    0.0587    0.1115    0.1420    0.0260    0.1214    0.0593    0.2910
 000179   I  0.194157  0.204600  0.092068    0.0587    0.0929    0.1300    0.0340    0.1134    0.0563    0.2873
 000180   S  0.214760  0.198065  0.096796    0.0884    0.1528    0.1200    0.0420    0.1290    0.0508    0.2868
 000181   I  0.307285  0.195384  0.103146    0.0723    0.1528    0.1160    0.0430    0.1407    0.0791    0.2824
 000182   G  0.381441  0.192539  0.108147    0.0643    0.0985    0.1170    0.0420    0.1424    0.1076    0.2822
 000183   K  0.404045  0.192946  0.112640    0.0607    0.0948    0.1190    0.0430    0.1453    0.1159    0.2852
 000184   L  0.426253  0.184872  0.117638    0.0425    0.1115    0.1310    0.0480    0.1493    0.1239    0.2921
 000185   T  0.424968  0.178252  0.127773    0.0744    0.1791    0.1310    0.0500    0.1646    0.1146    0.2969
 000186   L  0.463785  0.178834  0.135875    0.0935    0.1731    0.1370    0.0500    0.1743    0.1247    0.3069
 000187   Y  0.424410  0.194457  0.150760    0.1041    0.1791    0.1460    0.0490    0.1747    0.1073    0.3102
 000188   T  0.388932  0.214208  0.162275    0.1240    0.1449    0.1590    0.0470    0.1719    0.0933    0.3050
 000189   A  0.346665  0.254048  0.173894    0.1495    0.1969    0.1730    0.0430    0.1867    0.0730    0.3030
 000190   A  0.294265  0.290530  0.188944    0.1635    0.2193    0.1790    0.0420    0.1912    0.0608    0.3029
 000191   G  0.275568  0.336001  0.202380    0.1878    0.2328    0.2150    0.0570    0.2079    0.0607    0.3001
 000192   G  0.307864  0.375455  0.219161    0.2209    0.2399    0.2770    0.0810    0.2368    0.0664    0.3013
 000193   V  0.355894  0.436832  0.238793    0.2333    0.2470    0.3270    0.1090    0.2667    0.0845    0.3023
 000194   G  0.433045  0.472852  0.259032    0.1698    0.1914    0.2980    0.1040    0.2608    0.1219    0.3028
 000195   P  0.462977  0.500531  0.280868    0.2432    0.2752    0.2420    0.0760    0.2873    0.1158    0.3031
 000196   D  0.529340  0.514776  0.301140    0.1878    0.2715    0.2460    0.0710    0.2915    0.1413    0.2975
 000197   K  0.612352  0.493815  0.319506    0.2602    0.3667    0.2490    0.0720    0.3304    0.1409    0.2927
 000198   T  0.696472  0.463609  0.338476    0.3456    0.4441    0.2440    0.0750    0.3656    0.1534    0.2938
 000199   L  0.726091  0.453938  0.356992    0.3535    0.4476    0.2080    0.0620    0.3649    0.1683    0.2977
 000200   P  0.758015  0.439130  0.373883    0.3885    0.4901    0.1650    0.0490    0.3734    0.1869    0.3013
 000201   V  0.787426  0.433105  0.391013    0.4379    0.4409    0.1600    0.0460    0.3765    0.1946    0.2981
 000202   E  0.803148  0.438051  0.408114    0.4458    0.3566    0.1440    0.0450    0.3645    0.2062    0.2972
 000203   L  0.796420  0.437857  0.420325    0.3762    0.3494    0.1610    0.0540    0.3535    0.2022    0.2956
 000204   D  0.765874  0.425714  0.430562    0.3668    0.4292    0.1690    0.0620    0.3594    0.1897    0.2897
 000205   V  0.715072  0.435392  0.445377    0.3630    0.4652    0.1800    0.0620    0.3598    0.1746    0.2833
 000206   G  0.676121  0.454977  0.451829    0.3311    0.3494    0.1820    0.0590    0.3323    0.1685    0.2791
 000207   T  0.621550  0.476030  0.457826    0.3535    0.2609    0.1870    0.0560    0.3164    0.1632    0.2816
 000208   D  0.575134  0.499578  0.466457    0.2820    0.1852    0.1870    0.0530    0.2882    0.1730    0.2848
 000209   R  0.497054  0.521486  0.479579    0.2209    0.1759    0.1890    0.0590    0.2674    0.1727    0.2877
 000210   E  0.429637  0.512438  0.494733    0.2209    0.1914    0.2000    0.0680    0.2591    0.1624    0.2925
 000211   D  0.409797  0.504711  0.505457    0.1958    0.1611    0.2370    0.0920    0.2514    0.1660    0.2977
 000212   L  0.396782  0.482131  0.515300    0.1921    0.2193    0.2360    0.1040    0.2543    0.1558    0.3039
 000213   L  0.452368  0.466468  0.530150    0.1667    0.2034    0.2570    0.1460    0.2577    0.1668    0.3075
 000214   K  0.519379  0.455030  0.544944    0.2292    0.2817    0.2600    0.1490    0.2909    0.1573    0.3043
 000215   D  0.560123  0.460030  0.555326    0.2080    0.1914    0.2520    0.1230    0.2786    0.1835    0.3016
 000216   P  0.583322  0.413725  0.555872    0.2531    0.2503    0.2320    0.0980    0.2887    0.1731    0.3017
 000217   L  0.588577  0.409693  0.558135    0.1698    0.2470    0.1920    0.0830    0.2678    0.1929    0.2932
 000218   Y  0.603130  0.417971  0.549586    0.1532    0.2541    0.1720    0.0830    0.2668    0.1991    0.2816
 000219   L  0.653863  0.400009  0.545319    0.1495    0.2575    0.1400    0.0620    0.2669    0.2140    0.2630
 000220   G  0.641710  0.393352  0.539363    0.1495    0.1823    0.1330    0.0580    0.2500    0.2183    0.2385
 000221   V  0.591491  0.370114  0.528477    0.1349    0.0948    0.1460    0.0740    0.2229    0.2164    0.2173
 000222   R  0.503608  0.377121  0.518298    0.0884    0.0888    0.1640    0.0910    0.2036    0.2030    0.2000
 000223   H  0.442733  0.356682  0.506883    0.0723    0.0765    0.1890    0.1150    0.1895    0.1912    0.1855
 000224   R  0.384753  0.391811  0.494451    0.1018    0.0765    0.2190    0.1400    0.1956    0.1766    0.1726
 000225   R  0.370039  0.413478  0.480842    0.0554    0.0851    0.2600    0.1550    0.1973    0.1796    0.1694
 000226   L  0.357133  0.410990  0.464453    0.0304    0.0780    0.2860    0.1750    0.1938    0.1806    0.1691
 000227   R  0.358292  0.432741  0.446696    0.0252    0.0334    0.2930    0.1870    0.1904    0.1893    0.1621
 000228   G  0.311014  0.451080  0.429533    0.0387    0.0372    0.2840    0.1710    0.1870    0.1816    0.1623
 000229   E  0.279047  0.417956  0.411272    0.0304    0.0676    0.2760    0.1480    0.1785    0.1660    0.1619
 000230   E  0.325601  0.368835  0.392729    0.0308    0.0929    0.2350    0.1170    0.1755    0.1519    0.1664
 000231   Y  0.372156  0.320117  0.376478    0.0286    0.0618    0.2430    0.1140    0.1709    0.1540    0.1789
 000232   F  0.350020  0.259741  0.361812    0.0376    0.0909    0.2300    0.1020    0.1614    0.1357    0.1856
 000233   R  0.337263  0.193869  0.345612    0.0252    0.0888    0.2140    0.0980    0.1433    0.1311    0.1833
 000234   F  0.321110  0.167281  0.333831    0.0231    0.0851    0.1970    0.1040    0.1323    0.1264    0.1811
 000235   L  0.320248  0.153986  0.322073    0.0231    0.0518    0.1890    0.1030    0.1230    0.1284    0.1724
 000236   D  0.337732  0.168664  0.305940    0.0226    0.0662    0.1820    0.0930    0.1296    0.1253    0.1588
 000237   R  0.387306  0.181635  0.295282    0.0245    0.1070    0.2010    0.0930    0.1502    0.1281    0.1479
 000238   F  0.444922  0.188359  0.285987    0.0327    0.0909    0.1980    0.0800    0.1591    0.1419    0.1447
 000239   V  0.488101  0.199192  0.275619    0.0308    0.0543    0.1600    0.0580    0.1554    0.1596    0.1371
 000240   E  0.480034  0.206138  0.261463    0.0274    0.0281    0.1570    0.0520    0.1498    0.1605    0.1307
 000241   A  0.534825  0.214106  0.244439    0.0144    0.0269    0.1920    0.0700    0.1638    0.1773    0.1251
 000242   V  0.573987  0.217514  0.228704    0.0131    0.0253    0.1680    0.0650    0.1663    0.1898    0.1159
 000243   R  0.607272  0.210847  0.212157    0.0304    0.0531    0.1400    0.0590    0.1736    0.1946    0.1104
 000244   R  0.620089  0.203517  0.193286    0.0144    0.0581    0.1460    0.0750    0.1737    0.2000    0.1101
 000245   R  0.646142  0.200685  0.175629    0.0304    0.0568    0.1530    0.1070    0.1811    0.2064    0.1112
 000246   Y  0.643551  0.191056  0.161328    0.0554    0.0765    0.1360    0.0830    0.1837    0.2009    0.1194
 000247   P  0.639898  0.176049  0.151780    0.0297    0.0690    0.0900    0.0290    0.1674    0.2075    0.1241
 000248   K  0.572587  0.168271  0.142848    0.0268    0.0780    0.0790    0.0220    0.1542    0.1839    0.1244
 000249   A  0.560678  0.164905  0.137287    0.0478    0.1476    0.0790    0.0270    0.1666    0.1724    0.1219
 000250   L  0.482591  0.150760  0.130332    0.0789    0.1791    0.0720    0.0220    0.1606    0.1412    0.1201
 000251   I  0.417760  0.137652  0.125733    0.0813    0.0929    0.0720    0.0220    0.1335    0.1218    0.1189
 000252   Q  0.358207  0.153916  0.123101    0.0832    0.1184    0.0600    0.0150    0.1290    0.1001    0.1205
 000253   W  0.331494  0.162768  0.121234    0.0771    0.1184    0.0630    0.0190    0.1255    0.0914    0.1235
 000254   E  0.261158  0.173142  0.116995    0.0909    0.0749    0.0580    0.0170    0.1097    0.0722    0.1266
 000255   D  0.191599  0.178836  0.110269    0.0643    0.0851    0.0610    0.0200    0.0968    0.0554    0.1302
 000256   F  0.112179  0.189480  0.103721    0.0441    0.0851    0.0640    0.0210    0.0824    0.0494    0.1318
 000257   A  0.071694  0.198748  0.097004    0.0771    0.0870    0.0600    0.0150    0.0825    0.0490    0.1283
 000258   K  0.027053  0.201710  0.091782    0.0587    0.0676    0.0590    0.0120    0.0690    0.0579    0.1296
 000259   E  0.028473  0.205060  0.089756    0.0350    0.0676    0.0590    0.0140    0.0659    0.0610    0.1311
 000260   T  0.071000  0.210447  0.087390    0.0405    0.0555    0.0600    0.0140    0.0729    0.0587    0.1343
 000261   A  0.074781  0.211528  0.086537    0.0643    0.0543    0.0620    0.0160    0.0778    0.0562    0.1341
 000262   F  0.065408  0.190778  0.086063    0.0677    0.1162    0.0600    0.0170    0.0834    0.0478    0.1315
 000263   Q  0.088108  0.175576  0.084614    0.0350    0.1115    0.0650    0.0220    0.0792    0.0458    0.1262
 000264   V  0.101568  0.166749  0.083770    0.0909    0.1028    0.0700    0.0260    0.0886    0.0338    0.1218
 000265   L  0.115726  0.166052  0.083284    0.0909    0.1028    0.0690    0.0280    0.0907    0.0341    0.1182
 000266   E  0.124423  0.155672  0.083216    0.0502    0.1007    0.0570    0.0190    0.0813    0.0395    0.1127
 000267   R  0.133595  0.153082  0.084331    0.0965    0.1881    0.0500    0.0150    0.1036    0.0478    0.1100
 000268   Y  0.141619  0.173170  0.085466    0.1178    0.1424    0.0520    0.0140    0.1045    0.0425    0.1107
 000269   R  0.122202  0.175712  0.085239    0.1266    0.1528    0.0570    0.0130    0.1058    0.0420    0.1075
 000270   K  0.140502  0.169689  0.085958    0.0723    0.1399    0.0640    0.0120    0.0978    0.0422    0.1062
 000271   V  0.159760  0.200820  0.086853    0.0771    0.1424    0.0690    0.0130    0.1082    0.0506    0.1053
 000272   I  0.163396  0.224282  0.087823    0.0909    0.1671    0.0770    0.0170    0.1204    0.0558    0.1089
 000273   P  0.154835  0.223067  0.086997    0.1495    0.2364    0.0890    0.0210    0.1421    0.0599    0.1155
 000274   S  0.142660  0.258837  0.086598    0.1456    0.1702    0.1030    0.0200    0.1367    0.0574    0.1203
 000275   F  0.136305  0.309236  0.084636    0.1698    0.2034    0.1380    0.0300    0.1595    0.0719    0.1228
 000276   N  0.127276  0.323811  0.082119    0.1766    0.2064    0.1440    0.0390    0.1630    0.0776    0.1231
 000277   D  0.118616  0.328126  0.080222    0.1380    0.1731    0.1400    0.0420    0.1496    0.0800    0.1240
 000278   D  0.101781  0.356663  0.079025    0.0858    0.1759    0.1360    0.0370    0.1427    0.0965    0.1216
 000279   I  0.091014  0.349777  0.077394    0.1117    0.1942    0.1460    0.0470    0.1488    0.0933    0.1149
 000280   Q  0.069426  0.320495  0.076599    0.1150    0.1349    0.1360    0.0470    0.1292    0.0849    0.1112
 000281   G  0.044057  0.303992  0.076931    0.0832    0.1373    0.1120    0.0370    0.1134    0.0856    0.1080
 000282   T  0.038357  0.267592  0.077422    0.0789    0.1671    0.0910    0.0330    0.1071    0.0775    0.1062
 000283   G  0.036485  0.230254  0.077292    0.1380    0.1942    0.0700    0.0220    0.1115    0.0709    0.1019
 000284   A  0.035328  0.194138  0.077811    0.0884    0.1611    0.0640    0.0200    0.0904    0.0573    0.1005
 000285   V  0.039941  0.173987  0.076788    0.0554    0.1028    0.0590    0.0200    0.0719    0.0463    0.1007
 000286   A  0.048738  0.157028  0.076109    0.1018    0.1791    0.0500    0.0180    0.0894    0.0519    0.1039
 000287   L  0.048227  0.144779  0.075162    0.0542    0.1671    0.0460    0.0200    0.0767    0.0501    0.1081
 000288   A  0.043799  0.134848  0.075741    0.0490    0.1702    0.0440    0.0190    0.0737    0.0507    0.1123
 000289   G  0.063081  0.127998  0.076331    0.0455    0.1554    0.0440    0.0170    0.0727    0.0439    0.1188
 000290   V  0.080954  0.125905  0.075570    0.0884    0.1583    0.0520    0.0150    0.0843    0.0372    0.1274
 000291   L  0.091705  0.131053  0.075479    0.0832    0.1528    0.0690    0.0200    0.0880    0.0331    0.1374
 000292   S  0.104426  0.137774  0.075448    0.0455    0.1583    0.0790    0.0250    0.0875    0.0404    0.1483
 000293   A  0.112024  0.173929  0.075885    0.0478    0.1554    0.0950    0.0290    0.0974    0.0454    0.1589
 000294   C  0.118326  0.223522  0.076545    0.0502    0.1115    0.1290    0.0330    0.1055    0.0557    0.1685
 000295   R  0.120156  0.276088  0.077776    0.0643    0.0888    0.1740    0.0440    0.1205    0.0742    0.1679
 000296   L  0.127654  0.327426  0.077819    0.0677    0.0888    0.1990    0.0580    0.1351    0.0923    0.1700
 000297   K  0.137805  0.392396  0.079368    0.0567    0.0719    0.2080    0.0610    0.1445    0.1175    0.1695
 000298   G  0.146230  0.400305  0.081089    0.0643    0.0690    0.2330    0.0840    0.1522    0.1210    0.1702
 000299   E  0.149292  0.377872  0.083818    0.0542    0.0817    0.2360    0.0860    0.1499    0.1137    0.1741
 000300   R  0.159260  0.361599  0.092114    0.0304    0.0676    0.1970    0.0510    0.1360    0.1102    0.1757
 000301   L  0.200774  0.332795  0.098367    0.0455    0.0985    0.1670    0.0410    0.1408    0.0947    0.1775
 000302   S  0.230085  0.278721  0.107843    0.0587    0.1298    0.1260    0.0350    0.1372    0.0773    0.1757
 000303   D  0.277667  0.243188  0.115673    0.0567    0.1323    0.0880    0.0240    0.1330    0.0829    0.1721
 000304   Q  0.333839  0.211552  0.125692    0.0587    0.1501    0.0680    0.0170    0.1370    0.0961    0.1650
 000305   V  0.386043  0.178465  0.132226    0.0935    0.1251    0.0630    0.0190    0.1410    0.1082    0.1623
 000306   V  0.371852  0.155112  0.136889    0.0909    0.1323    0.0620    0.0200    0.1353    0.1031    0.1623
 000307   V  0.350424  0.141576  0.142326    0.0991    0.1449    0.0590    0.0170    0.1326    0.0951    0.1585
 000308   V  0.335188  0.141476  0.145873    0.1018    0.1275    0.0550    0.0120    0.1269    0.0910    0.1546
 000309   Y  0.312570  0.151294  0.148800    0.0677    0.0704    0.0610    0.0110    0.1106    0.0911    0.1492
 000310   G  0.259544  0.166603  0.152643    0.0490    0.0555    0.0820    0.0160    0.1021    0.0784    0.1482
 000311   A  0.222769  0.172445  0.158216    0.0304    0.0349    0.1150    0.0340    0.0958    0.0755    0.1497
 000312   G  0.168594  0.182560  0.164797    0.0441    0.0380    0.1480    0.0430    0.0968    0.0658    0.1549
 000313   A  0.102665  0.180335  0.170486    0.0274    0.0414    0.1940    0.0530    0.0910    0.0725    0.1626
 000314   G  0.041074  0.171238  0.176447    0.0150    0.0398    0.2350    0.0740    0.0837    0.0892    0.1709
 000315   G  0.048265  0.163003  0.184611    0.0160    0.0300    0.2600    0.0840    0.0862    0.0960    0.1822
 000316   I  0.055302  0.161672  0.195974    0.0279    0.0433    0.2620    0.0880    0.0916    0.0934    0.1991
 000317   G  0.056063  0.151010  0.208885    0.0316    0.0631    0.2430    0.0810    0.0909    0.0878    0.2181
 000318   V  0.064744  0.142904  0.222338    0.0464    0.1007    0.2490    0.0820    0.1006    0.0844    0.2408
 000319   A  0.117663  0.137468  0.238170    0.0660    0.1449    0.2340    0.0850    0.1167    0.0734    0.2643
 000320   W  0.198873  0.127770  0.252338    0.1292    0.1449    0.2290    0.0870    0.1383    0.0647    0.2889
 000321   A  0.280824  0.148324  0.268882    0.1292    0.1449    0.1890    0.0630    0.1486    0.0752    0.2942
 000322   L  0.365462  0.182671  0.290047    0.1018    0.1791    0.1700    0.0590    0.1665    0.0996    0.3004
 000323   V  0.443926  0.222260  0.307926    0.1041    0.1914    0.1590    0.0530    0.1868    0.1223    0.2963
 000324   E  0.515116  0.280827  0.326490    0.1349    0.2292    0.1660    0.0520    0.2210    0.1365    0.2880
 000325   G  0.594443  0.344655  0.346397    0.1456    0.2034    0.2100    0.0560    0.2497    0.1590    0.2787
 000326   M  0.679486  0.417486  0.369868    0.1566    0.2002    0.2740    0.0470    0.2879    0.1835    0.2735
 000327   K  0.761877  0.471428  0.392800    0.1958    0.2575    0.3180    0.0530    0.3340    0.1961    0.2561
 000328   R  0.798494  0.554802  0.414686    0.1921    0.2541    0.3870    0.0840    0.3644    0.2120    0.2412
 000329   E  0.806512  0.607595  0.436862    0.2255    0.2541    0.4530    0.1310    0.3912    0.2127    0.2258
 000330   G  0.811246  0.655412  0.457593    0.2531    0.2064    0.5080    0.1390    0.4057    0.2247    0.2151
 000331   L  0.817225  0.697937  0.472948    0.2700    0.2436    0.5300    0.1230    0.4264    0.2226    0.2089
 000332   S  0.834191  0.713254  0.490213    0.2385    0.1942    0.4650    0.0840    0.4076    0.2448    0.2083
 000333   E  0.851943  0.719310  0.503827    0.2602    0.2884    0.4540    0.0910    0.4289    0.2301    0.2068
 000334   E  0.851609  0.695863  0.518510    0.2602    0.3494    0.4470    0.0860    0.4340    0.2190    0.2121
 000335   E  0.845438  0.649670  0.528425    0.2657    0.3356    0.4360    0.0850    0.4221    0.2139    0.2214
 000336   A  0.834154  0.600695  0.541826    0.2700    0.3356    0.3960    0.1070    0.4060    0.2094    0.2336
 000337   K  0.826210  0.560388  0.553527    0.3096    0.2951    0.3520    0.1100    0.3906    0.2091    0.2409
 000338   A  0.821139  0.525070  0.565080    0.3311    0.2193    0.3420    0.1160    0.3731    0.2187    0.2578
 000339   R  0.819769  0.484569  0.571081    0.2820    0.1671    0.3370    0.1220    0.3483    0.2337    0.2771
 000340   V  0.818386  0.437701  0.574640    0.2167    0.1702    0.3240    0.1180    0.3279    0.2418    0.3041
 000341   L  0.806044  0.408109  0.576361    0.1698    0.1702    0.3130    0.1200    0.3111    0.2465    0.3278
 000342   V  0.793607  0.354449  0.578011    0.2483    0.2399    0.3100    0.1190    0.3244    0.2230    0.3452
 000343   L  0.791358  0.372900  0.574846    0.2483    0.2399    0.2970    0.1060    0.3250    0.2222    0.3591
 000344   D  0.768186  0.360885  0.574003    0.2122    0.1914    0.2940    0.0900    0.3045    0.2281    0.3679
 000345   S  0.765985  0.382380  0.570601    0.2041    0.1942    0.2920    0.0750    0.3065    0.2273    0.3734
 000346   K  0.760842  0.402075  0.564822    0.1635    0.1969    0.2850    0.0790    0.3013    0.2313    0.3745
 000347   G  0.760511  0.456607  0.557451    0.1878    0.1476    0.2850    0.0680    0.3063    0.2351    0.3772
 000348   L  0.718583  0.452032  0.552525    0.2041    0.1476    0.3320    0.0770    0.3090    0.2180    0.3829
 000349   L  0.680732  0.482157  0.546823    0.1602    0.1671    0.3660    0.0950    0.3093    0.2121    0.3792
 000350   V  0.657088  0.491827  0.534367    0.1667    0.1969    0.3570    0.1240    0.3115    0.1991    0.3655
 000351   E  0.667828  0.512178  0.522906    0.2041    0.1759    0.3560    0.1410    0.3194    0.1980    0.3462
 000352   G  0.675761  0.521795  0.508697    0.2963    0.2224    0.3720    0.1420    0.3481    0.1744    0.3310
 000353   R  0.698591  0.511840  0.489109    0.2657    0.2918    0.3930    0.1350    0.3602    0.1677    0.3208
 000354   S  0.701925  0.508414  0.474524    0.3005    0.3667    0.4280    0.1750    0.3842    0.1493    0.3166
 000355   M  0.705259  0.524711  0.458236    0.3005    0.3840    0.4840    0.1920    0.3997    0.1469    0.3115
 000356   E  0.696383  0.538959  0.442498    0.2786    0.4017    0.5380    0.1640    0.4090    0.1497    0.3052
 000357   D  0.727788  0.547405  0.419773    0.3146    0.4051    0.6360    0.1550    0.4385    0.1588    0.3011
 000358   Y  0.781820  0.574895  0.396574    0.3146    0.3286    0.6600    0.1710    0.4433    0.1874    0.2917
 000359   K  0.829405  0.581205  0.371842    0.3630    0.3215    0.6050    0.1560    0.4500    0.1895    0.2849
 000360   R  0.835601  0.573359  0.347281    0.3456    0.4051    0.5790    0.1730    0.4565    0.1823    0.2862
 000361   P  0.840102  0.529827  0.322017    0.3005    0.3840    0.5340    0.1650    0.4313    0.1909    0.2973
 000362   Y  0.857164  0.486943  0.295663    0.3053    0.3667    0.4840    0.1550    0.4167    0.1971    0.3090
 000363   A  0.877737  0.427028  0.270078    0.1921    0.2680    0.4070    0.1390    0.3620    0.2304    0.3159
 000364   Q  0.840846  0.380431  0.245759    0.2041    0.2436    0.4010    0.1390    0.3450    0.2199    0.3231
 000365   R  0.861976  0.339001  0.222301    0.1380    0.2470    0.3340    0.1210    0.3200    0.2388    0.3306
 000366   P  0.823305  0.297643  0.202681    0.1495    0.3019    0.2150    0.0860    0.2979    0.2288    0.3449
 000367   E  0.721899  0.244451  0.182159    0.1532    0.1969    0.1840    0.0780    0.2500    0.2016    0.3575
 000368   R  0.615134  0.214472  0.165999    0.1495    0.2129    0.1560    0.0720    0.2247    0.1666    0.3713
 000369   L  0.525815  0.165616  0.149341    0.1495    0.3087    0.1330    0.0650    0.2138    0.1435    0.3925
 000370   W  0.436940  0.131789  0.141007    0.1732    0.2364    0.1110    0.0580    0.1816    0.1136    0.4044
 000371   G  0.346192  0.120132  0.135708    0.1878    0.1702    0.0860    0.0360    0.1517    0.0867    0.4093
 000372   W  0.248474  0.114502  0.129581    0.1150    0.1583    0.0800    0.0270    0.1194    0.0575    0.4135
 000373   R  0.206277  0.104059  0.120884    0.1240    0.2470    0.0730    0.0220    0.1258    0.0639    0.4142
 000374   F  0.106978  0.106828  0.115340    0.1456    0.1881    0.0700    0.0190    0.1030    0.0415    0.4224
 000375   A  0.064498  0.116850  0.107919    0.1416    0.1914    0.0690    0.0170    0.0972    0.0469    0.4220
 000376   G  0.057435  0.123287  0.103582    0.0965    0.2034    0.0710    0.0200    0.0919    0.0503    0.4187
 000377   E  0.062394  0.132411  0.098588    0.0858    0.1554    0.0770    0.0240    0.0855    0.0362    0.4121
 000378   Y  0.054846  0.162621  0.095411    0.0832    0.1399    0.0840    0.0250    0.0874    0.0399    0.4098
 000379   P  0.077020  0.177669  0.087048    0.0701    0.1206    0.0780    0.0200    0.0872    0.0404    0.4042
 000380   N  0.105337  0.194380  0.081157    0.1041    0.1881    0.0950    0.0380    0.1145    0.0474    0.3952
 000381   L  0.174047  0.216249  0.081325    0.1495    0.2094    0.0990    0.0460    0.1413    0.0529    0.3938
 000382   L  0.234702  0.245984  0.082223    0.1566    0.1449    0.0960    0.0460    0.1464    0.0638    0.3940
 000383   E  0.303116  0.235779  0.084268    0.1844    0.1501    0.0720    0.0260    0.1575    0.0825    0.3953
 000384   T  0.340639  0.244777  0.090794    0.1292    0.1528    0.0610    0.0170    0.1548    0.0967    0.4048
 000385   I  0.381362  0.234714  0.090657    0.1349    0.1731    0.0550    0.0130    0.1632    0.1084    0.4114
 000386   T  0.391328  0.208538  0.088702    0.1532    0.2002    0.0540    0.0120    0.1679    0.1096    0.4266
 000387   N  0.407511  0.183959  0.085826    0.0965    0.2002    0.0610    0.0130    0.1582    0.1176    0.4267
 000388   A  0.429196  0.182081  0.086373    0.0909    0.1942    0.0590    0.0120    0.1592    0.1256    0.4106
 000389   R  0.395939  0.173828  0.088623    0.1495    0.2503    0.0600    0.0120    0.1717    0.1127    0.3972
 000390   A  0.324015  0.164244  0.091786    0.1349    0.2224    0.0610    0.0110    0.1511    0.0885    0.3804
 000391   T  0.267334  0.169225  0.099246    0.1117    0.2094    0.0680    0.0170    0.1376    0.0707    0.3640
 000392   V  0.224132  0.181806  0.106986    0.1635    0.1852    0.0760    0.0230    0.1385    0.0530    0.3514
 000393   L  0.205106  0.206866  0.117068    0.2292    0.2715    0.0790    0.0200    0.1654    0.0687    0.3388
 000394   L  0.177729  0.225590  0.126514    0.1456    0.2715    0.1010    0.0270    0.1536    0.0622    0.3354
 000395   G  0.172160  0.263141  0.134010    0.1416    0.2884    0.1090    0.0170    0.1624    0.0709    0.3413
 000396   L  0.162740  0.301365  0.144492    0.2292    0.3182    0.1420    0.0340    0.1922    0.0762    0.3466
 000397   S  0.118750  0.340642  0.154269    0.2531    0.2436    0.1740    0.0450    0.1883    0.0782    0.3568
 000398   G  0.119242  0.355682  0.165325    0.1878    0.2292    0.2200    0.0650    0.1854    0.0785    0.3655
 000399   Q  0.128422  0.388064  0.181110    0.1602    0.2292    0.2290    0.0790    0.1892    0.0888    0.3764
 000400   A  0.140445  0.408794  0.197490    0.1732    0.1969    0.2610    0.0960    0.1966    0.0938    0.3867
 000401   G  0.147517  0.393275  0.213547    0.1766    0.1554    0.2010    0.0570    0.1789    0.0905    0.3987
 000402   S  0.178627  0.404658  0.229010    0.1495    0.1275    0.1530    0.0390    0.1689    0.1013    0.4093
 000403   F  0.216439  0.389097  0.242156    0.1532    0.1881    0.1360    0.0300    0.1805    0.0926    0.4177
 000404   T  0.263640  0.375094  0.251385    0.1921    0.2680    0.1190    0.0200    0.2030    0.0885    0.4317
 000405   E  0.297358  0.350281  0.256578    0.2657    0.3704    0.1150    0.0200    0.2331    0.0934    0.4263
 000406   P  0.316071  0.333197  0.262412    0.2657    0.3631    0.1080    0.0180    0.2310    0.0936    0.4209
 000407   V  0.316767  0.307419  0.271272    0.3762    0.4685    0.1130    0.0230    0.2636    0.1171    0.4150
 000408   V  0.316577  0.279914  0.278245    0.3762    0.4087    0.1070    0.0210    0.2481    0.1070    0.4115
 000409   R  0.304300  0.282338  0.285102    0.3992    0.3215    0.1160    0.0270    0.2373    0.0972    0.4076
 000410   A  0.304626  0.264498  0.291753    0.3263    0.2129    0.1370    0.0330    0.2076    0.0804    0.4076
 000411   M  0.287396  0.267914  0.293598    0.2963    0.2680    0.1420    0.0360    0.2102    0.0726    0.4112
 000412   L  0.272287  0.269146  0.291429    0.2209    0.1969    0.1500    0.0420    0.1848    0.0693    0.4123
 000413   A  0.226939  0.286006  0.289130    0.2432    0.1969    0.1530    0.0440    0.1843    0.0680    0.4130
 000414   N  0.215924  0.282875  0.286569    0.2558    0.3149    0.1570    0.0520    0.2044    0.0708    0.4132
 000415   T  0.234299  0.275284  0.280670    0.2483    0.3286    0.1560    0.0580    0.2070    0.0707    0.4172
 000416   P  0.298953  0.283669  0.280495    0.2333    0.3215    0.1490    0.0630    0.2144    0.0735    0.4205
 000417   R  0.364715  0.282510  0.284578    0.2255    0.2951    0.1530    0.0640    0.2201    0.0808    0.4240
 000418   P  0.433101  0.282599  0.286055    0.2963    0.3286    0.1620    0.0610    0.2505    0.0928    0.4291
 000419   V  0.476205  0.295497  0.290628    0.3630    0.4017    0.1670    0.0610    0.2838    0.1088    0.4328
 000420   I  0.537552  0.312419  0.298144    0.3225    0.4220    0.1600    0.0620    0.2925    0.1263    0.4272
 000421   F  0.587558  0.341596  0.304173    0.3630    0.4220    0.1430    0.0490    0.3095    0.1424    0.4225
 000422   P  0.649179  0.378655  0.302062    0.4116    0.3840    0.1410    0.0360    0.3275    0.1590    0.4249
 000423   L  0.671445  0.411835  0.299828    0.4458    0.4901    0.1710    0.0550    0.3650    0.1635    0.4257
 000424   S  0.697717  0.411685  0.293553    0.4078    0.5382    0.1570    0.0520    0.3688    0.1782    0.4292
 000425   N  0.674826  0.415114  0.287455    0.4203    0.5382    0.1700    0.0540    0.3697    0.1697    0.4304
 000426   P  0.601072  0.443805  0.284905    0.4379    0.4409    0.1810    0.0490    0.3507    0.1416    0.4282
 000427   T  0.531336  0.459096  0.282580    0.4333    0.3494    0.2120    0.0600    0.3309    0.1183    0.4235
 000428   S  0.529545  0.489763  0.277159    0.3717    0.2715    0.2060    0.0580    0.3115    0.1270    0.4195
 000429   A  0.498495  0.520018  0.275904    0.2865    0.1528    0.1770    0.0470    0.2724    0.1506    0.4167
 000430   T  0.476767  0.501620  0.263889    0.2786    0.2164    0.1630    0.0450    0.2728    0.1350    0.4078
 000431   E  0.458479  0.450702  0.252109    0.2700    0.3149    0.1450    0.0430    0.2732    0.1187    0.3992
 000432   A  0.448934  0.398252  0.237754    0.3491    0.4220    0.1400    0.0450    0.2930    0.1167    0.3919
 000433   L  0.402376  0.366943  0.223233    0.3456    0.3910    0.1130    0.0300    0.2697    0.1113    0.3812
 000434   P  0.383043  0.307790  0.211574    0.4245    0.4369    0.0890    0.0270    0.2736    0.1293    0.3728
 000435   D  0.405231  0.270545  0.205274    0.4245    0.3599    0.0930    0.0360    0.2589    0.1221    0.3619
 000436   D  0.426867  0.244674  0.202579    0.3939    0.2884    0.0800    0.0280    0.2390    0.1213    0.3506
 000437   L  0.386688  0.202100  0.197577    0.3184    0.2328    0.0740    0.0200    0.2023    0.1040    0.3440
 000438   V  0.343749  0.173542  0.188825    0.2602    0.1942    0.0720    0.0180    0.1739    0.0889    0.3394
 000439   Y  0.284219  0.168414  0.182572    0.2333    0.2002    0.0720    0.0190    0.1597    0.0717    0.3371
 000440   W  0.236512  0.161289  0.174617    0.2333    0.2258    0.0700    0.0140    0.1545    0.0653    0.3349
 000441   T  0.198266  0.162590  0.167855    0.2333    0.2399    0.0760    0.0160    0.1516    0.0616    0.3459
 000442   E  0.171053  0.169068  0.163830    0.2122    0.1373    0.0840    0.0230    0.1289    0.0478    0.3569
 000443   G  0.141200  0.178427  0.162386    0.2657    0.1823    0.0800    0.0200    0.1413    0.0615    0.3677
 000444   R  0.115737  0.175962  0.160608    0.2432    0.2817    0.0810    0.0270    0.1497    0.0740    0.3786
 000445   A  0.087895  0.188532  0.160716    0.2531    0.1942    0.0830    0.0330    0.1344    0.0660    0.3872
 000446   L  0.054115  0.218072  0.166130    0.2657    0.1852    0.0900    0.0370    0.1355    0.0773    0.3965
 000447   V  0.045342  0.241688  0.169954    0.1732    0.0967    0.1020    0.0380    0.1098    0.0700    0.4088
 000448   A  0.051333  0.276651  0.169365    0.2292    0.1449    0.1100    0.0430    0.1354    0.0792    0.4178
 000449   A  0.041061  0.318264  0.170098    0.1998    0.2002    0.1390    0.0480    0.1498    0.0873    0.4257
 000450   G  0.031192  0.342667  0.167734    0.2657    0.2817    0.1700    0.0430    0.1819    0.1048    0.4335
 000451   S  0.027995  0.331859  0.161951    0.3399    0.3948    0.2030    0.0610    0.2162    0.1285    0.4242
 000452   P  0.027278  0.347279  0.161660    0.3359    0.3149    0.2270    0.0850    0.2087    0.1170    0.4237
 000453   F  0.028666  0.375952  0.165574    0.3184    0.3249    0.2700    0.1170    0.2196    0.1205    0.4224
 000454   P  0.031547  0.375202  0.168970    0.2432    0.2364    0.1960    0.0870    0.1804    0.1061    0.4166
 000455   P  0.034145  0.401539  0.175526    0.2700    0.2436    0.2190    0.0940    0.1947    0.1137    0.4073
 000456   V  0.025655  0.407328  0.179487    0.2122    0.2817    0.2070    0.0760    0.1889    0.1183    0.3948
 000457   G  0.016775  0.401861  0.181145    0.2657    0.3566    0.1910    0.0670    0.2053    0.1301    0.3824
 000458   F  0.016221  0.371198  0.176526    0.3399    0.4330    0.1780    0.0560    0.2230    0.1453    0.3718
 000459   K  0.015190  0.381662  0.177295    0.3630    0.4766    0.1240    0.0240    0.2268    0.1646    0.3558
 000460   G  0.014470  0.354295  0.170810    0.3939    0.4725    0.1180    0.0230    0.2256    0.1658    0.3429
 000461   R  0.013641  0.344004  0.169595    0.3939    0.3599    0.1030    0.0160    0.2024    0.1462    0.3301
 000462   T  0.011968  0.341278  0.167941    0.3578    0.2988    0.1020    0.0260    0.1854    0.1318    0.3206
 000463   V  0.009084  0.334621  0.167497    0.2531    0.1702    0.1110    0.0390    0.1463    0.1065    0.3076
 000464   P  0.006290  0.320192  0.166424    0.2820    0.2918    0.1060    0.0420    0.1677    0.1166    0.2989
 000465   I  0.003740  0.316809  0.165969    0.1732    0.2680    0.1070    0.0450    0.1448    0.1060    0.2905
 000466   G  0.001723  0.313118  0.164186    0.1698    0.1702    0.1040    0.0540    0.1264    0.0967    0.2864
 000467   Q  0.001877  0.302620  0.161302    0.2385    0.2292    0.0870    0.0380    0.1433    0.1043    0.2864
 000468   G  0.002196  0.287456  0.160090    0.1602    0.1554    0.0840    0.0370    0.1149    0.0905    0.2851
 000469   N  0.002351  0.264692  0.158733    0.2385    0.2575    0.0730    0.0290    0.1393    0.1025    0.2868
 000470   N  0.002737  0.229890  0.156723    0.1602    0.2292    0.0650    0.0260    0.1145    0.0869    0.2933
 000471   A  0.002830  0.204681  0.155332    0.1566    0.1671    0.0490    0.0150    0.0967    0.0761    0.2997
 000472   F  0.003011  0.176326  0.154042    0.1266    0.1137    0.0430    0.0140    0.0772    0.0660    0.3056
 000473   V  0.003331  0.163778  0.153000    0.0813    0.1048    0.0400    0.0140    0.0656    0.0627    0.3090
 000474   F  0.008016  0.143483  0.150264    0.0789    0.1501    0.0450    0.0160    0.0708    0.0613    0.3144
 000475   P  0.011465  0.145752  0.149072    0.0660    0.1092    0.0500    0.0200    0.0637    0.0563    0.3158
 000476   G  0.014976  0.141004  0.147570    0.1088    0.1731    0.0700    0.0280    0.0846    0.0586    0.3177
 000477   L  0.025140  0.138209  0.140713    0.0858    0.1852    0.0840    0.0300    0.0863    0.0565    0.3198
 000478   G  0.035857  0.144638  0.134359    0.0723    0.1251    0.0850    0.0350    0.0772    0.0446    0.3221
 000479   L  0.054663  0.161397  0.129271    0.0832    0.1323    0.0940    0.0430    0.0877    0.0415    0.3239
 000480   G  0.073786  0.180628  0.125479    0.0502    0.1349    0.1030    0.0410    0.0904    0.0473    0.3261
 000481   A  0.125545  0.196980  0.121688    0.0514    0.1275    0.1280    0.0420    0.1048    0.0467    0.3305
 000482   V  0.191606  0.222191  0.117164    0.0723    0.1184    0.1530    0.0510    0.1263    0.0536    0.3332
 000483   L  0.251498  0.262085  0.109723    0.1178    0.1501    0.1790    0.0600    0.1601    0.0626    0.3374
 000484   S  0.318962  0.286816  0.101953    0.1205    0.1399    0.1840    0.0800    0.1751    0.0845    0.3378
 000485   R  0.376680  0.316684  0.094828    0.1292    0.2470    0.2330    0.1250    0.2171    0.0993    0.3391
 000486   A  0.434611  0.338241  0.088208    0.0660    0.1942    0.2350    0.1250    0.2113    0.1311    0.3414
 000487   R  0.483390  0.351269  0.085640    0.0723    0.1671    0.2360    0.1070    0.2184    0.1471    0.3460
 000488   E  0.508922  0.350794  0.082766    0.1018    0.1583    0.2520    0.1130    0.2286    0.1507    0.3481
 000489   V  0.525297  0.356318  0.085352    0.0858    0.1349    0.2140    0.0810    0.2194    0.1609    0.3491
 000490   T  0.486108  0.338714  0.087928    0.0909    0.1349    0.1510    0.0550    0.2002    0.1484    0.3521
 000491   D  0.429299  0.313219  0.089768    0.0771    0.0780    0.1130    0.0400    0.1685    0.1383    0.3534
 000492   G  0.374137  0.283011  0.092101    0.0607    0.1048    0.0940    0.0270    0.1527    0.1183    0.3512
 000493   M  0.320719  0.244503  0.092786    0.0587    0.0909    0.0740    0.0170    0.1315    0.1003    0.3534
 000494   V  0.262381  0.190119  0.092325    0.1060    0.1528    0.0610    0.0140    0.1287    0.0691    0.3564
 000495   L  0.194143  0.162324  0.093978    0.0621    0.1501    0.0530    0.0150    0.1035    0.0551    0.3682
 000496   E  0.135177  0.142352  0.095607    0.0677    0.1671    0.0500    0.0160    0.0937    0.0449    0.3748
 000497   A  0.092197  0.129891  0.097899    0.0832    0.1942    0.0490    0.0140    0.0915    0.0482    0.3834
 000498   A  0.063754  0.125301  0.101508    0.0935    0.1115    0.0500    0.0120    0.0740    0.0312    0.3978
 000499   Y  0.055337  0.124370  0.106238    0.0813    0.1162    0.0550    0.0090    0.0720    0.0330    0.4173
 000500   A  0.045977  0.126528  0.111676    0.0723    0.1823    0.0520    0.0110    0.0798    0.0511    0.4319
 000501   L  0.036947  0.147268  0.117526    0.0813    0.1671    0.0570    0.0150    0.0815    0.0509    0.4132
 000502   Y  0.020440  0.173550  0.122757    0.0771    0.0929    0.0770    0.0310    0.0734    0.0511    0.4018
 000503   D  0.017643  0.204443  0.129885    0.0771    0.0531    0.0920    0.0420    0.0740    0.0633    0.3978
 000504   Y  0.017833  0.219909  0.137337    0.0607    0.0799    0.1160    0.0510    0.0824    0.0679    0.3998
 000505   T  0.018097  0.239156  0.146855    0.0587    0.1349    0.1200    0.0480    0.0952    0.0740    0.4013
 000506   R  0.026203  0.258971  0.155045    0.1205    0.1424    0.1320    0.0560    0.1134    0.0728    0.4097
 000507   E  0.032964  0.285830  0.165771    0.1266    0.1323    0.1370    0.0600    0.1191    0.0795    0.4153
 000508   H  0.047381  0.298219  0.181901    0.1041    0.1528    0.1340    0.0540    0.1228    0.0830    0.4248
 000509   F  0.072031  0.325973  0.198185    0.1240    0.1162    0.1140    0.0320    0.1254    0.0900    0.4186
 000510   P  0.103165  0.356270  0.219073    0.1698    0.1823    0.0930    0.0250    0.1508    0.0947    0.3900
 000511   E  0.143272  0.365456  0.239265    0.1349    0.2224    0.1040    0.0280    0.1617    0.0962    0.3602
 000512   R  0.178839  0.355398  0.258619    0.1921    0.2364    0.1260    0.0340    0.1815    0.0841    0.3298
 000513   I  0.235857  0.347394  0.277173    0.2786    0.3215    0.1330    0.0410    0.2193    0.0832    0.3067
 000514   Y  0.266602  0.332838  0.294528    0.1958    0.3321    0.1270    0.0390    0.2090    0.0895    0.2944
 000515   P  0.293226  0.331362  0.313486    0.2786    0.3356    0.1190    0.0450    0.2263    0.0907    0.2827
 000516   P  0.333959  0.345761  0.329147    0.3005    0.2541    0.1380    0.0600    0.2288    0.0902    0.2694
 000517   V  0.358417  0.348945  0.343736    0.2385    0.2258    0.1670    0.0680    0.2231    0.0931    0.2560
 000518   G  0.391097  0.339321  0.354207    0.1732    0.1823    0.1620    0.0480    0.2080    0.1126    0.2466
 000519   R  0.439209  0.356506  0.368050    0.1532    0.1759    0.1980    0.0750    0.2206    0.1259    0.2394
 000520   L  0.466775  0.369854  0.380659    0.2167    0.2094    0.2190    0.0940    0.2469    0.1187    0.2376
 000521   R  0.509328  0.365776  0.389623    0.1844    0.1501    0.2440    0.1070    0.2422    0.1415    0.2346
 000522   E  0.506243  0.363957  0.395925    0.1205    0.1449    0.2540    0.1000    0.2317    0.1529    0.2364
 000523   V  0.512628  0.371065  0.402437    0.1018    0.1424    0.2780    0.1150    0.2343    0.1593    0.2379
 000524   S  0.538187  0.355338  0.409651    0.1698    0.1881    0.2780    0.1170    0.2549    0.1452    0.2382
 000525   P  0.545600  0.327134  0.418720    0.2255    0.1942    0.2860    0.1170    0.2631    0.1383    0.2326
 000526   Y  0.582075  0.318464  0.429361    0.1698    0.1823    0.3000    0.1110    0.2588    0.1595    0.2279
 000527   V  0.607308  0.283248  0.435090    0.0965    0.1759    0.2800    0.0880    0.2406    0.1829    0.2200
 000528   A  0.618821  0.259024  0.434778    0.1495    0.2399    0.2670    0.0680    0.2557    0.1711    0.2144
 000529   A  0.641162  0.258036  0.436652    0.1566    0.1731    0.2430    0.0540    0.2453    0.1856    0.2070
 000530   R  0.654603  0.274600  0.437699    0.1732    0.1528    0.2530    0.0620    0.2514    0.1887    0.1987
 000531   V  0.689952  0.276958  0.437930    0.1698    0.2364    0.2660    0.0740    0.2732    0.1884    0.1933
 000532   M  0.739009  0.294007  0.438160    0.1532    0.2541    0.2560    0.0810    0.2827    0.2045    0.1898
 000533   Q  0.766390  0.325283  0.438195    0.1495    0.2034    0.2580    0.0720    0.2837    0.2175    0.1845
 000534   R  0.794703  0.370582  0.437642    0.2080    0.2645    0.3070    0.0920    0.3241    0.2057    0.1811
 000535   A  0.804289  0.422353  0.435574    0.1732    0.1969    0.3370    0.1040    0.3223    0.2211    0.1786
 000536   L  0.810749  0.461265  0.432492    0.1380    0.1852    0.3860    0.1060    0.3301    0.2308    0.1767
 000537   E  0.809458  0.504163  0.431900    0.1349    0.2752    0.4100    0.0920    0.3556    0.2206    0.1735
 000538   E  0.810279  0.538593  0.427575    0.1878    0.2575    0.4180    0.0830    0.3686    0.2140    0.1743
 000539   G  0.810415  0.534593  0.419138    0.2167    0.3053    0.4790    0.0900    0.3910    0.2012    0.1761
 000540   V  0.811659  0.530309  0.408574    0.1635    0.2541    0.4920    0.0910    0.3753    0.2194    0.1810
 000541   A  0.813280  0.516461  0.391139    0.1766    0.2752    0.4580    0.1040    0.3732    0.2121    0.1883
 000542   E  0.812091  0.494514  0.373834    0.1667    0.3117    0.4140    0.0880    0.3665    0.2082    0.1910
 000543   E  0.812108  0.476573  0.355606    0.2041    0.2783    0.3640    0.0830    0.3559    0.2049    0.1956
 000544   A  0.807220  0.410394  0.337714    0.1698    0.1881    0.3230    0.0880    0.3164    0.2192    0.2041
 000545   R  0.795951  0.372318  0.320640    0.1205    0.2064    0.2870    0.0940    0.2971    0.2216    0.2127
 000546   V  0.785469  0.348590  0.301499    0.0909    0.1399    0.2560    0.0930    0.2701    0.2317    0.2281
 000547   Q  0.769769  0.311382  0.286008    0.1602    0.1528    0.2020    0.0810    0.2661    0.2177    0.2502
 000548   G  0.725277  0.263386  0.269369    0.0935    0.1373    0.1810    0.0640    0.2334    0.2144    0.2742
 000549   L  0.638767  0.222450  0.254355    0.0554    0.1275    0.1600    0.0570    0.2007    0.1930    0.2953
 000550   T  0.554390  0.194053  0.236240    0.0502    0.1229    0.1360    0.0520    0.1763    0.1669    0.3157
 000551   L  0.472315  0.172025  0.217353    0.0813    0.0948    0.1220    0.0430    0.1570    0.1379    0.3226
 000552   E  0.388101  0.149182  0.201343    0.0884    0.0581    0.1170    0.0350    0.1335    0.1138    0.3276
 000553   A  0.307085  0.134616  0.191697    0.0478    0.0581    0.1080    0.0260    0.1092    0.0940    0.3379
 000554   L  0.231415  0.127815  0.182698    0.0231    0.0631    0.1070    0.0260    0.0921    0.0761    0.3464
 000555   L  0.155085  0.119701  0.174144    0.0308    0.0734    0.1100    0.0340    0.0815    0.0561    0.3486
 000556   D  0.078903  0.112807  0.166113    0.0414    0.0433    0.1300    0.0450    0.0678    0.0533    0.3412
 000557   F  0.034667  0.119249  0.155308    0.0587    0.0398    0.1730    0.0620    0.0709    0.0610    0.3193
 000558   V  0.035650  0.123087  0.148213    0.0316    0.0424    0.2220    0.0960    0.0758    0.0748    0.2906
 000559   K  0.056917  0.128267  0.147769    0.0150    0.0240    0.2490    0.1130    0.0789    0.0854    0.2672
 000560   S  0.101123  0.136248  0.145692    0.0350    0.0372    0.2740    0.1130    0.0972    0.0842    0.2482
 000561   R  0.125966  0.141700  0.144139    0.0157    0.0398    0.3090    0.1220    0.1054    0.0976    0.2250
 000562   F  0.167439  0.141329  0.143314    0.0279    0.0543    0.4590    0.1840    0.1416    0.1424    0.2133
 000563   W  0.218238  0.161097  0.142432    0.0308    0.0581    0.5540    0.2050    0.1703    0.1743    0.1981
 000564   E  0.305605  0.187441  0.141704    0.0286    0.0454    0.5010    0.2100    0.1781    0.1644    0.1820
 000565   P  0.413557  0.212977  0.139362    0.0554    0.0414    0.2640    0.0990    0.1646    0.1304    0.1653
 000566   R  0.514835  0.220741  0.138081    0.0542    0.0676    0.3630    0.1650    0.2034    0.1672    0.1506
 000567   Y  0.580302  0.210504  0.136698    0.0286    0.0483    0.3580    0.0930    0.2043    0.1936    0.1432
 000568   L  0.598638  0.213071  0.131982    0.0660    0.0799    0.4770    0.2170    0.2391    0.2055    0.1378
 000569   P  0.628663  0.269710  0.125912    0.1349    0.1028    0.4970    0.1700    0.2722    0.2028    0.1339
 000570   Y  0.690497  0.342519  0.117160    0.1766    0.0835    0.5330    0.1770    0.3043    0.2247    0.1251
 000571   R  0.707103  0.431219  0.110874    0.2167    0.0631    0.5220    0.2150    0.3234    0.2319    0.1165
 000572   P  0.761113  0.547104  0.107953    0.2820    0.0494    0.5700    0.1850    0.3683    0.2595    0.1138
 000573   A  0.724747  0.669664  0.103680    0.4203    0.0985    0.6510    0.1070    0.4273    0.2614    0.1073
 000574   P  0.836755  0.749091  0.101964    0.5667    0.1914    0.6970    0.1010    0.5067    0.2800    0.1029
 000575   V  0.554077  0.774378  0.102226    0.6035    0.1349    0.7400    0.1340    0.4678    0.2703    0.0995
 000576   I  0.965009  0.821149  0.101843    0.6219    0.0749    0.8090    0.0860    0.5486    0.3523    0.0963
