#RESNUM RES     VL-XT     VSL2B       VL3  IUPred-S  IUPred-L  PONDRFIT  FITERROR       MDP  MDPERROR   ANCHOR2
 000001   M  0.874053  0.666714  0.266321    0.7501    0.0531    0.9720    0.0070    0.5527    0.3324    0.1545
 000002   G  0.683365  0.708991  0.256254    0.6255    0.1137    0.9100    0.0330    0.5069    0.2787    0.1575
 000003   A  0.622957  0.676621  0.248411    0.5412    0.0765    0.8930    0.0280    0.4685    0.2754    0.1623
 000004   M  0.523355  0.571947  0.241425    0.5253    0.1137    0.7950    0.0590    0.4216    0.2275    0.1636
 000005   H  0.590513  0.455788  0.235115    0.3992    0.1823    0.6600    0.1150    0.3812    0.1771    0.1657
 000006   V  0.526007  0.341666  0.230034    0.3535    0.2129    0.4980    0.1700    0.3220    0.1253    0.1692
 000007   L  0.488554  0.263692  0.224735    0.3359    0.2575    0.4240    0.1270    0.2950    0.1026    0.1811
 000008   T  0.453934  0.224547  0.220585    0.3005    0.2470    0.4090    0.1200    0.2725    0.0983    0.1951
 000009   L  0.430903  0.208310  0.217986    0.2700    0.3117    0.4340    0.0650    0.2758    0.0986    0.2054
 000010   D  0.390399  0.227543  0.215780    0.1844    0.2470    0.4960    0.0800    0.2575    0.1173    0.2215
 000011   L  0.327608  0.261534  0.213939    0.1698    0.1914    0.6340    0.0830    0.2641    0.1622    0.2333
 000012   A  0.275541  0.292493  0.212234    0.1322    0.2292    0.6180    0.0860    0.2579    0.1580    0.2452
 000013   P  0.220149  0.325559  0.209196    0.0744    0.2193    0.5530    0.0830    0.2322    0.1515    0.2589
 000014   V  0.181733  0.372756  0.206962    0.0858    0.1823    0.5240    0.0770    0.2244    0.1499    0.2664
 000015   T  0.150228  0.423881  0.204877    0.1150    0.1206    0.4830    0.0680    0.2155    0.1520    0.2776
 000016   P  0.115243  0.457598  0.202170    0.0744    0.1229    0.4110    0.0880    0.1969    0.1533    0.2820
 000017   K  0.082535  0.464955  0.188722    0.0554    0.1115    0.3400    0.0790    0.1757    0.1517    0.2830
 000018   D  0.050510  0.459638  0.177889    0.0965    0.1731    0.2680    0.0520    0.1747    0.1363    0.2801
 000019   A  0.015921  0.400947  0.167962    0.0502    0.1914    0.2300    0.0560    0.1480    0.1291    0.2737
 000020   P  0.012800  0.337215  0.158200    0.0965    0.2752    0.1900    0.0530    0.1520    0.1106    0.2711
 000021   L  0.011990  0.291764  0.152117    0.1088    0.1791    0.1570    0.0540    0.1247    0.0872    0.2631
 000022   L  0.011342  0.262749  0.152348    0.1878    0.1528    0.1110    0.0440    0.1210    0.0803    0.2522
 000023   H  0.010649  0.220005  0.151680    0.1566    0.1528    0.0800    0.0290    0.1034    0.0711    0.2367
 000024   R  0.009918  0.204548  0.150765    0.0723    0.0765    0.0680    0.0210    0.0718    0.0680    0.2192
 000025   V  0.007634  0.194733  0.151232    0.1060    0.0646    0.0620    0.0170    0.0726    0.0666    0.2071
 000026   F  0.006502  0.180999  0.146583    0.0621    0.0618    0.0650    0.0180    0.0627    0.0635    0.1928
 000027   H  0.004166  0.166148  0.139621    0.0308    0.0364    0.0640    0.0250    0.0502    0.0637    0.1872
 000028   L  0.004953  0.171962  0.137222    0.0316    0.0414    0.0710    0.0360    0.0534    0.0637    0.1826
 000029   S  0.005908  0.171293  0.136142    0.0218    0.0227    0.0720    0.0400    0.0490    0.0663    0.1816
 000030   P  0.029048  0.160239  0.135484    0.0316    0.0334    0.0680    0.0300    0.0537    0.0574    0.1790
 000031   S  0.053480  0.151516  0.135121    0.0124    0.0281    0.0710    0.0230    0.0527    0.0564    0.1748
 000032   Y  0.077959  0.148426  0.134607    0.0316    0.0275    0.0790    0.0270    0.0608    0.0512    0.1718
 000033   F  0.129092  0.133562  0.135866    0.0567    0.0531    0.0820    0.0280    0.0757    0.0423    0.1720
 000034   A  0.186609  0.130367  0.138835    0.0304    0.0555    0.0820    0.0260    0.0809    0.0580    0.1803
 000035   L  0.244037  0.135119  0.142924    0.0327    0.0364    0.0860    0.0240    0.0890    0.0764    0.1911
 000036   I  0.287661  0.143999  0.144601    0.0554    0.0364    0.0850    0.0210    0.1014    0.0866    0.1985
 000037   G  0.321510  0.140378  0.145399    0.0660    0.0780    0.0830    0.0180    0.1148    0.0904    0.2115
 000038   M  0.349774  0.143882  0.146680    0.0405    0.0835    0.0890    0.0200    0.1178    0.1027    0.2180
 000039   E  0.363321  0.160279  0.147623    0.0677    0.0851    0.0920    0.0240    0.1281    0.1029    0.2278
 000040   L  0.416555  0.177510  0.150210    0.0771    0.0909    0.1040    0.0300    0.1444    0.1185    0.2320
 000041   P  0.466395  0.189225  0.151836    0.0316    0.0780    0.1030    0.0270    0.1447    0.1441    0.2412
 000042   T  0.491682  0.223101  0.157550    0.0336    0.0454    0.1100    0.0340    0.1507    0.1571    0.2519
 000043   L  0.521977  0.261845  0.162251    0.0567    0.0870    0.1060    0.0370    0.1722    0.1610    0.2600
 000044   E  0.542441  0.274532  0.170089    0.0607    0.1137    0.0850    0.0300    0.1795    0.1674    0.2688
 000045   D  0.555146  0.273657  0.172029    0.0813    0.1424    0.0890    0.0300    0.1902    0.1658    0.2654
 000046   V  0.544009  0.282916  0.177302    0.0771    0.2436    0.0990    0.0430    0.2078    0.1580    0.2596
 000047   V  0.540752  0.275577  0.183508    0.1349    0.3392    0.0960    0.0390    0.2311    0.1524    0.2615
 000048   R  0.521728  0.262847  0.188611    0.1532    0.3356    0.0980    0.0370    0.2285    0.1432    0.2584
 000049   D  0.460625  0.281932  0.197715    0.1766    0.3774    0.1010    0.0360    0.2330    0.1271    0.2558
 000050   L  0.402916  0.306785  0.205077    0.1532    0.3286    0.1320    0.0450    0.2206    0.1041    0.2435
 000051   Q  0.343728  0.329224  0.209433    0.2255    0.2988    0.1390    0.0420    0.2227    0.0806    0.2324
 000052   T  0.271807  0.360819  0.213973    0.1698    0.1852    0.1520    0.0540    0.1899    0.0800    0.2192
 000053   L  0.211017  0.393147  0.219269    0.1060    0.1162    0.1280    0.0420    0.1591    0.1054    0.2064
 000054   E  0.172383  0.389730  0.223681    0.1322    0.0967    0.0970    0.0230    0.1480    0.1082    0.1997
 000055   V  0.162814  0.377176  0.226745    0.0789    0.0518    0.0890    0.0190    0.1267    0.1179    0.1928
 000056   D  0.153127  0.346562  0.227973    0.0441    0.0483    0.0830    0.0180    0.1125    0.1150    0.1947
 000057   P  0.152181  0.297575  0.230543    0.0455    0.0835    0.0890    0.0260    0.1114    0.0967    0.1966
 000058   R  0.152496  0.251089  0.230918    0.0771    0.1373    0.0900    0.0320    0.1181    0.0758    0.1920
 000059   R  0.151125  0.213925  0.231588    0.0884    0.1643    0.0830    0.0300    0.1168    0.0683    0.1930
 000060   R  0.148848  0.175244  0.232618    0.0884    0.1028    0.0670    0.0240    0.0971    0.0685    0.2019
 000061   A  0.144968  0.143673  0.235886    0.1921    0.1643    0.0470    0.0140    0.1153    0.0697    0.2167
 000062   F  0.140877  0.124694  0.236602    0.1178    0.0929    0.0370    0.0090    0.0856    0.0717    0.2322
 000063   L  0.139246  0.115337  0.236932    0.1205    0.0506    0.0330    0.0090    0.0765    0.0771    0.2518
 000064   L  0.138346  0.120084  0.235667    0.1322    0.0929    0.0340    0.0090    0.0863    0.0719    0.2714
 000065   F  0.127567  0.131327  0.232049    0.0701    0.0690    0.0390    0.0090    0.0728    0.0741    0.2877
 000066   L  0.110814  0.145734  0.227462    0.1292    0.1048    0.0480    0.0140    0.0897    0.0660    0.3009
 000067   G  0.093868  0.165378  0.225482    0.1018    0.0592    0.0630    0.0210    0.0806    0.0702    0.3073
 000068   Q  0.079430  0.186766  0.225604    0.0771    0.0483    0.0790    0.0310    0.0784    0.0756    0.3169
 000069   E  0.067039  0.202018  0.227086    0.0478    0.0275    0.0940    0.0430    0.0731    0.0852    0.3310
 000070   P  0.059184  0.213596  0.230397    0.0542    0.0341    0.0920    0.0440    0.0755    0.0873    0.3440
 000071   V  0.051763  0.225763  0.235299    0.0376    0.0380    0.0870    0.0300    0.0734    0.0937    0.3501
 000072   G  0.049709  0.235237  0.241014    0.0567    0.0380    0.0980    0.0320    0.0796    0.0947    0.3594
 000073   Y  0.056193  0.252654  0.244584    0.1060    0.0870    0.1210    0.0420    0.1038    0.0864    0.3670
 000074   L  0.063997  0.275588  0.248988    0.1292    0.1476    0.1310    0.0480    0.1246    0.0842    0.3692
 000075   D  0.079680  0.292932  0.244120    0.2041    0.1914    0.1480    0.0600    0.1527    0.0791    0.3733
 000076   A  0.092496  0.310982  0.242938    0.2963    0.3117    0.1900    0.0840    0.2002    0.0889    0.3736
 000077   K  0.097013  0.330339  0.241151    0.3456    0.3117    0.2080    0.0790    0.2155    0.0950    0.3784
 000078   L  0.098658  0.333821  0.239189    0.3456    0.3087    0.2220    0.0810    0.2182    0.0936    0.3896
 000079   G  0.096019  0.353208  0.239444    0.2432    0.2129    0.2190    0.0910    0.1874    0.0850    0.3976
 000080   Y  0.148730  0.400030  0.237397    0.2292    0.1298    0.2400    0.1020    0.1914    0.0958    0.4062
 000081   P  0.207015  0.422116  0.236970    0.1292    0.0662    0.2490    0.0980    0.1789    0.1179    0.4085
 000082   E  0.260151  0.436906  0.236188    0.1380    0.0555    0.2410    0.1010    0.1886    0.1239    0.4074
 000083   A  0.312672  0.433587  0.236672    0.0909    0.0555    0.1730    0.0590    0.1776    0.1352    0.3993
 000084   E  0.367048  0.414584  0.240533    0.0832    0.1070    0.1330    0.0480    0.1841    0.1345    0.3918
 000085   D  0.431914  0.373609  0.242864    0.1380    0.1791    0.1270    0.0480    0.2082    0.1231    0.3873
 000086   A  0.498716  0.338147  0.247561    0.1380    0.1702    0.1150    0.0420    0.2100    0.1397    0.3817
 000087   T  0.574927  0.303384  0.251892    0.1698    0.2094    0.0930    0.0300    0.2251    0.1581    0.3855
 000088   L  0.642198  0.268810  0.254264    0.1698    0.2094    0.0780    0.0150    0.2281    0.1826    0.3841
 000089   S  0.628831  0.254055  0.257851    0.2657    0.2951    0.0700    0.0090    0.2523    0.1717    0.3763
 000090   L  0.582287  0.238772  0.259101    0.2602    0.2918    0.0710    0.0130    0.2407    0.1575    0.3661
 000091   L  0.526575  0.223565  0.261789    0.3311    0.2988    0.0790    0.0180    0.2432    0.1408    0.3507
 000092   L  0.480400  0.246704  0.262709    0.2865    0.2680    0.0830    0.0170    0.2274    0.1237    0.3319
 000093   I  0.426059  0.283215  0.267139    0.1844    0.2503    0.0920    0.0200    0.2060    0.1107    0.3097
 000094   R  0.378543  0.336534  0.273102    0.2167    0.2918    0.0990    0.0240    0.2204    0.1009    0.2941
 000095   E  0.332211  0.388198  0.280220    0.1921    0.2436    0.1290    0.0460    0.2141    0.0977    0.2804
 000096   D  0.268781  0.437895  0.288079    0.1958    0.1583    0.1650    0.0560    0.2042    0.1077    0.2661
 000097   H  0.217223  0.475486  0.298589    0.2041    0.2002    0.1670    0.0290    0.2106    0.1155    0.2537
 000098   Q  0.191009  0.508905  0.309951    0.1292    0.1914    0.1790    0.0230    0.1999    0.1374    0.2349
 000099   G  0.185281  0.532186  0.320933    0.2122    0.1643    0.1840    0.0340    0.2130    0.1399    0.2192
 000100   R  0.188637  0.563397  0.324551    0.2122    0.1399    0.1960    0.0400    0.2167    0.1522    0.2104
 000101   G  0.189407  0.559687  0.326739    0.1878    0.1823    0.1820    0.0320    0.2169    0.1492    0.2049
 000102   L  0.189975  0.533399  0.325263    0.2209    0.2645    0.1810    0.0260    0.2317    0.1324    0.2025
 000103   G  0.175067  0.521171  0.324040    0.2531    0.2609    0.1580    0.0140    0.2280    0.1321    0.2050
 000104   R  0.171405  0.482286  0.321063    0.3399    0.3704    0.1550    0.0300    0.2532    0.1256    0.2135
 000105   Q  0.199989  0.432124  0.314428    0.2483    0.3740    0.1660    0.0460    0.2368    0.1076    0.2215
 000106   A  0.226905  0.398895  0.315245    0.2385    0.2849    0.1550    0.0500    0.2173    0.0928    0.2290
 000107   L  0.226673  0.361556  0.314283    0.2292    0.2680    0.1410    0.0550    0.2044    0.0875    0.2363
 000108   E  0.224878  0.322550  0.310708    0.1698    0.2645    0.1140    0.0540    0.1826    0.0907    0.2398
 000109   R  0.223583  0.290137  0.308198    0.1635    0.1731    0.1110    0.0510    0.1603    0.0869    0.2442
 000110   F  0.221395  0.276962  0.301301    0.1635    0.1070    0.1200    0.0550    0.1482    0.0895    0.2507
 000111   A  0.215408  0.259936  0.292902    0.1117    0.0909    0.0910    0.0350    0.1282    0.0959    0.2508
 000112   A  0.210690  0.239226  0.285133    0.0677    0.0581    0.0850    0.0390    0.1101    0.1021    0.2512
 000113   G  0.197422  0.241593  0.282666    0.0991    0.0631    0.0800    0.0410    0.1136    0.0965    0.2522
 000114   L  0.161847  0.229746  0.277446    0.0643    0.0356    0.0730    0.0360    0.0942    0.1011    0.2537
 000115   D  0.126099  0.200448  0.264933    0.0441    0.0364    0.0620    0.0290    0.0782    0.0960    0.2541
 000116   G  0.107950  0.182322  0.256064    0.0231    0.0341    0.0530    0.0230    0.0668    0.0949    0.2513
 000117   V  0.102427  0.169882  0.244477    0.0279    0.0454    0.0430    0.0150    0.0647    0.0885    0.2524
 000118   R  0.091036  0.145365  0.232428    0.0502    0.0948    0.0370    0.0100    0.0698    0.0760    0.2542
 000119   R  0.080581  0.125716  0.222895    0.0490    0.0835    0.0390    0.0110    0.0629    0.0719    0.2615
 000120   L  0.070385  0.123923  0.216089    0.0567    0.0690    0.0430    0.0140    0.0605    0.0692    0.2709
 000121   Y  0.059842  0.121023  0.212095    0.1117    0.1349    0.0500    0.0190    0.0795    0.0641    0.2760
 000122   A  0.050916  0.116022  0.205411    0.1060    0.1349    0.0520    0.0220    0.0767    0.0627    0.2812
 000123   V  0.040562  0.127514  0.198354    0.1322    0.0851    0.0610    0.0280    0.0745    0.0618    0.2855
 000124   V  0.030986  0.155740  0.189189    0.1060    0.0414    0.0890    0.0390    0.0705    0.0650    0.2955
 000125   Y  0.029891  0.171742  0.178720    0.1041    0.0765    0.1540    0.0670    0.0894    0.0617    0.3104
 000126   G  0.016430  0.204178  0.167656    0.0514    0.0592    0.2130    0.0920    0.0907    0.0834    0.3233
 000127   H  0.008420  0.261356  0.156574    0.0554    0.0618    0.2540    0.1040    0.1069    0.1020    0.3383
 000128   N  0.000410  0.302521  0.142745    0.0701    0.0967    0.2910    0.1170    0.1267    0.1141    0.3450
 000129   P  0.000144  0.342233  0.128191    0.0744    0.0494    0.3230    0.1420    0.1315    0.1344    0.3493
 000130   K  0.000080  0.400022  0.112819    0.0701    0.0483    0.3180    0.1580    0.1394    0.1489    0.3486
 000131   A  0.000060  0.431198  0.104835    0.0587    0.0494    0.2840    0.1380    0.1373    0.1538    0.3468
 000132   K  0.000047  0.418869  0.095542    0.1041    0.0568    0.2370    0.1090    0.1361    0.1400    0.3485
 000133   A  0.000028  0.375663  0.085996    0.0723    0.0676    0.1920    0.0680    0.1179    0.1234    0.3484
 000134   F  0.000042  0.326164  0.077296    0.0701    0.1115    0.1750    0.0490    0.1138    0.1041    0.3503
 000135   F  0.000059  0.264318  0.066903    0.1088    0.1611    0.1380    0.0440    0.1120    0.0825    0.3374
 000136   Q  0.000066  0.218038  0.059346    0.1766    0.2436    0.1200    0.0470    0.1264    0.0867    0.3093
 000137   A  0.000090  0.187368  0.051904    0.1766    0.2752    0.1180    0.0480    0.1262    0.0913    0.2821
 000138   Q  0.000092  0.178430  0.047502    0.1698    0.2849    0.1060    0.0410    0.1232    0.0936    0.2568
 000139   G  0.000091  0.182054  0.043170    0.1844    0.1881    0.1030    0.0460    0.1096    0.0747    0.2368
 000140   F  0.022044  0.199285  0.038541    0.1566    0.1702    0.1040    0.0540    0.1087    0.0668    0.2190
 000141   R  0.039896  0.223629  0.038380    0.1041    0.0929    0.1000    0.0490    0.0935    0.0619    0.2031
 000142   Y  0.061076  0.264912  0.036975    0.1266    0.0690    0.1080    0.0340    0.1049    0.0752    0.1912
 000143   V  0.072032  0.295616  0.034134    0.0789    0.0454    0.1050    0.0240    0.0995    0.0884    0.1830
 000144   K  0.093720  0.312681  0.029023    0.0607    0.0543    0.1150    0.0400    0.1060    0.0945    0.1781
 000145   D  0.115417  0.298891  0.024117    0.0701    0.1298    0.1130    0.0360    0.1211    0.0854    0.1735
 000146   G  0.134959  0.291089  0.022474    0.1322    0.1449    0.0930    0.0270    0.1327    0.0806    0.1728
 000147   G  0.157906  0.252099  0.019257    0.1416    0.1349    0.0760    0.0160    0.1271    0.0720    0.1783
 000148   P  0.180031  0.209075  0.019154    0.1060    0.1349    0.1210    0.0470    0.1252    0.0602    0.1870
 000149   T  0.174910  0.192472  0.020111    0.1266    0.1070    0.1430    0.0890    0.1241    0.0559    0.1950
 000150   L  0.163980  0.199189  0.022020    0.1667    0.0870    0.1360    0.0890    0.1255    0.0590    0.2032
 000151   T  0.152728  0.209863  0.022017    0.3096    0.1501    0.1380    0.0780    0.1601    0.0861    0.2159
 000152   W  0.145372  0.251687  0.020879    0.3456    0.1275    0.1650    0.0850    0.1725    0.1017    0.2299
 000153   Y  0.131050  0.341068  0.021566    0.4825    0.1881    0.1860    0.1090    0.2215    0.1488    0.2353
 000154   V  0.062369  0.424627  0.021841    0.5992    0.2470    0.2940    0.1520    0.2712    0.1992    0.2397
 000155   R  0.089425  0.499198  0.023926    0.6374    0.2129    0.3770    0.1570    0.3026    0.2189    0.2443
 000156   P  0.032560  0.524693  0.027315    0.6681    0.1611    0.3600    0.1850    0.2910    0.2432    0.2488
 000157   L  0.066451  0.580184  0.030730    0.7079    0.1229    0.4370    0.1440    0.3190    0.2641    0.2568
