#RESNUM RES     VL-XT     VSL2B       VL3  IUPred-S  IUPred-L  PONDRFIT  FITERROR       MDP  MDPERROR   ANCHOR2
 000001   M  0.163907  0.795414  0.107509    0.7317    0.0240    0.9560    0.0170    0.4452    0.3734    0.0979
 000002   F  0.669643  0.758580  0.108927    0.6035    0.0424    0.8990    0.0290    0.4955    0.3237    0.0893
 000003   S  0.671992  0.721673  0.114251    0.4651    0.0581    0.8580    0.0370    0.4625    0.3035    0.0845
 000004   E  0.272505  0.610644  0.123842    0.4203    0.0349    0.8180    0.0800    0.3593    0.2724    0.0789
 000005   I  0.371527  0.521484  0.129572    0.3630    0.0231    0.8570    0.0690    0.3560    0.2711    0.0765
 000006   A  0.378541  0.402992  0.133611    0.2292    0.0320    0.9430    0.0390    0.3310    0.2947    0.0776
 000007   P  0.329373  0.298462  0.136770    0.1178    0.0184    0.9850    0.0070    0.2915    0.3192    0.0785
 000008   R  0.280441  0.255996  0.141724    0.0935    0.0244    0.9910    0.0090    0.2742    0.3231    0.0745
 000009   Y  0.264452  0.218699  0.144784    0.0350    0.0253    0.9950    0.0050    0.2564    0.3322    0.0741
 000010   D  0.232955  0.181559  0.146437    0.0274    0.0349    0.9970    0.0030    0.2457    0.3344    0.0748
 000011   L  0.246701  0.179416  0.150670    0.0144    0.0253    0.9940    0.0060    0.2433    0.3357    0.0758
 000012   L  0.330565  0.188591  0.154126    0.0200    0.0306    0.9970    0.0020    0.2612    0.3354    0.0780
 000013   N  0.406586  0.167550  0.157681    0.0218    0.0327    0.9960    0.0030    0.2708    0.3384    0.0832
 000014   R  0.484811  0.168747  0.157540    0.0200    0.0320    0.9530    0.0450    0.2765    0.3299    0.0898
 000015   L  0.566549  0.166612  0.159505    0.0090    0.0275    0.8870    0.1240    0.2762    0.3206    0.0993
 000016   L  0.650267  0.157208  0.161253    0.0194    0.0494    0.8000    0.1330    0.2793    0.3049    0.1071
 000017   S  0.731837  0.159090  0.166038    0.0231    0.0483    0.5910    0.1660    0.2589    0.2747    0.1097
 000018   F  0.825266  0.178510  0.170731    0.0157    0.0244    0.4900    0.1530    0.2557    0.2897    0.1099
 000019   G  0.919727  0.200626  0.174479    0.0141    0.0263    0.4050    0.1580    0.2610    0.3114    0.1111
 000020   A  0.966706  0.205075  0.178930    0.0167    0.0281    0.3640    0.1400    0.2634    0.3244    0.1103
 000021   D  0.962069  0.220001  0.183511    0.0167    0.0218    0.3530    0.1580    0.2622    0.3225    0.1109
 000022   L  0.954703  0.219540  0.190244    0.0167    0.0214    0.3590    0.1580    0.2618    0.3200    0.1116
 000023   R  0.948229  0.203553  0.193338    0.0279    0.0405    0.3480    0.1690    0.2613    0.3137    0.1110
 000024   W  0.952066  0.197368  0.202201    0.0128    0.0372    0.3570    0.1930    0.2594    0.3180    0.1133
 000025   R  0.954181  0.211493  0.212881    0.0144    0.0313    0.3490    0.2190    0.2600    0.3181    0.1137
 000026   R  0.957945  0.219128  0.223817    0.0304    0.0690    0.3430    0.2090    0.2700    0.3112    0.1134
 000027   R  0.961294  0.232186  0.236122    0.0464    0.1137    0.3370    0.2040    0.2817    0.3036    0.1174
 000028   A  0.964643  0.249403  0.247445    0.0554    0.1092    0.3160    0.2040    0.2825    0.3029    0.1239
 000029   V  0.977028  0.269354  0.253790    0.1060    0.1206    0.2930    0.2080    0.2943    0.2983    0.1320
 000030   D  0.985031  0.309155  0.269309    0.0991    0.0704    0.2810    0.2060    0.2909    0.3077    0.1403
 000031   L  0.990239  0.337639  0.280642    0.0701    0.0929    0.3000    0.1960    0.2984    0.3095    0.1494
 000032   A  0.965697  0.368437  0.289599    0.0425    0.0494    0.2930    0.1800    0.2864    0.3119    0.1573
 000033   L  0.898477  0.386899  0.291133    0.0832    0.0704    0.2360    0.1160    0.2792    0.2826    0.1656
 000034   E  0.834222  0.392352  0.290307    0.0514    0.0780    0.1930    0.0780    0.2582    0.2678    0.1738
 000035   K  0.763537  0.375677  0.290132    0.0858    0.1424    0.1740    0.0640    0.2570    0.2313    0.1807
 000036   A  0.689954  0.376670  0.293356    0.0935    0.1554    0.1580    0.0530    0.2455    0.2065    0.1875
 000037   P  0.622184  0.371852  0.298341    0.1018    0.1643    0.1380    0.0440    0.2331    0.1852    0.1977
 000038   R  0.554414  0.338563  0.302626    0.1117    0.1791    0.1460    0.0430    0.2216    0.1584    0.1989
 000039   R  0.487499  0.320595  0.306439    0.1349    0.1349    0.1580    0.0450    0.2059    0.1384    0.1992
 000040   I  0.422739  0.341581  0.305679    0.2080    0.1643    0.1820    0.0490    0.2198    0.1065    0.2013
 000041   L  0.367009  0.350757  0.304958    0.1456    0.0985    0.2020    0.0620    0.1940    0.1143    0.2087
 000042   D  0.367425  0.352835  0.303595    0.1998    0.1298    0.2260    0.0690    0.2126    0.0992    0.2154
 000043   L  0.363823  0.361001  0.303653    0.1532    0.0948    0.2500    0.0800    0.2039    0.1132    0.2290
 000044   A  0.360203  0.383388  0.302437    0.2080    0.1554    0.2580    0.0860    0.2274    0.0949    0.2417
 000045   T  0.366717  0.349427  0.302444    0.1322    0.1554    0.2550    0.0870    0.2099    0.1031    0.2557
 000046   G  0.376975  0.369867  0.304935    0.1292    0.1528    0.2560    0.0820    0.2141    0.1093    0.2672
 000047   T  0.397715  0.397662  0.309119    0.1698    0.1528    0.2630    0.0830    0.2301    0.1104    0.2786
 000048   G  0.441010  0.406243  0.315712    0.1380    0.1501    0.2710    0.0870    0.2344    0.1269    0.2818
 000049   D  0.480317  0.442184  0.324759    0.1240    0.1528    0.2950    0.0960    0.2490    0.1435    0.2940
 000050   L  0.541230  0.448965  0.332092    0.1532    0.1323    0.3040    0.0910    0.2632    0.1567    0.3073
 000051   A  0.583355  0.458101  0.343023    0.2333    0.2292    0.3040    0.0930    0.3014    0.1388    0.3191
 000052   L  0.626388  0.459620  0.350655    0.2786    0.2436    0.3210    0.0940    0.3216    0.1419    0.3262
 000053   M  0.676283  0.495508  0.359168    0.2913    0.1671    0.3390    0.0940    0.3282    0.1720    0.3318
 000054   L  0.706151  0.500805  0.363612    0.2963    0.2541    0.3560    0.1080    0.3522    0.1634    0.3223
 000055   K  0.725113  0.519988  0.361855    0.2558    0.2503    0.3370    0.1070    0.3480    0.1780    0.3129
 000056   E  0.737772  0.526584  0.363192    0.2531    0.2470    0.3230    0.1110    0.3480    0.1843    0.3016
 000057   R  0.735822  0.525215  0.364528    0.2122    0.1373    0.3500    0.1130    0.3268    0.2072    0.2924
 000058   A  0.738107  0.526689  0.366503    0.2167    0.1028    0.3960    0.1100    0.3300    0.2142    0.2894
 000059   P  0.738622  0.516892  0.370021    0.1380    0.1229    0.3860    0.1230    0.3170    0.2217    0.2896
 000060   G  0.737842  0.525518  0.378925    0.1117    0.1373    0.3720    0.1330    0.3141    0.2251    0.2861
 000061   A  0.737185  0.523511  0.377099    0.1998    0.1702    0.3090    0.1280    0.3233    0.2054    0.2870
 000062   E  0.734695  0.523534  0.375011    0.2700    0.1251    0.2680    0.1110    0.3203    0.2079    0.2901
 000063   V  0.696622  0.518920  0.375408    0.3184    0.1643    0.2570    0.1090    0.3259    0.1862    0.2931
 000064   V  0.659897  0.525638  0.379878    0.2657    0.1184    0.2330    0.0970    0.3004    0.1937    0.2989
 000065   G  0.625708  0.509221  0.384349    0.3146    0.1583    0.2140    0.0820    0.3036    0.1741    0.3088
 000066   A  0.572789  0.496112  0.385901    0.2167    0.1554    0.2090    0.0740    0.2750    0.1693    0.3169
 000067   D  0.557634  0.472828  0.385849    0.1698    0.1373    0.2040    0.0680    0.2569    0.1724    0.3253
 000068   F  0.542480  0.459961  0.382643    0.1635    0.1399    0.2110    0.0660    0.2528    0.1664    0.3293
 000069   A  0.488583  0.416502  0.380141    0.1844    0.1399    0.1970    0.0600    0.2377    0.1468    0.3219
 000070   P  0.437938  0.419619  0.379390    0.1532    0.1275    0.1770    0.0550    0.2192    0.1462    0.3136
 000071   P  0.387088  0.466249  0.384331    0.1266    0.1028    0.1720    0.0570    0.2090    0.1571    0.3028
 000072   M  0.402854  0.476615  0.388199    0.1635    0.1251    0.1760    0.0650    0.2239    0.1520    0.2781
 000073   L  0.415669  0.472572  0.388166    0.1266    0.1137    0.1800    0.0690    0.2181    0.1599    0.2468
 000074   A  0.422639  0.474745  0.386150    0.1732    0.1028    0.1860    0.0740    0.2266    0.1556    0.2176
 000075   I  0.439691  0.494535  0.385096    0.2432    0.1702    0.2100    0.0860    0.2596    0.1379    0.1893
 000076   A  0.415600  0.515446  0.384613    0.1566    0.1115    0.2440    0.1040    0.2406    0.1585    0.1706
 000077   R  0.399860  0.520297  0.379028    0.2041    0.1349    0.2670    0.1040    0.2543    0.1440    0.1533
 000078   R  0.417939  0.531065  0.371845    0.1240    0.0618    0.2800    0.0870    0.2358    0.1749    0.1376
 000079   K  0.426350  0.532156  0.362993    0.1878    0.0765    0.2780    0.0740    0.2502    0.1623    0.1256
 000080   A  0.440103  0.521717  0.350908    0.1349    0.1048    0.3090    0.0660    0.2517    0.1616    0.1179
 000081   E  0.431900  0.515553  0.340764    0.0621    0.0690    0.2900    0.0580    0.2280    0.1796    0.1138
 000082   A  0.430067  0.501937  0.328135    0.0554    0.0605    0.2780    0.0620    0.2209    0.1782    0.1060
 000083   R  0.423666  0.485709  0.318426    0.0542    0.0646    0.2770    0.0610    0.2175    0.1723    0.1051
 000084   G  0.437986  0.455261  0.303101    0.1041    0.0662    0.2250    0.0500    0.2148    0.1581    0.1077
 000085   L  0.445728  0.432952  0.293809    0.0991    0.0662    0.1850    0.0450    0.2048    0.1575    0.1102
 000086   E  0.436210  0.396615  0.284960    0.0991    0.0704    0.1350    0.0280    0.1896    0.1517    0.1125
 000087   V  0.424771  0.359421  0.271858    0.0965    0.1070    0.1080    0.0260    0.1826    0.1394    0.1086
 000088   R  0.402031  0.329945  0.258602    0.0526    0.0506    0.0950    0.0270    0.1550    0.1457    0.1101
 000089   F  0.375575  0.279400  0.243962    0.0701    0.0618    0.0820    0.0210    0.1449    0.1275    0.1120
 000090   L  0.350446  0.256589  0.229589    0.0376    0.0676    0.0780    0.0200    0.1318    0.1217    0.1158
 000091   E  0.321013  0.253188  0.215215    0.0587    0.0851    0.0770    0.0240    0.1325    0.1062    0.1213
 000092   A  0.298935  0.246816  0.200692    0.0542    0.0618    0.0860    0.0230    0.1247    0.1012    0.1227
 000093   D  0.247769  0.230680  0.189739    0.0677    0.0364    0.0870    0.0210    0.1116    0.0885    0.1297
 000094   A  0.207497  0.238542  0.178859    0.0567    0.0398    0.0870    0.0210    0.1049    0.0824    0.1313
 000095   L  0.173938  0.250423  0.170981    0.0297    0.0313    0.0940    0.0220    0.0965    0.0856    0.1358
 000096   A  0.158693  0.248023  0.163140    0.0567    0.0349    0.0900    0.0220    0.0981    0.0776    0.1387
 000097   L  0.153483  0.249441  0.154220    0.0387    0.0341    0.1030    0.0290    0.0964    0.0788    0.1400
 000098   P  0.138963  0.255940  0.145508    0.0387    0.0287    0.1020    0.0290    0.0940    0.0799    0.1487
 000099   F  0.125285  0.264070  0.138783    0.0405    0.0235    0.1070    0.0340    0.0934    0.0817    0.1462
 000100   P  0.111743  0.260062  0.132368    0.0387    0.0235    0.0900    0.0330    0.0874    0.0805    0.1447
 000101   D  0.094499  0.243360  0.123140    0.0526    0.0405    0.0880    0.0390    0.0865    0.0699    0.1372
 000102   G  0.086032  0.213650  0.113694    0.0245    0.0178    0.0780    0.0350    0.0699    0.0679    0.1262
 000103   A  0.076381  0.195154  0.106088    0.0308    0.0214    0.0580    0.0220    0.0635    0.0608    0.1151
 000104   F  0.075111  0.166581  0.100367    0.0121    0.0218    0.0460    0.0140    0.0535    0.0551    0.1045
 000105   D  0.054132  0.152632  0.096344    0.0150    0.0138    0.0360    0.0080    0.0453    0.0520    0.0981
 000106   A  0.043201  0.137139  0.091804    0.0308    0.0181    0.0340    0.0070    0.0438    0.0446    0.0856
 000107   V  0.037780  0.119008  0.088800    0.0179    0.0235    0.0330    0.0070    0.0386    0.0401    0.0751
 000108   T  0.033926  0.096744  0.086591    0.0274    0.0218    0.0320    0.0080    0.0353    0.0333    0.0687
 000109   I  0.030588  0.087001  0.084925    0.0231    0.0205    0.0330    0.0080    0.0324    0.0316    0.0590
 000110   A  0.029805  0.082036  0.083618    0.0252    0.0433    0.0340    0.0090    0.0357    0.0278    0.0553
 000111   F  0.032195  0.075534  0.083206    0.0218    0.0281    0.0360    0.0090    0.0323    0.0277    0.0513
 000112   G  0.034411  0.080610  0.083475    0.0200    0.0163    0.0400    0.0090    0.0319    0.0303    0.0483
 000113   F  0.024557  0.093869  0.084153    0.0150    0.0163    0.0490    0.0110    0.0332    0.0347    0.0446
 000114   R  0.025781  0.100706  0.084720    0.0102    0.0218    0.0580    0.0120    0.0360    0.0365    0.0426
 000115   N  0.024040  0.123535  0.090008    0.0231    0.0258    0.0670    0.0160    0.0439    0.0411    0.0416
 000116   F  0.026053  0.154429  0.093175    0.0245    0.0141    0.0800    0.0210    0.0498    0.0520    0.0386
 000117   A  0.028046  0.184717  0.097461    0.0167    0.0171    0.0830    0.0230    0.0549    0.0620    0.0373
 000118   D  0.036471  0.199730  0.100186    0.0160    0.0171    0.0820    0.0240    0.0586    0.0661    0.0364
 000119   Y  0.042386  0.252445  0.107045    0.0150    0.0104    0.0980    0.0290    0.0697    0.0845    0.0330
 000120   E  0.059474  0.255234  0.110870    0.0179    0.0141    0.0950    0.0270    0.0736    0.0833    0.0310
 000121   K  0.076735  0.240417  0.113030    0.0118    0.0198    0.1210    0.0310    0.0783    0.0787    0.0269
 000122   A  0.096308  0.245900  0.115189    0.0194    0.0414    0.1170    0.0250    0.0867    0.0750    0.0237
 000123   L  0.142161  0.246507  0.119066    0.0245    0.0414    0.1010    0.0220    0.0926    0.0755    0.0214
 000124   R  0.183932  0.203464  0.125665    0.0490    0.0909    0.0750    0.0140    0.1004    0.0600    0.0206
 000125   E  0.227684  0.190839  0.133466    0.0514    0.0531    0.0560    0.0110    0.0965    0.0742    0.0197
 000126   L  0.306002  0.192979  0.138622    0.0490    0.0300    0.0560    0.0120    0.1057    0.1002    0.0175
 000127   Y  0.322278  0.176643  0.144755    0.0554    0.0398    0.0470    0.0140    0.1069    0.1028    0.0160
 000128   R  0.334367  0.162507  0.150024    0.0425    0.0287    0.0410    0.0130    0.1015    0.1101    0.0146
 000129   V  0.335256  0.166630  0.155163    0.0231    0.0300    0.0370    0.0130    0.0987    0.1140    0.0130
 000130   L  0.343880  0.164012  0.159529    0.0231    0.0263    0.0370    0.0130    0.0990    0.1175    0.0130
 000131   A  0.387254  0.159379  0.163484    0.0200    0.0287    0.0390    0.0130    0.1057    0.1311    0.0129
 000132   P  0.364203  0.156901  0.167438    0.0084    0.0341    0.0450    0.0160    0.1015    0.1244    0.0138
 000133   G  0.360249  0.159462  0.170381    0.0131    0.0531    0.0540    0.0220    0.1066    0.1195    0.0145
 000134   G  0.351289  0.150665  0.172274    0.0308    0.1092    0.0580    0.0230    0.1166    0.1082    0.0151
 000135   R  0.276086  0.149645  0.175241    0.0387    0.1092    0.0660    0.0240    0.1066    0.0832    0.0154
 000136   L  0.259458  0.160338  0.177365    0.0405    0.0967    0.0820    0.0310    0.1065    0.0779    0.0154
 000137   V  0.247018  0.187899  0.179935    0.0723    0.1298    0.0980    0.0370    0.1225    0.0661    0.0166
 000138   V  0.228963  0.223048  0.181638    0.1266    0.1137    0.1190    0.0390    0.1352    0.0570    0.0185
 000139   L  0.200276  0.263146  0.182057    0.1041    0.1137    0.1630    0.0390    0.1407    0.0617    0.0209
 000140   E  0.143330  0.297792  0.180649    0.0858    0.1028    0.2330    0.0600    0.1438    0.0797    0.0246
 000141   F  0.122302  0.338543  0.178144    0.1416    0.1115    0.3030    0.0910    0.1694    0.0938    0.0266
 000142   P  0.082110  0.374647  0.175067    0.1041    0.0749    0.2930    0.0880    0.1548    0.1170    0.0294
 000143   P  0.044715  0.395159  0.171100    0.0502    0.0631    0.2830    0.0980    0.1393    0.1352    0.0305
 000144   P  0.039037  0.408960  0.167955    0.0279    0.0380    0.2420    0.0730    0.1259    0.1415    0.0317
 000145   P  0.031961  0.434940  0.166262    0.0286    0.0205    0.2030    0.0660    0.1199    0.1496    0.0317
 000146   K  0.025086  0.395994  0.159772    0.0150    0.0109    0.1790    0.0710    0.1043    0.1394    0.0308
 000147   G  0.018756  0.348344  0.153965    0.0157    0.0188    0.1440    0.0660    0.0909    0.1219    0.0299
 000148   A  0.016156  0.285608  0.147051    0.0128    0.0287    0.1110    0.0530    0.0757    0.1001    0.0285
 000149   F  0.009808  0.213604  0.141523    0.0274    0.0281    0.0710    0.0260    0.0584    0.0768    0.0276
 000150   G  0.005005  0.146481  0.131191    0.0490    0.0281    0.0360    0.0100    0.0442    0.0576    0.0261
 000151   L  0.004685  0.106046  0.123893    0.0268    0.0287    0.0230    0.0040    0.0316    0.0498    0.0239
 000152   V  0.004626  0.072125  0.117614    0.0297    0.0287    0.0200    0.0040    0.0258    0.0430    0.0225
 000153   Y  0.004665  0.059460  0.111759    0.0286    0.0146    0.0200    0.0050    0.0212    0.0409    0.0212
 000154   R  0.003302  0.052703  0.106700    0.0102    0.0127    0.0190    0.0060    0.0164    0.0402    0.0207
 000155   V  0.001772  0.044210  0.099024    0.0052    0.0109    0.0210    0.0070    0.0138    0.0376    0.0200
 000156   Y  0.001903  0.045712  0.089862    0.0038    0.0072    0.0220    0.0080    0.0134    0.0347    0.0207
 000157   F  0.001167  0.050469  0.083003    0.0037    0.0053    0.0260    0.0100    0.0144    0.0329    0.0221
 000158   Q  0.001217  0.060398  0.075310    0.0013    0.0052    0.0300    0.0110    0.0163    0.0321    0.0234
 000159   R  0.001438  0.061201  0.069487    0.0009    0.0059    0.0300    0.0110    0.0166    0.0304    0.0243
 000160   V  0.001739  0.064954  0.064104    0.0029    0.0093    0.0300    0.0110    0.0182    0.0289    0.0243
 000161   L  0.001737  0.068371  0.059957    0.0029    0.0061    0.0320    0.0130    0.0185    0.0290    0.0253
 000162   P  0.001931  0.073750  0.057139    0.0069    0.0082    0.0300    0.0130    0.0202    0.0288    0.0259
 000163   F  0.002190  0.080627  0.055184    0.0055    0.0093    0.0330    0.0110    0.0217    0.0303    0.0261
 000164   L  0.002516  0.095816  0.055061    0.0097    0.0093    0.0370    0.0090    0.0257    0.0341    0.0262
 000165   G  0.002961  0.107451  0.055810    0.0074    0.0093    0.0430    0.0100    0.0283    0.0380    0.0248
 000166   G  0.004164  0.120035  0.056673    0.0069    0.0086    0.0570    0.0150    0.0327    0.0425    0.0239
 000167   L  0.006644  0.139724  0.057116    0.0118    0.0088    0.0760    0.0210    0.0405    0.0489    0.0215
 000168   I  0.009577  0.148395  0.056105    0.0124    0.0171    0.0860    0.0270    0.0457    0.0509    0.0189
 000169   S  0.019148  0.152121  0.055313    0.0061    0.0174    0.0830    0.0280    0.0463    0.0513    0.0179
 000170   G  0.064180  0.165653  0.057408    0.0074    0.0171    0.0880    0.0320    0.0570    0.0530    0.0175
 000171   N  0.077943  0.173645  0.060077    0.0144    0.0168    0.0880    0.0330    0.0618    0.0543    0.0174
 000172   F  0.096889  0.169606  0.062313    0.0308    0.0327    0.0790    0.0280    0.0682    0.0482    0.0160
 000173   G  0.114356  0.168029  0.064364    0.0137    0.0218    0.0670    0.0250    0.0642    0.0542    0.0160
 000174   A  0.146259  0.185789  0.066864    0.0336    0.0209    0.0760    0.0260    0.0771    0.0602    0.0157
 000175   Y  0.201219  0.190854  0.068245    0.0441    0.0433    0.1120    0.0430    0.0986    0.0660    0.0155
 000176   R  0.250618  0.191810  0.067653    0.0200    0.0327    0.1390    0.0580    0.1056    0.0853    0.0168
 000177   Y  0.290659  0.212077  0.069220    0.0252    0.0389    0.1700    0.0760    0.1228    0.0982    0.0171
 000178   L  0.295791  0.263146  0.071640    0.0316    0.0799    0.1730    0.0740    0.1406    0.1004    0.0192
 000179   P  0.293029  0.298208  0.073591    0.0677    0.1137    0.1870    0.0730    0.1599    0.0963    0.0227
 000180   E  0.320200  0.340406  0.076442    0.0813    0.0646    0.2020    0.0770    0.1681    0.1159    0.0246
 000181   S  0.342661  0.406520  0.080947    0.0607    0.0646    0.2240    0.0890    0.1832    0.1394    0.0248
 000182   V  0.410771  0.426570  0.086131    0.0316    0.0433    0.2380    0.1010    0.1918    0.1654    0.0248
 000183   E  0.448618  0.428200  0.091955    0.0660    0.0704    0.2490    0.1020    0.2104    0.1634    0.0259
 000184   A  0.481709  0.454448  0.096669    0.0514    0.0483    0.2580    0.1010    0.2156    0.1820    0.0246
 000185   F  0.522268  0.469397  0.100464    0.0490    0.0483    0.2910    0.0970    0.2300    0.1954    0.0241
 000186   P  0.563094  0.467100  0.103372    0.0660    0.0719    0.3050    0.0920    0.2455    0.1984    0.0236
 000187   A  0.597545  0.478100  0.106241    0.0502    0.0555    0.3080    0.0990    0.2483    0.2141    0.0214
 000188   P  0.593395  0.496862  0.109593    0.0771    0.1028    0.2850    0.0840    0.2592    0.2037    0.0208
 000189   E  0.611828  0.474216  0.112357    0.1060    0.0835    0.2520    0.0670    0.2545    0.2031    0.0190
 000190   A  0.575532  0.459383  0.114245    0.0909    0.0690    0.2480    0.0720    0.2405    0.1949    0.0163
 000191   L  0.538143  0.433757  0.115864    0.0414    0.0356    0.2290    0.0620    0.2130    0.1937    0.0147
 000192   K  0.538419  0.405328  0.117204    0.0425    0.0372    0.1910    0.0520    0.2024    0.1890    0.0139
 000193   A  0.502247  0.361219  0.117411    0.0455    0.0320    0.1500    0.0430    0.1819    0.1737    0.0133
 000194   M  0.462680  0.318815  0.116731    0.0395    0.0313    0.1270    0.0370    0.1633    0.1581    0.0125
 000195   M  0.392615  0.269903  0.115761    0.0279    0.0227    0.1040    0.0270    0.1362    0.1352    0.0130
 000196   A  0.343752  0.237225  0.114804    0.0643    0.0281    0.0840    0.0180    0.1262    0.1118    0.0135
 000197   A  0.306069  0.213069  0.113371    0.0316    0.0258    0.0730    0.0130    0.1083    0.1033    0.0144
 000198   A  0.247112  0.191611  0.111844    0.0268    0.0163    0.0680    0.0130    0.0916    0.0866    0.0166
 000199   G  0.244278  0.174828  0.111596    0.0226    0.0141    0.0690    0.0150    0.0875    0.0844    0.0191
 000200   F  0.197381  0.162469  0.111332    0.0083    0.0091    0.0740    0.0160    0.0752    0.0738    0.0221
 000201   S  0.127648  0.150671  0.109116    0.0116    0.0092    0.0750    0.0190    0.0624    0.0575    0.0268
 000202   V  0.075057  0.131376  0.107329    0.0128    0.0113    0.0810    0.0230    0.0519    0.0482    0.0305
 000203   R  0.030967  0.122954  0.105764    0.0097    0.0078    0.0940    0.0310    0.0443    0.0503    0.0354
 000204   Y  0.031749  0.109608  0.104537    0.0099    0.0090    0.1080    0.0300    0.0447    0.0490    0.0391
 000205   E  0.044336  0.097222  0.102791    0.0079    0.0084    0.1010    0.0400    0.0431    0.0452    0.0474
 000206   L  0.059272  0.089234  0.103138    0.0116    0.0101    0.1080    0.0440    0.0464    0.0439    0.0516
 000207   L  0.075977  0.080121  0.104245    0.0083    0.0130    0.1730    0.0590    0.0585    0.0587    0.0556
 000208   T  0.089748  0.075004  0.103975    0.0102    0.0163    0.2310    0.0570    0.0703    0.0750    0.0605
 000209   F  0.103237  0.071221  0.102491    0.0157    0.0231    0.2490    0.0580    0.0771    0.0793    0.0618
 000210   G  0.118187  0.074659  0.101993    0.0160    0.0227    0.4900    0.1220    0.1202    0.1630    0.0634
 000211   V  0.167281  0.074110  0.101992    0.0425    0.0398    0.1970    0.0460    0.0867    0.0621    0.0656
 000212   A  0.200752  0.096447  0.100919    0.0554    0.0313    0.2680    0.1470    0.1087    0.0847    0.0686
 000213   A  0.249466  0.150235  0.098839    0.1240    0.0424    0.4180    0.1600    0.1640    0.1243    0.0749
 000214   I  0.289695  0.243642  0.095483    0.1566    0.0320    0.5160    0.1780    0.2064    0.1579    0.0823
 000215   H  0.309951  0.383450  0.092820    0.2913    0.0555    0.5300    0.1380    0.2616    0.1637    0.0989
 000216   V  0.390427  0.514939  0.089891    0.3146    0.0341    0.6370    0.1330    0.3152    0.2157    0.0997
 000217   G  0.571572  0.677641  0.088116    0.4458    0.0592    0.6410    0.0980    0.3992    0.2517    0.1065
 000218   D  0.481001  0.793744  0.086505    0.5711    0.1048    0.7400    0.0590    0.4485    0.2797    0.1158
 000219   R  0.320861  0.879391  0.084260    0.6124    0.0662    0.8680    0.0340    0.4577    0.3370    0.1213
 000220   P  0.881536  0.911580  0.082527    0.7501    0.1823    0.9360    0.0280    0.6103    0.3540    0.1324
