#RESNUM RES     VL-XT     VSL2B       VL3  IUPred-S  IUPred-L  PONDRFIT  FITERROR       MDP  MDPERROR   ANCHOR2
 000001   M  0.828056  0.757923  0.421555    0.8886    0.1583    0.9530    0.0320    0.5976    0.2926    0.3179
 000002   D  0.899143  0.728410  0.422252    0.8595    0.0704    0.8950    0.0460    0.5754    0.3134    0.3334
 000003   L  0.868737  0.672502  0.428389    0.7540    0.0364    0.8880    0.0390    0.5366    0.3059    0.3409
 000004   V  0.823606  0.632565  0.434533    0.6442    0.0662    0.8110    0.0810    0.4963    0.2694    0.3524
 000005   R  0.651086  0.521387  0.437110    0.5296    0.0888    0.7040    0.1200    0.4159    0.2121    0.3625
 000006   P  0.614131  0.440048  0.441461    0.5084    0.1251    0.5840    0.1020    0.3787    0.1763    0.3743
 000007   P  0.550372  0.393992  0.448997    0.4651    0.1554    0.4690    0.1060    0.3390    0.1451    0.3939
 000008   Q  0.476415  0.364074  0.455954    0.4333    0.1501    0.4520    0.1280    0.3126    0.1356    0.4094
 000009   V  0.405434  0.347806  0.462332    0.3885    0.1476    0.4230    0.0780    0.2853    0.1279    0.4268
 000010   A  0.339027  0.326227  0.469623    0.3146    0.1070    0.3430    0.1360    0.2384    0.1326    0.4230
 000011   G  0.270053  0.341110  0.477359    0.2385    0.1298    0.2850    0.0850    0.2108    0.1319    0.4119
 000012   Y  0.219872  0.342306  0.479494    0.2167    0.1852    0.2750    0.0730    0.2065    0.1281    0.4039
 000013   F  0.185162  0.337902  0.477725    0.1958    0.1852    0.2640    0.0710    0.1946    0.1327    0.4012
 000014   Y  0.167269  0.348242  0.477630    0.2700    0.1969    0.2640    0.0640    0.2078    0.1300    0.3908
 000015   P  0.112827  0.381934  0.476143    0.3491    0.2680    0.2220    0.0450    0.2224    0.1414    0.3825
 000016   G  0.077398  0.413656  0.474752    0.2820    0.2328    0.2680    0.0850    0.2123    0.1505    0.3746
 000017   E  0.055594  0.437860  0.477831    0.2558    0.1399    0.2750    0.1050    0.1940    0.1695    0.3700
 000018   K  0.035781  0.461983  0.480484    0.1958    0.0749    0.2720    0.1010    0.1734    0.1899    0.3665
 000019   A  0.028506  0.481793  0.484798    0.1349    0.0568    0.2920    0.1140    0.1656    0.2038    0.3667
 000020   A  0.045752  0.501108  0.488927    0.1416    0.0888    0.2990    0.1260    0.1794    0.2005    0.3697
 000021   L  0.118959  0.516582  0.492445    0.1416    0.0888    0.2790    0.1200    0.1909    0.1927    0.3751
 000022   K  0.192524  0.536342  0.491019    0.1380    0.0870    0.2940    0.1100    0.2080    0.1894    0.3718
 000023   E  0.258517  0.530738  0.489719    0.1667    0.1671    0.3180    0.1150    0.2401    0.1652    0.3682
 000024   E  0.288215  0.516794  0.490280    0.2432    0.2988    0.2990    0.1090    0.2743    0.1340    0.3633
 000025   V  0.347332  0.487135  0.493365    0.3225    0.4220    0.2740    0.1160    0.3088    0.1166    0.3630
 000026   K  0.398748  0.448421  0.491773    0.3225    0.3117    0.2510    0.1200    0.2887    0.1169    0.3660
 000027   A  0.482062  0.411910  0.494859    0.3456    0.3356    0.2450    0.1230    0.3034    0.1201    0.3697
 000028   L  0.563125  0.391389  0.496379    0.2558    0.3249    0.2350    0.1160    0.2950    0.1459    0.3733
 000029   L  0.626293  0.382882  0.494366    0.2748    0.2503    0.2380    0.1000    0.2954    0.1645    0.3693
 000030   A  0.617825  0.384404  0.495671    0.3005    0.2817    0.2480    0.0800    0.3054    0.1549    0.3553
 000031   G  0.633730  0.396610  0.495384    0.2602    0.3149    0.2880    0.0600    0.3156    0.1549    0.3431
 000032   A  0.672511  0.414891  0.484837    0.3399    0.3286    0.3100    0.0670    0.3444    0.1493    0.3311
 000033   R  0.745941  0.441780  0.478647    0.3311    0.2399    0.3270    0.0850    0.3476    0.1812    0.3245
 000034   T  0.789841  0.456087  0.470798    0.2483    0.2224    0.3610    0.0890    0.3462    0.2039    0.3168
 000035   P  0.845890  0.461822  0.464766    0.1667    0.2364    0.3980    0.1060    0.3515    0.2306    0.3066
 000036   P  0.871815  0.470529  0.460639    0.2255    0.3087    0.4290    0.0990    0.3843    0.2175    0.2971
 000037   L  0.890571  0.481206  0.457477    0.2432    0.2752    0.4680    0.0980    0.3930    0.2241    0.2900
 000038   P  0.908326  0.485217  0.454651    0.2865    0.3087    0.4720    0.0960    0.4102    0.2180    0.2795
 000039   G  0.951710  0.476559  0.447554    0.3146    0.2918    0.4900    0.1040    0.4208    0.2304    0.2682
 000040   V  0.971137  0.475768  0.438918    0.3717    0.3426    0.4800    0.1010    0.4403    0.2232    0.2563
 000041   R  0.975626  0.450859  0.427594    0.3146    0.2752    0.4460    0.0960    0.4104    0.2416    0.2485
 000042   G  0.978244  0.421661  0.414245    0.2820    0.2399    0.3920    0.0950    0.3856    0.2534    0.2326
 000043   V  0.972666  0.398388  0.406559    0.2255    0.2752    0.3230    0.0890    0.3658    0.2584    0.2151
 000044   L  0.970144  0.383441  0.402262    0.1878    0.2752    0.2740    0.0980    0.3484    0.2669    0.1986
 000045   S  0.946920  0.362866  0.396546    0.1805    0.1881    0.2630    0.1140    0.3236    0.2701    0.1834
 000046   P  0.920052  0.359800  0.393668    0.1698    0.1323    0.2590    0.1080    0.3068    0.2702    0.1681
 000047   H  0.828438  0.352164  0.385802    0.1041    0.0929    0.2440    0.0950    0.2703    0.2554    0.1547
 000048   A  0.736824  0.329267  0.380284    0.1266    0.1643    0.2130    0.0780    0.2617    0.2139    0.1376
 000049   G  0.643433  0.317618  0.373122    0.0909    0.1206    0.1830    0.0600    0.2259    0.1982    0.1244
 000050   Y  0.548212  0.315661  0.358894    0.0965    0.0581    0.1750    0.0540    0.1989    0.1789    0.1119
 000051   A  0.466803  0.299235  0.340243    0.1178    0.0888    0.1850    0.0660    0.1929    0.1441    0.1057
 000052   Y  0.389120  0.284103  0.325070    0.0542    0.0734    0.2060    0.0710    0.1678    0.1357    0.1011
 000053   A  0.284122  0.280388  0.310869    0.0567    0.0424    0.2220    0.0690    0.1475    0.1210    0.1022
 000054   G  0.203438  0.271598  0.297932    0.0701    0.0662    0.2390    0.0610    0.1418    0.1044    0.1041
 000055   R  0.126859  0.240477  0.284647    0.0621    0.0929    0.2750    0.0710    0.1328    0.1012    0.1046
 000056   V  0.112828  0.231589  0.272017    0.0621    0.0473    0.2950    0.0940    0.1248    0.1096    0.1026
 000057   M  0.099437  0.233871  0.264913    0.0405    0.0398    0.3210    0.1130    0.1223    0.1198    0.1052
 000058   A  0.153708  0.222433  0.253016    0.0182    0.0405    0.2650    0.0950    0.1167    0.1070    0.1077
 000059   E  0.248650  0.216055  0.244735    0.0259    0.0494    0.1830    0.0590    0.1206    0.0991    0.1139
 000060   A  0.333353  0.217349  0.238675    0.0252    0.0389    0.1240    0.0420    0.1230    0.1177    0.1225
 000061   F  0.420944  0.201051  0.228950    0.0478    0.0719    0.1040    0.0310    0.1410    0.1320    0.1328
 000062   R  0.449316  0.190821  0.218415    0.0441    0.0851    0.0810    0.0300    0.1418    0.1410    0.1404
 000063   A  0.470359  0.197556  0.214284    0.0789    0.1028    0.0660    0.0310    0.1525    0.1428    0.1470
 000064   L  0.491775  0.214498  0.208368    0.0965    0.0618    0.0550    0.0170    0.1533    0.1542    0.1513
 000065   S  0.522177  0.219431  0.200813    0.0554    0.0356    0.0520    0.0140    0.1474    0.1726    0.1567
 000066   A  0.544372  0.232963  0.191443    0.0279    0.0218    0.0670    0.0190    0.1490    0.1838    0.1633
 000067   W  0.497579  0.247824  0.182851    0.0252    0.0349    0.0920    0.0290    0.1495    0.1653    0.1740
 000068   R  0.412113  0.239770  0.170615    0.0160    0.0555    0.0960    0.0280    0.1366    0.1357    0.1784
 000069   G  0.303507  0.219539  0.155503    0.0218    0.0676    0.0950    0.0180    0.1178    0.0988    0.1823
 000070   K  0.196483  0.216500  0.144623    0.0252    0.0631    0.0860    0.0160    0.0979    0.0737    0.1851
 000071   A  0.167995  0.202951  0.135273    0.0304    0.0372    0.0820    0.0190    0.0868    0.0684    0.1872
 000072   R  0.141521  0.182283  0.127223    0.0587    0.0494    0.0740    0.0180    0.0843    0.0528    0.1894
 000073   R  0.114223  0.176517  0.121488    0.0304    0.0414    0.0670    0.0200    0.0716    0.0547    0.1882
 000074   V  0.080232  0.165455  0.114011    0.0226    0.0244    0.0690    0.0220    0.0603    0.0534    0.1866
 000075   F  0.053362  0.152827  0.106533    0.0327    0.0483    0.0770    0.0250    0.0608    0.0444    0.1851
 000076   L  0.029151  0.147827  0.099797    0.0150    0.0506    0.0830    0.0270    0.0543    0.0480    0.1812
 000077   L  0.005059  0.151535  0.092748    0.0259    0.0389    0.0830    0.0270    0.0508    0.0513    0.1765
 000078   G  0.004349  0.150068  0.089283    0.0502    0.0646    0.0820    0.0330    0.0585    0.0464    0.1690
 000079   P  0.003364  0.143783  0.086236    0.0297    0.0313    0.0710    0.0340    0.0465    0.0483    0.1622
 000080   S  0.002825  0.136927  0.082648    0.0252    0.0160    0.0620    0.0270    0.0405    0.0479    0.1559
 000081   H  0.002277  0.131010  0.080051    0.0099    0.0184    0.0530    0.0250    0.0358    0.0473    0.1511
 000082   F  0.001665  0.118701  0.077979    0.0074    0.0133    0.0460    0.0190    0.0311    0.0444    0.1427
 000083   V  0.001139  0.118663  0.076123    0.0086    0.0134    0.0400    0.0150    0.0303    0.0440    0.1322
 000084   A  0.001075  0.124582  0.076285    0.0044    0.0117    0.0370    0.0110    0.0298    0.0465    0.1243
 000085   F  0.001064  0.126397  0.075037    0.0081    0.0100    0.0360    0.0090    0.0303    0.0466    0.1183
 000086   P  0.000890  0.125128  0.076592    0.0128    0.0168    0.0330    0.0070    0.0315    0.0453    0.1120
 000087   G  0.000626  0.114747  0.077904    0.0118    0.0287    0.0330    0.0060    0.0315    0.0417    0.1056
 000088   V  0.001261  0.096146  0.078629    0.0231    0.0581    0.0330    0.0050    0.0353    0.0351    0.1027
 000089   A  0.002041  0.085305  0.081349    0.0245    0.0334    0.0320    0.0050    0.0295    0.0332    0.1031
 000090   F  0.002991  0.076173  0.083662    0.0259    0.0294    0.0350    0.0040    0.0282    0.0318    0.1028
 000091   F  0.003812  0.076385  0.089750    0.0128    0.0327    0.0360    0.0050    0.0269    0.0347    0.1035
 000092   P  0.009503  0.086823  0.095254    0.0137    0.0209    0.0370    0.0080    0.0280    0.0380    0.1034
 000093   Y  0.012761  0.086628  0.098402    0.0327    0.0356    0.0560    0.0220    0.0373    0.0345    0.1012
 000094   R  0.021437  0.094478  0.104232    0.0336    0.0356    0.0540    0.0180    0.0399    0.0359    0.1035
 000095   A  0.031318  0.103338  0.111979    0.0336    0.0483    0.0580    0.0140    0.0458    0.0370    0.1051
 000096   W  0.041539  0.117945  0.120558    0.0414    0.0605    0.0730    0.0190    0.0557    0.0383    0.1075
 000097   R  0.058207  0.139084  0.131560    0.0405    0.0568    0.0900    0.0260    0.0641    0.0438    0.1097
 000098   T  0.093154  0.154981  0.138272    0.0226    0.0555    0.1060    0.0300    0.0721    0.0510    0.1128
 000099   P  0.123686  0.178159  0.151231    0.0414    0.0888    0.1150    0.0280    0.0912    0.0505    0.1129
 000100   L  0.156676  0.199811  0.160169    0.0514    0.1048    0.1290    0.0360    0.1069    0.0540    0.1114
 000101   G  0.172975  0.212881  0.168726    0.1041    0.1914    0.1190    0.0330    0.1334    0.0475    0.1120
 000102   E  0.192163  0.237151  0.183726    0.1667    0.2224    0.1130    0.0250    0.1552    0.0506    0.1103
 000103   V  0.235011  0.274486  0.200230    0.1292    0.1323    0.1040    0.0230    0.1458    0.0703    0.1070
 000104   A  0.300714  0.298037  0.214739    0.1380    0.2164    0.0950    0.0120    0.1747    0.0838    0.1080
 000105   V  0.372443  0.312743  0.226088    0.0909    0.2328    0.0940    0.0160    0.1838    0.1104    0.1081
 000106   D  0.397151  0.352811  0.239235    0.1178    0.2680    0.0990    0.0230    0.2059    0.1171    0.1116
 000107   L  0.388721  0.365987  0.249582    0.2080    0.3426    0.1280    0.0570    0.2390    0.1021    0.1137
 000108   E  0.383818  0.361519  0.254645    0.2209    0.3774    0.0970    0.0300    0.2401    0.1121    0.1172
 000109   G  0.366513  0.373462  0.261655    0.1878    0.2470    0.0940    0.0260    0.2115    0.1067    0.1208
 000110   G  0.365936  0.398590  0.272821    0.1921    0.2164    0.0970    0.0260    0.2116    0.1127    0.1241
 000111   R  0.363876  0.383051  0.287058    0.1844    0.2715    0.0990    0.0300    0.2170    0.1095    0.1235
 000112   R  0.334837  0.375334  0.300289    0.1732    0.1759    0.1190    0.0340    0.1964    0.1072    0.1229
 000113   L  0.277480  0.386441  0.316507    0.1416    0.1611    0.1310    0.0280    0.1830    0.1103    0.1236
 000114   L  0.213761  0.386089  0.323955    0.1380    0.2399    0.1290    0.0280    0.1845    0.1074    0.1259
 000115   G  0.189994  0.387190  0.329794    0.1566    0.2988    0.1320    0.0290    0.1940    0.1096    0.1314
 000116   Q  0.183790  0.397382  0.339993    0.2531    0.2541    0.1390    0.0280    0.2045    0.1042    0.1359
 000117   G  0.176818  0.399135  0.348005    0.2700    0.1643    0.1420    0.0300    0.1920    0.1132    0.1383
 000118   A  0.189892  0.365857  0.355270    0.2602    0.2575    0.1520    0.0430    0.2043    0.0981    0.1405
 000119   P  0.215420  0.336505  0.362395    0.1635    0.2575    0.1500    0.0460    0.1871    0.1006    0.1435
 000120   F  0.272701  0.322255  0.367523    0.1732    0.2575    0.1610    0.0470    0.1978    0.0961    0.1473
 000121   R  0.329154  0.327090  0.374639    0.1844    0.2541    0.1760    0.0550    0.2118    0.0978    0.1548
 000122   A  0.385471  0.333590  0.375764    0.1921    0.1759    0.2130    0.0510    0.2166    0.1078    0.1687
 000123   Y  0.436851  0.366059  0.380793    0.2122    0.1942    0.2680    0.0850    0.2463    0.1104    0.1851
 000124   R  0.492509  0.404191  0.390985    0.1958    0.2064    0.2720    0.0960    0.2618    0.1276    0.2074
 000125   E  0.511740  0.424302  0.395781    0.2963    0.2034    0.2790    0.1000    0.2858    0.1220    0.2318
 000126   P  0.520242  0.444798  0.403065    0.2041    0.1323    0.3020    0.1020    0.2673    0.1513    0.2496
 000127   F  0.554748  0.442830  0.408891    0.1205    0.1424    0.3220    0.1060    0.2638    0.1715    0.2672
 000128   L  0.574281  0.431239  0.411892    0.0643    0.0704    0.3230    0.1280    0.2438    0.2005    0.2872
 000129   E  0.563072  0.430847  0.425869    0.0965    0.0506    0.3170    0.1120    0.2431    0.1980    0.3107
 000130   E  0.564175  0.426239  0.435119    0.0441    0.0454    0.3290    0.1030    0.2348    0.2107    0.3323
 000131   H  0.573846  0.400795  0.444273    0.0490    0.0605    0.3410    0.0930    0.2375    0.2082    0.3502
 000132   S  0.575808  0.373521  0.450685    0.0567    0.0506    0.3180    0.0750    0.2291    0.2080    0.3617
 000133   L  0.565334  0.336835  0.455535    0.0405    0.0356    0.3020    0.0680    0.2133    0.2110    0.3692
 000134   E  0.604366  0.311677  0.462951    0.0554    0.0780    0.2810    0.0610    0.2218    0.2100    0.3723
 000135   V  0.655935  0.275553  0.467400    0.0304    0.0870    0.2560    0.0670    0.2175    0.2279    0.3694
 000136   L  0.619005  0.264495  0.471325    0.0316    0.0835    0.2450    0.0690    0.2072    0.2199    0.3685
 000137   L  0.557134  0.245217  0.479087    0.0279    0.0835    0.2390    0.0710    0.1921    0.2079    0.3697
 000138   P  0.495541  0.267614  0.487476    0.0542    0.0929    0.2430    0.0810    0.1922    0.1899    0.3734
 000139   F  0.417466  0.265615  0.501085    0.1178    0.0929    0.2650    0.0950    0.1932    0.1690    0.3661
 000140   L  0.333806  0.257073  0.510381    0.0567    0.0985    0.2810    0.1090    0.1713    0.1729    0.3581
 000141   Q  0.262322  0.260280  0.516199    0.0286    0.0543    0.3090    0.1100    0.1524    0.1851    0.3488
 000142   V  0.199760  0.283693  0.518041    0.0376    0.0320    0.3470    0.1300    0.1500    0.1920    0.3458
 000143   A  0.121449  0.283254  0.520757    0.0182    0.0168    0.3470    0.1410    0.1311    0.2031    0.3546
 000144   L  0.049694  0.293307  0.516835    0.0212    0.0269    0.3490    0.1470    0.1234    0.2081    0.3614
 000145   P  0.030514  0.303959  0.525582    0.0083    0.0269    0.3620    0.1550    0.1219    0.2175    0.3714
 000146   Q  0.057815  0.296997  0.537141    0.0167    0.0269    0.3830    0.1700    0.1302    0.2183    0.3814
 000147   T  0.137307  0.273884  0.543987    0.0387    0.0483    0.3930    0.1710    0.1486    0.2058    0.3864
 000148   P  0.215930  0.262798  0.555032    0.0395    0.0985    0.3190    0.1410    0.1560    0.1905    0.3916
 000149   I  0.299073  0.263462  0.564774    0.0395    0.0835    0.2810    0.1070    0.1611    0.1948    0.3932
 000150   L  0.391934  0.244207  0.572122    0.0858    0.1759    0.2470    0.0840    0.1909    0.1840    0.4087
 000151   P  0.486273  0.260383  0.574959    0.1456    0.1881    0.2130    0.0790    0.2155    0.1872    0.4221
 000152   L  0.574990  0.255942  0.578165    0.1532    0.1501    0.2320    0.0820    0.2277    0.2065    0.4318
 000153   L  0.653172  0.285668  0.587059    0.1602    0.2258    0.2490    0.1090    0.2623    0.2124    0.4318
 000154   F  0.735304  0.337942  0.595565    0.1602    0.2258    0.2640    0.1240    0.2871    0.2306    0.4308
 000155   G  0.794975  0.340011  0.604083    0.2786    0.2258    0.2840    0.1400    0.3205    0.2302    0.4288
 000156   E  0.801949  0.372327  0.615869    0.2209    0.1298    0.3200    0.1590    0.3075    0.2527    0.4269
 000157   V  0.816008  0.402789  0.618770    0.1495    0.1424    0.3840    0.1630    0.3158    0.2620    0.4245
 000158   D  0.827002  0.443515  0.623259    0.0909    0.1449    0.4160    0.1530    0.3204    0.2757    0.4301
 000159   P  0.826936  0.483736  0.627748    0.0884    0.0749    0.4520    0.1220    0.3211    0.2911    0.4326
 000160   G  0.832227  0.493553  0.628536    0.1698    0.1349    0.4720    0.1060    0.3503    0.2658    0.4300
 000161   E  0.842085  0.485264  0.628980    0.1766    0.2292    0.4820    0.1080    0.3691    0.2497    0.4316
 000162   V  0.853290  0.484116  0.631793    0.1566    0.2002    0.4770    0.0980    0.3619    0.2617    0.4302
 000163   A  0.854151  0.490906  0.637430    0.2748    0.2951    0.4460    0.0770    0.3935    0.2265    0.4250
 000164   E  0.855483  0.486891  0.636213    0.3535    0.2918    0.4420    0.0620    0.4050    0.2160    0.4135
 000165   A  0.856032  0.467704  0.630020    0.4781    0.3392    0.4450    0.0540    0.4311    0.1968    0.4003
 000166   L  0.851656  0.471704  0.629027    0.3992    0.2715    0.4360    0.0700    0.4050    0.2133    0.3910
 000167   L  0.849295  0.479098  0.630451    0.3096    0.2258    0.4010    0.0720    0.3774    0.2328    0.3867
 000168   P  0.838581  0.478592  0.626453    0.3456    0.2918    0.3460    0.0700    0.3834    0.2185    0.3835
 000169   E  0.826430  0.462628  0.623854    0.2913    0.2783    0.3510    0.0830    0.3683    0.2230    0.3861
 000170   L  0.809787  0.490566  0.618284    0.2700    0.2609    0.3560    0.0910    0.3645    0.2230    0.3887
 000171   G  0.755442  0.513730  0.617467    0.2657    0.1823    0.3400    0.0830    0.3428    0.2261    0.3906
 000172   P  0.692121  0.526789  0.617293    0.2531    0.1671    0.3370    0.0730    0.3293    0.2182    0.3890
 000173   K  0.659188  0.535032  0.619605    0.2531    0.2292    0.3100    0.0630    0.3311    0.2039    0.3911
 000174   D  0.637598  0.531981  0.620243    0.2913    0.1731    0.2680    0.0670    0.3171    0.2100    0.3891
 000175   L  0.617595  0.530831  0.621224    0.2700    0.1611    0.2610    0.0750    0.3068    0.2122    0.3937
 000176   V  0.573179  0.518940  0.619189    0.2255    0.2129    0.2470    0.0730    0.2962    0.2021    0.3987
 000177   V  0.561114  0.533601  0.615212    0.3146    0.3087    0.2190    0.0680    0.3229    0.1815    0.3990
 000178   A  0.527709  0.560147  0.610849    0.4203    0.4186    0.2140    0.0670    0.3567    0.1651    0.3944
 000179   S  0.476296  0.575803  0.602181    0.4037    0.3249    0.2260    0.0700    0.3345    0.1667    0.3873
 000180   S  0.449541  0.591135  0.593877    0.4149    0.2849    0.2630    0.0820    0.3339    0.1639    0.3804
 000181   D  0.438156  0.603064  0.586905    0.4379    0.3631    0.3050    0.1100    0.3578    0.1463    0.3717
 000182   L  0.399773  0.608105  0.586350    0.4037    0.3529    0.3300    0.1150    0.3491    0.1468    0.3702
 000183   S  0.366120  0.614082  0.587381    0.3717    0.2470    0.3180    0.0900    0.3195    0.1677    0.3764
 000184   H  0.337831  0.618280  0.583468    0.3762    0.2609    0.3690    0.0870    0.3271    0.1629    0.3787
 000185   Y  0.323029  0.618595  0.579295    0.2865    0.2164    0.4260    0.0700    0.3117    0.1773    0.3855
 000186   H  0.321909  0.613523  0.561424    0.3668    0.2988    0.3630    0.1070    0.3273    0.1530    0.3897
 000187   P  0.372845  0.605687  0.544441    0.3992    0.3774    0.3250    0.1090    0.3467    0.1360    0.3973
 000188   D  0.443764  0.595195  0.532338    0.4556    0.3631    0.3390    0.1050    0.3660    0.1258    0.4088
 000189   P  0.530027  0.580731  0.516954    0.4781    0.3910    0.3830    0.1090    0.3939    0.1124    0.4207
 000190   V  0.614292  0.559698  0.501616    0.3992    0.3840    0.4280    0.1180    0.3976    0.1191    0.4312
 000191   A  0.693524  0.542154  0.485990    0.3885    0.3599    0.4000    0.1220    0.3974    0.1402    0.4152
 000192   R  0.763897  0.530008  0.470799    0.3762    0.2680    0.4080    0.1250    0.3910    0.1734    0.3990
 000193   R  0.829682  0.518679  0.455523    0.4245    0.3215    0.4500    0.1440    0.4240    0.1759    0.3928
 000194   L  0.899200  0.503716  0.443340    0.3491    0.2470    0.5050    0.1410    0.4173    0.2167    0.3944
 000195   D  0.932813  0.506970  0.432399    0.3184    0.2609    0.4760    0.1390    0.4159    0.2284    0.3938
 000196   A  0.925514  0.504350  0.423751    0.3184    0.3215    0.4050    0.1430    0.4125    0.2194    0.3930
 000197   K  0.923142  0.500735  0.414138    0.3096    0.3356    0.3480    0.1430    0.4029    0.2223    0.3911
 000198   T  0.921103  0.491060  0.399033    0.2483    0.3117    0.3390    0.1480    0.3852    0.2327    0.3932
 000199   L  0.895859  0.474270  0.383534    0.2483    0.2328    0.3350    0.1400    0.3644    0.2333    0.3954
 000200   K  0.875859  0.457492  0.369092    0.2122    0.1823    0.3320    0.1300    0.3434    0.2382    0.3967
 000201   R  0.853698  0.430264  0.358593    0.2080    0.2541    0.3070    0.1320    0.3422    0.2224    0.4030
 000202   A  0.796638  0.403993  0.346381    0.2080    0.2849    0.2610    0.1160    0.3258    0.2033    0.4141
 000203   L  0.747040  0.350401  0.331699    0.2209    0.3053    0.2410    0.0970    0.3108    0.1850    0.4241
 000204   A  0.715370  0.344944  0.315414    0.2209    0.2849    0.2140    0.0740    0.2967    0.1783    0.4244
 000205   L  0.681249  0.356566  0.299949    0.2913    0.2988    0.2230    0.0700    0.3085    0.1576    0.4203
 000206   D  0.658923  0.391693  0.286690    0.2558    0.2918    0.2030    0.0600    0.3003    0.1574    0.4151
 000207   A  0.578340  0.398680  0.271756    0.2167    0.3117    0.1840    0.0470    0.2815    0.1394    0.4093
 000208   E  0.533065  0.406720  0.257171    0.2122    0.2328    0.1700    0.0310    0.2592    0.1339    0.4034
 000209   G  0.481875  0.414232  0.245076    0.2122    0.2503    0.1650    0.0310    0.2539    0.1207    0.3994
 000210   V  0.426641  0.403668  0.234651    0.2041    0.2258    0.1710    0.0400    0.2386    0.1068    0.3991
 000211   A  0.405222  0.397856  0.226053    0.2385    0.2292    0.1490    0.0390    0.2366    0.1020    0.4002
 000212   Q  0.392887  0.389428  0.220590    0.1732    0.2470    0.1390    0.0380    0.2236    0.1052    0.3975
 000213   G  0.333848  0.379088  0.213511    0.1958    0.1969    0.1170    0.0350    0.2038    0.0961    0.3920
 000214   E  0.281292  0.351104  0.200991    0.2700    0.2849    0.1130    0.0340    0.2168    0.0823    0.3907
 000215   A  0.205721  0.326577  0.191615    0.2122    0.2849    0.1230    0.0340    0.1920    0.0732    0.3949
 000216   C  0.187725  0.310884  0.186185    0.2913    0.2849    0.1600    0.0510    0.2059    0.0675    0.3987
 000217   G  0.159187  0.318640  0.193654    0.2558    0.2470    0.2050    0.0670    0.1975    0.0606    0.4032
 000218   R  0.131219  0.300190  0.197389    0.2122    0.2680    0.2370    0.0670    0.1914    0.0631    0.4094
 000219   L  0.102024  0.289379  0.197766    0.1766    0.2224    0.2510    0.0740    0.1736    0.0677    0.4159
 000220   P  0.074409  0.291259  0.200786    0.1732    0.1501    0.2120    0.0460    0.1501    0.0737    0.4147
 000221   W  0.111507  0.307832  0.201844    0.1998    0.2094    0.1980    0.0410    0.1711    0.0661    0.4101
 000222   S  0.205064  0.309528  0.202111    0.1635    0.1424    0.1670    0.0370    0.1645    0.0640    0.3963
 000223   T  0.301808  0.276586  0.201331    0.1532    0.1349    0.1320    0.0310    0.1665    0.0753    0.3897
 000224   L  0.405665  0.240464  0.199228    0.1018    0.1554    0.1050    0.0240    0.1681    0.1089    0.3820
 000225   T  0.484581  0.239521  0.195220    0.0991    0.1399    0.0830    0.0250    0.1744    0.1391    0.3721
 000226   A  0.553029  0.211416  0.190140    0.1380    0.1048    0.0780    0.0260    0.1809    0.1621    0.3581
 000227   L  0.597833  0.209878  0.186608    0.1921    0.0967    0.0710    0.0210    0.1945    0.1769    0.3481
 000228   A  0.614007  0.202080  0.179202    0.1292    0.0799    0.0690    0.0210    0.1823    0.1884    0.3394
 000229   R  0.628911  0.197977  0.179337    0.0832    0.0473    0.0770    0.0290    0.1724    0.2008    0.3308
 000230   A  0.568038  0.208598  0.179652    0.1117    0.0676    0.0850    0.0350    0.1735    0.1731    0.3240
 000231   L  0.466147  0.206167  0.179576    0.0478    0.0592    0.0890    0.0280    0.1447    0.1461    0.3229
 000232   G  0.361142  0.190029  0.176781    0.0607    0.1115    0.1010    0.0350    0.1374    0.1019    0.3221
 000233   W  0.268881  0.187377  0.174404    0.0621    0.0948    0.1120    0.0380    0.1208    0.0746    0.3314
 000234   K  0.213639  0.202535  0.175390    0.0587    0.0948    0.1210    0.0450    0.1150    0.0641    0.3271
 000235   P  0.172496  0.191041  0.174158    0.0771    0.1275    0.1380    0.0640    0.1177    0.0478    0.3224
 000236   R  0.154736  0.189603  0.174648    0.0744    0.1162    0.1550    0.0790    0.1151    0.0482    0.3156
 000237   L  0.190949  0.185177  0.176234    0.0677    0.1349    0.1520    0.0720    0.1217    0.0513    0.3103
 000238   L  0.268504  0.177636  0.178083    0.1060    0.2002    0.1590    0.0700    0.1519    0.0569    0.2967
 000239   A  0.343589  0.201714  0.182589    0.1205    0.2193    0.1660    0.0680    0.1752    0.0754    0.2775
 000240   Y  0.419977  0.248009  0.185920    0.1205    0.2399    0.2140    0.0650    0.2070    0.0967    0.2572
 000241   A  0.461917  0.308942  0.187429    0.1416    0.2645    0.2960    0.1000    0.2455    0.1064    0.2385
 000242   T  0.481490  0.367407  0.188386    0.2080    0.2849    0.2940    0.1040    0.2726    0.1037    0.2199
 000243   S  0.511179  0.440062  0.191056    0.2080    0.2224    0.3000    0.1000    0.2804    0.1263    0.2028
 000244   A  0.545374  0.491021  0.197819    0.2209    0.3321    0.3190    0.1030    0.3181    0.1327    0.1872
 000245   E  0.579569  0.515307  0.201427    0.1602    0.2470    0.2790    0.0880    0.2969    0.1624    0.1773
 000246   A  0.589651  0.569394  0.207174    0.1380    0.2193    0.2820    0.1010    0.2997    0.1818    0.1679
 000247   R  0.558388  0.577001  0.208321    0.0789    0.2002    0.2860    0.0840    0.2835    0.1898    0.1595
 000248   G  0.524576  0.538591  0.207830    0.1266    0.2034    0.2610    0.0480    0.2757    0.1650    0.1552
 000249   G  0.467258  0.525665  0.210285    0.1602    0.2575    0.2250    0.0330    0.2725    0.1420    0.1565
 000250   R  0.444317  0.522394  0.212557    0.1266    0.1942    0.1900    0.0190    0.2463    0.1510    0.1629
 000251   E  0.429167  0.463690  0.213724    0.1805    0.2224    0.1520    0.0100    0.2413    0.1275    0.1711
 000252   R  0.386860  0.403221  0.220220    0.1349    0.1528    0.1440    0.0250    0.2036    0.1187    0.1788
 000253   V  0.331652  0.327741  0.221186    0.0909    0.1449    0.1180    0.0220    0.1688    0.1031    0.1890
 000254   V  0.269063  0.248655  0.221893    0.0478    0.0948    0.0980    0.0170    0.1264    0.0935    0.1994
 000255   G  0.207986  0.198599  0.227862    0.0621    0.1137    0.0860    0.0150    0.1114    0.0748    0.2083
 000256   Y  0.146750  0.153132  0.230064    0.0395    0.0676    0.0890    0.0160    0.0826    0.0741    0.2171
 000257   G  0.088570  0.123119  0.234518    0.0514    0.0494    0.0870    0.0150    0.0666    0.0740    0.2325
 000258   A  0.065965  0.103873  0.233124    0.0327    0.0494    0.0980    0.0230    0.0584    0.0764    0.2555
 000259   L  0.043288  0.093794  0.235223    0.0226    0.0405    0.1170    0.0360    0.0528    0.0818    0.2713
 000260   A  0.025027  0.084251  0.237996    0.0226    0.0405    0.1400    0.0480    0.0521    0.0867    0.2851
 000261   Y  0.012177  0.078807  0.240427    0.0157    0.0454    0.1830    0.0820    0.0559    0.0952    0.2956
 000262   V  0.004464  0.084553  0.243069    0.0160    0.0341    0.1840    0.0900    0.0538    0.0982    0.3064
 000263   W  0.004990  0.079020  0.245224    0.0160    0.0372    0.1790    0.0870    0.0528    0.0980    0.3163
 000264   S  0.007441  0.094688  0.250434    0.0200    0.0662    0.1450    0.0600    0.0555    0.0923    0.3248
 000265   L  0.077045  0.099897  0.254092    0.0327    0.0662    0.1320    0.0500    0.0679    0.0827    0.3336
 000266   G  0.126344  0.113576  0.261140    0.0405    0.0631    0.1230    0.0450    0.0778    0.0826    0.3416
 000267   L  0.180506  0.117023  0.269800    0.0478    0.1028    0.1240    0.0410    0.0953    0.0830    0.3469
 000268   C  0.221307  0.149512  0.277790    0.0441    0.0967    0.1180    0.0370    0.1049    0.0907    0.3450
 000269   R  0.284793  0.216011  0.295033    0.0502    0.0592    0.1240    0.0400    0.1223    0.1112    0.3264
 000270   M  0.340192  0.265801  0.308727    0.0744    0.0948    0.1440    0.0520    0.1531    0.1166    0.3209
 000271   K  0.368823  0.304828  0.325766    0.0464    0.0765    0.1500    0.0510    0.1578    0.1375    0.3142
 000272   E  0.396413  0.342986  0.339232    0.0858    0.1373    0.1700    0.0630    0.1888    0.1311    0.3104
 000273   M  0.436257  0.373733  0.347021    0.0832    0.1969    0.2050    0.0870    0.2158    0.1347    0.3050
 000274   T  0.409647  0.382526  0.353673    0.1566    0.2002    0.1630    0.0610    0.2186    0.1217    0.2950
 000275   P  0.406514  0.387907  0.354201    0.1566    0.2002    0.1410    0.0450    0.2153    0.1258    0.2873
 000276   V  0.398519  0.394279  0.359193    0.1380    0.2680    0.1530    0.0490    0.2254    0.1232    0.2819
 000277   R  0.403899  0.411306  0.362496    0.1266    0.2328    0.1430    0.0630    0.2196    0.1328    0.2730
 000278   R  0.361944  0.430259  0.360245    0.1667    0.2817    0.1510    0.0670    0.2319    0.1197    0.2726
 000279   R  0.330998  0.436668  0.356803    0.1998    0.3494    0.1670    0.0550    0.2474    0.1110    0.2776
 000280   F  0.326665  0.437811  0.356393    0.1844    0.3286    0.1620    0.0520    0.2400    0.1134    0.2895
 000281   S  0.322572  0.464682  0.359827    0.2080    0.3631    0.1540    0.0480    0.2520    0.1195    0.2915
 000282   V  0.298759  0.488278  0.365766    0.1766    0.2849    0.1510    0.0460    0.2332    0.1288    0.2931
 000283   E  0.274509  0.498400  0.364551    0.1844    0.2002    0.1330    0.0350    0.2150    0.1379    0.2929
 000284   E  0.245758  0.464526  0.363509    0.1667    0.2292    0.1310    0.0340    0.2062    0.1296    0.2976
 000285   F  0.217007  0.423054  0.361365    0.1150    0.2328    0.1400    0.0350    0.1879    0.1264    0.3097
 000286   H  0.190264  0.385377  0.357359    0.1041    0.2164    0.1440    0.0350    0.1733    0.1202    0.3108
 000287   R  0.234075  0.345467  0.355941    0.1602    0.2849    0.1600    0.0440    0.1975    0.0989    0.3066
 000288   M  0.265049  0.329376  0.357501    0.1732    0.2849    0.1760    0.0510    0.2048    0.0920    0.3100
 000289   A  0.293742  0.337847  0.359942    0.1921    0.2258    0.1890    0.0520    0.2064    0.0907    0.2994
 000290   R  0.322376  0.365770  0.364697    0.1921    0.2470    0.2060    0.0610    0.2221    0.0938    0.2835
 000291   A  0.329400  0.388530  0.374473    0.2255    0.2783    0.2160    0.0710    0.2397    0.0918    0.2705
 000292   G  0.387874  0.434152  0.383172    0.2209    0.2034    0.2510    0.0770    0.2495    0.1111    0.2619
 000293   L  0.450032  0.455756  0.385076    0.2122    0.2752    0.3010    0.1030    0.2824    0.1111    0.2562
 000294   L  0.498648  0.473089  0.386902    0.1416    0.2645    0.2740    0.0790    0.2753    0.1411    0.2491
 000295   G  0.545783  0.489072  0.386667    0.1416    0.2645    0.2560    0.0790    0.2829    0.1546    0.2371
 000296   E  0.547536  0.497461  0.383398    0.2333    0.2817    0.2460    0.0850    0.3010    0.1379    0.2220
 000297   D  0.571803  0.503333  0.380386    0.2531    0.1791    0.2620    0.0900    0.2948    0.1548    0.2137
 000298   D  0.604550  0.495794  0.374467    0.1958    0.1942    0.2800    0.1100    0.2951    0.1646    0.2076
 000299   R  0.631638  0.480258  0.369684    0.1292    0.1914    0.2700    0.1200    0.2837    0.1824    0.2001
 000300   V  0.690359  0.455978  0.357288    0.1602    0.2129    0.2270    0.1210    0.2910    0.1908    0.2061
 000301   E  0.703524  0.422209  0.344128    0.1532    0.2503    0.1860    0.0950    0.2859    0.1938    0.2153
 000302   L  0.708099  0.402240  0.327019    0.1766    0.1914    0.1820    0.0860    0.2767    0.1961    0.2277
 000303   L  0.697143  0.381707  0.314608    0.1998    0.1914    0.1800    0.0860    0.2751    0.1883    0.2398
 000304   E  0.694455  0.372050  0.308540    0.1805    0.2645    0.1630    0.0690    0.2791    0.1851    0.2493
 000305   G  0.695571  0.356718  0.299195    0.2483    0.3249    0.1640    0.0560    0.2982    0.1744    0.2653
 000306   E  0.667151  0.335058  0.291595    0.2432    0.3249    0.1570    0.0480    0.2879    0.1666    0.2799
 000307   I  0.628919  0.331266  0.283032    0.2209    0.2884    0.1750    0.0550    0.2741    0.1539    0.2999
 000308   W  0.554525  0.313087  0.271862    0.1958    0.2503    0.1780    0.0500    0.2485    0.1330    0.3225
 000309   Q  0.481654  0.326400  0.267781    0.1635    0.1759    0.1570    0.0300    0.2173    0.1242    0.3497
 000310   M  0.402786  0.353235  0.263284    0.1566    0.1229    0.1780    0.0410    0.2023    0.1123    0.3776
 000311   S  0.337084  0.355218  0.256811    0.1416    0.1611    0.1830    0.0400    0.1962    0.0942    0.3889
 000312   P  0.376295  0.351169  0.249323    0.0858    0.1424    0.1900    0.0520    0.1910    0.1132    0.3936
 000313   I  0.407076  0.346845  0.241652    0.1240    0.1424    0.1960    0.0620    0.2026    0.1110    0.3882
 000314   G  0.398368  0.348604  0.246084    0.1766    0.1969    0.1800    0.0550    0.2167    0.0954    0.3860
 000315   S  0.393026  0.331145  0.251944    0.1041    0.1791    0.1750    0.0520    0.1971    0.1071    0.3785
 000316   R  0.398367  0.343123  0.263819    0.0965    0.1184    0.1590    0.0540    0.1859    0.1219    0.3633
 000317   H  0.438680  0.350668  0.273739    0.0884    0.0581    0.1370    0.0560    0.1789    0.1475    0.3597
 000318   A  0.463826  0.335955  0.283934    0.0884    0.1048    0.0990    0.0310    0.1820    0.1501    0.3558
 000319   A  0.486943  0.316533  0.297169    0.1041    0.2094    0.0820    0.0210    0.1998    0.1464    0.3490
 000320   C  0.506536  0.310044  0.313901    0.0991    0.1373    0.0790    0.0140    0.1886    0.1603    0.3400
 000321   L  0.450291  0.298911  0.326672    0.1349    0.1731    0.0820    0.0190    0.1899    0.1375    0.3349
 000322   R  0.390935  0.302420  0.330803    0.0813    0.1852    0.0860    0.0230    0.1742    0.1320    0.3334
 000323   R  0.338211  0.314754  0.335949    0.0660    0.1702    0.0840    0.0230    0.1622    0.1290    0.3408
 000324   L  0.299124  0.329971  0.347327    0.1178    0.2575    0.0840    0.0230    0.1814    0.1175    0.3561
 000325   R  0.251698  0.359247  0.360645    0.1240    0.1823    0.0860    0.0230    0.1671    0.1226    0.3659
 000326   R  0.211122  0.377251  0.373792    0.1240    0.1275    0.0970    0.0260    0.1562    0.1320    0.3890
 000327   L  0.181028  0.377274  0.391911    0.0813    0.0870    0.1120    0.0310    0.1398    0.1464    0.4182
 000328   F  0.154903  0.381523  0.408334    0.0490    0.0555    0.1240    0.0380    0.1275    0.1610    0.4267
 000329   T  0.125346  0.387322  0.425774    0.0376    0.0568    0.1360    0.0380    0.1239    0.1696    0.4095
 000330   P  0.094073  0.385556  0.442588    0.0268    0.0454    0.1640    0.0400    0.1192    0.1789    0.3919
 000331   L  0.065602  0.408932  0.457975    0.0395    0.0749    0.2120    0.0780    0.1335    0.1845    0.3781
 000332   E  0.065652  0.416091  0.473144    0.0455    0.1275    0.2160    0.0790    0.1451    0.1838    0.3715
 000333   T  0.061360  0.438928  0.488832    0.0514    0.1554    0.2230    0.0800    0.1550    0.1898    0.3626
 000334   Q  0.061981  0.464366  0.508770    0.0567    0.1092    0.2210    0.0800    0.1522    0.2035    0.3581
 000335   G  0.104034  0.451273  0.527473    0.1292    0.1611    0.2080    0.0780    0.1756    0.1863    0.3540
 000336   L  0.125808  0.442489  0.544869    0.0813    0.1115    0.2130    0.0850    0.1623    0.1991    0.3504
 000337   C  0.138024  0.355455  0.564718    0.0813    0.1184    0.2220    0.1010    0.1526    0.1925    0.3548
 000338   L  0.202510  0.402688  0.582038    0.0813    0.2034    0.2330    0.1150    0.1872    0.1898    0.3601
 000339   L  0.253265  0.518289  0.602672    0.1380    0.3087    0.2480    0.1170    0.2444    0.1910    0.3685
 000340   A  0.307154  0.526809  0.623610    0.1635    0.2988    0.2410    0.0950    0.2563    0.1921    0.3781
 000341   V  0.379087  0.571539  0.645920    0.1322    0.2817    0.2360    0.0810    0.2668    0.2116    0.3898
 000342   Q  0.442619  0.623736  0.666803    0.2041    0.3872    0.2330    0.0940    0.3152    0.2079    0.3978
 000343   D  0.502728  0.629533  0.687233    0.2209    0.3872    0.2570    0.1020    0.3328    0.2097    0.4004
 000344   P  0.536486  0.718973  0.706219    0.2483    0.4017    0.3050    0.1080    0.3684    0.2179    0.4067
 000345   L  0.587694  0.746277  0.716842    0.2483    0.4051    0.3820    0.0970    0.3950    0.2183    0.4125
 000346   R  0.646520  0.765658  0.728630    0.2748    0.3249    0.4600    0.1060    0.4119    0.2270    0.4208
 000347   L  0.654584  0.773616  0.738456    0.3847    0.3249    0.5030    0.1000    0.4401    0.2108    0.4208
 000348   S  0.690812  0.792861  0.749282    0.4037    0.3215    0.4280    0.1010    0.4394    0.2234    0.4180
 000349   P  0.712738  0.807647  0.759024    0.4078    0.3215    0.3930    0.0820    0.4405    0.2338    0.4136
 000350   H  0.726900  0.814641  0.761637    0.4078    0.3948    0.4300    0.0820    0.4624    0.2207    0.4058
 000351   S  0.747402  0.815098  0.763110    0.3399    0.4476    0.4450    0.0840    0.4658    0.2260    0.3994
 000352   E  0.767905  0.812981  0.767703    0.4078    0.5055    0.4010    0.0860    0.4825    0.2178    0.3917
 000353   P  0.770228  0.811475  0.774844    0.4282    0.5098    0.4010    0.0740    0.4868    0.2161    0.3859
 000354   Q  0.776325  0.801030  0.781122    0.4116    0.5098    0.3910    0.0830    0.4815    0.2209    0.3827
 000355   P  0.782547  0.787343  0.783738    0.4037    0.4017    0.3580    0.0780    0.4556    0.2380    0.3740
 000356   D  0.784755  0.757697  0.787895    0.5126    0.3948    0.3780    0.0840    0.4713    0.2224    0.3644
 000357   L  0.774247  0.726605  0.789889    0.4513    0.3774    0.3940    0.0990    0.4540    0.2233    0.3538
 000358   L  0.777009  0.692369  0.789965    0.4749    0.4685    0.3720    0.1150    0.4641    0.2101    0.3495
 000359   L  0.767517  0.701043  0.786783    0.4458    0.4441    0.3690    0.1220    0.4546    0.2147    0.3492
 000360   L  0.764262  0.668164  0.783708    0.4282    0.4149    0.3890    0.1190    0.4440    0.2130    0.3535
 000361   K  0.763310  0.652873  0.777120    0.4116    0.4476    0.3860    0.1300    0.4435    0.2089    0.3613
 000362   P  0.759543  0.671925  0.771483    0.4078    0.4507    0.3880    0.1530    0.4464    0.2080    0.3658
 000363   R  0.750595  0.678057  0.767482    0.4116    0.4685    0.3860    0.1380    0.4491    0.2043    0.3709
 000364   E  0.741522  0.676181  0.763349    0.3885    0.4541    0.3680    0.1250    0.4380    0.2091    0.3727
 000365   D  0.736636  0.667947  0.755786    0.4037    0.4541    0.4170    0.1490    0.4465    0.1965    0.3750
 000366   L  0.731750  0.671220  0.750382    0.3885    0.3631    0.4460    0.1590    0.4334    0.2054    0.3780
 000367   Y  0.726522  0.689356  0.746038    0.3939    0.2783    0.4520    0.1570    0.4233    0.2197    0.3843
 000368   A  0.731443  0.684681  0.736845    0.4078    0.2783    0.4610    0.1640    0.4273    0.2154    0.3900
 000369   E  0.728108  0.672527  0.728057    0.4116    0.2817    0.5000    0.1630    0.4324    0.2083    0.3924
 000370   A  0.714463  0.662077  0.712959    0.4149    0.2951    0.5430    0.1410    0.4383    0.1974    0.3916
 000371   H  0.698692  0.645496  0.698817    0.4245    0.3872    0.5490    0.1470    0.4508    0.1709    0.3901
 000372   P  0.686798  0.628650  0.684172    0.3668    0.3215    0.5490    0.1560    0.4255    0.1853    0.3874
 000373   G  0.687715  0.611372  0.664465    0.3491    0.2715    0.5510    0.1690    0.4118    0.1927    0.3860
 000374   P  0.702109  0.582737  0.644662    0.2963    0.2918    0.5290    0.1730    0.4004    0.1929    0.3820
 000375   E  0.716504  0.544372  0.622222    0.2432    0.2541    0.4910    0.1820    0.3748    0.2050    0.3792
 000376   D  0.712562  0.523707  0.600913    0.2385    0.2436    0.4500    0.1820    0.3614    0.2016    0.3749
 000377   V  0.697037  0.471365  0.579542    0.2786    0.3215    0.3990    0.1700    0.3612    0.1744    0.3728
 000378   L  0.693223  0.392119  0.554793    0.3399    0.3807    0.3780    0.1600    0.3641    0.1563    0.3664
 000379   L  0.703087  0.328926  0.533101    0.3668    0.3182    0.3550    0.1600    0.3454    0.1657    0.3608
 000380   L  0.715129  0.278437  0.511281    0.3146    0.3215    0.3330    0.1480    0.3271    0.1766    0.3560
 000381   V  0.710798  0.278640  0.488387    0.2558    0.3392    0.2900    0.1410    0.3123    0.1804    0.3521
 000382   E  0.683388  0.270742  0.464841    0.2786    0.3529    0.2720    0.1380    0.3095    0.1682    0.3491
 000383   V  0.660845  0.267356  0.439445    0.2333    0.2609    0.2830    0.1250    0.2842    0.1680    0.3448
 000384   A  0.635668  0.288724  0.415946    0.2483    0.2541    0.2740    0.1030    0.2834    0.1548    0.3403
 000385   D  0.586521  0.306135  0.392524    0.1602    0.2002    0.3070    0.1100    0.2601    0.1539    0.3417
 000386   A  0.549076  0.342762  0.372450    0.1380    0.2164    0.3170    0.1010    0.2606    0.1430    0.3473
 000387   S  0.534856  0.387929  0.350721    0.1018    0.1399    0.2980    0.1150    0.2438    0.1586    0.3547
 000388   G  0.511254  0.411374  0.330122    0.1667    0.1251    0.2940    0.0990    0.2513    0.1439    0.3598
 000389   A  0.477709  0.419191  0.310645    0.1495    0.1643    0.2720    0.0970    0.2471    0.1315    0.3644
 000390   Y  0.458066  0.442284  0.296095    0.1416    0.2258    0.2250    0.0790    0.2488    0.1265    0.3699
 000391   D  0.450107  0.438463  0.280739    0.1766    0.2988    0.2000    0.0600    0.2607    0.1155    0.3826
 000392   R  0.451543  0.424964  0.269442    0.2209    0.3667    0.2020    0.0480    0.2778    0.1070    0.3959
 000393   E  0.451685  0.419550  0.254996    0.1998    0.2884    0.1990    0.0510    0.2597    0.1085    0.4033
 000394   V  0.435354  0.405836  0.241526    0.2657    0.3631    0.1790    0.0480    0.2749    0.1008    0.4111
 000395   K  0.407301  0.378129  0.231482    0.2292    0.4051    0.1500    0.0420    0.2617    0.1078    0.4171
 000396   A  0.350701  0.354260  0.222500    0.2255    0.3249    0.1370    0.0390    0.2320    0.0883    0.4167
 000397   P  0.316686  0.319257  0.211928    0.2657    0.2364    0.1200    0.0330    0.2097    0.0767    0.4153
 000398   L  0.290340  0.278125  0.200068    0.2080    0.1791    0.1140    0.0290    0.1782    0.0684    0.4127
 000399   Y  0.252379  0.230001  0.188156    0.1178    0.1275    0.0990    0.0190    0.1378    0.0660    0.4130
 000400   A  0.213003  0.202481  0.179124    0.1041    0.1554    0.0810    0.0170    0.1261    0.0571    0.4173
 000401   R  0.149035  0.178644  0.175055    0.1205    0.1611    0.0700    0.0150    0.1132    0.0476    0.4204
 000402   H  0.095836  0.153246  0.171242    0.1117    0.1070    0.0700    0.0140    0.0896    0.0447    0.4120
 000403   G  0.097117  0.133031  0.165555    0.0789    0.1206    0.0680    0.0150    0.0830    0.0432    0.4046
 000404   V  0.094970  0.126734  0.165274    0.0490    0.1137    0.0700    0.0160    0.0758    0.0468    0.4003
 000405   Q  0.100404  0.121368  0.165933    0.0789    0.1528    0.0730    0.0190    0.0877    0.0447    0.3975
 000406   E  0.086081  0.117915  0.173854    0.0858    0.1092    0.0730    0.0180    0.0787    0.0441    0.3986
 000407   V  0.078333  0.112563  0.181193    0.0991    0.1251    0.0810    0.0230    0.0827    0.0460    0.4030
 000408   W  0.079402  0.111246  0.190516    0.0554    0.1028    0.0790    0.0220    0.0714    0.0535    0.4056
 000409   V  0.084356  0.113232  0.196814    0.1018    0.0835    0.0760    0.0140    0.0764    0.0526    0.4115
 000410   V  0.086906  0.121680  0.198517    0.1532    0.0888    0.0890    0.0180    0.0899    0.0530    0.4170
 000411   D  0.086322  0.131735  0.204315    0.1117    0.1115    0.0970    0.0210    0.0897    0.0515    0.4202
 000412   L  0.088482  0.143490  0.210603    0.0813    0.1373    0.1080    0.0270    0.0931    0.0558    0.4241
 000413   V  0.091044  0.156462  0.216981    0.0884    0.1373    0.1170    0.0360    0.0984    0.0569    0.4327
 000414   E  0.088008  0.178350  0.234540    0.0991    0.1554    0.1180    0.0420    0.1064    0.0639    0.4224
 000415   G  0.093593  0.187138  0.250277    0.1456    0.2164    0.1220    0.0510    0.1275    0.0684    0.4127
 000416   R  0.106186  0.216309  0.270259    0.1532    0.2094    0.1310    0.0530    0.1360    0.0719    0.4042
 000417   V  0.120454  0.244863  0.288749    0.1532    0.1298    0.1440    0.0480    0.1320    0.0796    0.4004
 000418   H  0.131748  0.280053  0.306605    0.2080    0.1759    0.1750    0.0670    0.1618    0.0800    0.4000
 000419   R  0.143230  0.320741  0.327794    0.2385    0.3019    0.2060    0.0910    0.2018    0.0865    0.3971
 000420   F  0.150075  0.376224  0.345883    0.2820    0.3667    0.2440    0.1030    0.2365    0.0984    0.3978
 000421   L  0.151377  0.418934  0.359946    0.3578    0.4292    0.2810    0.0990    0.2731    0.1120    0.3996
 000422   D  0.160765  0.480796  0.371974    0.3399    0.3529    0.3190    0.0960    0.2756    0.1130    0.3997
 000423   P  0.173066  0.553477  0.384713    0.4078    0.3529    0.3760    0.1120    0.3105    0.1284    0.3991
 000424   S  0.177050  0.591780  0.399591    0.3992    0.4186    0.4590    0.1280    0.3410    0.1394    0.4022
 000425   P  0.179003  0.595976  0.412004    0.3184    0.4330    0.4330    0.1300    0.3265    0.1440    0.4056
 000426   G  0.190877  0.613085  0.425971    0.3184    0.4330    0.4340    0.1370    0.3316    0.1466    0.4089
 000427   G  0.254576  0.610600  0.439486    0.3535    0.4619    0.4240    0.1260    0.3508    0.1306    0.4130
 000428   Y  0.332683  0.613504  0.453266    0.4203    0.5493    0.3210    0.1000    0.3727    0.1305    0.4160
 000429   R  0.413194  0.590240  0.467628    0.4333    0.4652    0.1940    0.0660    0.3493    0.1420    0.4177
 000430   E  0.490350  0.575858  0.482302    0.4458    0.4766    0.1610    0.0540    0.3582    0.1532    0.4230
 000431   H  0.500948  0.548657  0.492490    0.4600    0.6531    0.1540    0.0510    0.3861    0.1739    0.4270
 000432   H  0.508518  0.521811  0.500253    0.5331    0.7369    0.1630    0.0520    0.4106    0.1883    0.4299
 000433   V  0.516664  0.503776  0.504971    0.5473    0.6906    0.1730    0.0570    0.4052    0.1769    0.4307
 000434   L  0.515631  0.523629  0.518657    0.5253    0.5055    0.1970    0.0500    0.3779    0.1476    0.4331
 000435   G  0.511745  0.554197  0.530441    0.4967    0.5419    0.2190    0.0630    0.3872    0.1462    0.4324
 000436   P  0.464328  0.583133  0.541351    0.3762    0.5139    0.2220    0.0710    0.3600    0.1508    0.4322
 000437   G  0.374017  0.598616  0.548245    0.3939    0.4292    0.2290    0.0720    0.3374    0.1514    0.4329
 000438   D  0.286340  0.591728  0.557357    0.3885    0.4256    0.2360    0.0800    0.3214    0.1595    0.4337
 000439   T  0.247378  0.567720  0.566264    0.3992    0.4476    0.2650    0.0920    0.3211    0.1590    0.4327
 000440   L  0.286637  0.567450  0.580599    0.4078    0.4541    0.2830    0.1020    0.3332    0.1532    0.4300
 000441   S  0.327443  0.565554  0.597241    0.3225    0.3704    0.2460    0.0830    0.3054    0.1640    0.4264
 000442   P  0.362161  0.559549  0.606008    0.3311    0.3426    0.2600    0.0770    0.3092    0.1621    0.4233
 000443   R  0.422357  0.559641  0.616718    0.2748    0.3426    0.3250    0.1190    0.3207    0.1621    0.4209
 000444   A  0.457415  0.563915  0.628724    0.3096    0.3321    0.4120    0.1410    0.3458    0.1559    0.4219
 000445   F  0.478157  0.551332  0.629184    0.3885    0.3286    0.4230    0.1440    0.3616    0.1454    0.4242
 000446   P  0.516877  0.545583  0.629680    0.3053    0.3182    0.4310    0.1590    0.3529    0.1583    0.4293
 000447   G  0.557050  0.515803  0.626428    0.2080    0.2680    0.7330    0.1200    0.3803    0.2147    0.4333
 000448   L  0.544082  0.532367  0.624831    0.2483    0.2364    0.7670    0.0840    0.3880    0.2188    0.4290
 000449   S  0.516257  0.543254  0.623109    0.2748    0.1881    0.7580    0.1000    0.3800    0.2216    0.4249
 000450   V  0.492193  0.540490  0.617269    0.3146    0.1476    0.7710    0.0660    0.3776    0.2268    0.4195
 000451   S  0.469129  0.578018  0.613792    0.4333    0.1942    0.8170    0.0680    0.4153    0.2158    0.4117
 000452   V  0.427222  0.618252  0.613621    0.4781    0.1611    0.8350    0.0620    0.4199    0.2307    0.4071
 000453   A  0.352750  0.648536  0.617386    0.4967    0.1007    0.8750    0.0630    0.4122    0.2644    0.4028
 000454   S  0.400508  0.698773  0.618379    0.5374    0.0799    0.9300    0.0290    0.4410    0.2822    0.3978
 000455   L  0.354717  0.750751  0.619613    0.6079    0.0719    0.9180    0.0280    0.4506    0.2929    0.3914
 000456   L  0.362571  0.804522  0.623887    0.7317    0.1554    0.9380    0.0280    0.4986    0.2865    0.3851
