#RESNUM RES     VL-XT     VSL2B       VL3  IUPred-S  IUPred-L  PONDRFIT  FITERROR       MDP  MDPERROR   ANCHOR2
 000001   M  0.785663  0.796258  0.713553    0.8713    0.3117    0.9150    0.0500    0.6134    0.2316    0.3313
 000002   A  0.911078  0.756163  0.691894    0.8074    0.2951    0.8950    0.0550    0.6108    0.2370    0.3178
 000003   K  0.724216  0.741874  0.670357    0.7817    0.3249    0.8630    0.0590    0.5726    0.2043    0.3072
 000004   P  0.773955  0.755526  0.656333    0.7147    0.3566    0.8590    0.0700    0.5766    0.1934    0.3025
 000005   V  0.820480  0.731445  0.642612    0.6789    0.4017    0.8430    0.0860    0.5793    0.1809    0.2965
 000006   L  0.814628  0.688108  0.635072    0.6442    0.3286    0.8630    0.0440    0.5564    0.2015    0.2952
 000007   P  0.794407  0.660252  0.624655    0.6174    0.3182    0.7850    0.0890    0.5293    0.1890    0.2848
 000008   L  0.786755  0.636581  0.610525    0.5043    0.2503    0.7550    0.1520    0.4888    0.2055    0.2731
 000009   K  0.761997  0.618582  0.597438    0.4282    0.1942    0.8370    0.0920    0.4733    0.2352    0.2623
 000010   E  0.756422  0.596377  0.581915    0.3053    0.2064    0.9110    0.0320    0.4626    0.2614    0.2555
 000011   A  0.750993  0.586623  0.567781    0.1805    0.1611    0.8420    0.0890    0.4201    0.2772    0.2447
 000012   P  0.746447  0.572371  0.554571    0.1998    0.1251    0.7660    0.1180    0.4016    0.2651    0.2359
 000013   A  0.743804  0.534994  0.540223    0.1566    0.1583    0.7640    0.1090    0.3929    0.2625    0.2294
 000014   S  0.739772  0.493822  0.528874    0.0965    0.1399    0.7180    0.1140    0.3646    0.2681    0.2232
 000015   G  0.751107  0.455172  0.522525    0.0858    0.1092    0.6370    0.1200    0.3397    0.2652    0.2126
 000016   E  0.761626  0.408256  0.513586    0.1041    0.1643    0.5320    0.1330    0.3283    0.2405    0.1999
 000017   V  0.776733  0.340307  0.491509    0.1416    0.2541    0.4960    0.1070    0.3347    0.2197    0.1847
 000018   A  0.805787  0.294742  0.469734    0.1292    0.2364    0.4360    0.0940    0.3171    0.2305    0.1743
 000019   L  0.805677  0.273806  0.449338    0.1998    0.2541    0.3730    0.0830    0.3177    0.2154    0.1649
 000020   L  0.782509  0.264356  0.427265    0.2122    0.1881    0.3290    0.0660    0.2961    0.2139    0.1531
 000021   R  0.744581  0.262738  0.405871    0.1349    0.2034    0.3070    0.0670    0.2754    0.2095    0.1380
 000022   L  0.697554  0.238814  0.382807    0.1060    0.2503    0.2950    0.0590    0.2645    0.1951    0.1293
 000023   L  0.620207  0.252416  0.359460    0.1150    0.1323    0.2800    0.0470    0.2333    0.1790    0.1233
 000024   E  0.538358  0.269932  0.336653    0.1416    0.1048    0.2960    0.0490    0.2252    0.1522    0.1226
 000025   A  0.485437  0.269605  0.313705    0.0813    0.0676    0.3630    0.0760    0.2111    0.1579    0.1196
 000026   R  0.443822  0.273284  0.291751    0.0464    0.0734    0.3420    0.0720    0.1965    0.1500    0.1169
 000027   G  0.431182  0.266602  0.271516    0.0245    0.0389    0.3160    0.0690    0.1795    0.1537    0.1213
 000028   Q  0.414763  0.242651  0.249086    0.0441    0.0676    0.2970    0.0600    0.1777    0.1353    0.1251
 000029   E  0.403166  0.208541  0.228467    0.0268    0.0662    0.2570    0.0470    0.1604    0.1304    0.1298
 000030   V  0.402792  0.182550  0.215421    0.0478    0.1162    0.2100    0.0440    0.1598    0.1152    0.1335
 000031   V  0.378954  0.152786  0.204913    0.0607    0.0967    0.1570    0.0520    0.1411    0.1076    0.1429
 000032   P  0.387068  0.134698  0.198191    0.0723    0.0605    0.1130    0.0410    0.1280    0.1154    0.1598
 000033   T  0.403335  0.115773  0.192181    0.0621    0.0888    0.0920    0.0290    0.1271    0.1208    0.1756
 000034   W  0.383037  0.097803  0.187066    0.0607    0.0851    0.0820    0.0240    0.1181    0.1162    0.1815
 000035   V  0.362653  0.088419  0.177652    0.0490    0.0662    0.0730    0.0240    0.1066    0.1133    0.1779
 000036   V  0.310926  0.086570  0.168948    0.0327    0.0870    0.0680    0.0230    0.0974    0.0966    0.1804
 000037   D  0.261794  0.092578  0.156951    0.0297    0.0543    0.0650    0.0180    0.0839    0.0829    0.1894
 000038   L  0.233032  0.097628  0.147271    0.0286    0.0646    0.0670    0.0200    0.0819    0.0716    0.1889
 000039   E  0.197774  0.099702  0.141818    0.0124    0.0676    0.0690    0.0230    0.0744    0.0637    0.1924
 000040   A  0.193281  0.104339  0.137810    0.0141    0.0568    0.0760    0.0320    0.0741    0.0620    0.1947
 000041   E  0.221034  0.115281  0.136537    0.0297    0.0473    0.0760    0.0330    0.0815    0.0677    0.1938
 000042   F  0.216946  0.127576  0.135183    0.0414    0.0835    0.0790    0.0340    0.0913    0.0602    0.1846
 000043   Y  0.225215  0.131207  0.134161    0.0157    0.0581    0.0810    0.0360    0.0853    0.0703    0.1708
 000044   R  0.235131  0.149993  0.135694    0.0157    0.0306    0.0830    0.0360    0.0857    0.0784    0.1543
 000045   L  0.247178  0.166604  0.133268    0.0252    0.0287    0.0830    0.0330    0.0918    0.0816    0.1496
 000046   A  0.235139  0.173378  0.128078    0.0231    0.0473    0.0770    0.0250    0.0926    0.0766    0.1503
 000047   N  0.224780  0.165800  0.125886    0.0200    0.0765    0.0700    0.0190    0.0928    0.0706    0.1455
 000048   L  0.211864  0.175364  0.128840    0.0179    0.0443    0.0690    0.0180    0.0864    0.0733    0.1376
 000049   P  0.204204  0.179582  0.133117    0.0405    0.0372    0.0660    0.0180    0.0879    0.0699    0.1297
 000050   E  0.161684  0.164442  0.134649    0.0218    0.0349    0.0710    0.0230    0.0756    0.0624    0.1201
 000051   R  0.146136  0.148610  0.136667    0.0141    0.0269    0.0800    0.0310    0.0693    0.0601    0.1122
 000052   I  0.138451  0.142193  0.139812    0.0131    0.0231    0.0850    0.0350    0.0669    0.0595    0.1088
 000053   T  0.140472  0.122669  0.146695    0.0150    0.0244    0.0950    0.0380    0.0663    0.0583    0.1074
 000054   A  0.124517  0.103887  0.156784    0.0268    0.0463    0.1000    0.0300    0.0668    0.0514    0.1007
 000055   L  0.136262  0.092772  0.164918    0.0141    0.0555    0.0980    0.0240    0.0662    0.0566    0.0968
 000056   F  0.143363  0.086311  0.172710    0.0316    0.1028    0.0960    0.0210    0.0767    0.0530    0.0899
 000057   Q  0.153222  0.081295  0.178437    0.0414    0.1137    0.1010    0.0260    0.0817    0.0540    0.0826
 000058   G  0.157598  0.091108  0.184065    0.0425    0.0618    0.1040    0.0270    0.0762    0.0586    0.0770
 000059   V  0.166479  0.100134  0.190915    0.0744    0.0646    0.1100    0.0310    0.0860    0.0561    0.0713
 000060   F  0.187770  0.104156  0.200424    0.0336    0.0334    0.1160    0.0310    0.0791    0.0738    0.0689
 000061   G  0.226597  0.128689  0.211384    0.0160    0.0253    0.1250    0.0330    0.0869    0.0885    0.0654
 000062   V  0.252480  0.160160  0.222779    0.0109    0.0231    0.1450    0.0400    0.0987    0.0987    0.0612
 000063   R  0.298418  0.179714  0.231832    0.0194    0.0463    0.1650    0.0480    0.1181    0.1051    0.0577
 000064   I  0.317213  0.201305  0.241768    0.0141    0.0463    0.1730    0.0510    0.1254    0.1133    0.0558
 000065   D  0.339224  0.250284  0.254689    0.0200    0.0454    0.1730    0.0540    0.1380    0.1228    0.0592
 000066   E  0.366006  0.286538  0.272278    0.0405    0.0719    0.1820    0.0570    0.1578    0.1257    0.0614
 000067   E  0.402938  0.304189  0.290280    0.0587    0.1298    0.1930    0.0620    0.1815    0.1251    0.0625
 000068   R  0.461970  0.315282  0.306677    0.0514    0.1048    0.1970    0.0630    0.1885    0.1476    0.0622
 000069   L  0.511246  0.330536  0.321140    0.0455    0.0662    0.2130    0.0620    0.1944    0.1703    0.0643
 000070   L  0.538854  0.356554  0.337062    0.0587    0.0967    0.2410    0.0680    0.2152    0.1726    0.0663
 000071   V  0.560277  0.379442  0.352463    0.0660    0.1914    0.2670    0.0720    0.2440    0.1659    0.0657
 000072   A  0.578612  0.421397  0.365449    0.0587    0.1852    0.2790    0.0620    0.2538    0.1777    0.0684
 000073   A  0.615095  0.463073  0.377225    0.1088    0.1731    0.2930    0.0650    0.2755    0.1823    0.0717
 000074   E  0.652682  0.497849  0.387459    0.1240    0.1206    0.3030    0.0850    0.2831    0.2024    0.0758
 000075   E  0.690268  0.513708  0.399453    0.1380    0.1275    0.3050    0.0960    0.2958    0.2110    0.0796
 000076   A  0.720845  0.525040  0.414314    0.0813    0.1373    0.3040    0.1020    0.2948    0.2307    0.0819
 000077   R  0.737535  0.523047  0.429581    0.0464    0.1399    0.3010    0.1060    0.2913    0.2432    0.0876
 000078   R  0.750365  0.516611  0.446031    0.0542    0.1184    0.3180    0.1080    0.2929    0.2486    0.0991
 000079   A  0.747245  0.520677  0.460974    0.0643    0.1070    0.3280    0.1100    0.2946    0.2494    0.1151
 000080   V  0.741757  0.526590  0.476044    0.1018    0.1791    0.3100    0.1090    0.3099    0.2315    0.1293
 000081   R  0.735148  0.521227  0.493650    0.1380    0.2292    0.2630    0.0780    0.3144    0.2210    0.1446
 000082   E  0.712968  0.528643  0.511873    0.2080    0.1914    0.2500    0.0680    0.3152    0.2135    0.1664
 000083   S  0.685965  0.550367  0.526789    0.2080    0.1424    0.2500    0.0710    0.3061    0.2207    0.1876
 000084   Y  0.692030  0.562417  0.539213    0.1635    0.1791    0.2630    0.0740    0.3100    0.2247    0.2114
 000085   L  0.696888  0.567117  0.548708    0.1060    0.1424    0.2530    0.0820    0.2942    0.2455    0.2291
 000086   L  0.690376  0.592240  0.562259    0.1088    0.0799    0.2370    0.1010    0.2847    0.2618    0.2436
 000087   P  0.685069  0.623632  0.575750    0.1178    0.0929    0.2390    0.1070    0.2930    0.2635    0.2551
 000088   E  0.691372  0.626883  0.589395    0.0909    0.1028    0.2520    0.1010    0.2940    0.2694    0.2580
 000089   R  0.673190  0.643331  0.599567    0.0965    0.1028    0.2600    0.0860    0.2960    0.2688    0.2559
 000090   A  0.645138  0.657786  0.610858    0.1178    0.1251    0.2590    0.0860    0.3008    0.2608    0.2516
 000091   E  0.651021  0.684036  0.619014    0.1698    0.2064    0.2530    0.0780    0.3273    0.2457    0.2481
 000092   A  0.643450  0.687167  0.627602    0.1844    0.1251    0.2480    0.0800    0.3146    0.2589    0.2482
 000093   F  0.599290  0.699736  0.633765    0.2041    0.0704    0.2550    0.0740    0.3048    0.2641    0.2468
 000094   L  0.548012  0.682514  0.638012    0.1349    0.0405    0.2670    0.0730    0.2789    0.2714    0.2436
 000095   E  0.483644  0.714675  0.634726    0.1456    0.0662    0.2910    0.0690    0.2836    0.2632    0.2397
 000096   A  0.449746  0.713587  0.628885    0.1532    0.0646    0.3330    0.0750    0.2857    0.2570    0.2360
 000097   L  0.412986  0.701492  0.618905    0.2080    0.0929    0.3580    0.0860    0.2956    0.2366    0.2347
 000098   K  0.403240  0.695646  0.611021    0.1117    0.0799    0.3650    0.0910    0.2758    0.2510    0.2336
 000099   G  0.404910  0.671209  0.604731    0.0858    0.0780    0.3740    0.1080    0.2690    0.2497    0.2393
 000100   R  0.430351  0.629811  0.603439    0.1018    0.0704    0.3820    0.1320    0.2691    0.2409    0.2445
 000101   G  0.474746  0.629839  0.595265    0.1240    0.0929    0.3790    0.1420    0.2834    0.2326    0.2567
 000102   P  0.509647  0.655070  0.588279    0.1018    0.0870    0.3690    0.1570    0.2870    0.2439    0.2675
 000103   F  0.552192  0.655253  0.584887    0.1240    0.1137    0.4210    0.1830    0.3110    0.2372    0.2743
 000104   L  0.612246  0.627006  0.576772    0.1921    0.1914    0.3670    0.1470    0.3317    0.2107    0.2731
 000105   L  0.631004  0.621262  0.568230    0.2748    0.2436    0.3240    0.1120    0.3491    0.1910    0.2640
 000106   R  0.649366  0.579665  0.557872    0.2531    0.2258    0.3210    0.0880    0.3381    0.1931    0.2533
 000107   Y  0.689345  0.605631  0.547349    0.2385    0.2752    0.4080    0.0690    0.3695    0.1903    0.2532
 000108   A  0.727527  0.606445  0.532402    0.3005    0.3872    0.5480    0.0640    0.4283    0.1656    0.2537
 000109   G  0.729831  0.594447  0.519162    0.3225    0.3983    0.6240    0.0640    0.4448    0.1624    0.2535
 000110   E  0.731456  0.624656  0.506049    0.3491    0.4087    0.6300    0.1030    0.4573    0.1578    0.2489
 000111   A  0.747437  0.648794  0.492808    0.3717    0.3910    0.6800    0.1350    0.4731    0.1665    0.2455
 000112   E  0.761081  0.657606  0.477574    0.3762    0.3053    0.7030    0.1470    0.4672    0.1884    0.2357
 000113   G  0.765487  0.688743  0.465518    0.3146    0.1731    0.7270    0.1540    0.4448    0.2357    0.2299
 000114   E  0.787976  0.684264  0.458270    0.3146    0.2503    0.6520    0.1660    0.4482    0.2121    0.2276
 000115   R  0.810163  0.656392  0.448224    0.2963    0.2503    0.6040    0.1760    0.4362    0.2124    0.2308
 000116   A  0.801798  0.639492  0.434739    0.3399    0.3249    0.5390    0.1450    0.4408    0.1840    0.2474
 000117   S  0.765569  0.616208  0.422066    0.2657    0.3249    0.4920    0.1080    0.4107    0.1841    0.2627
 000118   T  0.722856  0.586332  0.405288    0.3491    0.3249    0.4470    0.0980    0.4050    0.1556    0.2660
 000119   P  0.704067  0.561806  0.390747    0.3630    0.2503    0.4000    0.0700    0.3798    0.1612    0.2650
 000120   Q  0.665403  0.530464  0.376456    0.2748    0.2164    0.3570    0.0510    0.3406    0.1647    0.2671
 000121   E  0.626739  0.478129  0.360713    0.1732    0.1914    0.2760    0.0460    0.2909    0.1716    0.2720
 000122   A  0.551575  0.429680  0.347100    0.1698    0.2064    0.2400    0.0600    0.2662    0.1462    0.2700
 000123   L  0.480369  0.360910  0.331859    0.1532    0.1048    0.2330    0.0690    0.2220    0.1395    0.2635
 000124   F  0.408521  0.314809  0.317640    0.1380    0.1115    0.2190    0.0780    0.1986    0.1179    0.2523
 000125   A  0.343785  0.269983  0.302998    0.0744    0.0662    0.2050    0.0820    0.1598    0.1187    0.2377
 000126   L  0.302756  0.245234  0.297200    0.0884    0.0780    0.1830    0.0790    0.1495    0.1036    0.2184
 000127   K  0.279707  0.248694  0.289776    0.0643    0.0780    0.1420    0.0550    0.1355    0.1047    0.1953
 000128   R  0.245246  0.227363  0.282907    0.0701    0.0443    0.1210    0.0350    0.1180    0.1025    0.1807
 000129   L  0.222975  0.214151  0.275189    0.0526    0.0235    0.1270    0.0360    0.1067    0.1031    0.1724
 000130   W  0.204121  0.203929  0.267558    0.0245    0.0218    0.1460    0.0530    0.1001    0.1030    0.1658
 000131   A  0.242850  0.199045  0.259103    0.0116    0.0198    0.1570    0.0560    0.1050    0.1082    0.1571
 000132   R  0.266472  0.189801  0.254956    0.0124    0.0117    0.1790    0.0760    0.1098    0.1124    0.1457
 000133   R  0.291434  0.189451  0.249168    0.0137    0.0160    0.1940    0.0880    0.1175    0.1153    0.1404
 000134   F  0.292753  0.210211  0.243085    0.0128    0.0209    0.1940    0.0820    0.1218    0.1148    0.1418
 000135   E  0.299667  0.216886  0.242851    0.0304    0.0244    0.1850    0.0710    0.1260    0.1118    0.1441
 000136   V  0.291949  0.247790  0.249389    0.0286    0.0181    0.1850    0.0680    0.1286    0.1161    0.1477
 000137   E  0.284533  0.237648  0.255254    0.0274    0.0356    0.1900    0.0760    0.1293    0.1115    0.1565
 000138   A  0.287284  0.238196  0.262095    0.0131    0.0443    0.1940    0.0810    0.1295    0.1149    0.1667
 000139   I  0.307928  0.243311  0.271612    0.0182    0.0244    0.2100    0.0880    0.1340    0.1241    0.1743
 000140   L  0.326613  0.241547  0.279444    0.0405    0.0454    0.2190    0.0990    0.1456    0.1200    0.1813
 000141   E  0.363140  0.220732  0.282052    0.0387    0.1070    0.2350    0.1120    0.1607    0.1173    0.1902
 000142   R  0.380892  0.218665  0.284651    0.0502    0.0817    0.2640    0.1050    0.1659    0.1246    0.2014
 000143   Y  0.445076  0.221150  0.285813    0.0660    0.0531    0.2750    0.0790    0.1767    0.1432    0.2197
 000144   P  0.487108  0.218868  0.287100    0.0425    0.0372    0.2510    0.0560    0.1728    0.1610    0.2380
 000145   A  0.535013  0.208727  0.290282    0.0441    0.0817    0.2490    0.0530    0.1864    0.1673    0.2466
 000146   L  0.578417  0.205171  0.295928    0.0252    0.0799    0.2660    0.0480    0.1924    0.1852    0.2555
 000147   L  0.634307  0.200966  0.300425    0.0464    0.0817    0.2670    0.0500    0.2051    0.1990    0.2645
 000148   P  0.655050  0.198111  0.299462    0.0490    0.0631    0.2660    0.0430    0.2053    0.2080    0.2656
 000149   P  0.657918  0.210423  0.304772    0.0336    0.0765    0.2790    0.0460    0.2095    0.2096    0.2641
 000150   F  0.666613  0.192658  0.303790    0.0490    0.1424    0.2850    0.0550    0.2227    0.2021    0.2606
 000151   T  0.694527  0.177823  0.305429    0.0884    0.1554    0.2690    0.0620    0.2308    0.2045    0.2537
 000152   P  0.704472  0.172129  0.306380    0.0884    0.1229    0.2680    0.0690    0.2260    0.2120    0.2368
 000153   V  0.734288  0.171121  0.304469    0.0554    0.1424    0.2910    0.0880    0.2323    0.2250    0.2175
 000154   L  0.764104  0.177882  0.301686    0.0789    0.2292    0.3000    0.0980    0.2584    0.2232    0.2004
 000155   V  0.783940  0.193241  0.297948    0.0723    0.2292    0.2910    0.0900    0.2616    0.2297    0.1834
 000156   Q  0.779438  0.229586  0.296361    0.1018    0.1554    0.2980    0.0710    0.2607    0.2270    0.1735
 000157   E  0.797715  0.268243  0.294139    0.1921    0.1554    0.3210    0.0770    0.2892    0.2189    0.1657
 000158   V  0.816761  0.286547  0.294358    0.1878    0.2292    0.3290    0.0910    0.3083    0.2162    0.1581
 000159   A  0.811437  0.307742  0.295916    0.0991    0.1349    0.3100    0.0980    0.2772    0.2380    0.1564
 000160   G  0.802052  0.339247  0.298241    0.0813    0.1229    0.2910    0.1140    0.2727    0.2397    0.1540
 000161   E  0.793907  0.345956  0.298948    0.0858    0.1476    0.2750    0.1120    0.2747    0.2335    0.1550
 000162   V  0.785304  0.359378  0.298552    0.0965    0.1349    0.2500    0.1120    0.2711    0.2318    0.1567
 000163   A  0.777098  0.362983  0.296617    0.0455    0.1048    0.2300    0.1160    0.2534    0.2429    0.1681
 000164   E  0.722536  0.377214  0.295122    0.0771    0.1349    0.1980    0.1040    0.2516    0.2185    0.1801
 000165   D  0.710331  0.357460  0.293044    0.1205    0.1373    0.1730    0.0930    0.2497    0.2085    0.1910
 000166   P  0.685755  0.351392  0.290518    0.1532    0.1969    0.1480    0.0740    0.2558    0.1919    0.2016
 000167   F  0.660028  0.314231  0.281039    0.0884    0.1823    0.1340    0.0590    0.2299    0.1941    0.2104
 000168   L  0.606851  0.310145  0.272427    0.0789    0.1823    0.1080    0.0350    0.2144    0.1813    0.2151
 000169   S  0.552447  0.303883  0.262416    0.1240    0.1852    0.1010    0.0230    0.2110    0.1572    0.2189
 000170   L  0.493808  0.295763  0.250884    0.1635    0.1501    0.1040    0.0240    0.2012    0.1357    0.2174
 000171   D  0.416152  0.287762  0.238168    0.1117    0.1275    0.1020    0.0220    0.1742    0.1203    0.2179
 000172   L  0.334285  0.286152  0.228843    0.0677    0.0690    0.1040    0.0210    0.1435    0.1132    0.2134
 000173   S  0.299564  0.289528  0.223082    0.0991    0.0888    0.1000    0.0140    0.1461    0.0980    0.2101
 000174   R  0.231232  0.272627  0.222358    0.0723    0.0543    0.0980    0.0180    0.1213    0.0937    0.2029
 000175   A  0.166330  0.256386  0.215825    0.0542    0.0414    0.1070    0.0240    0.1043    0.0875    0.2068
 000176   L  0.105277  0.235145  0.206117    0.0268    0.0398    0.1190    0.0320    0.0877    0.0847    0.2102
 000177   G  0.097509  0.222270  0.198191    0.0167    0.0320    0.1320    0.0430    0.0833    0.0838    0.2146
 000178   R  0.074795  0.198191  0.197302    0.0376    0.0380    0.1510    0.0460    0.0832    0.0764    0.2166
 000179   E  0.074640  0.169478  0.196726    0.0643    0.0405    0.1760    0.0590    0.0875    0.0700    0.2271
 000180   V  0.095053  0.137375  0.190273    0.0387    0.0380    0.2070    0.0790    0.0860    0.0739    0.2328
 000181   V  0.113447  0.118730  0.189982    0.0464    0.0405    0.2350    0.1040    0.0923    0.0772    0.2395
 000182   A  0.132193  0.107976  0.192394    0.0387    0.0405    0.2620    0.1100    0.0969    0.0859    0.2456
 000183   Y  0.154742  0.087816  0.193841    0.0425    0.0676    0.3580    0.1450    0.1185    0.1109    0.2533
 000184   A  0.176653  0.086664  0.194750    0.0441    0.0817    0.3980    0.1320    0.1311    0.1219    0.2602
 000185   W  0.229378  0.098017  0.197187    0.0478    0.0888    0.5000    0.1230    0.1607    0.1545    0.2691
 000186   A  0.276471  0.119100  0.200795    0.0677    0.1092    0.5340    0.2060    0.1844    0.1604    0.2676
 000187   G  0.345081  0.142535  0.204691    0.1178    0.1731    0.6080    0.2070    0.2311    0.1732    0.2672
 000188   K  0.392097  0.169290  0.208082    0.1178    0.1643    0.5630    0.1580    0.2345    0.1615    0.2658
 000189   L  0.439114  0.214308  0.210733    0.1266    0.1501    0.6030    0.1620    0.2555    0.1760    0.2688
 000190   V  0.486916  0.278995  0.211876    0.1456    0.1162    0.6590    0.2110    0.2811    0.1981    0.2638
 000191   R  0.552144  0.390840  0.209847    0.2385    0.1476    0.6370    0.1580    0.3276    0.1845    0.2641
 000192   V  0.633862  0.521459  0.209791    0.3456    0.1914    0.6790    0.1090    0.3952    0.1966    0.2715
 000193   E  0.718059  0.636867  0.208366    0.4203    0.1914    0.6680    0.1120    0.4392    0.2177    0.2844
 000194   S  0.774947  0.727686  0.209669    0.5473    0.2783    0.7220    0.1200    0.5084    0.2267    0.2885
 000195   P  0.774062  0.828814  0.209796    0.6219    0.2884    0.7670    0.0850    0.5467    0.2469    0.2932
 000196   H  0.963168  0.867245  0.209547    0.7458    0.4186    0.8160    0.0670    0.6351    0.2691    0.2953
 000197   G  0.979735  0.907062  0.210084    0.8200    0.4409    0.8500    0.0550    0.6663    0.2807    0.2991
 000198   G  0.998970  0.861033  0.214419    0.8521    0.4051    0.9340    0.0260    0.6751    0.2952    0.3038
