#RESNUM RES     VL-XT     VSL2B       VL3  IUPred-S  IUPred-L  PONDRFIT  FITERROR       MDP  MDPERROR   ANCHOR2
 000001   M  0.715793  0.906690  0.929892    0.9423    0.5176    0.9810    0.0150    0.8322    0.1643    0.4151
 000002   G  0.740297  0.904435  0.927323    0.9119    0.4220    0.9910    0.0060    0.8162    0.1919    0.4072
 000003   N  0.793840  0.900336  0.923144    0.8886    0.4619    0.9660    0.0420    0.8224    0.1694    0.4016
 000004   R  0.842663  0.898215  0.918280    0.8001    0.4652    0.9520    0.0460    0.8128    0.1631    0.3952
 000005   R  0.676572  0.892780  0.910836    0.7724    0.4652    0.9440    0.0360    0.7769    0.1665    0.3937
 000006   L  0.653772  0.882628  0.901246    0.7275    0.4017    0.9540    0.0280    0.7535    0.1885    0.3929
 000007   R  0.648501  0.874942  0.891552    0.6715    0.4087    0.9540    0.0220    0.7415    0.1870    0.3879
 000008   K  0.634402  0.863742  0.884698    0.5667    0.4149    0.9570    0.0200    0.7202    0.1948    0.3886
 000009   S  0.621736  0.867700  0.878228    0.5084    0.4441    0.9550    0.0220    0.7125    0.1968    0.3885
 000010   V  0.632939  0.851222  0.871317    0.4513    0.4685    0.9270    0.0720    0.7004    0.1931    0.3886
 000011   E  0.661210  0.820967  0.863841    0.4078    0.4685    0.9560    0.0450    0.6963    0.2030    0.3832
 000012   S  0.680183  0.828643  0.855665    0.4282    0.4901    0.9340    0.0520    0.7028    0.1888    0.3866
 000013   Y  0.724313  0.829762  0.847007    0.4078    0.4186    0.9260    0.0430    0.6922    0.2058    0.3946
 000014   Q  0.749435  0.834541  0.837052    0.4037    0.3910    0.9240    0.0460    0.6900    0.2130    0.3992
 000015   A  0.784544  0.807732  0.828682    0.3456    0.3910    0.8980    0.0550    0.6760    0.2207    0.4009
 000016   R  0.800183  0.821178  0.818461    0.3359    0.3910    0.8630    0.0710    0.6716    0.2193    0.3894
 000017   I  0.819900  0.803403  0.807787    0.3762    0.3910    0.8520    0.0780    0.6751    0.2068    0.3756
 000018   R  0.832757  0.778838  0.795927    0.3668    0.3910    0.8390    0.0810    0.6674    0.2052    0.3619
 000019   E  0.847672  0.795311  0.785874    0.2963    0.3740    0.8280    0.0880    0.6545    0.2278    0.3476
 000020   H  0.838477  0.798536  0.776305    0.2602    0.3872    0.8110    0.1040    0.6454    0.2311    0.3377
 000021   Q  0.843726  0.816337  0.766229    0.2820    0.4256    0.7800    0.1020    0.6524    0.2166    0.3243
 000022   A  0.850227  0.806347  0.757152    0.3263    0.4619    0.7320    0.1210    0.6556    0.1926    0.3127
 000023   K  0.861607  0.823233  0.749008    0.3053    0.4441    0.6930    0.1270    0.6461    0.2031    0.2917
 000024   I  0.865226  0.832544  0.741075    0.3992    0.3807    0.7040    0.1180    0.6537    0.1941    0.2689
 000025   E  0.868063  0.830818  0.732618    0.3630    0.3566    0.6780    0.1270    0.6382    0.2063    0.2430
 000026   E  0.865226  0.821740  0.724662    0.2483    0.3117    0.6580    0.1240    0.6049    0.2398    0.2234
 000027   E  0.860609  0.822651  0.718603    0.2531    0.2680    0.6450    0.1270    0.5947    0.2463    0.2172
 000028   L  0.858636  0.819196  0.713326    0.2558    0.3149    0.6500    0.1270    0.6020    0.2345    0.2180
 000029   R  0.869564  0.810611  0.708515    0.2122    0.2680    0.6110    0.1430    0.5800    0.2540    0.2159
 000030   R  0.861294  0.804074  0.704041    0.2041    0.1611    0.6000    0.1540    0.5557    0.2764    0.2179
 000031   P  0.853706  0.808668  0.700465    0.1495    0.1476    0.5620    0.1810    0.5370    0.2896    0.2187
 000032   E  0.860612  0.807942  0.697745    0.0701    0.1476    0.5460    0.1700    0.5217    0.3088    0.2140
 000033   P  0.871179  0.803070  0.696175    0.0677    0.1476    0.4910    0.1730    0.5128    0.3105    0.2194
 000034   R  0.884282  0.805133  0.694562    0.0701    0.1028    0.4840    0.1680    0.5068    0.3218    0.2236
 000035   W  0.902144  0.784167  0.692823    0.0991    0.1349    0.4980    0.1490    0.5185    0.3087    0.2354
 000036   E  0.895106  0.756708  0.691434    0.0701    0.1554    0.4440    0.1510    0.5022    0.3069    0.2530
 000037   L  0.885124  0.764854  0.690333    0.0643    0.1184    0.4340    0.1420    0.4929    0.3147    0.2793
 000038   I  0.850665  0.738341  0.688524    0.0832    0.1449    0.4170    0.1450    0.4872    0.2947    0.2990
 000039   R  0.832178  0.725031  0.683434    0.0789    0.2034    0.4160    0.1480    0.4899    0.2788    0.3043
 000040   Y  0.847648  0.716983  0.679506    0.1041    0.2034    0.4520    0.1510    0.5006    0.2730    0.3200
 000041   W  0.808700  0.752937  0.677423    0.1292    0.1731    0.4770    0.1380    0.5030    0.2694    0.3176
 000042   E  0.763331  0.744443  0.678981    0.0965    0.1476    0.4540    0.1310    0.4809    0.2733    0.3190
 000043   K  0.757585  0.755545  0.683330    0.0677    0.1476    0.4990    0.1510    0.4852    0.2814    0.3246
 000044   E  0.759433  0.782698  0.689687    0.0502    0.0929    0.5680    0.1430    0.4905    0.3042    0.3189
 000045   I  0.779000  0.784211  0.699348    0.0502    0.0690    0.6430    0.1200    0.5041    0.3180    0.3293
 000046   R  0.782803  0.797051  0.709126    0.0744    0.1349    0.7250    0.1120    0.5372    0.3079    0.3329
 000047   T  0.810072  0.787542  0.718952    0.0542    0.1323    0.7890    0.0990    0.5487    0.3241    0.3366
 000048   Y  0.837356  0.806573  0.726441    0.0701    0.1671    0.8200    0.0980    0.5712    0.3231    0.3243
 000049   P  0.838844  0.798425  0.730998    0.0858    0.2258    0.7860    0.1070    0.5777    0.3027    0.3134
 000050   G  0.883759  0.788534  0.734600    0.0789    0.2258    0.7990    0.0960    0.5851    0.3120    0.3126
 000051   R  0.927762  0.807144  0.738050    0.1240    0.2715    0.8120    0.0850    0.6134    0.3022    0.3001
 000052   V  0.934836  0.814785  0.742718    0.2041    0.3872    0.8390    0.0950    0.6537    0.2647    0.2978
 000053   E  0.934032  0.829853  0.746242    0.2041    0.3807    0.9180    0.0940    0.6688    0.2779    0.2852
 000054   R  0.943180  0.829308  0.749477    0.2385    0.3494    0.9300    0.0800    0.6734    0.2778    0.2772
 000055   L  0.968016  0.842431  0.752995    0.2963    0.3426    0.9610    0.0380    0.6939    0.2750    0.2812
 000056   L  0.976226  0.848016  0.757122    0.4116    0.3910    0.9660    0.0310    0.7250    0.2405    0.2647
 000057   R  0.985230  0.851743  0.759976    0.4825    0.3872    0.9760    0.0220    0.7404    0.2307    0.2384
 000058   R  0.986309  0.855020  0.760228    0.5043    0.3426    0.9810    0.0110    0.7382    0.2401    0.2278
 000059   M  0.997231  0.855437  0.759513    0.6219    0.4087    0.9790    0.0220    0.7702    0.2062    0.2233
 000060   G  0.989984  0.854597  0.758012    0.6412    0.3460    0.9650    0.0320    0.7591    0.2196    0.2167
 000061   R  0.997262  0.853586  0.756153    0.6681    0.3019    0.9470    0.0520    0.7540    0.2302    0.2070
 000062   R  0.999373  0.854838  0.754912    0.7317    0.2918    0.9270    0.0870    0.7599    0.2288    0.2052
