#RESNUM RES     VL-XT     VSL2B       VL3  IUPred-S  IUPred-L  PONDRFIT  FITERROR       MDP  MDPERROR   ANCHOR2
 000001   M  0.278568  0.871827  0.817594    0.7724    0.0531    0.9470    0.0330    0.6235    0.3344    0.3673
 000002   A  0.331720  0.880267  0.816683    0.6715    0.0334    0.9530    0.0240    0.6144    0.3284    0.3714
 000003   W  0.311290  0.851014  0.814962    0.6442    0.0555    0.9620    0.0240    0.6064    0.3218    0.3756
 000004   R  0.387025  0.854665  0.813601    0.5374    0.0870    0.9590    0.0280    0.6065    0.3032    0.3791
 000005   L  0.395360  0.843899  0.812232    0.5173    0.1184    0.9620    0.0390    0.6082    0.2932    0.3825
 000006   L  0.426703  0.836562  0.811494    0.4879    0.1759    0.9520    0.0560    0.6151    0.2725    0.3843
 000007   R  0.461692  0.853437  0.810486    0.4556    0.1791    0.9620    0.0420    0.6204    0.2752    0.3916
 000008   L  0.516384  0.855130  0.810685    0.4379    0.2064    0.9620    0.0330    0.6315    0.2655    0.3918
 000009   E  0.563919  0.862276  0.811772    0.3762    0.2680    0.9410    0.0320    0.6372    0.2527    0.3936
 000010   P  0.608608  0.871120  0.814774    0.3359    0.3215    0.9350    0.0210    0.6478    0.2468    0.3973
 000011   L  0.659614  0.877077  0.818364    0.3146    0.3566    0.9480    0.0210    0.6624    0.2472    0.3996
 000012   G  0.709244  0.895553  0.822038    0.3668    0.4149    0.9480    0.0120    0.6927    0.2261    0.4022
 000013   L  0.760593  0.890061  0.825494    0.3992    0.4441    0.9500    0.0120    0.7115    0.2134    0.4044
 000014   Q  0.798947  0.904056  0.827967    0.5126    0.5139    0.9300    0.0270    0.7480    0.1717    0.4084
 000015   E  0.832140  0.908994  0.828861    0.5253    0.4220    0.9120    0.0450    0.7383    0.1923    0.4105
 000016   G  0.855783  0.909564  0.828992    0.5802    0.4901    0.9050    0.0510    0.7616    0.1645    0.4124
 000017   P  0.862635  0.908971  0.828564    0.5802    0.4940    0.8780    0.0630    0.7587    0.1604    0.4142
 000018   A  0.870343  0.906308  0.828648    0.5762    0.4256    0.8610    0.0620    0.7447    0.1792    0.4130
 000019   S  0.864827  0.903417  0.828308    0.5900    0.5296    0.7990    0.0620    0.7526    0.1411    0.4126
 000020   P  0.863461  0.896158  0.827841    0.5173    0.5342    0.7190    0.0650    0.7263    0.1520    0.4115
 000021   P  0.867303  0.889648  0.827857    0.5126    0.5382    0.6100    0.0870    0.7076    0.1578    0.4106
 000022   E  0.868723  0.885576  0.827975    0.5941    0.5296    0.5940    0.0750    0.7166    0.1467    0.4104
 000023   P  0.866109  0.879923  0.828824    0.6079    0.5419    0.5460    0.0950    0.7118    0.1488    0.4079
 000024   G  0.862379  0.869374  0.829368    0.5992    0.6089    0.4890    0.1200    0.7097    0.1496    0.4053
 000025   A  0.858935  0.859773  0.828642    0.5941    0.5901    0.4340    0.1120    0.6942    0.1640    0.4009
 000026   F  0.854255  0.839755  0.825230    0.5623    0.5533    0.4110    0.0790    0.6744    0.1727    0.3980
 000027   R  0.845822  0.836072  0.817922    0.5412    0.5533    0.3830    0.0760    0.6628    0.1793    0.4000
 000028   L  0.840780  0.823414  0.808934    0.4967    0.5254    0.4320    0.0840    0.6546    0.1723    0.3986
 000029   L  0.759091  0.810853  0.799078    0.5253    0.5620    0.4090    0.1040    0.6443    0.1533    0.4009
 000030   E  0.677578  0.792216  0.789528    0.5296    0.5342    0.3860    0.1190    0.6182    0.1484    0.4057
 000031   E  0.647410  0.791340  0.780802    0.5331    0.5342    0.3930    0.1430    0.6133    0.1427    0.4103
 000032   P  0.625604  0.803457  0.772442    0.4967    0.4087    0.3990    0.1350    0.5843    0.1623    0.4156
 000033   W  0.622010  0.799226  0.764492    0.5084    0.4292    0.4150    0.1290    0.5898    0.1518    0.4184
 000034   E  0.575209  0.809315  0.756304    0.4116    0.4119    0.3690    0.1410    0.5555    0.1739    0.4243
 000035   A  0.503642  0.801839  0.746600    0.4245    0.4441    0.3460    0.1380    0.5444    0.1697    0.4301
 000036   K  0.435953  0.791866  0.734096    0.4513    0.3910    0.3360    0.1140    0.5233    0.1742    0.4320
 000037   R  0.355452  0.777870  0.717002    0.5473    0.4017    0.3770    0.1200    0.5294    0.1668    0.4302
 000038   G  0.338717  0.755456  0.699618    0.4967    0.3149    0.4530    0.1430    0.5097    0.1669    0.4332
 000039   G  0.326883  0.742270  0.681840    0.4703    0.3249    0.4630    0.1470    0.5016    0.1605    0.4284
 000040   Q  0.325483  0.721182  0.664492    0.4458    0.4220    0.4470    0.1370    0.5044    0.1403    0.4220
 000041   A  0.294141  0.685062  0.644683    0.3630    0.4087    0.4420    0.1310    0.4729    0.1436    0.4119
 000042   P  0.245703  0.655727  0.623391    0.3668    0.3807    0.4260    0.1440    0.4497    0.1452    0.4017
 000043   W  0.230846  0.630858  0.600562    0.3456    0.3667    0.4900    0.1590    0.4441    0.1430    0.3923
 000044   P  0.262812  0.613162  0.576590    0.4078    0.4441    0.4380    0.1490    0.4571    0.1150    0.3883
 000045   E  0.285061  0.585953  0.552611    0.4078    0.3983    0.4180    0.1770    0.4414    0.1010    0.3830
 000046   P  0.315106  0.552908  0.529820    0.4149    0.4409    0.3430    0.1680    0.4328    0.0876    0.3770
 000047   L  0.352541  0.508952  0.507991    0.3885    0.4186    0.3020    0.1500    0.4130    0.0763    0.3714
 000048   Y  0.385912  0.466866  0.488194    0.4203    0.3566    0.2880    0.1480    0.4009    0.0675    0.3700
 000049   F  0.357136  0.446398  0.468938    0.3762    0.2884    0.2610    0.1420    0.3664    0.0755    0.3713
 000050   V  0.397996  0.456652  0.450020    0.2913    0.2609    0.2470    0.1330    0.3506    0.0873    0.3814
 000051   D  0.410041  0.442049  0.429640    0.1998    0.2609    0.2580    0.1380    0.3334    0.0964    0.3927
 000052   G  0.404538  0.433021  0.408621    0.1844    0.2884    0.2740    0.1170    0.3322    0.0898    0.4129
 000053   R  0.374415  0.435732  0.389110    0.1698    0.2884    0.2870    0.1110    0.3241    0.0872    0.4318
 000054   E  0.351770  0.415013  0.374078    0.2385    0.3599    0.2530    0.1040    0.3321    0.0643    0.4134
 000055   R  0.335105  0.423177  0.363852    0.2385    0.2503    0.2640    0.1150    0.3125    0.0672    0.3962
 000056   A  0.345420  0.431698  0.359441    0.2167    0.2094    0.2690    0.1260    0.3053    0.0805    0.3835
 000057   E  0.343986  0.433278  0.359112    0.1240    0.1206    0.2450    0.1080    0.2710    0.1186    0.3682
 000058   A  0.352265  0.430751  0.362119    0.1495    0.1206    0.2420    0.1050    0.2762    0.1144    0.3563
 000059   L  0.312064  0.420739  0.366050    0.1495    0.1914    0.2230    0.0760    0.2772    0.0968    0.3461
 000060   V  0.317993  0.401445  0.368083    0.1380    0.2292    0.2090    0.0670    0.2773    0.0928    0.3294
 000061   A  0.308072  0.369497  0.369355    0.1958    0.2258    0.1850    0.0520    0.2755    0.0772    0.3228
 000062   Q  0.303892  0.349095  0.368298    0.1205    0.1852    0.1770    0.0520    0.2506    0.0941    0.3132
 000063   G  0.293570  0.319719  0.367724    0.0744    0.1583    0.1830    0.0640    0.2328    0.1021    0.3131
 000064   P  0.293234  0.310702  0.367648    0.0621    0.1731    0.1580    0.0630    0.2274    0.1049    0.3146
 000065   R  0.254574  0.288081  0.369186    0.0425    0.1373    0.1560    0.0670    0.2080    0.1077    0.3103
 000066   L  0.236615  0.254366  0.372877    0.0455    0.1028    0.1650    0.0800    0.1962    0.1069    0.3153
 000067   A  0.229180  0.242140  0.376629    0.0441    0.1048    0.1810    0.0940    0.1963    0.1060    0.3173
 000068   L  0.228550  0.207181  0.381135    0.0259    0.0592    0.1980    0.0970    0.1834    0.1170    0.3196
 000069   L  0.181725  0.205908  0.383416    0.0252    0.0676    0.1940    0.0810    0.1763    0.1146    0.3211
 000070   G  0.172575  0.206701  0.384836    0.0194    0.1092    0.2000    0.0770    0.1822    0.1110    0.3203
 000071   C  0.157911  0.200475  0.385120    0.0308    0.1554    0.2080    0.0790    0.1896    0.1049    0.3224
 000072   V  0.148802  0.191277  0.385712    0.0376    0.1671    0.2220    0.0740    0.1920    0.1039    0.3140
 000073   A  0.128744  0.156991  0.386127    0.0350    0.1115    0.2260    0.0810    0.1741    0.1105    0.3041
 000074   A  0.121179  0.199149  0.387763    0.0327    0.1206    0.2140    0.0770    0.1793    0.1106    0.2867
 000075   G  0.103825  0.211049  0.390304    0.0144    0.0662    0.2210    0.0870    0.1678    0.1239    0.2695
 000076   A  0.073274  0.231326  0.395070    0.0167    0.0433    0.2280    0.0980    0.1646    0.1332    0.2538
 000077   V  0.036062  0.247628  0.401316    0.0182    0.0734    0.2480    0.1290    0.1708    0.1390    0.2338
 000078   A  0.041930  0.276635  0.408643    0.0121    0.0531    0.2570    0.1500    0.1750    0.1477    0.2135
 000079   L  0.098118  0.307594  0.414169    0.0231    0.0780    0.2530    0.1470    0.1956    0.1394    0.1958
 000080   K  0.151654  0.337373  0.417196    0.0212    0.0851    0.2400    0.1340    0.2088    0.1383    0.1753
 000081   G  0.207990  0.350425  0.420364    0.0194    0.0780    0.2420    0.1300    0.2197    0.1403    0.1584
 000082   G  0.256580  0.349622  0.426818    0.0182    0.1028    0.2440    0.1260    0.2330    0.1384    0.1418
 000083   R  0.307044  0.350299  0.436033    0.0304    0.1028    0.2120    0.1070    0.2398    0.1406    0.1287
 000084   V  0.354019  0.330111  0.446210    0.0363    0.1206    0.1890    0.0870    0.2461    0.1425    0.1212
 000085   E  0.412787  0.309831  0.453804    0.0304    0.0967    0.1630    0.0670    0.2444    0.1585    0.1154
 000086   V  0.491965  0.302337  0.458769    0.0297    0.0967    0.1540    0.0550    0.2557    0.1760    0.1085
 000087   L  0.527422  0.304015  0.458825    0.0231    0.0719    0.1600    0.0560    0.2576    0.1890    0.1032
 000088   G  0.511218  0.290647  0.455073    0.0376    0.1137    0.1690    0.0590    0.2629    0.1738    0.0997
 000089   L  0.479985  0.267532  0.450004    0.0274    0.1399    0.1850    0.0740    0.2583    0.1626    0.0987
 000090   R  0.447529  0.274979  0.444175    0.0554    0.1823    0.2000    0.0890    0.2674    0.1417    0.0986
 000091   V  0.427190  0.280457  0.440995    0.0607    0.1251    0.2330    0.0980    0.2612    0.1413    0.1015
 000092   R  0.404665  0.276543  0.438229    0.0502    0.0704    0.2700    0.1110    0.2517    0.1487    0.1056
 000093   R  0.383607  0.283096  0.437388    0.0304    0.0592    0.2950    0.1090    0.2482    0.1531    0.1204
 000094   V  0.351250  0.280395  0.436926    0.0167    0.0662    0.3290    0.0980    0.2467    0.1530    0.1400
 000095   G  0.293447  0.280795  0.436709    0.0259    0.1070    0.3450    0.0910    0.2481    0.1398    0.1599
 000096   V  0.297587  0.274234  0.436661    0.0245    0.0618    0.3640    0.0940    0.2432    0.1510    0.1827
 000097   G  0.328308  0.302443  0.435830    0.0425    0.0631    0.3620    0.0980    0.2556    0.1492    0.2119
 000098   L  0.381996  0.302895  0.438271    0.0464    0.0592    0.3680    0.0960    0.2661    0.1559    0.2429
 000099   E  0.437243  0.315763  0.444612    0.0304    0.0631    0.3410    0.0910    0.2720    0.1662    0.2761
 000100   E  0.472388  0.326818  0.455405    0.0327    0.1206    0.3090    0.0910    0.2862    0.1618    0.3087
 000101   A  0.504718  0.328191  0.467490    0.0395    0.1115    0.3080    0.1010    0.2933    0.1703    0.3449
 000102   L  0.539071  0.335940  0.479988    0.0789    0.1823    0.3030    0.1040    0.3198    0.1588    0.3781
 000103   W  0.576337  0.338837  0.493821    0.0701    0.2064    0.2920    0.0980    0.3295    0.1693    0.4071
 000104   A  0.620232  0.366508  0.508807    0.0935    0.1528    0.2510    0.0760    0.3322    0.1875    0.4102
 000105   G  0.631704  0.383846  0.523077    0.1495    0.2129    0.2410    0.0660    0.3570    0.1737    0.4119
 000106   E  0.622999  0.407324  0.536778    0.0965    0.2224    0.2630    0.0750    0.3581    0.1828    0.4143
 000107   L  0.613004  0.404006  0.549201    0.1495    0.2918    0.2930    0.0940    0.3833    0.1592    0.4137
 000108   V  0.593364  0.439359  0.562673    0.1635    0.2129    0.3160    0.1030    0.3813    0.1640    0.4102
 000109   Y  0.597504  0.481867  0.576433    0.2483    0.3019    0.3300    0.1040    0.4226    0.1362    0.4110
 000110   E  0.623381  0.520662  0.591020    0.1667    0.2918    0.3000    0.0720    0.4157    0.1710    0.4102
 000111   P  0.649934  0.540821  0.605522    0.1766    0.2034    0.3270    0.0640    0.4173    0.1900    0.4072
 000112   A  0.667824  0.571768  0.618189    0.2080    0.2328    0.3930    0.0800    0.4486    0.1824    0.3994
 000113   P  0.689159  0.586577  0.628450    0.2122    0.2817    0.4250    0.0970    0.4705    0.1783    0.3897
 000114   T  0.712885  0.594534  0.637525    0.3053    0.3774    0.4540    0.1110    0.5136    0.1455    0.3755
 000115   L  0.737957  0.615379  0.645258    0.3053    0.3215    0.4440    0.1020    0.5116    0.1649    0.3645
 000116   G  0.762098  0.622590  0.651264    0.3053    0.3087    0.4060    0.0840    0.5094    0.1777    0.3526
 000117   E  0.793334  0.631170  0.655776    0.2122    0.2715    0.4130    0.0830    0.4961    0.2122    0.3372
 000118   G  0.814539  0.642824  0.660150    0.2786    0.3182    0.4290    0.0950    0.5239    0.1952    0.3244
 000119   L  0.815015  0.640423  0.666103    0.3146    0.3740    0.3940    0.1020    0.5341    0.1830    0.3130
 000120   E  0.815829  0.641082  0.672401    0.3717    0.4766    0.3920    0.0970    0.5616    0.1609    0.2927
 000121   G  0.821494  0.641637  0.680374    0.3456    0.4330    0.4290    0.1090    0.5585    0.1678    0.2739
 000122   L  0.825285  0.645749  0.688389    0.3311    0.3249    0.4120    0.1090    0.5380    0.1918    0.2584
 000123   Q  0.826075  0.643210  0.696828    0.3311    0.3667    0.3730    0.1100    0.5394    0.1909    0.2447
 000124   A  0.824691  0.620165  0.704917    0.2255    0.3356    0.3610    0.1040    0.5120    0.2171    0.2360
 000125   G  0.823813  0.631042  0.712089    0.2333    0.3321    0.3800    0.0970    0.5187    0.2155    0.2296
 000126   L  0.823828  0.629809  0.718077    0.3096    0.3392    0.4150    0.1000    0.5392    0.1955    0.2279
 000127   R  0.824292  0.652579  0.721373    0.3263    0.3087    0.4380    0.1140    0.5452    0.1983    0.2248
 000128   A  0.827204  0.655225  0.722454    0.2385    0.3117    0.4390    0.1210    0.5324    0.2167    0.2277
 000129   A  0.829995  0.684271  0.721759    0.2041    0.3087    0.4230    0.1290    0.5287    0.2299    0.2312
 000130   R  0.831726  0.673889  0.719003    0.2913    0.3053    0.4010    0.1350    0.5371    0.2126    0.2325
 000131   E  0.831191  0.669237  0.714265    0.2700    0.3053    0.4620    0.1310    0.5420    0.2105    0.2415
 000132   A  0.830239  0.680559  0.704181    0.1805    0.3053    0.5600    0.1030    0.5435    0.2293    0.2514
 000133   L  0.830461  0.679441  0.690090    0.2700    0.3807    0.6150    0.0900    0.5776    0.1922    0.2596
 000134   E  0.827868  0.681880  0.672712    0.2657    0.2918    0.6740    0.1030    0.5690    0.2123    0.2666
 000135   K  0.824105  0.674831  0.654815    0.3005    0.2364    0.6810    0.0960    0.5619    0.2154    0.2742
 000136   E  0.822417  0.662327  0.636880    0.2080    0.1702    0.6780    0.1100    0.5297    0.2482    0.2888
 000137   V  0.821705  0.642639  0.618689    0.2080    0.1791    0.6470    0.1300    0.5195    0.2400    0.3018
 000138   A  0.814896  0.606499  0.601005    0.1667    0.2002    0.6280    0.1100    0.5030    0.2374    0.3170
 000139   E  0.810977  0.564466  0.582271    0.1322    0.2258    0.6160    0.1170    0.4886    0.2348    0.3304
 000140   G  0.807754  0.531894  0.562878    0.1602    0.2849    0.6100    0.1250    0.4929    0.2134    0.3425
 000141   L  0.799998  0.475372  0.542770    0.1732    0.2224    0.5690    0.1360    0.4638    0.2134    0.3592
 000142   E  0.787423  0.422756  0.523542    0.1766    0.2034    0.5110    0.1550    0.4374    0.2075    0.3692
 000143   G  0.768631  0.384481  0.505288    0.1456    0.1554    0.4610    0.1640    0.4033    0.2142    0.3746
 000144   G  0.754989  0.350990  0.487072    0.1958    0.1528    0.3790    0.1360    0.3867    0.1992    0.3867
 000145   L  0.746570  0.324044  0.467974    0.1205    0.1373    0.3360    0.1250    0.3554    0.2120    0.4058
 000146   L  0.691138  0.302722  0.447792    0.0723    0.1373    0.3160    0.1040    0.3278    0.2036    0.4145
 000147   V  0.627369  0.296618  0.427306    0.0587    0.1275    0.3020    0.0930    0.3067    0.1876    0.4093
 000148   V  0.574188  0.277208  0.406397    0.0884    0.2094    0.2730    0.1010    0.3048    0.1531    0.4033
 000149   D  0.492442  0.264141  0.385705    0.1088    0.1643    0.2730    0.1030    0.2814    0.1286    0.3994
 000150   G  0.411962  0.263555  0.365313    0.1178    0.0985    0.2800    0.0880    0.2562    0.1161    0.3934
 000151   P  0.337482  0.265199  0.346042    0.0660    0.0985    0.2690    0.0700    0.2304    0.1095    0.3920
 000152   V  0.275025  0.252669  0.328552    0.0643    0.0948    0.2630    0.0590    0.2131    0.0978    0.3851
 000153   R  0.207175  0.253502  0.313112    0.0621    0.0454    0.2430    0.0470    0.1873    0.0996    0.3819
 000154   L  0.138323  0.258765  0.300667    0.0363    0.0454    0.2400    0.0570    0.1699    0.1035    0.3823
 000155   L  0.114864  0.265932  0.289396    0.0173    0.0494    0.2120    0.0500    0.1582    0.1044    0.3725
 000156   R  0.189812  0.266351  0.277260    0.0336    0.0870    0.1550    0.0360    0.1681    0.0884    0.3574
 000157   K  0.217263  0.260787  0.264527    0.0607    0.0780    0.1260    0.0270    0.1679    0.0834    0.3579
 000158   G  0.242034  0.252647  0.250914    0.0991    0.0780    0.1080    0.0300    0.1719    0.0773    0.3666
 000159   P  0.296306  0.229186  0.239998    0.0789    0.1162    0.0850    0.0360    0.1743    0.0843    0.3760
 000160   L  0.308652  0.214336  0.230652    0.0464    0.0618    0.0720    0.0340    0.1557    0.1002    0.3768
 000161   L  0.304004  0.197851  0.224578    0.0455    0.0372    0.0590    0.0260    0.1447    0.1027    0.3760
 000162   G  0.358995  0.171465  0.219381    0.0212    0.0372    0.0540    0.0260    0.1436    0.1207    0.3702
 000163   Y  0.351096  0.153432  0.217275    0.0194    0.0581    0.0540    0.0240    0.1422    0.1150    0.3670
 000164   I  0.340411  0.145438  0.217428    0.0268    0.0676    0.0500    0.0170    0.1412    0.1099    0.3604
 000165   K  0.243833  0.131355  0.219414    0.0464    0.1048    0.0500    0.0130    0.1326    0.0763    0.3566
 000166   T  0.180573  0.123390  0.221875    0.0789    0.1759    0.0630    0.0160    0.1406    0.0571    0.3557
 000167   H  0.151950  0.119750  0.225286    0.0858    0.1611    0.0670    0.0160    0.1352    0.0522    0.3515
 000168   W  0.100102  0.133693  0.228956    0.0909    0.1092    0.0840    0.0210    0.1245    0.0493    0.3359
 000169   V  0.086286  0.143741  0.231380    0.0744    0.0690    0.1120    0.0310    0.1195    0.0560    0.3200
 000170   R  0.112717  0.172967  0.231332    0.0387    0.0618    0.1470    0.0420    0.1274    0.0654    0.3088
 000171   Y  0.102940  0.205419  0.231068    0.0425    0.0851    0.1880    0.0540    0.1425    0.0692    0.3052
 000172   L  0.159539  0.254985  0.230481    0.0771    0.0870    0.2360    0.0810    0.1742    0.0717    0.3028
 000173   P  0.236341  0.292715  0.232656    0.0621    0.0734    0.2560    0.0970    0.1921    0.0901    0.3015
 000174   K  0.320691  0.343192  0.236950    0.0607    0.1449    0.2750    0.1150    0.2303    0.0992    0.2998
 000175   E  0.412316  0.392095  0.244261    0.0965    0.2399    0.2380    0.0980    0.2705    0.1063    0.3003
 000176   R  0.501873  0.416158  0.253988    0.1060    0.2541    0.2280    0.0930    0.2933    0.1298    0.3002
 000177   E  0.588472  0.407474  0.267203    0.1041    0.2292    0.2170    0.0830    0.3022    0.1561    0.3030
 000178   A  0.677878  0.422834  0.283076    0.1018    0.2399    0.2200    0.0770    0.3242    0.1844    0.3081
 000179   L  0.739353  0.420651  0.299393    0.1698    0.3704    0.2150    0.0810    0.3691    0.1862    0.3177
 000180   L  0.776088  0.415345  0.314841    0.2531    0.4119    0.1870    0.0550    0.3931    0.1896    0.3226
 000181   E  0.796188  0.421833  0.329514    0.2786    0.3149    0.1520    0.0450    0.3821    0.2017    0.3220
 000182   A  0.751267  0.443439  0.343542    0.3399    0.3948    0.1460    0.0370    0.4032    0.1809    0.3228
 000183   L  0.741268  0.439483  0.355784    0.3311    0.4087    0.1600    0.0410    0.4060    0.1743    0.3223
 000184   A  0.695749  0.449195  0.366048    0.2963    0.3807    0.1550    0.0460    0.3906    0.1640    0.3192
 000185   P  0.643045  0.459974  0.373882    0.2167    0.3740    0.1550    0.0520    0.3704    0.1594    0.3179
 000186   G  0.626935  0.471697  0.380157    0.2122    0.3566    0.1560    0.0520    0.3673    0.1567    0.3147
 000187   E  0.610388  0.475421  0.387062    0.2041    0.3704    0.1520    0.0520    0.3665    0.1551    0.3106
 000188   R  0.565125  0.482969  0.395231    0.2041    0.2817    0.1350    0.0430    0.3440    0.1517    0.3081
 000189   T  0.525497  0.490678  0.406428    0.2432    0.3182    0.1170    0.0320    0.3502    0.1416    0.3104
 000190   P  0.464678  0.483675  0.417911    0.2333    0.3182    0.1090    0.0250    0.3377    0.1339    0.3081
 000191   A  0.452559  0.460293  0.427983    0.3184    0.3667    0.1040    0.0220    0.3550    0.1228    0.3111
 000192   F  0.392475  0.432119  0.435963    0.2333    0.3566    0.1100    0.0240    0.3267    0.1183    0.3133
 000193   R  0.410449  0.408379  0.441956    0.2333    0.2752    0.1140    0.0240    0.3139    0.1172    0.3103
 000194   V  0.420805  0.418146  0.448246    0.3263    0.2680    0.1330    0.0370    0.3358    0.1098    0.3089
 000195   H  0.347599  0.430209  0.453444    0.2558    0.2258    0.1360    0.0360    0.3082    0.1130    0.3094
 000196   R  0.273647  0.432682  0.459710    0.1667    0.1942    0.1460    0.0390    0.2789    0.1250    0.3072
 000197   K  0.229454  0.435540  0.466377    0.1150    0.1298    0.1530    0.0380    0.2548    0.1436    0.3065
 000198   G  0.182439  0.463526  0.473227    0.1117    0.1424    0.1640    0.0460    0.2562    0.1516    0.3058
 000199   L  0.201986  0.478056  0.481205    0.0744    0.0985    0.1770    0.0570    0.2518    0.1668    0.3029
 000200   E  0.204916  0.493353  0.490414    0.0789    0.1070    0.1700    0.0620    0.2574    0.1707    0.2976
 000201   L  0.210598  0.481518  0.501866    0.0414    0.1070    0.1790    0.0610    0.2535    0.1768    0.2955
 000202   A  0.195509  0.522543  0.512458    0.0542    0.1349    0.1850    0.0580    0.2675    0.1826    0.2918
 000203   S  0.193987  0.512396  0.522378    0.1117    0.2258    0.1950    0.0550    0.2935    0.1620    0.2891
 000204   W  0.263894  0.481769  0.529947    0.1240    0.1671    0.2290    0.0810    0.2994    0.1532    0.2894
 000205   Y  0.317232  0.494752  0.534613    0.1805    0.2193    0.2430    0.1010    0.3315    0.1362    0.2935
 000206   V  0.384599  0.454755  0.536550    0.1150    0.2436    0.2290    0.1020    0.3273    0.1443    0.2948
 000207   R  0.449977  0.467497  0.535603    0.1150    0.2849    0.2240    0.0990    0.3461    0.1492    0.2997
 000208   L  0.478377  0.455172  0.530786    0.1322    0.2094    0.2470    0.1020    0.3422    0.1515    0.3087
 000209   P  0.495834  0.471584  0.525850    0.1456    0.1823    0.2660    0.1030    0.3479    0.1548    0.3195
 000210   L  0.508778  0.512506  0.524023    0.1349    0.2575    0.2810    0.1070    0.3698    0.1523    0.3318
 000211   P  0.534600  0.547931  0.527891    0.1088    0.1759    0.2700    0.1040    0.3609    0.1821    0.3450
 000212   P  0.563814  0.576371  0.533185    0.1766    0.1759    0.3150    0.0870    0.3902    0.1744    0.3622
 000213   E  0.573393  0.593372  0.538645    0.1266    0.1942    0.3820    0.0610    0.4014    0.1844    0.3828
 000214   G  0.619426  0.604143  0.542893    0.0660    0.1373    0.4230    0.0580    0.3987    0.2203    0.4030
 000215   L  0.651430  0.605458  0.547050    0.1178    0.2436    0.4240    0.0800    0.4315    0.1940    0.4207
 000216   R  0.679846  0.590795  0.549017    0.1060    0.3426    0.3800    0.0970    0.4414    0.1901    0.4300
 000217   P  0.712917  0.561153  0.549652    0.1732    0.4369    0.3260    0.1060    0.4599    0.1747    0.4202
 000218   P  0.772450  0.527540  0.547604    0.1844    0.3667    0.3390    0.1030    0.4562    0.1867    0.4059
 000219   L  0.802669  0.494939  0.544410    0.2786    0.4149    0.3320    0.1070    0.4780    0.1708    0.3947
 000220   A  0.744296  0.462450  0.541085    0.1698    0.3872    0.3060    0.1000    0.4352    0.1812    0.3878
 000221   G  0.721495  0.441384  0.538139    0.2167    0.4940    0.2950    0.0880    0.4511    0.1643    0.3817
 000222   L  0.694844  0.411515  0.536442    0.2041    0.3566    0.2960    0.0880    0.4166    0.1608    0.3767
 000223   L  0.662976  0.440578  0.533436    0.2041    0.2503    0.3110    0.0770    0.4003    0.1620    0.3773
 000224   R  0.627859  0.425777  0.530546    0.1266    0.2503    0.3340    0.0860    0.3824    0.1680    0.3808
 000225   V  0.580796  0.482292  0.527348    0.0771    0.1731    0.3130    0.0650    0.3590    0.1866    0.3821
 000226   E  0.541697  0.507668  0.526333    0.1495    0.2164    0.2710    0.0780    0.3688    0.1607    0.3769
 000227   T  0.495160  0.491062  0.526060    0.1041    0.2364    0.2870    0.0990    0.3566    0.1576    0.3689
 000228   P  0.486222  0.509850  0.526172    0.0744    0.1399    0.2910    0.1100    0.3380    0.1816    0.3669
 000229   L  0.524594  0.497837  0.526957    0.0701    0.1206    0.2880    0.1130    0.3381    0.1904    0.3631
 000230   A  0.500170  0.486294  0.527680    0.0723    0.1206    0.2550    0.0940    0.3271    0.1863    0.3625
 000231   G  0.502206  0.463021  0.527346    0.0909    0.1399    0.2440    0.0990    0.3279    0.1765    0.3592
 000232   P  0.495398  0.460021  0.526908    0.0502    0.0888    0.2420    0.1010    0.3105    0.1937    0.3558
 000233   F  0.435374  0.488067  0.526175    0.0935    0.0719    0.2420    0.0970    0.3095    0.1837    0.3504
 000234   L  0.391976  0.454933  0.527743    0.1018    0.1323    0.2180    0.0830    0.3045    0.1624    0.3420
 000235   E  0.334352  0.507263  0.528975    0.0567    0.1184    0.1800    0.0630    0.2877    0.1835    0.3369
 000236   L  0.283913  0.541433  0.532466    0.1240    0.1115    0.1790    0.0590    0.2955    0.1796    0.3315
 000237   A  0.237198  0.553417  0.535948    0.0909    0.0909    0.1790    0.0570    0.2811    0.1932    0.3287
 000238   D  0.187684  0.555422  0.541321    0.0502    0.0835    0.2010    0.0670    0.2699    0.2040    0.3271
 000239   L  0.157630  0.570396  0.548263    0.0363    0.0719    0.2350    0.0820    0.2699    0.2142    0.3268
 000240   S  0.119758  0.568747  0.554254    0.0677    0.1323    0.2530    0.0940    0.2826    0.2049    0.3273
 000241   L  0.099901  0.568446  0.558467    0.0813    0.1048    0.3050    0.1120    0.2863    0.2097    0.3253
 000242   G  0.097887  0.556843  0.560022    0.0965    0.1070    0.3210    0.1240    0.2898    0.2053    0.3285
 000243   L  0.098742  0.546176  0.562772    0.0502    0.0967    0.3100    0.1060    0.2774    0.2125    0.3329
 000244   F  0.107593  0.551404  0.565924    0.0935    0.1942    0.2700    0.0850    0.2971    0.1939    0.3388
 000245   P  0.110597  0.545687  0.569636    0.1566    0.2645    0.2320    0.0690    0.3132    0.1800    0.3468
 000246   A  0.117092  0.556369  0.573117    0.1635    0.2224    0.2740    0.0660    0.3177    0.1813    0.3530
 000247   L  0.116326  0.560801  0.578421    0.2255    0.3286    0.3200    0.0810    0.3550    0.1673    0.3579
 000248   A  0.119844  0.572764  0.586470    0.2255    0.3667    0.3250    0.0980    0.3661    0.1700    0.3637
 000249   S  0.109272  0.583470  0.598667    0.2333    0.3704    0.3470    0.1120    0.3737    0.1756    0.3705
 000250   H  0.078532  0.610031  0.611968    0.3456    0.3740    0.3660    0.1280    0.3977    0.1813    0.3776
 000251   P  0.181919  0.639978  0.624898    0.3456    0.2988    0.4000    0.1360    0.4152    0.1671    0.3850
 000252   V  0.277893  0.660749  0.636506    0.3630    0.4017    0.4740    0.1630    0.4689    0.1397    0.3922
 000253   K  0.357381  0.677835  0.648127    0.2865    0.3356    0.4070    0.1520    0.4520    0.1535    0.3970
 000254   D  0.448891  0.686441  0.660924    0.4078    0.4186    0.3570    0.1290    0.4967    0.1282    0.4029
 000255   P  0.529402  0.691069  0.674980    0.4333    0.5419    0.3360    0.1270    0.5345    0.1250    0.4084
 000256   R  0.616889  0.690731  0.690088    0.4116    0.4292    0.3700    0.1290    0.5348    0.1345    0.4142
 000257   A  0.704650  0.689419  0.705850    0.4458    0.4725    0.3360    0.1220    0.5590    0.1472    0.4158
 000258   P  0.786321  0.677212  0.720695    0.4556    0.5533    0.2970    0.1090    0.5816    0.1674    0.4167
 000259   Q  0.861501  0.642996  0.735445    0.4918    0.6043    0.2960    0.1060    0.6054    0.1790    0.4168
 000260   N  0.799259  0.639385  0.749290    0.4967    0.5098    0.2910    0.1020    0.5810    0.1710    0.4168
 000261   L  0.755413  0.638848  0.762697    0.5008    0.5098    0.3050    0.1150    0.5788    0.1604    0.4137
 000262   L  0.715167  0.625474  0.776205    0.4037    0.4766    0.2890    0.0980    0.5477    0.1728    0.4118
 000263   P  0.668999  0.623071  0.788495    0.4825    0.5419    0.2640    0.0880    0.5616    0.1642    0.4128
 000264   V  0.634809  0.660812  0.801693    0.4781    0.5017    0.2840    0.0920    0.5602    0.1636    0.4173
 000265   G  0.614946  0.686494  0.813748    0.4651    0.4940    0.2960    0.0900    0.5617    0.1666    0.4176
 000266   G  0.591553  0.696825  0.826227    0.4078    0.4619    0.3650    0.1060    0.5582    0.1641    0.4174
 000267   L  0.567152  0.729883  0.837640    0.4149    0.4979    0.3920    0.1120    0.5732    0.1623    0.4171
 000268   E  0.551794  0.753993  0.849658    0.4458    0.5419    0.3490    0.0940    0.5820    0.1716    0.4198
 000269   R  0.563149  0.770495  0.860881    0.4458    0.4476    0.4050    0.0980    0.5822    0.1739    0.4233
 000270   E  0.555766  0.790627  0.871639    0.4245    0.3667    0.4710    0.0980    0.5801    0.1878    0.4258
 000271   L  0.553326  0.794905  0.881277    0.3578    0.3566    0.5040    0.1200    0.5746    0.2011    0.4274
 000272   S  0.549935  0.801131  0.890025    0.3668    0.4292    0.4800    0.1350    0.5861    0.1932    0.4310
 000273   R  0.548246  0.799877  0.897476    0.4420    0.4766    0.4580    0.1470    0.6037    0.1786    0.4333
 000274   R  0.530930  0.808914  0.903049    0.4116    0.3740    0.4950    0.1520    0.5872    0.1987    0.4336
 000275   M  0.539338  0.821331  0.907803    0.4458    0.4119    0.5480    0.1660    0.6123    0.1864    0.4298
 000276   G  0.516634  0.813675  0.913007    0.3668    0.4051    0.5800    0.1730    0.5992    0.2014    0.4284
 000277   R  0.514925  0.822137  0.918696    0.3311    0.3087    0.6030    0.1570    0.5832    0.2286    0.4271
 000278   P  0.543435  0.831240  0.923630    0.4078    0.3087    0.6150    0.1400    0.6049    0.2173    0.4246
 000279   E  0.566970  0.828566  0.926745    0.3184    0.3019    0.6850    0.1360    0.6046    0.2364    0.4199
 000280   V  0.549618  0.814791  0.928251    0.2483    0.3087    0.7460    0.1180    0.5993    0.2538    0.4143
 000281   V  0.533451  0.820300  0.929673    0.2483    0.2715    0.7620    0.1110    0.5943    0.2644    0.4087
 000282   G  0.511448  0.791854  0.930642    0.3225    0.3392    0.7680    0.1170    0.6107    0.2333    0.4045
 000283   R  0.499674  0.805436  0.931942    0.2865    0.3286    0.7440    0.1570    0.5994    0.2433    0.3985
 000284   M  0.487489  0.807295  0.933282    0.2820    0.3149    0.8810    0.1130    0.6177    0.2666    0.3927
 000285   L  0.484972  0.823987  0.935484    0.3263    0.2988    0.9170    0.0750    0.6310    0.2696    0.3875
 000286   A  0.494298  0.813248  0.937922    0.3992    0.3087    0.9380    0.0650    0.6486    0.2569    0.3821
 000287   R  0.507312  0.803893  0.941056    0.4379    0.2783    0.9450    0.0500    0.6522    0.2578    0.3791
 000288   Y  0.536481  0.835888  0.943805    0.4825    0.2541    0.9590    0.0310    0.6687    0.2621    0.3737
 000289   L  0.572548  0.845672  0.946494    0.5008    0.1823    0.9670    0.0210    0.6691    0.2803    0.3661
 000290   G  0.716753  0.872757  0.948165    0.5412    0.1349    0.9760    0.0230    0.6982    0.2922    0.3581
 000291   G  0.885092  0.888997  0.949804    0.6442    0.1759    0.9770    0.0260    0.7535    0.2798    0.3538
 000292   A  0.942545  0.894479  0.951945    0.7388    0.2328    0.9740    0.0200    0.7891    0.2605    0.3494
 000293   R  0.622642  0.899800  0.953083    0.7724    0.1823    0.9730    0.0320    0.7339    0.2742    0.3468
