#RESNUM RES     VL-XT     VSL2B       VL3  IUPred-S  IUPred-L  PONDRFIT  FITERROR       MDP  MDPERROR   ANCHOR2
 000001   M  0.742942  0.944120  0.787862    0.9141    0.1349    0.9660    0.0180    0.7484    0.2861    0.2867
 000002   T  0.394624  0.943222  0.789577    0.8521    0.2164    0.9630    0.0220    0.6931    0.2846    0.3028
 000003   F  0.501340  0.943085  0.793105    0.8118    0.2064    0.9540    0.0190    0.7016    0.2670    0.3143
 000004   A  0.534070  0.942978  0.796444    0.7912    0.1206    0.9340    0.0380    0.6865    0.2868    0.3217
 000005   P  0.554467  0.941913  0.799204    0.7342    0.1476    0.9170    0.0540    0.6824    0.2712    0.3288
 000006   G  0.536002  0.942157  0.801173    0.6334    0.1007    0.9410    0.0430    0.6590    0.2908    0.3344
 000007   F  0.522200  0.941907  0.802355    0.5900    0.1251    0.9570    0.0350    0.6565    0.2881    0.3456
 000008   S  0.493054  0.940598  0.803610    0.5043    0.1476    0.9640    0.0290    0.6422    0.2900    0.3593
 000009   G  0.473386  0.940765  0.804674    0.4651    0.1702    0.9640    0.0240    0.6363    0.2891    0.3689
 000010   G  0.492422  0.941674  0.805321    0.4149    0.1914    0.9430    0.0350    0.6315    0.2839    0.3769
 000011   L  0.547597  0.937609  0.805090    0.3717    0.2129    0.9620    0.0290    0.6395    0.2835    0.3851
 000012   S  0.520861  0.939606  0.805218    0.4078    0.2783    0.9390    0.0280    0.6485    0.2598    0.3987
 000013   P  0.480202  0.938708  0.805684    0.3939    0.2645    0.9060    0.0450    0.6315    0.2626    0.4098
 000014   A  0.466497  0.931894  0.806396    0.4967    0.4087    0.8890    0.0520    0.6666    0.2141    0.4211
 000015   Y  0.466570  0.925583  0.806242    0.5173    0.3321    0.8720    0.0600    0.6533    0.2243    0.4298
 000016   R  0.495338  0.920279  0.805679    0.5173    0.3053    0.8340    0.0710    0.6463    0.2203    0.4313
 000017   L  0.503030  0.922941  0.804845    0.4420    0.3182    0.8420    0.0790    0.6388    0.2271    0.4241
 000018   G  0.501149  0.928451  0.802800    0.5173    0.4476    0.7830    0.0940    0.6633    0.1817    0.4109
 000019   S  0.475987  0.923842  0.799410    0.5331    0.3807    0.7560    0.0790    0.6448    0.1936    0.4009
 000020   R  0.445904  0.918396  0.796522    0.5412    0.3774    0.7790    0.0780    0.6431    0.1990    0.3913
 000021   R  0.501563  0.917244  0.793334    0.4781    0.3426    0.7890    0.0850    0.6369    0.2066    0.3820
 000022   S  0.560855  0.910581  0.790499    0.5253    0.4409    0.7840    0.0790    0.6687    0.1687    0.3719
 000023   P  0.582665  0.907265  0.786894    0.4967    0.4582    0.7840    0.0790    0.6693    0.1661    0.3674
 000024   S  0.611994  0.904227  0.783114    0.4879    0.4292    0.8100    0.0640    0.6710    0.1740    0.3627
 000025   P  0.646670  0.896584  0.777349    0.5126    0.4940    0.8220    0.0620    0.6915    0.1525    0.3592
 000026   F  0.705554  0.886499  0.768740    0.5846    0.6136    0.8470    0.0650    0.7343    0.1117    0.3570
 000027   S  0.761878  0.874704  0.757579    0.6035    0.5758    0.7900    0.0660    0.7273    0.1049    0.3498
 000028   E  0.805175  0.858602  0.743712    0.6474    0.6851    0.7720    0.0540    0.7519    0.0708    0.3426
 000029   E  0.827095  0.839163  0.726729    0.6219    0.6851    0.8150    0.0530    0.7525    0.0809    0.3385
 000030   V  0.846194  0.817554  0.707074    0.6255    0.5419    0.8150    0.0880    0.7255    0.1119    0.3334
 000031   R  0.853906  0.796695  0.685682    0.6293    0.5419    0.7830    0.1050    0.7151    0.1071    0.3278
 000032   A  0.847746  0.774329  0.663023    0.5412    0.5533    0.7580    0.1050    0.6896    0.1141    0.3228
 000033   E  0.847499  0.755601  0.639572    0.5473    0.4831    0.7190    0.1130    0.6653    0.1238    0.3197
 000034   E  0.847988  0.730890  0.615421    0.5331    0.3460    0.7960    0.1340    0.6449    0.1704    0.3136
 000035   G  0.835038  0.707146  0.590908    0.4749    0.3494    0.7930    0.1630    0.6251    0.1726    0.3074
 000036   P  0.777482  0.686241  0.566797    0.3578    0.3321    0.7580    0.1930    0.5798    0.1794    0.3023
 000037   G  0.701457  0.654629  0.543364    0.4149    0.4725    0.6390    0.1850    0.5710    0.1029    0.2971
 000038   A  0.617499  0.616508  0.520479    0.4203    0.4017    0.5680    0.1810    0.5241    0.0866    0.2959
 000039   G  0.537179  0.577313  0.497323    0.4333    0.3087    0.4670    0.1510    0.4701    0.0858    0.2941
 000040   G  0.445803  0.532651  0.474292    0.3146    0.2224    0.4070    0.1450    0.3994    0.1034    0.2941
 000041   F  0.359510  0.480808  0.451805    0.2786    0.2129    0.3340    0.1300    0.3529    0.0928    0.2936
 000042   S  0.266380  0.419387  0.430459    0.1805    0.2164    0.2560    0.1020    0.2948    0.0962    0.2935
 000043   Q  0.172448  0.337095  0.409098    0.1292    0.2609    0.2020    0.0870    0.2518    0.0965    0.2934
 000044   V  0.092304  0.258984  0.387634    0.1205    0.2064    0.1750    0.0690    0.2069    0.0974    0.2934
 000045   F  0.055794  0.213843  0.366324    0.1150    0.1942    0.1840    0.0870    0.1882    0.0960    0.2969
 000046   H  0.032408  0.217823  0.345887    0.0858    0.1162    0.1790    0.0870    0.1629    0.1016    0.3001
 000047   T  0.017510  0.182225  0.326079    0.0771    0.0967    0.1630    0.0670    0.1437    0.0981    0.3039
 000048   P  0.001115  0.172672  0.306299    0.0455    0.0948    0.1090    0.0440    0.1217    0.0982    0.3058
 000049   C  0.000600  0.145261  0.287481    0.0526    0.0765    0.0950    0.0460    0.1095    0.0907    0.3031
 000050   L  0.000512  0.119187  0.269591    0.0514    0.0463    0.0890    0.0530    0.0960    0.0859    0.3044
 000051   C  0.000450  0.106363  0.250709    0.0297    0.0463    0.0820    0.0510    0.0859    0.0813    0.3044
 000052   L  0.000757  0.098693  0.232734    0.0252    0.0581    0.0670    0.0350    0.0803    0.0749    0.3093
 000053   G  0.001092  0.102092  0.215177    0.0231    0.0483    0.0540    0.0230    0.0739    0.0703    0.3126
 000054   T  0.001233  0.089914  0.198996    0.0086    0.0306    0.0490    0.0200    0.0631    0.0674    0.3159
 000055   M  0.001275  0.088578  0.182352    0.0094    0.0281    0.0470    0.0170    0.0594    0.0619    0.3158
 000056   R  0.001980  0.087894  0.166825    0.0090    0.0341    0.0460    0.0150    0.0577    0.0563    0.3086
 000057   W  0.002624  0.096279  0.153324    0.0049    0.0218    0.0520    0.0190    0.0551    0.0544    0.3051
 000058   K  0.007523  0.097727  0.142048    0.0013    0.0174    0.0520    0.0170    0.0530    0.0515    0.2970
 000059   S  0.012425  0.095606  0.132993    0.0006    0.0148    0.0510    0.0130    0.0512    0.0484    0.2905
 000060   V  0.016472  0.088913  0.126847    0.0008    0.0143    0.0520    0.0130    0.0498    0.0452    0.2869
 000061   L  0.020817  0.081149  0.123030    0.0018    0.0188    0.0530    0.0120    0.0498    0.0418    0.2807
 000062   G  0.024858  0.067349  0.120954    0.0013    0.0181    0.0530    0.0110    0.0476    0.0394    0.2713
 000063   L  0.030631  0.062190  0.120262    0.0026    0.0240    0.0540    0.0100    0.0489    0.0374    0.2589
 000064   A  0.058780  0.061377  0.120425    0.0008    0.0248    0.0520    0.0110    0.0531    0.0369    0.2433
 000065   V  0.073211  0.058800  0.121188    0.0007    0.0202    0.0500    0.0130    0.0540    0.0385    0.2266
 000066   L  0.073143  0.060595  0.122015    0.0008    0.0160    0.0470    0.0140    0.0533    0.0395    0.2118
 000067   L  0.068664  0.071105  0.122616    0.0006    0.0171    0.0450    0.0130    0.0542    0.0398    0.1963
 000068   L  0.064214  0.075197  0.123198    0.0006    0.0191    0.0450    0.0130    0.0545    0.0398    0.1789
 000069   A  0.061243  0.085760  0.123894    0.0006    0.0209    0.0480    0.0140    0.0567    0.0406    0.1615
 000070   S  0.058471  0.096833  0.125193    0.0003    0.0141    0.0510    0.0150    0.0576    0.0435    0.1484
 000071   L  0.054819  0.110169  0.126434    0.0005    0.0202    0.0570    0.0180    0.0614    0.0449    0.1345
 000072   A  0.049624  0.119379  0.127591    0.0005    0.0380    0.0620    0.0200    0.0663    0.0447    0.1207
 000073   L  0.022387  0.134131  0.129176    0.0005    0.0223    0.0680    0.0230    0.0628    0.0527    0.1119
 000074   A  0.008585  0.154472  0.129877    0.0012    0.0227    0.0760    0.0280    0.0655    0.0597    0.1034
 000075   Q  0.009806  0.166176  0.129799    0.0009    0.0191    0.0790    0.0290    0.0674    0.0630    0.0986
 000076   A  0.021179  0.161957  0.127842    0.0008    0.0269    0.0800    0.0280    0.0698    0.0591    0.0966
 000077   L  0.030023  0.157218  0.125755    0.0009    0.0294    0.0820    0.0250    0.0709    0.0561    0.0966
 000078   T  0.034293  0.149863  0.123684    0.0029    0.0313    0.0750    0.0260    0.0696    0.0525    0.0976
 000079   L  0.066524  0.130256  0.122861    0.0037    0.0555    0.0810    0.0290    0.0766    0.0426    0.0956
 000080   D  0.103710  0.117700  0.123309    0.0028    0.0676    0.0800    0.0330    0.0825    0.0407    0.0969
 000081   L  0.107254  0.113664  0.125677    0.0029    0.0676    0.0740    0.0300    0.0819    0.0410    0.0954
 000082   R  0.111577  0.110477  0.129073    0.0075    0.1162    0.0650    0.0260    0.0900    0.0418    0.0968
 000083   P  0.115527  0.108183  0.133753    0.0090    0.0948    0.0610    0.0210    0.0870    0.0414    0.1009
 000084   Y  0.120561  0.114452  0.139469    0.0252    0.0909    0.0750    0.0240    0.0943    0.0372    0.0997
 000085   L  0.118265  0.131121  0.146705    0.0200    0.1162    0.0860    0.0230    0.1030    0.0414    0.0985
 000086   V  0.118470  0.144315  0.155271    0.0109    0.0948    0.1150    0.0350    0.1065    0.0471    0.0968
 000087   K  0.123989  0.186013  0.164924    0.0167    0.1206    0.1480    0.0500    0.1266    0.0541    0.0947
 000088   V  0.101916  0.230700  0.174689    0.0286    0.2064    0.1800    0.0550    0.1538    0.0685    0.0918
 000089   V  0.076046  0.271441  0.184969    0.0304    0.1349    0.1960    0.0530    0.1490    0.0797    0.0933
 000090   E  0.083817  0.320378  0.195945    0.0771    0.1759    0.2130    0.0720    0.1777    0.0826    0.0976
 000091   G  0.145558  0.363949  0.207617    0.0414    0.1162    0.2680    0.1130    0.1905    0.1050    0.1011
 000092   K  0.214039  0.384950  0.218457    0.0701    0.1731    0.2780    0.1380    0.2230    0.0959    0.1048
 000093   E  0.280915  0.374892  0.225997    0.0464    0.1942    0.2160    0.0840    0.2231    0.0987    0.1066
 000094   V  0.354750  0.372192  0.231440    0.0350    0.1731    0.1720    0.0470    0.2231    0.1155    0.1085
 000095   Y  0.430914  0.376402  0.234076    0.0744    0.2680    0.1380    0.0350    0.2536    0.1243    0.1137
 000096   E  0.487217  0.361664  0.236203    0.1380    0.2783    0.1130    0.0220    0.2690    0.1284    0.1205
 000097   A  0.548952  0.350634  0.237188    0.2255    0.2680    0.1150    0.0240    0.2908    0.1348    0.1248
 000098   N  0.603491  0.344147  0.238574    0.1635    0.2817    0.0970    0.0200    0.2881    0.1618    0.1312
 000099   P  0.641545  0.318823  0.239425    0.1635    0.2541    0.0770    0.0170    0.2824    0.1776    0.1381
 000100   L  0.596801  0.288104  0.239781    0.2483    0.3149    0.0750    0.0150    0.2938    0.1556    0.1438
 000101   A  0.577655  0.261469  0.238725    0.1602    0.2292    0.0680    0.0140    0.2559    0.1575    0.1493
 000102   V  0.568417  0.236016  0.236860    0.1532    0.1702    0.0690    0.0170    0.2389    0.1579    0.1582
 000103   R  0.509837  0.225292  0.234256    0.1018    0.1501    0.0680    0.0160    0.2149    0.1449    0.1721
 000104   P  0.448927  0.221710  0.230658    0.0621    0.1476    0.0680    0.0170    0.1965    0.1307    0.1902
 000105   G  0.407201  0.199096  0.227824    0.0832    0.2129    0.0660    0.0190    0.1993    0.1122    0.2074
 000106   D  0.355545  0.185847  0.225495    0.1416    0.2951    0.0690    0.0210    0.2121    0.0947    0.2251
 000107   V  0.312077  0.168249  0.225142    0.1380    0.2541    0.0660    0.0180    0.1939    0.0804    0.2343
 000108   L  0.282566  0.154124  0.225204    0.1532    0.2849    0.0660    0.0190    0.1943    0.0782    0.2495
 000109   E  0.295869  0.147548  0.225115    0.1205    0.2752    0.0640    0.0170    0.1880    0.0839    0.2602
 000110   W  0.263742  0.149085  0.223920    0.1088    0.2609    0.0600    0.0150    0.1778    0.0773    0.2694
 000111   R  0.217217  0.149866  0.221002    0.1732    0.2609    0.0600    0.0160    0.1803    0.0646    0.2731
 000112   L  0.209880  0.159393  0.216358    0.2122    0.2817    0.0640    0.0190    0.1906    0.0668    0.2805
 000113   V  0.200451  0.177697  0.210806    0.1998    0.3494    0.0720    0.0190    0.2018    0.0808    0.2813
 000114   A  0.190334  0.216927  0.203928    0.2041    0.2884    0.0810    0.0190    0.1975    0.0610    0.2793
 000115   E  0.183754  0.256102  0.196332    0.1878    0.2364    0.1300    0.0490    0.1983    0.0405    0.2734
 000116   N  0.170040  0.300814  0.187400    0.1322    0.1643    0.1700    0.0810    0.1874    0.0533    0.2696
 000117   R  0.171240  0.337818  0.178629    0.1041    0.1070    0.1860    0.0910    0.1808    0.0776    0.2693
 000118   A  0.177315  0.368334  0.170793    0.1018    0.0909    0.1310    0.0460    0.1734    0.0929    0.2785
 000119   Q  0.209815  0.364351  0.166040    0.1178    0.1583    0.1200    0.0500    0.1893    0.0842    0.2858
 000120   G  0.277162  0.339243  0.161113    0.0643    0.0888    0.1180    0.0520    0.1748    0.1004    0.2986
 000121   D  0.344976  0.315342  0.155353    0.1266    0.1731    0.1130    0.0520    0.2048    0.0911    0.3132
 000122   L  0.389498  0.266282  0.147200    0.0744    0.1702    0.0940    0.0330    0.1903    0.1083    0.3270
 000123   R  0.418702  0.209291  0.140385    0.1380    0.2503    0.0620    0.0150    0.2031    0.1132    0.3322
 000124   Q  0.423042  0.159237  0.135971    0.1878    0.3215    0.0520    0.0160    0.2132    0.1234    0.3410
 000125   V  0.446837  0.133090  0.132930    0.2292    0.2645    0.0450    0.0120    0.2087    0.1281    0.3535
 000126   A  0.459107  0.108729  0.131762    0.2255    0.1731    0.0430    0.0100    0.1902    0.1326    0.3707
 000127   L  0.455095  0.098363  0.131206    0.1532    0.1048    0.0430    0.0090    0.1643    0.1344    0.3895
 000128   V  0.440464  0.099720  0.132382    0.1150    0.1137    0.0460    0.0090    0.1579    0.1292    0.4023
 000129   I  0.364924  0.106165  0.133478    0.0935    0.1323    0.0500    0.0110    0.1467    0.1015    0.4079
 000130   P  0.281526  0.122232  0.134578    0.0965    0.1275    0.0560    0.0110    0.1364    0.0700    0.4128
 000131   I  0.222567  0.151817  0.136557    0.0965    0.1070    0.0640    0.0100    0.1297    0.0502    0.4151
 000132   P  0.179471  0.186098  0.141952    0.0884    0.0967    0.0710    0.0170    0.1272    0.0448    0.4167
 000133   K  0.160573  0.208528  0.150810    0.1150    0.1702    0.0840    0.0280    0.1482    0.0397    0.4190
 000134   E  0.129527  0.243014  0.163836    0.1178    0.1137    0.0970    0.0350    0.1442    0.0486    0.4268
 000135   T  0.099191  0.286256  0.178665    0.1292    0.1115    0.1180    0.0480    0.1538    0.0643    0.4285
 000136   Y  0.068218  0.298017  0.196634    0.1240    0.1115    0.1230    0.0350    0.1535    0.0748    0.4231
 000137   Y  0.029534  0.334464  0.213554    0.1602    0.1275    0.1330    0.0250    0.1664    0.0930    0.4242
 000138   L  0.021764  0.358122  0.228926    0.1667    0.1914    0.1280    0.0170    0.1825    0.1018    0.4312
 000139   E  0.021955  0.386811  0.239912    0.2255    0.2645    0.1260    0.0180    0.2107    0.1139    0.4270
 000140   G  0.068891  0.402880  0.248850    0.3225    0.2609    0.1660    0.0420    0.2451    0.1068    0.4247
 000141   S  0.115283  0.395821  0.257929    0.2963    0.1731    0.1880    0.0630    0.2378    0.0917    0.4251
 000142   A  0.121195  0.387199  0.270366    0.3225    0.2849    0.1720    0.0530    0.2597    0.0893    0.4259
 000143   K  0.168955  0.385592  0.287167    0.2255    0.2849    0.1370    0.0400    0.2481    0.0826    0.4245
 000144   P  0.206829  0.376408  0.306832    0.2602    0.2951    0.1280    0.0440    0.2622    0.0787    0.4271
 000145   L  0.280311  0.377763  0.328107    0.2700    0.1791    0.1270    0.0410    0.2603    0.0850    0.4260
 000146   Q  0.305151  0.370497  0.348619    0.2748    0.1731    0.1210    0.0360    0.2655    0.0905    0.4255
 000147   V  0.329628  0.356704  0.369962    0.2820    0.1554    0.1160    0.0300    0.2683    0.0984    0.4309
 000148   G  0.333517  0.352727  0.390990    0.3578    0.2470    0.1130    0.0280    0.2992    0.0942    0.4219
 000149   G  0.291531  0.336423  0.412198    0.3578    0.3249    0.1140    0.0290    0.3061    0.0935    0.4037
 000150   T  0.249169  0.320879  0.430969    0.3578    0.3182    0.1210    0.0300    0.2997    0.0965    0.3840
 000151   I  0.245633  0.329872  0.450214    0.3578    0.3149    0.1290    0.0350    0.3045    0.0993    0.3699
 000152   V  0.204447  0.350218  0.470333    0.3630    0.3286    0.1300    0.0360    0.3078    0.1110    0.3624
 000153   P  0.174645  0.396322  0.492658    0.3939    0.2541    0.1400    0.0310    0.3085    0.1280    0.3558
 000154   P  0.113363  0.431899  0.514667    0.4078    0.2575    0.1540    0.0370    0.3132    0.1483    0.3443
 000155   E  0.100656  0.461689  0.537476    0.3096    0.2258    0.1950    0.0590    0.3050    0.1521    0.3336
 000156   F  0.081117  0.476355  0.560860    0.3939    0.3321    0.2480    0.0980    0.3488    0.1556    0.3234
 000157   S  0.077750  0.515938  0.584917    0.3762    0.3566    0.2590    0.1040    0.3618    0.1658    0.3256
 000158   F  0.102883  0.544903  0.608515    0.4703    0.3460    0.2700    0.1010    0.3905    0.1717    0.3318
 000159   D  0.125888  0.582896  0.630960    0.4918    0.3426    0.2710    0.1000    0.4075    0.1780    0.3436
 000160   G  0.220488  0.614665  0.652034    0.4282    0.3392    0.2860    0.1050    0.4234    0.1613    0.3590
 000161   G  0.305076  0.632376  0.673207    0.4116    0.3215    0.3140    0.1070    0.4429    0.1529    0.3760
 000162   K  0.365341  0.654603  0.692613    0.4703    0.3321    0.3200    0.1030    0.4726    0.1505    0.3929
 000163   T  0.451228  0.655494  0.709421    0.5296    0.3948    0.3400    0.1120    0.5135    0.1334    0.4030
 000164   F  0.540990  0.653478  0.722176    0.4513    0.3053    0.3300    0.0990    0.5006    0.1548    0.4141
 000165   G  0.643831  0.651949  0.731617    0.4149    0.2164    0.2970    0.0910    0.4926    0.1941    0.4315
 000166   R  0.751665  0.652979  0.738975    0.3535    0.2164    0.3120    0.1140    0.5043    0.2164    0.4197
 000167   P  0.831655  0.664502  0.741697    0.3668    0.3392    0.3220    0.1560    0.5443    0.2078    0.4039
 000168   P  0.914117  0.652600  0.744013    0.3668    0.3392    0.3460    0.1810    0.5604    0.2236    0.3948
 000169   L  0.924832  0.651832  0.747943    0.4420    0.4476    0.3500    0.1880    0.5941    0.2001    0.3889
 000170   K  0.942517  0.623071  0.757905    0.4379    0.4409    0.3420    0.1860    0.5907    0.2083    0.3805
 000171   K  0.981421  0.631761  0.771229    0.4282    0.3740    0.3320    0.1790    0.5864    0.2336    0.3745
 000172   R  0.987628  0.611977  0.784076    0.4203    0.3807    0.3550    0.2040    0.5900    0.2324    0.3728
 000173   I  0.986247  0.587483  0.792694    0.3668    0.3807    0.3200    0.1520    0.5724    0.2458    0.3701
 000174   R  0.977212  0.568690  0.796492    0.3630    0.3774    0.2660    0.1050    0.5581    0.2546    0.3628
 000175   V  0.975506  0.572037  0.795858    0.4333    0.4220    0.2590    0.0940    0.5763    0.2424    0.3550
 000176   V  0.973917  0.620104  0.792677    0.4203    0.4256    0.2560    0.0820    0.5814    0.2438    0.3494
 000177   E  0.954828  0.648536  0.787092    0.3630    0.3704    0.2640    0.0980    0.5646    0.2509    0.3407
 000178   N  0.936596  0.686484  0.781126    0.3311    0.3392    0.3090    0.1270    0.5639    0.2486    0.3350
 000179   G  0.839993  0.703627  0.774862    0.2483    0.3356    0.2920    0.1120    0.5323    0.2450    0.3279
 000180   K  0.745986  0.707242  0.767572    0.3053    0.4186    0.2660    0.0970    0.5351    0.2110    0.3176
 000181   E  0.640982  0.710633  0.758308    0.3359    0.4330    0.2700    0.0950    0.5248    0.1878    0.3104
 000182   V  0.545417  0.706312  0.746382    0.3399    0.3566    0.2900    0.1100    0.4974    0.1806    0.3015
 000183   E  0.461959  0.702741  0.733251    0.3399    0.3740    0.2750    0.1060    0.4812    0.1764    0.2917
 000184   K  0.360265  0.694669  0.719295    0.3146    0.4725    0.2830    0.1110    0.4741    0.1749    0.2877
 000185   E  0.257340  0.697578  0.704668    0.3263    0.4507    0.2470    0.0930    0.4472    0.1914    0.2873
 000186   V  0.170970  0.714850  0.687920    0.3939    0.5176    0.2460    0.0840    0.4552    0.2056    0.2906
 000187   E  0.100157  0.686598  0.668989    0.4245    0.4901    0.2450    0.1070    0.4359    0.2119    0.2915
 000188   V  0.107657  0.668368  0.648358    0.4116    0.4186    0.3100    0.1540    0.4275    0.1928    0.3005
 000189   K  0.110941  0.627271  0.626851    0.3184    0.3215    0.3120    0.1500    0.3862    0.1853    0.3118
 000190   P  0.129055  0.590809  0.604217    0.2558    0.3460    0.2680    0.1390    0.3657    0.1758    0.3278
 000191   E  0.146505  0.536010  0.581703    0.1878    0.2884    0.2000    0.1100    0.3235    0.1722    0.3458
 000192   E  0.139287  0.485273  0.558791    0.2080    0.2129    0.1870    0.1140    0.2986    0.1612    0.3705
 000193   Y  0.159479  0.409779  0.537215    0.2122    0.2752    0.1860    0.1170    0.2966    0.1350    0.4034
 000194   T  0.155717  0.340968  0.515261    0.1532    0.2645    0.1630    0.1180    0.2654    0.1312    0.4323
 000195   H  0.152931  0.312231  0.494361    0.1566    0.2715    0.1600    0.1110    0.2580    0.1224    0.4045
 000196   A  0.141526  0.282193  0.472707    0.1532    0.2752    0.1630    0.0990    0.2479    0.1155    0.3825
 000197   R  0.122477  0.235159  0.451926    0.2041    0.3321    0.1250    0.0630    0.2451    0.1166    0.3665
 000198   W  0.102955  0.197270  0.433775    0.2167    0.2645    0.1140    0.0630    0.2216    0.1104    0.3490
 000199   V  0.080195  0.179941  0.418435    0.2748    0.3019    0.1030    0.0520    0.2263    0.1182    0.3431
 000200   I  0.092293  0.194534  0.403103    0.2122    0.2470    0.1040    0.0530    0.2088    0.1033    0.3331
 000201   P  0.122954  0.183958  0.385797    0.1732    0.2224    0.1090    0.0480    0.1995    0.0915    0.3284
 000202   V  0.141185  0.188631  0.366071    0.1292    0.1554    0.1410    0.0620    0.1870    0.0822    0.3230
 000203   L  0.175671  0.215321  0.348358    0.1349    0.1501    0.1670    0.0670    0.1985    0.0715    0.3216
 000204   S  0.207839  0.251135  0.332878    0.1322    0.2292    0.1940    0.0910    0.2245    0.0608    0.3325
 000205   K  0.256335  0.288928  0.319489    0.1266    0.1501    0.2340    0.1010    0.2293    0.0698    0.3425
 000206   G  0.295332  0.327863  0.306716    0.1178    0.1028    0.2960    0.1180    0.2410    0.0932    0.3491
 000207   D  0.323641  0.324979  0.294222    0.0789    0.1162    0.3570    0.1100    0.2492    0.1093    0.3520
 000208   K  0.346364  0.322185  0.284013    0.0542    0.1137    0.3760    0.0720    0.2495    0.1215    0.3554
 000209   V  0.336245  0.298170  0.272612    0.0935    0.1583    0.5710    0.1060    0.2883    0.1513    0.3576
 000210   M  0.311883  0.272486  0.260033    0.1635    0.1881    0.5800    0.0860    0.2960    0.1366    0.3545
 000211   V  0.283821  0.252365  0.246421    0.2748    0.2470    0.5880    0.0800    0.3154    0.1228    0.3624
 000212   S  0.275172  0.286605  0.234111    0.2963    0.1914    0.5510    0.0700    0.3058    0.1153    0.3698
 000213   L  0.278775  0.336684  0.223769    0.3992    0.2328    0.4720    0.1050    0.3240    0.0897    0.3818
 000214   R  0.245893  0.409797  0.213262    0.5084    0.2951    0.4270    0.1250    0.3498    0.1057    0.3879
 000215   T  0.156517  0.511847  0.202014    0.5473    0.2645    0.5090    0.0840    0.3653    0.1611    0.3857
 000216   I  0.257139  0.621290  0.190037    0.5992    0.2328    0.6210    0.0890    0.4202    0.1947    0.3837
 000217   V  0.346556  0.657631  0.179498    0.6374    0.1881    0.7250    0.0620    0.4558    0.2260    0.3849
 000218   R  0.214905  0.713538  0.174654    0.6681    0.1323    0.8260    0.0410    0.4549    0.2858    0.3923
