#RESNUM RES     VL-XT     VSL2B       VL3  IUPred-S  IUPred-L  PONDRFIT  FITERROR       MDP  MDPERROR   ANCHOR2
 000001   M  0.983479  0.691156  0.333601    0.8488    0.2988    0.9870    0.0090    0.6904    0.2827    0.3529
 000002   E  0.984456  0.713449  0.334131    0.7275    0.2951    0.9780    0.0140    0.6720    0.2745    0.3538
 000003   R  0.933371  0.724952  0.334357    0.6827    0.3392    0.9630    0.0150    0.6629    0.2517    0.3587
 000004   R  0.852719  0.709427  0.334182    0.6079    0.2817    0.9450    0.0150    0.6218    0.2463    0.3643
 000005   S  0.668876  0.612498  0.333757    0.5623    0.2817    0.9010    0.0360    0.5600    0.2080    0.3681
 000006   T  0.590704  0.511274  0.335164    0.4458    0.3182    0.8380    0.0580    0.5065    0.1758    0.3716
 000007   D  0.515518  0.415328  0.337948    0.3668    0.2715    0.7000    0.1170    0.4346    0.1403    0.3719
 000008   L  0.440834  0.327691  0.340726    0.3184    0.2002    0.6630    0.1400    0.3817    0.1438    0.3765
 000009   L  0.362915  0.254732  0.342459    0.2041    0.2064    0.6050    0.1450    0.3292    0.1375    0.3860
 000010   V  0.311119  0.216487  0.339840    0.1088    0.2094    0.6350    0.1020    0.3035    0.1663    0.4014
 000011   L  0.290882  0.206277  0.334683    0.0660    0.1702    0.7650    0.1600    0.3055    0.2228    0.4174
 000012   G  0.298472  0.202476  0.326818    0.0744    0.1759    0.7980    0.1550    0.3127    0.2323    0.4333
 000013   A  0.318700  0.202575  0.319910    0.0395    0.1424    0.8170    0.1640    0.3067    0.2484    0.4228
 000014   G  0.341814  0.198252  0.314260    0.0316    0.1611    0.7180    0.1990    0.2942    0.2153    0.4147
 000015   V  0.386654  0.213148  0.309906    0.0274    0.1823    0.4820    0.1710    0.2669    0.1471    0.4092
 000016   A  0.430090  0.181559  0.307815    0.0286    0.1759    0.3690    0.0970    0.2488    0.1348    0.4062
 000017   G  0.478700  0.192988  0.306596    0.0304    0.1643    0.2960    0.0570    0.2449    0.1392    0.4023
 000018   V  0.539507  0.201660  0.306457    0.0279    0.1323    0.3080    0.0400    0.2527    0.1612    0.4005
 000019   Y  0.596312  0.218587  0.305445    0.0478    0.1852    0.3100    0.0490    0.2773    0.1675    0.3991
 000020   A  0.624455  0.236844  0.304087    0.0607    0.1942    0.3010    0.0480    0.2869    0.1716    0.3986
 000021   A  0.635713  0.269169  0.301577    0.0965    0.1823    0.3080    0.0540    0.2989    0.1678    0.4000
 000022   L  0.644988  0.303076  0.298061    0.1060    0.1791    0.3160    0.0610    0.3079    0.1689    0.4045
 000023   A  0.651851  0.334150  0.293872    0.0643    0.1275    0.3340    0.0850    0.3009    0.1877    0.4081
 000024   A  0.654052  0.362914  0.290452    0.0514    0.1449    0.3280    0.0940    0.3053    0.1897    0.4102
 000025   E  0.652638  0.389581  0.288190    0.0336    0.1399    0.3380    0.1090    0.3070    0.1959    0.4120
 000026   E  0.661223  0.388616  0.287647    0.0542    0.1969    0.3470    0.1050    0.3227    0.1865    0.4104
 000027   R  0.669807  0.374654  0.288274    0.0660    0.2503    0.3370    0.1020    0.3309    0.1804    0.4074
 000028   G  0.688651  0.359426  0.290054    0.0771    0.1759    0.3040    0.1050    0.3159    0.1907    0.4087
 000029   A  0.717475  0.336176  0.293298    0.1349    0.2645    0.2390    0.0900    0.3310    0.1835    0.4114
 000030   R  0.742798  0.308477  0.296263    0.1380    0.3215    0.2010    0.0730    0.3347    0.1938    0.4166
 000031   V  0.765149  0.290221  0.297533    0.1878    0.3460    0.1780    0.0610    0.3441    0.1976    0.4252
 000032   L  0.726962  0.291802  0.295586    0.1878    0.3704    0.1710    0.0490    0.3406    0.1856    0.4332
 000033   L  0.705061  0.294846  0.291396    0.2700    0.4582    0.1770    0.0430    0.3660    0.1728    0.4307
 000034   V  0.698391  0.331380  0.286771    0.3053    0.5211    0.1840    0.0490    0.3879    0.1712    0.4281
 000035   S  0.681724  0.381245  0.282005    0.3456    0.4369    0.1800    0.0480    0.3846    0.1555    0.4230
 000036   K  0.669846  0.428695  0.277882    0.3630    0.3983    0.1770    0.0510    0.3857    0.1520    0.4136
 000037   D  0.675508  0.452189  0.273690    0.2700    0.3910    0.1980    0.0560    0.3768    0.1576    0.4014
 000038   P  0.681930  0.477372  0.269436    0.2432    0.4017    0.2110    0.0490    0.3808    0.1636    0.3916
 000039   L  0.596679  0.483553  0.265766    0.2602    0.4017    0.2190    0.0460    0.3712    0.1360    0.3873
 000040   P  0.533314  0.486913  0.263175    0.3096    0.3599    0.1870    0.0440    0.3567    0.1210    0.3855
 000041   A  0.529887  0.473780  0.265894    0.3146    0.3426    0.2050    0.0560    0.3554    0.1131    0.3880
 000042   G  0.498013  0.465923  0.272649    0.3263    0.2988    0.1860    0.0560    0.3413    0.1087    0.3907
 000043   S  0.459344  0.463336  0.281857    0.3847    0.4051    0.1720    0.0570    0.3611    0.1038    0.3889
 000044   T  0.443488  0.439135  0.289549    0.3717    0.4119    0.1770    0.0620    0.3554    0.0953    0.3845
 000045   P  0.437166  0.414104  0.295066    0.4749    0.4801    0.1740    0.0630    0.3793    0.1103    0.3809
 000046   W  0.412499  0.379664  0.300408    0.4078    0.4940    0.1810    0.0630    0.3626    0.0990    0.3808
 000047   A  0.403114  0.363316  0.303048    0.4203    0.5098    0.1760    0.0600    0.3625    0.1042    0.3899
 000048   Q  0.485480  0.343007  0.304425    0.4116    0.5139    0.1750    0.0520    0.3722    0.1146    0.3994
 000049   G  0.536770  0.336063  0.304292    0.4078    0.3948    0.1700    0.0450    0.3583    0.1114    0.4054
 000050   G  0.578158  0.331790  0.305978    0.5008    0.4901    0.1700    0.0400    0.3962    0.1391    0.4080
 000051   V  0.617220  0.321421  0.311055    0.3992    0.4256    0.1820    0.0400    0.3761    0.1329    0.4090
 000052   A  0.634977  0.328824  0.319471    0.4513    0.4582    0.1780    0.0420    0.3951    0.1426    0.4075
 000053   F  0.665942  0.331299  0.330251    0.4203    0.3774    0.1860    0.0450    0.3852    0.1448    0.4055
 000054   P  0.678086  0.365151  0.340251    0.4245    0.3704    0.1850    0.0500    0.3938    0.1470    0.4068
 000055   V  0.686212  0.402065  0.347430    0.3491    0.3667    0.1910    0.0550    0.3904    0.1480    0.4119
 000056   G  0.672101  0.438979  0.352259    0.3053    0.3460    0.1780    0.0630    0.3821    0.1511    0.4147
 000057   E  0.657989  0.467046  0.356221    0.4037    0.3667    0.1710    0.0630    0.4039    0.1450    0.4142
 000058   E  0.634034  0.477582  0.361881    0.4379    0.3286    0.1820    0.0660    0.4036    0.1393    0.4073
 000059   D  0.621598  0.478138  0.369294    0.3535    0.2918    0.2010    0.0750    0.3859    0.1344    0.4004
 000060   L  0.635404  0.473077  0.377564    0.2913    0.2918    0.1980    0.0790    0.3778    0.1430    0.3936
 000061   E  0.653916  0.464656  0.385364    0.2602    0.2817    0.1900    0.0770    0.3727    0.1538    0.3875
 000062   A  0.652099  0.440853  0.392925    0.3311    0.3494    0.1950    0.0760    0.3935    0.1382    0.3834
 000063   H  0.659412  0.429587  0.400359    0.3399    0.2951    0.2030    0.0750    0.3880    0.1417    0.3799
 000064   L  0.666110  0.414958  0.409252    0.4333    0.3356    0.2030    0.0670    0.4103    0.1382    0.3763
 000065   R  0.658532  0.421778  0.418105    0.3225    0.3182    0.1950    0.0610    0.3891    0.1423    0.3731
 000066   D  0.658802  0.411845  0.426689    0.3184    0.3983    0.1950    0.0570    0.4014    0.1395    0.3663
 000067   T  0.664501  0.397147  0.434307    0.3311    0.3948    0.1810    0.0450    0.4004    0.1438    0.3626
 000068   L  0.644135  0.395135  0.441722    0.3263    0.3149    0.1920    0.0480    0.3857    0.1391    0.3612
 000069   V  0.601660  0.371380  0.450757    0.3184    0.2752    0.1960    0.0560    0.3689    0.1304    0.3629
 000070   A  0.569861  0.404341  0.459946    0.2333    0.2541    0.2070    0.0620    0.3548    0.1332    0.3652
 000071   G  0.555739  0.384618  0.470214    0.2913    0.3321    0.2100    0.0630    0.3739    0.1141    0.3712
 000072   R  0.556453  0.398718  0.479562    0.2483    0.2224    0.2190    0.0600    0.3540    0.1326    0.3784
 000073   G  0.563221  0.429415  0.489741    0.2786    0.1759    0.2500    0.0680    0.3644    0.1387    0.3808
 000074   L  0.587153  0.457015  0.501851    0.2041    0.1823    0.2630    0.0790    0.3660    0.1561    0.3804
 000075   V  0.602454  0.489864  0.516488    0.1998    0.2715    0.2400    0.0680    0.3867    0.1547    0.3840
 000076   E  0.627779  0.496168  0.533365    0.2255    0.2470    0.2350    0.0620    0.3941    0.1632    0.3868
 000077   E  0.676302  0.540460  0.549890    0.2122    0.2680    0.2590    0.0780    0.4176    0.1776    0.3902
 000078   G  0.732954  0.555101  0.567898    0.1878    0.2470    0.2920    0.0950    0.4304    0.1991    0.3914
 000079   V  0.789015  0.570188  0.588212    0.2865    0.3321    0.2850    0.0960    0.4752    0.1882    0.3944
 000080   A  0.810579  0.586680  0.610727    0.3311    0.3149    0.2650    0.0970    0.4865    0.1971    0.3971
 000081   R  0.811451  0.603575  0.632554    0.3630    0.3566    0.2570    0.0920    0.5040    0.1931    0.3995
 000082   S  0.811584  0.632859  0.649839    0.2865    0.3494    0.2490    0.0810    0.4966    0.2114    0.3995
 000083   I  0.773608  0.657114  0.661858    0.3146    0.2783    0.2400    0.0700    0.4876    0.2144    0.4007
 000084   L  0.713355  0.679115  0.670141    0.3005    0.2715    0.2050    0.0580    0.4733    0.2164    0.4048
 000085   E  0.650376  0.691737  0.678191    0.3146    0.3215    0.1770    0.0490    0.4722    0.2070    0.4123
 000086   E  0.593623  0.703791  0.687407    0.3717    0.2817    0.1890    0.0540    0.4713    0.2004    0.4157
 000087   A  0.521799  0.709911  0.696179    0.3399    0.2715    0.2010    0.0570    0.4566    0.1997    0.4159
 000088   P  0.454647  0.704902  0.704088    0.2432    0.1791    0.2130    0.0640    0.4165    0.2218    0.4167
 000089   R  0.390086  0.690516  0.711034    0.2483    0.2094    0.2260    0.0720    0.4126    0.2121    0.4188
 000090   H  0.354973  0.686849  0.718167    0.2483    0.1759    0.2300    0.0710    0.4023    0.2190    0.4170
 000091   L  0.329646  0.688287  0.724518    0.2963    0.2064    0.2200    0.0660    0.4109    0.2134    0.4155
 000092   E  0.311807  0.665456  0.731384    0.2432    0.2470    0.2200    0.0680    0.4031    0.2116    0.4129
 000093   R  0.300516  0.682665  0.738735    0.2432    0.2645    0.2460    0.0760    0.4126    0.2122    0.4102
 000094   L  0.296198  0.687734  0.747645    0.3491    0.3948    0.2370    0.0820    0.4521    0.1946    0.4053
 000095   R  0.285712  0.701916  0.756460    0.4282    0.4864    0.2230    0.0730    0.4803    0.1967    0.3997
 000096   A  0.298846  0.674405  0.766225    0.4513    0.4685    0.2530    0.0760    0.4854    0.1848    0.3868
 000097   F  0.307307  0.665961  0.776088    0.4513    0.4725    0.2800    0.0750    0.4921    0.1790    0.3762
 000098   G  0.320222  0.666613  0.785103    0.4651    0.5017    0.3080    0.0850    0.5078    0.1727    0.3715
 000099   L  0.285563  0.673347  0.793103    0.4458    0.4685    0.3250    0.0920    0.4986    0.1809    0.3668
 000100   P  0.242765  0.726323  0.797766    0.4703    0.4831    0.2960    0.0860    0.5027    0.2036    0.3640
 000101   F  0.227420  0.744004  0.802661    0.4703    0.4766    0.3590    0.1110    0.5132    0.2024    0.3643
 000102   H  0.230955  0.754057  0.806532    0.5331    0.5620    0.3410    0.1060    0.5379    0.2052    0.3647
 000103   P  0.224899  0.765252  0.811289    0.5296    0.5098    0.3590    0.1120    0.5332    0.2071    0.3707
 000104   E  0.224061  0.785728  0.814087    0.5331    0.5098    0.3880    0.1240    0.5424    0.2080    0.3790
 000105   P  0.209924  0.800771  0.813990    0.5711    0.5254    0.4380    0.1350    0.5599    0.2087    0.3882
 000106   T  0.197641  0.803698  0.812685    0.5802    0.4149    0.5020    0.1240    0.5519    0.2156    0.3980
 000107   R  0.177963  0.805812  0.810493    0.5331    0.4507    0.4900    0.1120    0.5446    0.2181    0.4106
 000108   E  0.188284  0.801639  0.808237    0.5253    0.4766    0.4560    0.1130    0.5427    0.2142    0.4173
 000109   G  0.190958  0.790695  0.804469    0.5173    0.4766    0.4470    0.1320    0.5378    0.2113    0.4199
 000110   G  0.194561  0.774275  0.798071    0.5043    0.5707    0.4180    0.1900    0.5433    0.2073    0.4220
 000111   H  0.196556  0.749839  0.790637    0.4825    0.5419    0.4440    0.2280    0.5343    0.1988    0.4226
 000112   S  0.202106  0.725932  0.781759    0.5623    0.6755    0.4570    0.2140    0.5674    0.1951    0.4266
 000113   R  0.202621  0.695342  0.772586    0.5623    0.6620    0.4920    0.2530    0.5645    0.1853    0.4304
 000114   A  0.197475  0.680750  0.761934    0.5374    0.6183    0.4510    0.2440    0.5412    0.1828    0.4285
 000115   R  0.180764  0.662387  0.750440    0.5331    0.5017    0.4800    0.2530    0.5181    0.1782    0.4258
 000116   V  0.173209  0.634147  0.738458    0.5084    0.3840    0.4630    0.2220    0.4836    0.1802    0.4201
 000117   F  0.155002  0.615186  0.726107    0.4203    0.2951    0.4830    0.2100    0.4491    0.1900    0.4113
 000118   H  0.142287  0.598950  0.713257    0.3535    0.2193    0.4110    0.2070    0.4064    0.1995    0.4055
 000119   L  0.127726  0.569097  0.698926    0.2700    0.2164    0.4330    0.2310    0.3859    0.2011    0.4069
 000120   G  0.106701  0.533939  0.681618    0.1844    0.2193    0.4660    0.2460    0.3654    0.2080    0.4111
 000121   G  0.095305  0.527757  0.662553    0.1805    0.1501    0.4710    0.2390    0.3479    0.2151    0.4160
 000122   D  0.076470  0.527831  0.644781    0.1844    0.0929    0.4970    0.2690    0.3372    0.2264    0.4206
 000123   R  0.066657  0.506703  0.630279    0.1150    0.0929    0.4850    0.2650    0.3162    0.2296    0.4220
 000124   S  0.074497  0.487106  0.618767    0.0677    0.0929    0.4290    0.2710    0.2949    0.2239    0.4204
 000125   G  0.094574  0.449167  0.605632    0.0832    0.0690    0.3810    0.2680    0.2804    0.2091    0.4217
 000126   L  0.119287  0.421148  0.590401    0.0884    0.0704    0.3440    0.2310    0.2723    0.1943    0.4236
 000127   L  0.134089  0.393043  0.573548    0.0660    0.1137    0.2940    0.1900    0.2624    0.1789    0.4311
 000128   L  0.162815  0.388850  0.558032    0.1178    0.2258    0.2380    0.1380    0.2820    0.1494    0.4253
 000129   L  0.179106  0.378200  0.544309    0.1205    0.1643    0.2090    0.1220    0.2659    0.1485    0.4160
 000130   E  0.190058  0.377914  0.529625    0.2080    0.1791    0.1820    0.1010    0.2777    0.1323    0.4071
 000131   G  0.202884  0.325082  0.513709    0.1349    0.2064    0.1940    0.0950    0.2628    0.1257    0.4013
 000132   L  0.206614  0.342061  0.495368    0.0832    0.1791    0.2070    0.0960    0.2522    0.1324    0.3978
 000133   L  0.213806  0.348024  0.475399    0.0965    0.1759    0.2220    0.0920    0.2552    0.1234    0.3917
 000134   K  0.201084  0.330851  0.454099    0.0723    0.1583    0.2520    0.0760    0.2447    0.1228    0.3826
 000135   R  0.183725  0.330017  0.432150    0.0744    0.1028    0.2890    0.1010    0.2354    0.1270    0.3693
 000136   L  0.180685  0.325168  0.411381    0.0554    0.1007    0.3030    0.1140    0.2293    0.1271    0.3585
 000137   S  0.224618  0.313611  0.390209    0.0490    0.1007    0.2860    0.1060    0.2273    0.1192    0.3497
 000138   T  0.286687  0.314524  0.369164    0.0771    0.0985    0.3020    0.1160    0.2413    0.1116    0.3426
 000139   P  0.359449  0.315474  0.347758    0.0643    0.1070    0.3160    0.1030    0.2517    0.1191    0.3344
 000140   V  0.430383  0.303864  0.327800    0.0567    0.1643    0.3480    0.0710    0.2719    0.1245    0.3204
 000141   V  0.508958  0.289379  0.309988    0.0327    0.1528    0.3700    0.0700    0.2774    0.1521    0.3098
 000142   P  0.591041  0.304840  0.292457    0.0316    0.1611    0.3520    0.0640    0.2888    0.1723    0.2989
 000143   A  0.678747  0.292483  0.276251    0.0542    0.2258    0.4060    0.0760    0.3223    0.1908    0.2791
 000144   Q  0.764140  0.274101  0.260804    0.0991    0.2399    0.3860    0.1030    0.3373    0.2084    0.2597
 000145   A  0.838850  0.258501  0.248029    0.0909    0.2129    0.3640    0.1040    0.3356    0.2390    0.2422
 000146   L  0.819394  0.246943  0.235877    0.0526    0.2193    0.3100    0.0780    0.3140    0.2392    0.2267
 000147   S  0.767599  0.225622  0.223581    0.0813    0.2715    0.2370    0.0600    0.3012    0.2170    0.2120
 000148   L  0.717602  0.226835  0.211490    0.0813    0.1942    0.2010    0.0580    0.2721    0.2048    0.1981
 000149   L  0.676004  0.240350  0.199901    0.0607    0.1229    0.1780    0.0520    0.2463    0.2005    0.1876
 000150   V  0.638688  0.251333  0.189290    0.0279    0.0543    0.1610    0.0640    0.2203    0.2021    0.1809
 000151   S  0.588195  0.265657  0.179928    0.0259    0.0817    0.1470    0.0520    0.2147    0.1831    0.1866
 000152   G  0.514659  0.258543  0.171137    0.0268    0.1424    0.1240    0.0250    0.2063    0.1539    0.1917
 000153   N  0.446576  0.235523  0.161106    0.0200    0.1206    0.1130    0.0260    0.1829    0.1342    0.2004
 000154   R  0.349631  0.207944  0.148473    0.0316    0.1399    0.1120    0.0290    0.1650    0.0978    0.2135
 000155   V  0.288913  0.187373  0.134388    0.0297    0.0835    0.1030    0.0230    0.1378    0.0828    0.2276
 000156   A  0.260713  0.175244  0.123393    0.0387    0.0531    0.0880    0.0210    0.1232    0.0763    0.2454
 000157   G  0.218796  0.164606  0.115666    0.0405    0.0967    0.0820    0.0200    0.1196    0.0579    0.2738
 000158   A  0.176366  0.153097  0.109684    0.0259    0.0646    0.0760    0.0200    0.1010    0.0517    0.3051
 000159   L  0.129352  0.142480  0.102614    0.0526    0.1028    0.0720    0.0170    0.1003    0.0309    0.3353
 000160   L  0.080156  0.127764  0.095074    0.0607    0.1373    0.0720    0.0130    0.0955    0.0283    0.3608
 000161   W  0.048187  0.116057  0.088434    0.1018    0.1914    0.0680    0.0130    0.1023    0.0455    0.3822
 000162   G  0.012856  0.115783  0.083813    0.0813    0.1702    0.0610    0.0170    0.0874    0.0483    0.3824
 000163   P  0.012489  0.127823  0.080383    0.0789    0.1184    0.0670    0.0210    0.0808    0.0376    0.3841
 000164   G  0.011657  0.134013  0.078130    0.0621    0.0690    0.0630    0.0180    0.0696    0.0358    0.3764
 000165   G  0.010753  0.138157  0.075434    0.0455    0.0443    0.0580    0.0150    0.0620    0.0392    0.3714
 000166   L  0.010096  0.136313  0.073520    0.0478    0.0555    0.0590    0.0210    0.0638    0.0378    0.3677
 000167   W  0.008369  0.136821  0.071364    0.0395    0.0719    0.0620    0.0270    0.0649    0.0390    0.3619
 000168   E  0.007262  0.135191  0.069389    0.0308    0.0719    0.0570    0.0240    0.0618    0.0398    0.3413
 000169   V  0.006708  0.132966  0.066527    0.0414    0.0851    0.0540    0.0190    0.0644    0.0390    0.3177
 000170   R  0.006016  0.132116  0.063769    0.0723    0.0719    0.0490    0.0180    0.0659    0.0372    0.2988
 000171   A  0.005448  0.126998  0.061406    0.1266    0.1162    0.0490    0.0210    0.0810    0.0457    0.2820
 000172   G  0.004929  0.115007  0.059917    0.1088    0.1914    0.0470    0.0210    0.0878    0.0595    0.2687
 000173   A  0.004556  0.110951  0.059474    0.1088    0.1275    0.0450    0.0170    0.0760    0.0434    0.2616
 000174   V  0.007301  0.116663  0.060509    0.0935    0.0543    0.0430    0.0150    0.0625    0.0351    0.2543
 000175   L  0.005874  0.126526  0.061799    0.0554    0.0662    0.0420    0.0160    0.0596    0.0359    0.2534
 000176   L  0.006084  0.135537  0.063138    0.0308    0.0424    0.0440    0.0190    0.0537    0.0404    0.2531
 000177   A  0.005905  0.154892  0.063464    0.0677    0.0765    0.0530    0.0280    0.0703    0.0441    0.2514
 000178   T  0.005521  0.154240  0.063416    0.0677    0.1476    0.0740    0.0320    0.0854    0.0515    0.2517
 000179   G  0.005468  0.149580  0.062998    0.0643    0.1449    0.0940    0.0340    0.0868    0.0501    0.2585
 000180   G  0.005512  0.151104  0.062712    0.1060    0.2328    0.0990    0.0360    0.1095    0.0708    0.2670
 000181   F  0.005554  0.158956  0.062608    0.1088    0.2399    0.0960    0.0360    0.1119    0.0737    0.2768
 000182   G  0.005727  0.165838  0.062650    0.1566    0.2715    0.0720    0.0290    0.1224    0.0866    0.2890
 000183   R  0.004104  0.189882  0.062901    0.1532    0.2399    0.0860    0.0360    0.1227    0.0797    0.3002
 000184   L  0.005874  0.226169  0.063330    0.1805    0.2783    0.1370    0.0550    0.1486    0.0928    0.3130
 000185   F  0.007691  0.251385  0.063690    0.1998    0.3460    0.1570    0.0590    0.1710    0.1128    0.3258
 000186   P  0.009310  0.276192  0.063346    0.2700    0.4330    0.1880    0.0780    0.2066    0.1414    0.3327
 000187   V  0.010237  0.327969  0.062683    0.3399    0.5176    0.2370    0.0910    0.2493    0.1725    0.3347
 000188   T  0.018251  0.372700  0.061754    0.3806    0.5098    0.2480    0.0850    0.2652    0.1767    0.3401
 000189   T  0.018572  0.402828  0.061164    0.3762    0.4652    0.2680    0.1000    0.2654    0.1702    0.3431
 000190   N  0.018847  0.448613  0.061093    0.3311    0.3840    0.2690    0.1100    0.2520    0.1599    0.3437
 000191   P  0.019378  0.506438  0.060947    0.3053    0.3529    0.2800    0.1170    0.2541    0.1679    0.3472
 000192   H  0.078335  0.508856  0.060686    0.3263    0.3631    0.2770    0.1060    0.2691    0.1578    0.3455
 000193   G  0.110674  0.522171  0.059908    0.3005    0.3599    0.2710    0.0920    0.2706    0.1539    0.3509
 000194   A  0.142915  0.535157  0.059476    0.2292    0.3356    0.2470    0.0870    0.2582    0.1508    0.3575
 000195   T  0.159438  0.516706  0.059161    0.3146    0.4149    0.2000    0.0570    0.2774    0.1555    0.3642
 000196   G  0.170349  0.474555  0.058902    0.3717    0.4979    0.1860    0.0420    0.2932    0.1646    0.3676
 000197   D  0.171908  0.436633  0.057976    0.3491    0.3948    0.1630    0.0550    0.2623    0.1386    0.3738
 000198   G  0.173592  0.362574  0.057289    0.3885    0.3774    0.1540    0.0490    0.2522    0.1293    0.3810
 000199   M  0.185331  0.313340  0.056882    0.3146    0.3631    0.1390    0.0380    0.2288    0.1095    0.3893
 000200   A  0.191364  0.250289  0.057500    0.2333    0.3599    0.1190    0.0320    0.2018    0.0968    0.3968
 000201   L  0.136597  0.202871  0.058278    0.2385    0.2645    0.1110    0.0270    0.1687    0.0728    0.4072
 000202   A  0.108506  0.165736  0.059052    0.2209    0.2470    0.0900    0.0320    0.1486    0.0686    0.4170
 000203   W  0.079407  0.137890  0.059179    0.1635    0.1449    0.0880    0.0330    0.1121    0.0384    0.4308
 000204   R  0.061776  0.130328  0.058710    0.1805    0.0967    0.0860    0.0340    0.1023    0.0423    0.4286
 000205   A  0.050889  0.127258  0.056811    0.1416    0.1229    0.0920    0.0380    0.0986    0.0349    0.4277
 000206   G  0.042226  0.118552  0.054911    0.0991    0.0581    0.0890    0.0340    0.0770    0.0271    0.4282
 000207   A  0.041131  0.112504  0.053127    0.1060    0.0592    0.0770    0.0210    0.0748    0.0266    0.4336
 000208   V  0.029981  0.104499  0.053574    0.0542    0.0676    0.0640    0.0140    0.0623    0.0224    0.4261
 000209   L  0.024689  0.111573  0.055490    0.0526    0.0719    0.0570    0.0150    0.0622    0.0261    0.4167
 000210   R  0.028807  0.123394  0.059070    0.0884    0.0749    0.0560    0.0170    0.0717    0.0295    0.4113
 000211   D  0.030578  0.140779  0.062612    0.1060    0.0518    0.0560    0.0180    0.0747    0.0372    0.4046
 000212   L  0.033357  0.147892  0.065776    0.1322    0.1028    0.0610    0.0180    0.0905    0.0407    0.3978
 000213   E  0.037954  0.151601  0.068836    0.0935    0.1298    0.0500    0.0090    0.0886    0.0411    0.3921
 000214   F  0.041180  0.147357  0.072931    0.1698    0.2129    0.0520    0.0070    0.1161    0.0643    0.3907
 000215   V  0.046745  0.150535  0.077051    0.1667    0.1881    0.0530    0.0110    0.1136    0.0566    0.3848
 000216   Q  0.083971  0.152163  0.080667    0.1921    0.1449    0.0790    0.0180    0.1222    0.0435    0.3793
 000217   F  0.139810  0.161066  0.083981    0.1667    0.0985    0.1360    0.0460    0.1310    0.0304    0.3729
 000218   H  0.153415  0.181832  0.087339    0.1266    0.1184    0.1420    0.0520    0.1349    0.0294    0.3708
 000219   P  0.167070  0.189477  0.091095    0.1240    0.1823    0.1370    0.0480    0.1486    0.0346    0.3737
 000220   T  0.160263  0.209714  0.095493    0.1844    0.2292    0.1380    0.0510    0.1696    0.0446    0.3803
 000221   A  0.206768  0.253632  0.100931    0.1958    0.1731    0.1430    0.0530    0.1789    0.0483    0.3867
 000222   L  0.263200  0.285643  0.108384    0.1602    0.1611    0.1570    0.0610    0.1892    0.0632    0.3925
 000223   P  0.319468  0.302240  0.118141    0.1495    0.2399    0.1510    0.0590    0.2134    0.0784    0.4038
 000224   N  0.393710  0.328811  0.130120    0.1292    0.2436    0.1530    0.0620    0.2297    0.1023    0.4179
 000225   G  0.437214  0.326251  0.143430    0.1958    0.3566    0.1860    0.0910    0.2742    0.1058    0.4279
 000226   A  0.439382  0.306381  0.156085    0.2786    0.3948    0.2020    0.0970    0.2962    0.0993    0.4315
 000227   L  0.482994  0.304074  0.168451    0.2700    0.3019    0.1920    0.0780    0.2865    0.1020    0.4226
 000228   V  0.518092  0.315736  0.178933    0.3399    0.3286    0.1490    0.0340    0.3051    0.1207    0.4099
 000229   S  0.574488  0.320965  0.188753    0.2700    0.2436    0.1250    0.0270    0.2872    0.1425    0.4007
 000230   E  0.565864  0.325579  0.197702    0.1766    0.2224    0.1240    0.0270    0.2688    0.1461    0.3940
 000231   A  0.582398  0.327155  0.206307    0.1205    0.1852    0.1360    0.0360    0.2596    0.1590    0.3871
 000232   C  0.599295  0.323192  0.213444    0.1456    0.2164    0.1310    0.0350    0.2714    0.1593    0.3797
 000233   R  0.574898  0.310732  0.220758    0.1921    0.2988    0.1300    0.0410    0.2879    0.1423    0.3715
 000234   G  0.556247  0.318800  0.229425    0.1667    0.2849    0.1330    0.0460    0.2815    0.1384    0.3701
 000235   E  0.569573  0.324807  0.240517    0.1635    0.2715    0.1240    0.0410    0.2823    0.1446    0.3724
 000236   G  0.555717  0.327710  0.253474    0.1732    0.1702    0.1260    0.0440    0.2677    0.1445    0.3713
 000237   A  0.516001  0.328151  0.269298    0.1921    0.1583    0.1250    0.0420    0.2648    0.1313    0.3733
 000238   L  0.475122  0.322239  0.286166    0.1878    0.2645    0.1150    0.0370    0.2752    0.1123    0.3803
 000239   L  0.454727  0.314096  0.302382    0.2209    0.3249    0.1080    0.0300    0.2876    0.1055    0.3879
 000240   L  0.414868  0.323434  0.316020    0.2483    0.2292    0.1160    0.0320    0.2747    0.0928    0.3881
 000241   N  0.374427  0.336692  0.327211    0.2167    0.2224    0.1230    0.0300    0.2667    0.0869    0.3882
 000242   A  0.355011  0.347568  0.336508    0.1766    0.2849    0.1220    0.0310    0.2704    0.0899    0.3917
 000243   H  0.321977  0.366766  0.344334    0.2602    0.2680    0.1170    0.0310    0.2798    0.0821    0.3966
 000244   G  0.279690  0.372583  0.351919    0.2963    0.2399    0.1240    0.0410    0.2775    0.0814    0.4025
 000245   E  0.277534  0.382438  0.358950    0.2255    0.2575    0.1290    0.0460    0.2719    0.0842    0.4074
 000246   R  0.286057  0.393098  0.367809    0.1766    0.1671    0.1250    0.0360    0.2526    0.1029    0.4114
 000247   F  0.295346  0.408262  0.379431    0.1805    0.1424    0.1240    0.0280    0.2550    0.1125    0.4219
 000248   M  0.294321  0.416811  0.392489    0.1380    0.1914    0.1190    0.0240    0.2586    0.1176    0.4282
 000249   P  0.278756  0.413698  0.405893    0.1732    0.2680    0.1150    0.0200    0.2758    0.1098    0.4264
 000250   R  0.267518  0.423240  0.417286    0.2657    0.3599    0.1160    0.0200    0.3083    0.1066    0.4225
 000251   Y  0.251465  0.427027  0.425921    0.3311    0.3807    0.1200    0.0290    0.3227    0.1089    0.4274
 000252   D  0.243776  0.425997  0.432398    0.3399    0.3019    0.1170    0.0320    0.3102    0.1087    0.4309
 000253   P  0.231482  0.442478  0.438431    0.3005    0.3053    0.1220    0.0330    0.3067    0.1123    0.4324
 000254   L  0.206464  0.432888  0.445460    0.2333    0.2988    0.1290    0.0370    0.2910    0.1160    0.4333
 000255   A  0.200688  0.434018  0.449922    0.2122    0.2715    0.1320    0.0390    0.2834    0.1193    0.4305
 000256   E  0.193669  0.423413  0.452670    0.1878    0.1881    0.1410    0.0410    0.2645    0.1242    0.4260
 000257   L  0.188186  0.425230  0.455350    0.1766    0.1070    0.1670    0.0530    0.2532    0.1350    0.4223
 000258   A  0.191608  0.431319  0.458345    0.1998    0.1914    0.1570    0.0590    0.2716    0.1235    0.4145
 000259   P  0.192064  0.434088  0.461752    0.1602    0.2503    0.1390    0.0550    0.2730    0.1286    0.4048
 000260   R  0.196111  0.441762  0.464750    0.1292    0.2193    0.1430    0.0520    0.2656    0.1363    0.3986
 000261   D  0.199955  0.405519  0.467815    0.1456    0.2399    0.1420    0.0500    0.2668    0.1259    0.3952
 000262   V  0.208658  0.400817  0.470593    0.2041    0.3392    0.1330    0.0440    0.2927    0.1197    0.3871
 000263   V  0.221150  0.404569  0.475466    0.2080    0.3392    0.1200    0.0350    0.2948    0.1225    0.3788
 000264   A  0.227620  0.381296  0.480850    0.1766    0.3087    0.1100    0.0300    0.2809    0.1250    0.3727
 000265   R  0.236486  0.372894  0.483511    0.2531    0.3910    0.1130    0.0320    0.3084    0.1211    0.3656
 000266   A  0.244918  0.370467  0.481582    0.2913    0.3566    0.1280    0.0410    0.3122    0.1102    0.3659
 000267   V  0.234774  0.392930  0.476459    0.2913    0.2436    0.1350    0.0420    0.2957    0.1114    0.3653
 000268   F  0.235065  0.420431  0.468869    0.3005    0.2436    0.1400    0.0460    0.3014    0.1126    0.3648
 000269   R  0.237669  0.451941  0.461142    0.2558    0.2849    0.1440    0.0550    0.3059    0.1150    0.3613
 000270   E  0.238891  0.470186  0.452622    0.1566    0.1791    0.1610    0.0650    0.2764    0.1337    0.3636
 000271   R  0.240489  0.474984  0.446416    0.1698    0.1791    0.1730    0.0750    0.2806    0.1298    0.3686
 000272   E  0.229449  0.466953  0.441257    0.1041    0.1942    0.1730    0.0810    0.2681    0.1369    0.3751
 000273   R  0.219314  0.455330  0.441732    0.1456    0.1702    0.1770    0.0880    0.2682    0.1294    0.3824
 000274   T  0.214951  0.454469  0.444864    0.2292    0.2575    0.1760    0.0870    0.2961    0.1112    0.3914
 000275   G  0.260412  0.443892  0.449303    0.1667    0.2951    0.1630    0.0800    0.2963    0.1163    0.3967
 000276   G  0.317114  0.415564  0.450510    0.2041    0.2193    0.1410    0.0580    0.2912    0.1132    0.4048
 000277   V  0.314040  0.403028  0.447859    0.2292    0.2680    0.1250    0.0390    0.2979    0.1074    0.4109
 000278   Y  0.330930  0.399935  0.441042    0.2080    0.3494    0.1120    0.0330    0.3069    0.1132    0.4186
 000279   L  0.327198  0.405699  0.432865    0.2913    0.4582    0.1090    0.0280    0.3373    0.1175    0.4267
 000280   D  0.336082  0.382562  0.424659    0.3146    0.3460    0.1240    0.0290    0.3213    0.0951    0.4336
 000281   L  0.350497  0.388935  0.418086    0.3005    0.3599    0.1460    0.0380    0.3273    0.0888    0.4288
 000282   R  0.364616  0.398753  0.412985    0.2167    0.3704    0.1570    0.0390    0.3201    0.0971    0.4277
 000283   P  0.372920  0.402937  0.409160    0.2292    0.2884    0.1550    0.0430    0.3096    0.0944    0.4249
 000284   I  0.335255  0.414805  0.404065    0.2531    0.2224    0.1610    0.0470    0.2985    0.0937    0.4228
 000285   P  0.287337  0.426704  0.396506    0.1805    0.1852    0.1670    0.0500    0.2739    0.1053    0.4199
 000286   H  0.291655  0.429559  0.389983    0.1240    0.2002    0.1840    0.0580    0.2699    0.1109    0.4157
 000287   L  0.275560  0.438328  0.382929    0.1018    0.1702    0.1830    0.0630    0.2586    0.1199    0.4155
 000288   E  0.285123  0.432968  0.375612    0.1667    0.2258    0.1500    0.0540    0.2727    0.1041    0.4181
 000289   E  0.297033  0.419304  0.368509    0.1998    0.2918    0.1550    0.0500    0.2885    0.0907    0.4217
 000290   R  0.300662  0.408416  0.363264    0.2786    0.2951    0.1570    0.0530    0.3005    0.0782    0.4254
 000291   F  0.318312  0.391545  0.359773    0.2333    0.2849    0.1600    0.0480    0.2913    0.0776    0.4255
 000292   P  0.323381  0.359485  0.355286    0.2333    0.2884    0.1610    0.0430    0.2868    0.0707    0.4285
 000293   T  0.313259  0.340300  0.350648    0.2432    0.3019    0.1750    0.0500    0.2875    0.0608    0.4300
 000294   V  0.316251  0.347953  0.344647    0.1456    0.3019    0.1880    0.0570    0.2740    0.0785    0.4331
 000295   V  0.309582  0.326555  0.337133    0.2432    0.3149    0.1990    0.0760    0.2883    0.0502    0.4296
 000296   A  0.294183  0.309057  0.331628    0.2385    0.2817    0.2150    0.0890    0.2784    0.0400    0.4260
 000297   Q  0.273187  0.317609  0.326985    0.1635    0.2470    0.2310    0.0940    0.2599    0.0552    0.4227
 000298   A  0.318308  0.315946  0.323651    0.2432    0.3529    0.2470    0.0880    0.3001    0.0409    0.4198
 000299   R  0.350640  0.338901  0.319121    0.2041    0.2575    0.2550    0.0770    0.2876    0.0525    0.4202
 000300   A  0.395094  0.339092  0.314715    0.2255    0.2680    0.2660    0.0780    0.3015    0.0555    0.4234
 000301   L  0.459427  0.349588  0.310678    0.1566    0.2034    0.2700    0.0750    0.2915    0.0987    0.4272
 000302   G  0.539662  0.363789  0.305345    0.2700    0.2849    0.2720    0.0740    0.3392    0.0951    0.4281
 000303   L  0.607678  0.364097  0.299400    0.1766    0.2849    0.2710    0.0660    0.3340    0.1342    0.4311
 000304   D  0.678439  0.378977  0.289498    0.1380    0.2436    0.2680    0.0570    0.3328    0.1701    0.4333
 000305   P  0.757289  0.381171  0.278265    0.2209    0.2817    0.2720    0.0490    0.3653    0.1816    0.4308
 000306   L  0.847272  0.374429  0.265495    0.2531    0.3529    0.3240    0.0570    0.4028    0.2035    0.4301
 000307   R  0.857401  0.362489  0.255082    0.2432    0.2918    0.3190    0.0660    0.3882    0.2136    0.4289
 000308   A  0.896774  0.373032  0.246806    0.2292    0.2503    0.2750    0.0670    0.3785    0.2365    0.4291
 000309   P  0.908695  0.386720  0.240887    0.1732    0.2436    0.2500    0.0750    0.3671    0.2504    0.4279
 000310   L  0.913913  0.393234  0.235787    0.1456    0.2470    0.2420    0.0900    0.3630    0.2569    0.4267
 000311   P  0.917004  0.391453  0.230321    0.1349    0.2783    0.1880    0.0600    0.3567    0.2629    0.4300
 000312   V  0.918733  0.390299  0.224492    0.2041    0.2918    0.1530    0.0390    0.3637    0.2593    0.4323
 000313   A  0.932126  0.383801  0.219007    0.1958    0.2849    0.1260    0.0200    0.3569    0.2693    0.4272
 000314   P  0.861144  0.363895  0.212835    0.2041    0.3774    0.1090    0.0180    0.3548    0.2450    0.4230
 000315   A  0.783287  0.343311  0.206551    0.1998    0.3774    0.1130    0.0400    0.3372    0.2187    0.4188
 000316   A  0.684196  0.331979  0.200097    0.1805    0.3182    0.1140    0.0540    0.3048    0.1861    0.4174
 000317   H  0.585048  0.312004  0.193909    0.2700    0.2918    0.1180    0.0620    0.2951    0.1453    0.4173
 000318   Y  0.483728  0.307766  0.188813    0.2292    0.2951    0.1090    0.0460    0.2690    0.1168    0.4145
 000319   A  0.381387  0.307929  0.184522    0.1805    0.3321    0.0970    0.0360    0.2472    0.0999    0.4141
 000320   M  0.282381  0.320774  0.179831    0.1566    0.3182    0.0930    0.0330    0.2252    0.0869    0.4158
 000321   G  0.189489  0.335527  0.174689    0.2333    0.3983    0.0990    0.0350    0.2384    0.1008    0.4151
 000322   G  0.086645  0.354078  0.168086    0.2122    0.2783    0.1000    0.0280    0.1999    0.0948    0.4154
 000323   V  0.066358  0.367500  0.163100    0.2748    0.3740    0.1100    0.0240    0.2260    0.1205    0.4137
 000324   R  0.042968  0.375252  0.158696    0.2292    0.4051    0.0900    0.0190    0.2169    0.1356    0.4154
 000325   T  0.038654  0.367977  0.156112    0.2292    0.2988    0.0990    0.0270    0.1983    0.1132    0.4147
 000326   D  0.029627  0.358088  0.154231    0.2657    0.2193    0.1350    0.0380    0.1936    0.1039    0.4128
 000327   A  0.036334  0.335415  0.151063    0.2292    0.2193    0.1300    0.0310    0.1835    0.0932    0.4092
 000328   F  0.041448  0.304980  0.147988    0.1495    0.1881    0.1110    0.0280    0.1572    0.0800    0.4051
 000329   G  0.040580  0.291346  0.144287    0.1998    0.2783    0.0920    0.0360    0.1744    0.0919    0.3995
 000330   H  0.048028  0.277524  0.140657    0.1958    0.3215    0.1020    0.0440    0.1809    0.0956    0.3932
 000331   T  0.057305  0.255481  0.135592    0.2333    0.2951    0.1140    0.0370    0.1818    0.0848    0.3829
 000332   G  0.069871  0.250133  0.130353    0.2602    0.2680    0.1170    0.0300    0.1825    0.0792    0.3721
 000333   I  0.069488  0.248178  0.126421    0.1958    0.2680    0.1000    0.0260    0.1680    0.0745    0.3620
 000334   P  0.069139  0.242280  0.123248    0.2292    0.3460    0.0760    0.0200    0.1810    0.1001    0.3595
 000335   G  0.070216  0.238487  0.120846    0.2209    0.3529    0.0840    0.0190    0.1812    0.0998    0.3535
 000336   L  0.060176  0.234716  0.119099    0.2209    0.2328    0.0970    0.0170    0.1607    0.0710    0.3499
 000337   F  0.053835  0.234729  0.118100    0.2041    0.2292    0.1180    0.0210    0.1597    0.0672    0.3466
 000338   A  0.048943  0.238525  0.117805    0.1495    0.2609    0.1220    0.0180    0.1563    0.0729    0.3461
 000339   A  0.038790  0.269410  0.117359    0.2209    0.3356    0.1100    0.0180    0.1820    0.1022    0.3469
 000340   G  0.030236  0.303381  0.116471    0.2255    0.3494    0.1220    0.0290    0.1912    0.1119    0.3509
 000341   E  0.019485  0.322526  0.114850    0.1844    0.3356    0.1400    0.0300    0.1862    0.1125    0.3544
 000342   V  0.020961  0.355528  0.113214    0.1766    0.2399    0.1800    0.0370    0.1810    0.1034    0.3572
 000343   A  0.025010  0.403193  0.112184    0.1766    0.2094    0.1730    0.0410    0.1832    0.1150    0.3649
 000344   S  0.039567  0.397255  0.111555    0.1667    0.3019    0.1610    0.0460    0.1963    0.1193    0.3720
 000345   T  0.047299  0.392395  0.111706    0.1178    0.2884    0.2000    0.0710    0.1930    0.1172    0.3745
 000346   G  0.106947  0.405885  0.112074    0.1205    0.2849    0.2180    0.0660    0.2080    0.1097    0.3751
 000347   F  0.165789  0.404752  0.112284    0.1732    0.2817    0.2310    0.0730    0.2282    0.0952    0.3750
 000348   H  0.169031  0.426938  0.112325    0.2483    0.3087    0.2230    0.0650    0.2480    0.1008    0.3753
 000349   G  0.171206  0.441003  0.112009    0.1998    0.3494    0.2150    0.0640    0.2480    0.1121    0.3712
 000350   A  0.172534  0.445841  0.112048    0.1566    0.3774    0.2220    0.0770    0.2477    0.1219    0.3702
 000351   N  0.173398  0.440284  0.111915    0.1766    0.2951    0.2190    0.0740    0.2361    0.1067    0.3706
 000352   R  0.169037  0.449050  0.112787    0.1566    0.2164    0.2000    0.0840    0.2173    0.1087    0.3745
 000353   L  0.152722  0.442145  0.115417    0.1495    0.2129    0.1920    0.0800    0.2108    0.1081    0.3817
 000354   A  0.144369  0.397196  0.119217    0.1266    0.2399    0.1570    0.0610    0.1973    0.0977    0.3848
 000355   S  0.084188  0.399776  0.124405    0.0832    0.1476    0.1450    0.0540    0.1640    0.1085    0.3881
 000356   N  0.022678  0.372494  0.129869    0.0813    0.1349    0.1390    0.0550    0.1466    0.1089    0.4000
 000357   S  0.019443  0.331942  0.137347    0.0478    0.1137    0.1210    0.0440    0.1285    0.1001    0.4147
 000358   L  0.016263  0.286008  0.146873    0.0935    0.1731    0.0970    0.0330    0.1355    0.0833    0.4286
 000359   L  0.013024  0.256005  0.157756    0.0744    0.1092    0.0860    0.0340    0.1160    0.0760    0.4277
 000360   E  0.018019  0.230845  0.168642    0.0621    0.1048    0.0820    0.0300    0.1111    0.0702    0.4149
 000361   G  0.034837  0.208314  0.179993    0.0478    0.1048    0.0900    0.0340    0.1110    0.0639    0.4083
 000362   L  0.044518  0.211826  0.191229    0.0478    0.0592    0.1050    0.0440    0.1099    0.0680    0.4024
 000363   V  0.053447  0.210266  0.203327    0.0405    0.0676    0.1010    0.0370    0.1127    0.0691    0.4004
 000364   V  0.055686  0.241740  0.215787    0.0425    0.1184    0.1030    0.0380    0.1295    0.0752    0.3992
 000365   G  0.063050  0.212099  0.229999    0.0587    0.0888    0.1010    0.0300    0.1255    0.0692    0.3948
 000366   W  0.074327  0.225363  0.245044    0.0660    0.0749    0.1080    0.0280    0.1323    0.0742    0.3898
 000367   R  0.080578  0.259630  0.260297    0.0387    0.0341    0.1170    0.0290    0.1318    0.0948    0.3986
 000368   A  0.088029  0.284661  0.276783    0.0327    0.0424    0.1300    0.0320    0.1424    0.1028    0.4056
 000369   A  0.089790  0.308436  0.294483    0.0308    0.0870    0.1520    0.0430    0.1604    0.1058    0.4098
 000370   L  0.086490  0.334249  0.313277    0.0643    0.1323    0.1670    0.0440    0.1829    0.1050    0.4105
 000371   R  0.089396  0.373837  0.333093    0.0677    0.1048    0.1840    0.0350    0.1921    0.1202    0.4151
 000372   A  0.094382  0.401260  0.353980    0.0621    0.1115    0.2060    0.0510    0.2048    0.1305    0.4160
 000373   L  0.113573  0.449616  0.375766    0.0858    0.2002    0.2270    0.0550    0.2420    0.1316    0.4158
 000374   E  0.133317  0.483205  0.397219    0.1349    0.1881    0.2320    0.0530    0.2615    0.1331    0.4153
 000375   D  0.148025  0.504848  0.418509    0.2167    0.2817    0.2670    0.0550    0.3062    0.1206    0.4144
 000376   L  0.167705  0.524580  0.439395    0.1416    0.2541    0.3030    0.0660    0.3051    0.1381    0.4150
 000377   A  0.202874  0.540375  0.460463    0.2385    0.2783    0.3100    0.0670    0.3385    0.1214    0.4176
 000378   F  0.275785  0.563066  0.481658    0.2041    0.2541    0.3150    0.0640    0.3489    0.1291    0.4121
 000379   P  0.353553  0.585354  0.502440    0.1698    0.2503    0.2630    0.0640    0.3540    0.1464    0.4079
 000380   P  0.434932  0.613215  0.522683    0.1732    0.3117    0.2660    0.0700    0.3870    0.1516    0.4078
 000381   R  0.506197  0.639481  0.542132    0.2255    0.4220    0.3360    0.0850    0.4452    0.1364    0.4096
 000382   A  0.576681  0.657755  0.561397    0.2602    0.4441    0.3670    0.0780    0.4779    0.1353    0.4041
 000383   T  0.654563  0.676052  0.579643    0.3225    0.4476    0.3450    0.0830    0.5043    0.1410    0.3999
 000384   P  0.726734  0.698718  0.596385    0.4245    0.4582    0.3290    0.0990    0.5389    0.1459    0.3987
 000385   L  0.809499  0.705078  0.611986    0.3762    0.4119    0.3520    0.1130    0.5445    0.1749    0.3992
 000386   P  0.872839  0.701866  0.625497    0.2865    0.3983    0.3360    0.1180    0.5368    0.2123    0.3999
 000387   A  0.886682  0.719279  0.637205    0.3456    0.3983    0.3820    0.1400    0.5615    0.2008    0.4017
 000388   L  0.894771  0.707840  0.646780    0.3762    0.4186    0.4240    0.1410    0.5780    0.1879    0.4008
 000389   A  0.900559  0.712378  0.654688    0.3939    0.5533    0.4060    0.1320    0.6035    0.1771    0.4067
 000390   A  0.911514  0.736917  0.662733    0.3630    0.5342    0.3870    0.1220    0.5993    0.1939    0.4134
 000391   P  0.913209  0.755461  0.670939    0.3491    0.4652    0.3540    0.1010    0.5847    0.2111    0.4188
 000392   P  0.903158  0.769704  0.679795    0.3762    0.4766    0.3470    0.0980    0.5920    0.2067    0.4250
 000393   E  0.897791  0.785056  0.689307    0.3806    0.5211    0.3540    0.1020    0.6046    0.2024    0.4311
 000394   A  0.881174  0.801722  0.699030    0.3717    0.4766    0.3960    0.1270    0.6043    0.1994    0.4200
 000395   V  0.869340  0.808211  0.708480    0.3578    0.3599    0.4790    0.1500    0.5972    0.2075    0.4106
 000396   A  0.866382  0.822725  0.715972    0.4203    0.4441    0.5110    0.1530    0.6301    0.1794    0.4057
 000397   S  0.858882  0.838244  0.721679    0.3225    0.3460    0.5090    0.1430    0.5994    0.2192    0.4002
 000398   L  0.852491  0.842962  0.726040    0.3578    0.3053    0.5170    0.1260    0.6003    0.2202    0.3949
 000399   R  0.848712  0.846747  0.728585    0.3578    0.3774    0.4410    0.1080    0.6000    0.2132    0.3861
 000400   E  0.845536  0.841502  0.729413    0.3096    0.3983    0.4420    0.1220    0.5944    0.2180    0.3830
 000401   E  0.841615  0.840783  0.729533    0.3184    0.4256    0.4550    0.1210    0.6018    0.2097    0.3776
 000402   A  0.838392  0.836385  0.728549    0.2748    0.4087    0.4510    0.1140    0.5896    0.2211    0.3726
 000403   G  0.835823  0.827762  0.727063    0.2333    0.3910    0.4410    0.1150    0.5759    0.2323    0.3686
 000404   E  0.824461  0.826590  0.724474    0.2292    0.2951    0.4560    0.1340    0.5593    0.2445    0.3658
 000405   A  0.814194  0.821106  0.722171    0.2700    0.2436    0.4620    0.1150    0.5555    0.2425    0.3643
 000406   L  0.805526  0.811892  0.719773    0.2820    0.2817    0.4590    0.1240    0.5600    0.2288    0.3633
 000407   G  0.759201  0.810932  0.717134    0.2432    0.2034    0.4610    0.1300    0.5325    0.2450    0.3599
 000408   V  0.703664  0.799617  0.713351    0.2209    0.1373    0.4650    0.1280    0.5067    0.2540    0.3587
 000409   V  0.658109  0.805501  0.707924    0.2167    0.1969    0.4670    0.1370    0.5087    0.2361    0.3609
 000410   R  0.612322  0.793059  0.701455    0.1566    0.1969    0.4360    0.1440    0.4828    0.2419    0.3647
 000411   R  0.556298  0.779228  0.694808    0.1322    0.1554    0.4270    0.1380    0.4575    0.2475    0.3682
 000412   K  0.503498  0.770550  0.689053    0.1117    0.1554    0.4410    0.1420    0.4452    0.2463    0.3766
 000413   E  0.459075  0.757484  0.684299    0.1088    0.1554    0.4440    0.1490    0.4348    0.2420    0.3865
 000414   T  0.423483  0.748247  0.680389    0.1117    0.1048    0.4370    0.1410    0.4177    0.2484    0.3971
 000415   L  0.412904  0.721508  0.676491    0.0884    0.1184    0.4140    0.1370    0.4052    0.2437    0.4033
 000416   L  0.438429  0.710182  0.672029    0.0621    0.0851    0.3800    0.1270    0.3914    0.2533    0.4089
 000417   A  0.491242  0.672265  0.667375    0.1266    0.1449    0.3670    0.1220    0.4115    0.2214    0.4134
 000418   F  0.535361  0.665979  0.662328    0.0660    0.1528    0.3720    0.1210    0.4091    0.2348    0.4180
 000419   L  0.579917  0.668055  0.657186    0.1060    0.1528    0.3650    0.1190    0.4216    0.2296    0.4157
 000420   R  0.631776  0.676189  0.652424    0.1602    0.2258    0.3630    0.1110    0.4515    0.2110    0.4037
 000421   R  0.670934  0.684178  0.648764    0.1088    0.2436    0.3930    0.1140    0.4583    0.2255    0.3952
 000422   A  0.708008  0.695381  0.646745    0.1205    0.2224    0.4420    0.0860    0.4725    0.2320    0.3891
 000423   E  0.715621  0.699877  0.645836    0.1292    0.2224    0.4580    0.0950    0.4785    0.2314    0.3794
 000424   A  0.693389  0.701939  0.645690    0.1018    0.1969    0.5130    0.0940    0.4754    0.2403    0.3697
 000425   V  0.710379  0.710738  0.645490    0.0965    0.1969    0.5710    0.0650    0.4885    0.2479    0.3548
 000426   P  0.710521  0.741926  0.644743    0.1292    0.2645    0.5240    0.0600    0.5025    0.2300    0.3468
 000427   L  0.712749  0.759142  0.644136    0.1878    0.2645    0.5560    0.0520    0.5208    0.2186    0.3305
 000428   E  0.717912  0.772713  0.644282    0.1958    0.3019    0.5320    0.0530    0.5274    0.2125    0.3151
 000429   E  0.725265  0.780304  0.644799    0.1805    0.3840    0.5320    0.0860    0.5411    0.2068    0.3007
 000430   V  0.738652  0.778542  0.645923    0.2602    0.4685    0.5060    0.1020    0.5662    0.1770    0.2931
 000431   E  0.752693  0.779881  0.646904    0.2483    0.4766    0.4460    0.0960    0.5584    0.1872    0.2933
 000432   Q  0.786738  0.778897  0.647986    0.2700    0.4051    0.4630    0.0960    0.5587    0.1934    0.2918
 000433   A  0.823491  0.782040  0.648364    0.3053    0.3529    0.5020    0.1130    0.5691    0.1988    0.2901
 000434   S  0.819486  0.781672  0.648036    0.2209    0.2609    0.4840    0.1030    0.5357    0.2349    0.2889
 000435   R  0.795034  0.763524  0.647836    0.1844    0.2064    0.4540    0.1000    0.5086    0.2469    0.2892
 000436   D  0.734337  0.767093  0.647871    0.1878    0.2470    0.4010    0.1090    0.4976    0.2307    0.3014
 000437   R  0.674611  0.770355  0.648127    0.1041    0.2034    0.3760    0.1020    0.4627    0.2508    0.3179
 000438   L  0.605666  0.764739  0.648955    0.1532    0.2064    0.3580    0.1080    0.4562    0.2304    0.3412
 000439   E  0.539773  0.761847  0.650766    0.1349    0.1275    0.3280    0.1020    0.4238    0.2448    0.3614
 000440   A  0.475311  0.772822  0.654283    0.0832    0.1028    0.3350    0.1010    0.4039    0.2589    0.3858
 000441   G  0.407275  0.752351  0.659188    0.0909    0.1399    0.3380    0.0940    0.3979    0.2444    0.4070
 000442   S  0.333627  0.744900  0.664990    0.0771    0.1115    0.3170    0.0860    0.3748    0.2531    0.4199
 000443   L  0.265061  0.746876  0.670519    0.0660    0.0888    0.3340    0.0920    0.3619    0.2632    0.4324
 000444   L  0.230636  0.736370  0.674448    0.0723    0.0631    0.3740    0.1070    0.3585    0.2672    0.4260
 000445   L  0.266876  0.762881  0.676768    0.0621    0.0543    0.3670    0.1280    0.3649    0.2749    0.4201
 000446   L  0.273987  0.783070  0.678755    0.0425    0.0543    0.3540    0.1320    0.3645    0.2835    0.4173
 000447   M  0.277920  0.786335  0.678300    0.0336    0.0543    0.3540    0.1420    0.3641    0.2857    0.4253
 000448   R  0.282245  0.791715  0.677119    0.0363    0.0618    0.4010    0.1440    0.3750    0.2849    0.4206
 000449   L  0.284366  0.797853  0.674967    0.0677    0.1007    0.4470    0.1480    0.3955    0.2737    0.4023
 000450   L  0.290331  0.794138  0.675101    0.0660    0.0870    0.4790    0.1480    0.3985    0.2765    0.3864
 000451   A  0.295485  0.788236  0.675173    0.0832    0.1048    0.4400    0.1770    0.3979    0.2666    0.3606
 000452   R  0.306762  0.778835  0.673942    0.0723    0.0870    0.4630    0.1840    0.3970    0.2698    0.3358
 000453   A  0.300527  0.745834  0.670629    0.0744    0.0929    0.4950    0.1860    0.3966    0.2621    0.3225
 000454   A  0.255958  0.759596  0.664811    0.1041    0.0765    0.5220    0.1720    0.3972    0.2668    0.3098
 000455   L  0.230447  0.766792  0.657909    0.1416    0.1162    0.5770    0.1800    0.4150    0.2605    0.2978
 000456   A  0.220369  0.788379  0.649867    0.1205    0.1881    0.5850    0.1910    0.4253    0.2578    0.2830
 000457   R  0.210291  0.783645  0.641658    0.1698    0.2783    0.5970    0.1940    0.4468    0.2363    0.2672
 000458   E  0.211255  0.786962  0.633069    0.2041    0.1969    0.6090    0.1830    0.4401    0.2426    0.2599
 000459   E  0.229008  0.786157  0.624956    0.2209    0.2399    0.6140    0.1700    0.4526    0.2295    0.2608
 000460   S  0.235522  0.772673  0.618948    0.1958    0.2399    0.6410    0.1720    0.4507    0.2324    0.2628
 000461   R  0.235356  0.768635  0.614428    0.3005    0.3321    0.6260    0.1900    0.4795    0.1986    0.2642
 000462   G  0.232252  0.740063  0.610810    0.2385    0.3740    0.6420    0.1760    0.4729    0.2007    0.2750
 000463   A  0.229285  0.720832  0.605821    0.2602    0.3740    0.6320    0.1670    0.4704    0.1910    0.2859
 000464   H  0.241194  0.701714  0.599346    0.2865    0.4330    0.6020    0.1670    0.4773    0.1707    0.2872
 000465   F  0.240911  0.686250  0.591151    0.2865    0.4476    0.5720    0.1520    0.4707    0.1625    0.2881
 000466   R  0.238157  0.668369  0.581044    0.3992    0.5456    0.5220    0.1380    0.4925    0.1390    0.2827
 000467   E  0.226379  0.663426  0.569191    0.4037    0.5758    0.4650    0.1630    0.4840    0.1420    0.2875
 000468   D  0.196970  0.661769  0.557358    0.3992    0.5055    0.4380    0.1920    0.4597    0.1447    0.2955
 000469   F  0.186722  0.674702  0.546345    0.3939    0.3807    0.4500    0.1990    0.4388    0.1507    0.2982
 000470   P  0.180214  0.673891  0.537568    0.3146    0.3807    0.3820    0.1360    0.4115    0.1578    0.2969
 000471   L  0.179372  0.674773  0.529182    0.2385    0.3872    0.4100    0.1500    0.4031    0.1669    0.2882
 000472   E  0.182730  0.671012  0.519716    0.2820    0.2884    0.3730    0.1390    0.3861    0.1638    0.2811
 000473   D  0.168275  0.652487  0.507777    0.2865    0.2715    0.3910    0.1510    0.3795    0.1613    0.2665
 000474   R  0.162390  0.603255  0.495175    0.2041    0.2193    0.4140    0.1640    0.3496    0.1647    0.2519
 000475   P  0.154158  0.569936  0.483054    0.2041    0.2164    0.3420    0.1910    0.3283    0.1532    0.2456
 000476   R  0.160674  0.528416  0.472321    0.2209    0.2193    0.3160    0.1760    0.3197    0.1366    0.2383
 000477   H  0.167288  0.494269  0.460675    0.2483    0.1611    0.2610    0.1520    0.2988    0.1321    0.2429
 000478   S  0.165496  0.462286  0.453605    0.1602    0.1791    0.2150    0.1250    0.2726    0.1322    0.2436
 000479   L  0.163227  0.421582  0.448950    0.1018    0.1162    0.2090    0.1130    0.2434    0.1402    0.2456
 000480   F  0.175234  0.413194  0.447737    0.2041    0.2094    0.2010    0.0930    0.2751    0.1108    0.2463
 000481   Q  0.179556  0.414366  0.444220    0.1205    0.1251    0.1940    0.0900    0.2462    0.1324    0.2503
 000482   G  0.208033  0.399572  0.440406    0.2041    0.1969    0.2150    0.1040    0.2774    0.1017    0.2560
 000483   W  0.229604  0.347620  0.436290    0.1349    0.1791    0.2940    0.1300    0.2702    0.1020    0.2589
 000484   R  0.256137  0.337949  0.433132    0.1380    0.1449    0.6140    0.1210    0.3206    0.1669    0.2716
 000485   L  0.286680  0.336787  0.431149    0.1844    0.1298    0.6080    0.0890    0.3295    0.1586    0.2907
 000486   G  0.303430  0.364414  0.429295    0.1958    0.0851    0.6660    0.0770    0.3407    0.1835    0.3097
 000487   F  0.332166  0.388362  0.427856    0.2602    0.0719    0.6820    0.0950    0.3605    0.1840    0.3282
 000488   L  0.351307  0.383340  0.426221    0.3146    0.0506    0.6890    0.1030    0.3691    0.1872    0.3380
 000489   P  0.383117  0.428140  0.424851    0.3535    0.0364    0.7150    0.0710    0.3901    0.1977    0.3444
 000490   V  0.351598  0.492987  0.422102    0.4749    0.0506    0.7990    0.0810    0.4319    0.2207    0.3489
 000491   G  0.378201  0.569872  0.416381    0.5900    0.0967    0.8700    0.0550    0.4868    0.2356    0.3561
 000492   V  0.348083  0.639450  0.406769    0.6035    0.0618    0.8460    0.0670    0.4843    0.2491    0.3615
 000493   E  0.591062  0.703969  0.401267    0.6334    0.0380    0.8710    0.0660    0.5398    0.2643    0.3696
