#RESNUM RES     VL-XT     VSL2B       VL3  IUPred-S  IUPred-L  PONDRFIT  FITERROR       MDP  MDPERROR   ANCHOR2
 000001   M  0.979677  0.798036  0.259394    0.8488    0.0676    0.9650    0.0260    0.6098    0.3587    0.3328
 000002   K  0.949051  0.727418  0.263470    0.7418    0.1048    0.9420    0.0240    0.5775    0.3272    0.3145
 000003   V  0.822094  0.669756  0.265792    0.6293    0.0605    0.9340    0.0410    0.5193    0.3091    0.3081
 000004   P  0.838420  0.644495  0.269879    0.5941    0.0372    0.9080    0.0440    0.5037    0.3098    0.3122
 000005   E  0.665642  0.552775  0.271281    0.4749    0.0506    0.9140    0.0380    0.4430    0.2793    0.3128
 000006   A  0.566941  0.420274  0.272492    0.3491    0.0327    0.9020    0.0600    0.3785    0.2717    0.3128
 000007   A  0.506457  0.332308  0.274665    0.2963    0.0240    0.8430    0.0880    0.3336    0.2549    0.3092
 000008   I  0.458358  0.244352  0.273581    0.1698    0.0349    0.8470    0.1610    0.2925    0.2644    0.3032
 000009   S  0.408052  0.182339  0.275254    0.0858    0.0506    0.8800    0.1230    0.2678    0.2835    0.3039
 000010   R  0.365209  0.139875  0.274863    0.0701    0.0364    0.8500    0.1600    0.2436    0.2791    0.3021
 000011   L  0.375321  0.130683  0.272630    0.0567    0.0506    0.8730    0.1540    0.2477    0.2878    0.3038
 000012   I  0.403806  0.116233  0.270832    0.0414    0.0531    0.8450    0.1780    0.2432    0.2832    0.3036
 000013   T  0.438340  0.096904  0.268545    0.0478    0.0555    0.8310    0.1800    0.2450    0.2824    0.3125
 000014   Y  0.466285  0.110283  0.267377    0.0660    0.0851    0.8290    0.1820    0.2595    0.2761    0.3121
 000015   L  0.514570  0.111454  0.266287    0.0526    0.0463    0.7280    0.2090    0.2422    0.2589    0.3006
 000016   R  0.528041  0.132201  0.262229    0.0526    0.0433    0.6340    0.2870    0.2318    0.2339    0.2880
 000017   I  0.560537  0.158519  0.258598    0.0414    0.0531    0.4900    0.2200    0.2173    0.2064    0.2803
 000018   L  0.603393  0.200007  0.253714    0.0514    0.0690    0.3670    0.1460    0.2151    0.1931    0.2732
 000019   E  0.643647  0.240127  0.250937    0.0832    0.1206    0.3090    0.1150    0.2328    0.1871    0.2634
 000020   E  0.645755  0.293717  0.247855    0.0813    0.1229    0.3050    0.1060    0.2415    0.1871    0.2527
 000021   L  0.661389  0.358546  0.248393    0.0858    0.1323    0.3440    0.0950    0.2637    0.1927    0.2437
 000022   E  0.685851  0.419881  0.249174    0.1349    0.2064    0.3360    0.0680    0.2972    0.1846    0.2320
 000023   A  0.724023  0.469001  0.256709    0.2122    0.2129    0.3830    0.1010    0.3335    0.1864    0.2185
 000024   Q  0.757589  0.515198  0.266445    0.2041    0.2034    0.4090    0.1050    0.3481    0.2031    0.2088
 000025   G  0.792620  0.547336  0.271773    0.1998    0.3053    0.4830    0.1230    0.3880    0.2057    0.2046
 000026   V  0.808162  0.561909  0.274444    0.2820    0.3087    0.4970    0.1200    0.4096    0.1977    0.2042
 000027   H  0.811965  0.599474  0.274396    0.3005    0.2817    0.5210    0.1280    0.4192    0.2046    0.2094
 000028   R  0.815985  0.600755  0.270718    0.3096    0.3774    0.5660    0.1340    0.4450    0.1957    0.2076
 000029   T  0.792711  0.605124  0.265939    0.3535    0.3910    0.5630    0.1480    0.4509    0.1828    0.2044
 000030   S  0.767155  0.646300  0.261628    0.3456    0.3872    0.5540    0.1360    0.4501    0.1827    0.2005
 000031   S  0.732660  0.649337  0.256260    0.2657    0.3460    0.5340    0.1190    0.4213    0.1910    0.1960
 000032   E  0.685195  0.648816  0.247423    0.3535    0.3249    0.5050    0.1380    0.4196    0.1700    0.1918
 000033   Q  0.646424  0.637661  0.242502    0.3146    0.3182    0.4390    0.1060    0.3927    0.1637    0.1912
 000034   L  0.618470  0.594738  0.238337    0.2558    0.2849    0.3890    0.1240    0.3572    0.1609    0.1926
 000035   G  0.598065  0.534503  0.234650    0.2657    0.2752    0.3110    0.1310    0.3307    0.1472    0.1906
 000036   E  0.583097  0.475274  0.229598    0.1921    0.2715    0.2120    0.0700    0.2889    0.1530    0.1858
 000037   L  0.547861  0.392264  0.225324    0.2700    0.3494    0.1570    0.0610    0.2861    0.1319    0.1812
 000038   A  0.501381  0.307724  0.218475    0.2558    0.2609    0.1210    0.0500    0.2412    0.1208    0.1740
 000039   Q  0.440092  0.248216  0.212107    0.2786    0.2645    0.1030    0.0420    0.2224    0.1059    0.1694
 000040   V  0.385714  0.199590  0.203676    0.2041    0.1759    0.0950    0.0300    0.1768    0.0934    0.1680
 000041   T  0.343069  0.179209  0.196801    0.2041    0.1007    0.0880    0.0250    0.1525    0.0899    0.1724
 000042   A  0.290375  0.172451  0.191255    0.1416    0.1007    0.0810    0.0180    0.1310    0.0756    0.1775
 000043   F  0.224906  0.175909  0.185467    0.0771    0.0948    0.0780    0.0130    0.1085    0.0660    0.1825
 000044   Q  0.155180  0.187121  0.182967    0.0744    0.0531    0.0760    0.0100    0.0909    0.0630    0.1823
 000045   V  0.081912  0.213814  0.181620    0.1292    0.0909    0.0780    0.0130    0.0990    0.0602    0.1862
 000046   R  0.026311  0.229967  0.176694    0.0789    0.0985    0.0780    0.0190    0.0852    0.0742    0.1932
 000047   K  0.011478  0.245062  0.175650    0.0744    0.0888    0.0800    0.0300    0.0833    0.0816    0.2031
 000048   D  0.009108  0.257893  0.175592    0.1178    0.1449    0.0770    0.0250    0.1012    0.0830    0.2133
 000049   L  0.006072  0.264828  0.174887    0.1416    0.1184    0.0770    0.0260    0.1013    0.0854    0.2229
 000050   S  0.006119  0.263687  0.172876    0.1380    0.1137    0.0820    0.0290    0.1006    0.0843    0.2333
 000051   Y  0.006675  0.278133  0.170866    0.1292    0.1028    0.1130    0.0350    0.1049    0.0863    0.2397
 000052   F  0.007725  0.292652  0.165702    0.1292    0.1028    0.1380    0.0450    0.1117    0.0890    0.2406
 000053   G  0.006652  0.304043  0.160086    0.0909    0.0799    0.1590    0.0480    0.1068    0.0962    0.2366
 000054   S  0.005458  0.314332  0.149712    0.1495    0.1731    0.1740    0.0530    0.1361    0.0931    0.2345
 000055   Y  0.004829  0.339606  0.138807    0.0935    0.1162    0.1640    0.0490    0.1196    0.1037    0.2372
 000056   G  0.005970  0.342485  0.132184    0.1602    0.1048    0.1420    0.0530    0.1259    0.1026    0.2322
 000057   T  0.006844  0.326910  0.128609    0.1060    0.1048    0.1260    0.0390    0.1117    0.0982    0.2284
 000058   R  0.023878  0.319593  0.128170    0.0607    0.1070    0.1010    0.0290    0.1021    0.0965    0.2212
 000059   G  0.073583  0.299088  0.128646    0.0567    0.1092    0.0900    0.0220    0.1048    0.0835    0.2140
 000060   V  0.107857  0.259338  0.128410    0.0935    0.1092    0.0930    0.0300    0.1105    0.0620    0.2090
 000061   G  0.126384  0.242957  0.130183    0.0935    0.1070    0.0810    0.0260    0.1084    0.0576    0.2030
 000062   Y  0.148934  0.219699  0.132407    0.0813    0.1702    0.0840    0.0290    0.1174    0.0531    0.1988
 000063   T  0.162198  0.206960  0.134379    0.1380    0.1823    0.0740    0.0250    0.1272    0.0477    0.1949
 000064   V  0.175130  0.209429  0.131872    0.1292    0.1162    0.0640    0.0210    0.1157    0.0507    0.1904
 000065   P  0.185892  0.208522  0.129365    0.0723    0.1162    0.0650    0.0230    0.1080    0.0574    0.1868
 000066   V  0.216627  0.211060  0.124818    0.0677    0.1115    0.0730    0.0210    0.1133    0.0633    0.1784
 000067   L  0.233009  0.225207  0.123103    0.0643    0.1206    0.0740    0.0180    0.1195    0.0698    0.1718
 000068   K  0.216271  0.229629  0.121130    0.0363    0.1115    0.0740    0.0140    0.1113    0.0731    0.1603
 000069   R  0.220366  0.216469  0.121459    0.0363    0.1115    0.0810    0.0150    0.1109    0.0704    0.1509
 000070   E  0.228584  0.220902  0.123339    0.0363    0.0592    0.0700    0.0140    0.1025    0.0792    0.1403
 000071   L  0.232553  0.208682  0.125045    0.0567    0.0929    0.0640    0.0110    0.1092    0.0712    0.1313
 000072   R  0.239234  0.184298  0.127180    0.0304    0.0531    0.0570    0.0150    0.0939    0.0790    0.1238
 000073   H  0.248950  0.169905  0.131333    0.0542    0.0631    0.0540    0.0200    0.0984    0.0753    0.1180
 000074   I  0.262703  0.163673  0.134664    0.0297    0.0320    0.0550    0.0210    0.0905    0.0869    0.1154
 000075   L  0.232004  0.142186  0.133233    0.0308    0.0313    0.0540    0.0200    0.0817    0.0762    0.1164
 000076   G  0.199498  0.126291  0.129476    0.0128    0.0258    0.0500    0.0160    0.0690    0.0699    0.1167
 000077   L  0.170278  0.122916  0.128997    0.0124    0.0320    0.0480    0.0150    0.0643    0.0617    0.1190
 000078   N  0.137440  0.108779  0.127175    0.0259    0.0555    0.0430    0.0120    0.0618    0.0481    0.1240
 000079   R  0.111043  0.085909  0.125639    0.0173    0.0555    0.0410    0.0110    0.0518    0.0437    0.1318
 000080   K  0.087200  0.076998  0.123470    0.0167    0.0320    0.0440    0.0140    0.0428    0.0418    0.1400
 000081   W  0.069807  0.070818  0.122064    0.0150    0.0294    0.0480    0.0170    0.0389    0.0401    0.1502
 000082   G  0.051714  0.059447  0.120694    0.0150    0.0506    0.0500    0.0170    0.0379    0.0373    0.1574
 000083   L  0.025587  0.051680  0.120568    0.0150    0.0414    0.0530    0.0160    0.0311    0.0394    0.1663
 000084   C  0.025279  0.057454  0.121997    0.0173    0.0235    0.0550    0.0150    0.0298    0.0411    0.1736
 000085   I  0.025754  0.059895  0.122631    0.0274    0.0341    0.0590    0.0170    0.0344    0.0391    0.1763
 000086   V  0.022348  0.062388  0.121778    0.0268    0.0631    0.0650    0.0200    0.0399    0.0384    0.1785
 000087   G  0.015795  0.085651  0.123375    0.0218    0.0364    0.0720    0.0270    0.0386    0.0434    0.1818
 000088   M  0.015460  0.106559  0.123689    0.0414    0.0780    0.0810    0.0340    0.0538    0.0421    0.1876
 000089   G  0.024544  0.121135  0.123864    0.0226    0.0719    0.0850    0.0300    0.0541    0.0456    0.1893
 000090   R  0.043647  0.151445  0.128473    0.0279    0.0349    0.0830    0.0270    0.0568    0.0521    0.1910
 000091   L  0.053325  0.205910  0.138790    0.0279    0.0356    0.0890    0.0250    0.0686    0.0673    0.1969
 000092   G  0.098947  0.238048  0.142970    0.0297    0.0734    0.0920    0.0270    0.0887    0.0696    0.2014
 000093   S  0.142010  0.259546  0.149844    0.0304    0.0734    0.1090    0.0380    0.1023    0.0759    0.2088
 000094   A  0.165427  0.294062  0.157710    0.0587    0.0618    0.1400    0.0500    0.1201    0.0830    0.2162
 000095   L  0.189960  0.315772  0.165284    0.0935    0.0967    0.1480    0.0490    0.1407    0.0795    0.2262
 000096   A  0.204644  0.317100  0.172590    0.0909    0.1007    0.1450    0.0370    0.1431    0.0811    0.2335
 000097   D  0.209587  0.344453  0.180226    0.1532    0.1476    0.1740    0.0650    0.1714    0.0735    0.2388
 000098   Y  0.204566  0.352798  0.185704    0.0935    0.1476    0.1670    0.0610    0.1609    0.0857    0.2409
 000099   P  0.188443  0.349471  0.191536    0.1150    0.0967    0.1250    0.0290    0.1458    0.0905    0.2408
 000100   G  0.178391  0.355892  0.198332    0.1178    0.0483    0.1260    0.0250    0.1378    0.1012    0.2438
 000101   F  0.138360  0.376819  0.208347    0.0723    0.0531    0.1310    0.0320    0.1285    0.1133    0.2524
 000102   G  0.107731  0.357918  0.220713    0.0813    0.0581    0.0990    0.0270    0.1173    0.1109    0.2541
 000103   E  0.085954  0.347503  0.234182    0.0884    0.0631    0.0870    0.0240    0.1119    0.1116    0.2544
 000104   S  0.063172  0.344069  0.250993    0.0554    0.0765    0.0830    0.0250    0.1037    0.1188    0.2567
 000105   F  0.078261  0.318010  0.267807    0.0771    0.1007    0.0820    0.0250    0.1094    0.1091    0.2583
 000106   E  0.090663  0.286096  0.281048    0.1566    0.1611    0.0730    0.0190    0.1279    0.0956    0.2567
 000107   L  0.104576  0.273195  0.299998    0.1998    0.1323    0.0700    0.0170    0.1300    0.0988    0.2587
 000108   R  0.136012  0.267013  0.314137    0.1878    0.1229    0.0710    0.0180    0.1308    0.0992    0.2635
 000109   G  0.154777  0.253295  0.322977    0.2167    0.1914    0.0770    0.0210    0.1488    0.0939    0.2729
 000110   F  0.168128  0.252712  0.329893    0.1958    0.1914    0.0970    0.0310    0.1509    0.0906    0.2808
 000111   F  0.174430  0.272976  0.337348    0.1805    0.1323    0.1310    0.0480    0.1486    0.0943    0.2829
 000112   D  0.196552  0.313964  0.340859    0.3053    0.2258    0.1700    0.0790    0.2020    0.0857    0.2707
 000113   V  0.216583  0.359172  0.344930    0.2255    0.2292    0.2080    0.1020    0.2064    0.0852    0.2581
 000114   D  0.212155  0.419451  0.349559    0.2041    0.2129    0.2310    0.1080    0.2133    0.1012    0.2506
 000115   P  0.224143  0.467591  0.354861    0.2122    0.1528    0.2390    0.1090    0.2160    0.1205    0.2396
 000116   E  0.230574  0.499735  0.365630    0.3184    0.1702    0.2470    0.0880    0.2443    0.1233    0.2251
 000117   K  0.242051  0.527828  0.378999    0.2333    0.1702    0.2540    0.0850    0.2378    0.1347    0.2101
 000118   V  0.292197  0.525663  0.387886    0.2385    0.2575    0.2320    0.0720    0.2576    0.1232    0.1973
 000119   G  0.346944  0.510096  0.398786    0.2657    0.1914    0.1910    0.0610    0.2508    0.1327    0.1882
 000120   R  0.409965  0.497008  0.409664    0.2602    0.2002    0.1930    0.0720    0.2601    0.1348    0.1749
 000121   P  0.470771  0.471455  0.413076    0.2786    0.2224    0.1830    0.0780    0.2710    0.1357    0.1677
 000122   V  0.521115  0.439125  0.408973    0.3762    0.2436    0.1640    0.0730    0.2907    0.1383    0.1610
 000123   R  0.540821  0.417924  0.407679    0.2865    0.2609    0.1480    0.0670    0.2757    0.1441    0.1613
 000124   G  0.546795  0.381604  0.404676    0.2820    0.3392    0.1340    0.0570    0.2805    0.1423    0.1661
 000125   G  0.563010  0.349086  0.400137    0.2963    0.3286    0.1230    0.0430    0.2767    0.1467    0.1700
 000126   V  0.551428  0.328521  0.394905    0.2786    0.2224    0.1180    0.0370    0.2499    0.1511    0.1739
 000127   I  0.512182  0.303988  0.388716    0.2531    0.2364    0.1410    0.0400    0.2411    0.1350    0.1787
 000128   E  0.480716  0.291867  0.382949    0.1878    0.2399    0.1370    0.0380    0.2229    0.1327    0.1884
 000129   H  0.439459  0.305446  0.378233    0.2865    0.3087    0.1390    0.0350    0.2465    0.1118    0.1969
 000130   V  0.418423  0.282233  0.371974    0.2820    0.2094    0.1560    0.0370    0.2246    0.1087    0.1956
 000131   D  0.401303  0.272579  0.364728    0.2963    0.2258    0.1940    0.0620    0.2317    0.0946    0.1966
 000132   L  0.402006  0.283693  0.354817    0.1698    0.1206    0.2380    0.0670    0.2023    0.1146    0.1919
 000133   L  0.416249  0.303851  0.342728    0.2483    0.1476    0.2510    0.0760    0.2278    0.1016    0.1853
 000134   P  0.426040  0.302619  0.328572    0.1732    0.0929    0.2680    0.0670    0.2104    0.1207    0.1773
 000135   Q  0.419262  0.289409  0.309318    0.1416    0.0531    0.3240    0.0720    0.2046    0.1326    0.1656
 000136   R  0.414030  0.291438  0.290164    0.0771    0.0568    0.3780    0.0790    0.2028    0.1459    0.1540
 000137   V  0.420321  0.276704  0.277607    0.0643    0.0555    0.3810    0.0720    0.1996    0.1487    0.1469
 000138   P  0.440106  0.245753  0.259996    0.1088    0.1184    0.3380    0.0550    0.2085    0.1241    0.1418
 000139   G  0.443516  0.220478  0.247563    0.0587    0.1070    0.3160    0.0420    0.1909    0.1342    0.1339
 000140   R  0.464212  0.207431  0.240442    0.0744    0.1137    0.2780    0.0520    0.1895    0.1324    0.1256
 000141   I  0.500777  0.189824  0.234626    0.1150    0.1424    0.2490    0.0520    0.1996    0.1323    0.1227
 000142   E  0.531741  0.184862  0.228376    0.1178    0.1115    0.2070    0.0590    0.1921    0.1466    0.1237
 000143   I  0.560920  0.177006  0.225363    0.1380    0.1852    0.1850    0.0770    0.2078    0.1482    0.1250
 000144   A  0.617782  0.167138  0.221753    0.1698    0.2715    0.1650    0.0870    0.2318    0.1649    0.1313
 000145   L  0.667132  0.157107  0.218321    0.1456    0.2094    0.1360    0.0590    0.2192    0.1902    0.1362
 000146   L  0.689349  0.152241  0.214720    0.1349    0.1731    0.1190    0.0380    0.2114    0.2032    0.1428
 000147   T  0.692202  0.179474  0.205518    0.1150    0.1852    0.1220    0.0590    0.2156    0.2035    0.1494
 000148   V  0.694587  0.207425  0.192517    0.1349    0.1731    0.1290    0.0640    0.2232    0.2011    0.1512
 000149   P  0.638990  0.267827  0.181900    0.1266    0.0909    0.1270    0.0480    0.2086    0.1900    0.1541
 000150   R  0.592228  0.308648  0.169728    0.0701    0.0581    0.1670    0.0670    0.1994    0.1848    0.1542
 000151   E  0.534242  0.345939  0.156378    0.0395    0.0483    0.1980    0.0900    0.1943    0.1757    0.1524
 000152   A  0.469843  0.384301  0.147492    0.0441    0.0734    0.2090    0.0860    0.1968    0.1586    0.1466
 000153   A  0.412716  0.398846  0.142585    0.0327    0.0676    0.1880    0.0820    0.1832    0.1510    0.1371
 000154   Q  0.355244  0.398919  0.138233    0.0464    0.0662    0.1910    0.0930    0.1762    0.1368    0.1276
 000155   K  0.301316  0.383012  0.132706    0.0554    0.0817    0.2030    0.1080    0.1708    0.1196    0.1118
 000156   A  0.247663  0.350797  0.130184    0.0490    0.1349    0.1850    0.0990    0.1612    0.0985    0.0989
 000157   A  0.177911  0.306514  0.128910    0.0858    0.1275    0.1380    0.0690    0.1393    0.0737    0.0884
 000158   D  0.157386  0.253239  0.128677    0.0813    0.0704    0.1000    0.0370    0.1103    0.0652    0.0762
 000159   L  0.122645  0.202253  0.127342    0.0701    0.1184    0.0820    0.0260    0.0992    0.0474    0.0642
 000160   L  0.099679  0.153452  0.126227    0.0297    0.0494    0.0710    0.0180    0.0672    0.0478    0.0534
 000161   V  0.082201  0.131762  0.126242    0.0304    0.0414    0.0620    0.0130    0.0579    0.0443    0.0468
 000162   A  0.052574  0.115412  0.125881    0.0124    0.0454    0.0620    0.0180    0.0480    0.0449    0.0428
 000163   A  0.033311  0.103529  0.125644    0.0121    0.0349    0.0630    0.0200    0.0411    0.0456    0.0412
 000164   G  0.016764  0.104946  0.125683    0.0218    0.0275    0.0690    0.0270    0.0400    0.0473    0.0391
 000165   I  0.007827  0.103634  0.126873    0.0102    0.0163    0.0770    0.0340    0.0358    0.0523    0.0368
 000166   K  0.007913  0.098481  0.128040    0.0067    0.0178    0.0810    0.0350    0.0352    0.0525    0.0380
 000167   G  0.011097  0.094930  0.129350    0.0035    0.0141    0.0840    0.0240    0.0346    0.0532    0.0395
 000168   I  0.013897  0.091887  0.129524    0.0061    0.0194    0.0860    0.0130    0.0362    0.0516    0.0398
 000169   L  0.016917  0.079716  0.128868    0.0024    0.0181    0.0930    0.0110    0.0351    0.0514    0.0433
 000170   N  0.019421  0.070377  0.129078    0.0066    0.0334    0.0940    0.0130    0.0373    0.0484    0.0489
 000171   F  0.043509  0.071945  0.128073    0.0109    0.0364    0.1000    0.0170    0.0437    0.0450    0.0553
 000172   A  0.073285  0.075322  0.128256    0.0245    0.0473    0.0960    0.0220    0.0528    0.0395    0.0590
 000173   P  0.135462  0.074965  0.129307    0.0157    0.0356    0.0870    0.0250    0.0582    0.0491    0.0614
 000174   V  0.209550  0.092698  0.130143    0.0157    0.0483    0.1110    0.0320    0.0795    0.0654    0.0596
 000175   V  0.275801  0.123681  0.131517    0.0083    0.0531    0.1520    0.0380    0.1022    0.0868    0.0602
 000176   L  0.339544  0.155056  0.132742    0.0218    0.0618    0.2030    0.0500    0.1301    0.1050    0.0631
 000177   E  0.403611  0.213929  0.132856    0.0245    0.0690    0.2190    0.0570    0.1551    0.1254    0.0629
 000178   V  0.481022  0.269646  0.133471    0.0121    0.0341    0.2280    0.0500    0.1709    0.1605    0.0626
 000179   P  0.554530  0.306708  0.133836    0.0304    0.0364    0.2190    0.0530    0.1912    0.1822    0.0681
 000180   K  0.599455  0.321109  0.134353    0.0297    0.0531    0.2220    0.0550    0.2042    0.1951    0.0700
 000181   E  0.648408  0.318450  0.134277    0.0144    0.0494    0.2160    0.0580    0.2079    0.2138    0.0726
 000182   V  0.663907  0.295091  0.134137    0.0252    0.0581    0.2190    0.0650    0.2102    0.2146    0.0708
 000183   A  0.672774  0.262464  0.131720    0.0336    0.0765    0.2000    0.0860    0.2076    0.2132    0.0722
 000184   V  0.639794  0.228446  0.128259    0.0128    0.0618    0.1780    0.0770    0.1867    0.2067    0.0754
 000185   E  0.611575  0.207948  0.125476    0.0268    0.0568    0.1350    0.0660    0.1730    0.1967    0.0842
 000186   N  0.567039  0.195634  0.124671    0.0405    0.0888    0.1050    0.0460    0.1661    0.1774    0.0877
 000187   V  0.502080  0.163451  0.121375    0.0455    0.0780    0.0830    0.0290    0.1453    0.1563    0.0900
 000188   D  0.427801  0.142181  0.120005    0.0414    0.0592    0.0700    0.0170    0.1235    0.1333    0.0958
 000189   F  0.362940  0.123585  0.118897    0.0387    0.0518    0.0700    0.0170    0.1078    0.1117    0.0990
 000190   L  0.284702  0.115078  0.118823    0.0259    0.0253    0.0740    0.0170    0.0875    0.0899    0.0928
 000191   A  0.206019  0.098643  0.118584    0.0137    0.0281    0.0810    0.0180    0.0712    0.0664    0.0868
 000192   G  0.121948  0.092989  0.119036    0.0074    0.0300    0.1020    0.0290    0.0590    0.0484    0.0815
 000193   L  0.088022  0.087654  0.119922    0.0131    0.0473    0.1220    0.0450    0.0597    0.0436    0.0787
 000194   T  0.069804  0.085818  0.120637    0.0226    0.0334    0.1400    0.0570    0.0587    0.0471    0.0764
 000195   R  0.067912  0.083039  0.121917    0.0395    0.0531    0.1710    0.0780    0.0691    0.0492    0.0748
 000196   L  0.072608  0.082292  0.123316    0.0194    0.0518    0.1780    0.0770    0.0673    0.0549    0.0721
 000197   S  0.092253  0.084809  0.122957    0.0182    0.0531    0.1680    0.0760    0.0694    0.0520    0.0741
 000198   F  0.142237  0.086208  0.123197    0.0387    0.0676    0.2120    0.0870    0.0912    0.0601    0.0757
 000199   A  0.201349  0.100565  0.123615    0.0387    0.0494    0.1660    0.0500    0.0927    0.0620    0.0776
 000200   I  0.248126  0.115212  0.124577    0.0554    0.1007    0.2360    0.0220    0.1259    0.0739    0.0837
 000201   L  0.276561  0.144207  0.124504    0.0771    0.1554    0.4640    0.1390    0.1861    0.1314    0.0994
 000202   N  0.313887  0.188072  0.126532    0.0991    0.1583    0.3660    0.1140    0.1876    0.1003    0.1224
 000203   P  0.343714  0.240375  0.127629    0.1240    0.1349    0.4500    0.1470    0.2155    0.1256    0.1520
 000204   K  0.374172  0.334139  0.127463    0.2483    0.1914    0.4830    0.1450    0.2718    0.1202    0.1858
 000205   W  0.389794  0.438455  0.127584    0.2865    0.1501    0.5530    0.0890    0.3029    0.1542    0.2268
 000206   R  0.406830  0.552655  0.126925    0.3491    0.1298    0.6300    0.1210    0.3447    0.1923    0.2569
 000207   E  0.412832  0.662847  0.125718    0.4879    0.1942    0.6170    0.0930    0.3958    0.2010    0.2811
 000208   E  0.466088  0.780779  0.124460    0.5253    0.1611    0.7190    0.0820    0.4420    0.2512    0.3041
 000209   M  0.328112  0.827098  0.122430    0.6681    0.2817    0.7760    0.0450    0.4802    0.2689    0.3344
 000210   M  0.349988  0.889926  0.121699    0.7342    0.2951    0.8510    0.0500    0.5200    0.2973    0.3664
 000211   G  0.543687  0.925501  0.120259    0.8488    0.4292    0.9060    0.0260    0.6089    0.2948    0.3980
