#RESNUM RES     VL-XT     VSL2B       VL3  IUPred-S  IUPred-L  PONDRFIT  FITERROR       MDP  MDPERROR   ANCHOR2
 000001   M  0.443087  0.670448  0.287253    0.6681    0.0494    0.8650    0.1210    0.4493    0.2756    0.4248
 000002   S  0.434813  0.574122  0.282032    0.6293    0.0835    0.8190    0.0840    0.4234    0.2440    0.4243
 000003   E  0.354750  0.540128  0.276399    0.5043    0.1048    0.7800    0.0900    0.3806    0.2190    0.4267
 000004   R  0.162874  0.457451  0.269806    0.4600    0.1298    0.6040    0.0990    0.3024    0.1782    0.4292
 000005   V  0.184302  0.351237  0.263833    0.4116    0.1373    0.4600    0.1160    0.2575    0.1249    0.4327
 000006   C  0.135952  0.238321  0.258097    0.3668    0.1028    0.5680    0.1330    0.2354    0.1613    0.4282
 000007   A  0.102569  0.145973  0.254939    0.2865    0.0780    0.5810    0.1720    0.1990    0.1748    0.4269
 000008   V  0.074847  0.097161  0.250401    0.1667    0.0967    0.5980    0.2040    0.1722    0.1863    0.4150
 000009   I  0.076161  0.075359  0.245486    0.0832    0.1298    0.5240    0.1990    0.1480    0.1661    0.4134
 000010   V  0.072298  0.068446  0.239145    0.0643    0.1048    0.4680    0.1730    0.1297    0.1519    0.4143
 000011   T  0.057611  0.078443  0.233612    0.0514    0.0817    0.5840    0.1850    0.1422    0.1944    0.4197
 000012   Y  0.056300  0.092122  0.229392    0.0376    0.0967    0.6020    0.1680    0.1475    0.1999    0.4206
 000013   N  0.057487  0.104206  0.226999    0.0218    0.0851    0.5640    0.2360    0.1388    0.1884    0.4236
 000014   R  0.058860  0.119883  0.224579    0.0218    0.0531    0.4210    0.2300    0.1124    0.1429    0.4227
 000015   K  0.060407  0.135001  0.225500    0.0167    0.0349    0.2960    0.1420    0.0905    0.1095    0.4189
 000016   A  0.069417  0.140593  0.228568    0.0200    0.0518    0.1800    0.0720    0.0770    0.0833    0.4082
 000017   L  0.103237  0.146689  0.232165    0.0252    0.0835    0.1720    0.0670    0.0884    0.0767    0.3991
 000018   L  0.147607  0.164436  0.243168    0.0316    0.1007    0.1490    0.0530    0.0988    0.0759    0.4025
 000019   R  0.233452  0.174050  0.247321    0.0490    0.1349    0.1580    0.0770    0.1249    0.0776    0.4100
 000020   E  0.319454  0.172263  0.255276    0.0771    0.2292    0.1550    0.0630    0.1588    0.0885    0.4143
 000021   C  0.344340  0.184422  0.265500    0.1088    0.3182    0.1440    0.0550    0.1833    0.0983    0.4161
 000022   L  0.356074  0.198633  0.276498    0.1292    0.3249    0.1290    0.0520    0.1897    0.1007    0.4147
 000023   K  0.364226  0.211438  0.291566    0.2255    0.4186    0.1200    0.0330    0.2232    0.1108    0.4165
 000024   A  0.373866  0.229664  0.306845    0.2333    0.3494    0.1310    0.0480    0.2195    0.0970    0.4132
 000025   V  0.380049  0.270696  0.321968    0.2432    0.2918    0.1620    0.0570    0.2245    0.0863    0.4119
 000026   L  0.365891  0.298727  0.330801    0.1878    0.2436    0.1950    0.0620    0.2152    0.0866    0.4103
 000027   S  0.304595  0.341498  0.339912    0.1667    0.2064    0.2120    0.0880    0.2052    0.0896    0.4134
 000028   Q  0.234938  0.379399  0.351457    0.1844    0.2884    0.2390    0.1200    0.2211    0.0899    0.4153
 000029   T  0.191831  0.405871  0.368310    0.1998    0.3667    0.2820    0.1480    0.2410    0.1041    0.4120
 000030   R  0.211547  0.421633  0.385891    0.2122    0.3529    0.3010    0.1490    0.2499    0.1034    0.4083
 000031   P  0.247008  0.433813  0.405521    0.2122    0.3356    0.3070    0.1270    0.2560    0.1040    0.4033
 000032   P  0.295763  0.431582  0.426455    0.2786    0.4119    0.3070    0.1180    0.2876    0.0967    0.4019
 000033   D  0.375983  0.410113  0.447720    0.3668    0.5017    0.2750    0.0940    0.3217    0.1027    0.4018
 000034   H  0.429721  0.392403  0.468228    0.3717    0.5139    0.2680    0.0990    0.3293    0.1103    0.4016
 000035   V  0.481715  0.372331  0.489669    0.4245    0.5493    0.2530    0.0930    0.3468    0.1259    0.4047
 000036   L  0.554694  0.372071  0.511578    0.4918    0.6712    0.2490    0.0930    0.3899    0.1589    0.4080
 000037   V  0.625089  0.384816  0.530463    0.5623    0.7799    0.2410    0.1130    0.4321    0.1931    0.4134
 000038   V  0.675291  0.418489  0.544492    0.5941    0.7415    0.2310    0.1170    0.4433    0.1921    0.4190
 000039   D  0.726097  0.460428  0.562098    0.6124    0.6322    0.2430    0.1260    0.4457    0.1807    0.4229
 000040   N  0.766506  0.497459  0.581398    0.5900    0.6375    0.2870    0.1510    0.4630    0.1756    0.4267
 000041   A  0.805282  0.524244  0.603070    0.5473    0.6712    0.3500    0.1660    0.4831    0.1718    0.4307
 000042   S  0.812492  0.548667  0.625025    0.5331    0.6427    0.3470    0.1550    0.4807    0.1743    0.4343
 000043   T  0.829056  0.572665  0.646611    0.5296    0.4801    0.3580    0.1370    0.4615    0.1814    0.4365
 000044   D  0.851770  0.597485  0.666995    0.5331    0.4940    0.3970    0.1240    0.4789    0.1819    0.4382
 000045   G  0.882370  0.615239  0.684028    0.4703    0.5055    0.4100    0.1390    0.4806    0.1943    0.4389
 000046   T  0.887605  0.634659  0.700823    0.5514    0.5055    0.3820    0.1440    0.4936    0.1975    0.4395
 000047   P  0.890247  0.645973  0.716923    0.6334    0.6043    0.3610    0.1380    0.5225    0.1972    0.4399
 000048   E  0.889156  0.641445  0.731157    0.6374    0.6043    0.4020    0.1520    0.5290    0.1901    0.4409
 000049   M  0.895422  0.636703  0.737531    0.7111    0.5901    0.4510    0.1670    0.5474    0.1841    0.4427
 000050   L  0.897011  0.638629  0.748564    0.6474    0.5620    0.4130    0.1560    0.5263    0.1951    0.4445
 000051   Q  0.893478  0.624917  0.749833    0.5900    0.4652    0.4060    0.1400    0.4966    0.2065    0.4444
 000052   E  0.888917  0.618480  0.749802    0.6079    0.5176    0.3870    0.1350    0.5033    0.2030    0.4441
 000053   E  0.879000  0.611482  0.741424    0.5412    0.5342    0.3620    0.1290    0.4880    0.2054    0.4447
 000054   F  0.868048  0.574221  0.724522    0.5711    0.5382    0.3520    0.1220    0.4839    0.2007    0.4435
 000055   P  0.861546  0.556016  0.707432    0.5667    0.5342    0.3220    0.1240    0.4734    0.2031    0.4418
 000056   Q  0.858496  0.512434  0.692381    0.5583    0.5382    0.3310    0.1300    0.4663    0.1996    0.4403
 000057   V  0.858221  0.488021  0.681166    0.5711    0.5342    0.3250    0.1440    0.4628    0.2002    0.4394
 000058   E  0.854794  0.431260  0.667924    0.5473    0.4725    0.3060    0.1490    0.4354    0.2084    0.4388
 000059   V  0.835659  0.399723  0.648646    0.5374    0.4652    0.3290    0.1480    0.4279    0.1996    0.4374
 000060   L  0.819652  0.412617  0.625016    0.5412    0.5017    0.3320    0.1490    0.4345    0.1878    0.4347
 000061   R  0.813529  0.429643  0.601079    0.6079    0.4652    0.3180    0.1490    0.4391    0.1873    0.4331
 000062   L  0.804974  0.457272  0.575747    0.5941    0.4507    0.3410    0.1560    0.4414    0.1750    0.4313
 000063   P  0.795688  0.490020  0.550507    0.5043    0.4476    0.3560    0.1520    0.4323    0.1636    0.4285
 000064   E  0.789607  0.523993  0.524967    0.4703    0.4409    0.3710    0.1630    0.4326    0.1580    0.4252
 000065   N  0.759589  0.564240  0.501677    0.5549    0.5139    0.3940    0.1720    0.4644    0.1379    0.4230
 000066   Q  0.729160  0.580488  0.478406    0.5374    0.4801    0.3950    0.1530    0.4537    0.1315    0.4190
 000067   G  0.722969  0.570889  0.456035    0.4781    0.4619    0.4220    0.1450    0.4426    0.1274    0.4142
 000068   G  0.726097  0.576105  0.437304    0.5229    0.4979    0.4500    0.1610    0.4622    0.1214    0.4104
 000069   A  0.732258  0.561299  0.420532    0.4825    0.3948    0.4100    0.1500    0.4302    0.1372    0.4066
 000070   G  0.708587  0.556444  0.400291    0.5126    0.4652    0.3530    0.1390    0.4326    0.1332    0.4061
 000071   G  0.662607  0.541135  0.380028    0.4781    0.5577    0.3740    0.1540    0.4356    0.1199    0.4051
 000072   F  0.578981  0.523634  0.358890    0.5043    0.5707    0.3870    0.1540    0.4275    0.1040    0.4023
 000073   H  0.493389  0.504485  0.337385    0.5711    0.5342    0.3990    0.1570    0.4169    0.0980    0.4053
 000074   E  0.430291  0.495864  0.314830    0.5374    0.5139    0.4730    0.1890    0.4084    0.0902    0.4064
 000075   G  0.366329  0.502528  0.292131    0.4379    0.3840    0.4170    0.1690    0.3514    0.0811    0.4067
 000076   M  0.280389  0.485070  0.273439    0.4458    0.2951    0.3950    0.1350    0.3169    0.0955    0.4058
 000077   K  0.197338  0.437317  0.252327    0.3578    0.1823    0.3350    0.1090    0.2515    0.1004    0.4063
 000078   R  0.111296  0.405868  0.229561    0.2865    0.1184    0.2840    0.0910    0.2010    0.1094    0.4011
 000079   A  0.045436  0.353396  0.208942    0.2041    0.0948    0.3300    0.0950    0.1713    0.1173    0.3883
 000080   Y  0.004175  0.289568  0.187486    0.1602    0.1162    0.4090    0.1560    0.1632    0.1320    0.3748
 000081   E  0.002156  0.227200  0.167667    0.1205    0.1184    0.3510    0.1800    0.1365    0.1108    0.3583
 000082   Q  0.001186  0.187617  0.154980    0.1178    0.1229    0.2420    0.1200    0.1119    0.0784    0.3422
 000083   G  0.001563  0.147514  0.139424    0.1805    0.2164    0.1370    0.0550    0.1139    0.0706    0.3228
 000084   F  0.001850  0.124496  0.132218    0.1958    0.1399    0.1070    0.0400    0.0948    0.0623    0.2991
 000085   D  0.001854  0.126028  0.128949    0.1844    0.1528    0.0850    0.0430    0.0916    0.0620    0.2827
 000086   W  0.001831  0.115652  0.126710    0.1150    0.1476    0.0780    0.0370    0.0763    0.0520    0.2694
 000087   L  0.001776  0.115730  0.121632    0.1667    0.1554    0.0600    0.0180    0.0833    0.0604    0.2605
 000088   W  0.001589  0.119461  0.116772    0.1732    0.1528    0.0720    0.0210    0.0865    0.0596    0.2537
 000089   L  0.001257  0.120530  0.114219    0.1667    0.1424    0.0870    0.0260    0.0863    0.0560    0.2560
 000090   M  0.001085  0.162579  0.116600    0.1844    0.1048    0.1090    0.0360    0.0937    0.0612    0.2646
 000091   D  0.000804  0.196293  0.121157    0.2432    0.1791    0.1650    0.0830    0.1307    0.0790    0.2751
 000092   D  0.000522  0.229863  0.130446    0.1495    0.1501    0.2060    0.1180    0.1227    0.0763    0.2888
 000093   D  0.012266  0.272899  0.139389    0.1456    0.0909    0.2190    0.1170    0.1234    0.0872    0.3052
 000094   T  0.032103  0.322914  0.154960    0.1240    0.0543    0.2340    0.1090    0.1280    0.1039    0.3190
 000095   I  0.116204  0.369189  0.174188    0.1266    0.1115    0.2410    0.0870    0.1607    0.0963    0.3284
 000096   P  0.200294  0.401058  0.192549    0.0701    0.0909    0.2340    0.0830    0.1660    0.1130    0.3312
 000097   K  0.288687  0.437702  0.212649    0.1205    0.1501    0.2690    0.1020    0.2111    0.1101    0.3334
 000098   A  0.371720  0.451263  0.231208    0.1456    0.2064    0.3060    0.1490    0.2468    0.1103    0.3310
 000099   K  0.454764  0.435171  0.249717    0.1844    0.2399    0.2650    0.1240    0.2632    0.1105    0.3291
 000100   A  0.530844  0.419939  0.269711    0.2483    0.3426    0.2210    0.0810    0.2938    0.1172    0.3242
 000101   L  0.623235  0.411585  0.290507    0.2041    0.2988    0.1720    0.0520    0.2850    0.1581    0.3194
 000102   E  0.708228  0.405159  0.306500    0.2255    0.2988    0.1480    0.0410    0.2976    0.1861    0.3156
 000103   A  0.792636  0.403769  0.321557    0.1495    0.3149    0.1530    0.0390    0.3024    0.2224    0.3103
 000104   L  0.787366  0.408690  0.338941    0.1495    0.2988    0.1650    0.0320    0.3016    0.2200    0.3084
 000105   L  0.777389  0.407495  0.356125    0.1698    0.3182    0.1540    0.0300    0.3044    0.2153    0.3151
 000106   E  0.738940  0.397030  0.373360    0.2531    0.3983    0.1460    0.0290    0.3222    0.1930    0.3294
 000107   A  0.709812  0.396105  0.392699    0.2483    0.3117    0.1580    0.0240    0.3040    0.1851    0.3456
 000108   A  0.665438  0.417629  0.412539    0.2558    0.2399    0.1690    0.0280    0.2913    0.1777    0.3625
 000109   R  0.629791  0.443494  0.433233    0.2209    0.2436    0.1800    0.0340    0.2862    0.1741    0.3812
 000110   L  0.573313  0.465498  0.453620    0.1635    0.2436    0.1910    0.0350    0.2729    0.1730    0.3942
 000111   P  0.512299  0.533933  0.475044    0.1732    0.2575    0.2020    0.0360    0.2798    0.1706    0.4094
 000112   L  0.455231  0.567748  0.494458    0.2657    0.3494    0.2110    0.0460    0.3082    0.1509    0.4259
 000113   D  0.469851  0.593783  0.509018    0.2558    0.2645    0.2150    0.0460    0.2998    0.1681    0.4272
 000114   P  0.491123  0.617326  0.526188    0.3146    0.2129    0.2270    0.0560    0.3106    0.1778    0.4137
 000115   R  0.527608  0.650936  0.543108    0.3184    0.3182    0.2430    0.0750    0.3430    0.1733    0.4024
 000116   P  0.571959  0.631594  0.560029    0.3263    0.4119    0.2320    0.0840    0.3624    0.1714    0.3985
 000117   R  0.630589  0.643512  0.575515    0.3399    0.4087    0.2620    0.1160    0.3808    0.1760    0.3977
 000118   V  0.687440  0.612621  0.595768    0.3762    0.3566    0.2750    0.1140    0.3847    0.1830    0.4010
 000119   L  0.755574  0.641568  0.617818    0.4116    0.4087    0.2270    0.0750    0.4074    0.2052    0.4036
 000120   A  0.827815  0.666539  0.634095    0.3456    0.4149    0.2030    0.0440    0.4097    0.2373    0.4047
 000121   S  0.884197  0.673440  0.647955    0.4513    0.5254    0.2090    0.0530    0.4572    0.2352    0.4025
 000122   R  0.800598  0.686109  0.660734    0.4149    0.5017    0.2130    0.0420    0.4361    0.2237    0.4013
 000123   Q  0.707847  0.701040  0.660048    0.5173    0.6136    0.2550    0.0500    0.4659    0.1916    0.4057
 000124   L  0.626086  0.716384  0.666038    0.5229    0.5665    0.2990    0.0800    0.4551    0.1748    0.4105
 000125   L  0.546667  0.692800  0.658628    0.5043    0.4220    0.2910    0.0760    0.4094    0.1754    0.4153
 000126   P  0.485835  0.731688  0.648330    0.4918    0.3704    0.2600    0.0690    0.3900    0.1916    0.4209
 000127   N  0.410499  0.727947  0.636597    0.3806    0.3566    0.3200    0.0800    0.3659    0.1866    0.4255
 000128   G  0.338662  0.696193  0.618377    0.3146    0.3910    0.3240    0.0660    0.3441    0.1838    0.4306
 000129   L  0.262717  0.689800  0.600606    0.3847    0.4619    0.2950    0.0700    0.3491    0.1843    0.4319
 000130   P  0.172846  0.655875  0.583257    0.4703    0.5533    0.2720    0.0740    0.3541    0.1985    0.4328
 000131   H  0.218442  0.637247  0.565462    0.5008    0.6183    0.2960    0.0780    0.3785    0.1857    0.4285
 000132   P  0.222421  0.620966  0.545671    0.4918    0.6089    0.3170    0.0770    0.3768    0.1745    0.4239
 000133   T  0.220103  0.594612  0.529493    0.5084    0.6136    0.3820    0.1030    0.3864    0.1623    0.4209
 000134   T  0.201445  0.593462  0.514747    0.4781    0.6322    0.4510    0.1360    0.3926    0.1632    0.4223
 000135   A  0.165110  0.604133  0.499799    0.5331    0.5854    0.5110    0.1440    0.3998    0.1690    0.4258
 000136   F  0.143596  0.603402  0.485172    0.6334    0.5807    0.5510    0.1450    0.4186    0.1844    0.4322
 000137   V  0.111524  0.606472  0.469063    0.5126    0.4220    0.5850    0.1520    0.3729    0.1821    0.4275
 000138   N  0.080950  0.598475  0.449176    0.4245    0.3249    0.5720    0.1890    0.3334    0.1882    0.4148
 000139   P  0.068993  0.581422  0.428122    0.2865    0.3117    0.6000    0.2150    0.3081    0.1966    0.4018
 000140   T  0.034203  0.546498  0.406598    0.2748    0.3053    0.7150    0.1870    0.3126    0.2252    0.3883
 000141   D  0.053773  0.512715  0.384008    0.2483    0.2715    0.8210    0.1880    0.3178    0.2490    0.3723
 000142   P  0.151217  0.457066  0.363293    0.1732    0.2988    0.8520    0.1620    0.3221    0.2426    0.3538
 000143   R  0.258007  0.412494  0.343200    0.1456    0.2645    0.9660    0.0270    0.3411    0.2728    0.3352
 000144   H  0.364688  0.377412  0.328811    0.1532    0.1643    0.9700    0.0330    0.3382    0.2786    0.3182
 000145   P  0.475132  0.333572  0.314470    0.1349    0.1528    0.9020    0.1080    0.3331    0.2633    0.2996
 000146   F  0.585860  0.288318  0.301606    0.0858    0.1942    0.7900    0.1810    0.3241    0.2454    0.2808
 000147   L  0.695091  0.246034  0.289542    0.1292    0.2034    0.6150    0.2400    0.3148    0.2187    0.2623
 000148   W  0.803344  0.216737  0.275825    0.1958    0.2575    0.4730    0.1860    0.3244    0.2185    0.2394
 000149   L  0.891278  0.232228  0.256122    0.1205    0.1399    0.3740    0.1850    0.2930    0.2654    0.2228
 000150   R  0.943159  0.232631  0.234390    0.1041    0.1028    0.3180    0.1130    0.2835    0.2905    0.2000
 000151   L  0.927900  0.225758  0.216935    0.0414    0.0592    0.3740    0.1720    0.2714    0.3012    0.1824
 000152   R  0.898675  0.207486  0.199323    0.0350    0.0269    0.3680    0.1990    0.2560    0.2979    0.1654
 000153   P  0.882346  0.177506  0.181432    0.0150    0.0244    0.3430    0.2020    0.2404    0.2965    0.1534
 000154   R  0.861936  0.170264  0.172506    0.0078    0.0248    0.3360    0.2230    0.2334    0.2909    0.1423
 000155   Y  0.817869  0.156350  0.157777    0.0086    0.0174    0.3420    0.2300    0.2238    0.2783    0.1337
 000156   R  0.817108  0.149031  0.149560    0.0078    0.0101    0.3380    0.2340    0.2204    0.2797    0.1303
 000157   P  0.787019  0.136877  0.141181    0.0083    0.0108    0.3050    0.2310    0.2081    0.2687    0.1313
 000158   I  0.758322  0.123451  0.134652    0.0075    0.0157    0.2610    0.2100    0.1944    0.2575    0.1346
 000159   R  0.684288  0.108067  0.132540    0.0083    0.0281    0.2180    0.1790    0.1744    0.2299    0.1439
 000160   W  0.609407  0.088476  0.130179    0.0124    0.0443    0.1800    0.1460    0.1558    0.2019    0.1499
 000161   A  0.539284  0.075036  0.127110    0.0109    0.0269    0.1190    0.0670    0.1285    0.1807    0.1671
 000162   L  0.453905  0.065810  0.125521    0.0200    0.0294    0.0760    0.0150    0.1075    0.1510    0.1804
 000163   F  0.365180  0.064638  0.125189    0.0097    0.0327    0.0760    0.0210    0.0914    0.1205    0.1944
 000164   T  0.298973  0.069486  0.123719    0.0053    0.0294    0.0760    0.0230    0.0799    0.0984    0.2042
 000165   S  0.190475  0.076020  0.121818    0.0055    0.0300    0.0870    0.0340    0.0649    0.0638    0.2090
 000166   V  0.110975  0.090797  0.117567    0.0097    0.0568    0.1040    0.0420    0.0621    0.0425    0.2135
 000167   L  0.043071  0.114851  0.113840    0.0094    0.0327    0.1020    0.0330    0.0503    0.0464    0.2175
 000168   L  0.051023  0.154298  0.111514    0.0084    0.0327    0.1210    0.0330    0.0613    0.0555    0.2147
 000169   H  0.047702  0.207310  0.110287    0.0081    0.0581    0.1770    0.0540    0.0830    0.0736    0.2070
 000170   R  0.046419  0.278076  0.109255    0.0097    0.0605    0.2770    0.0740    0.1120    0.1098    0.1966
 000171   S  0.045430  0.343854  0.108604    0.0252    0.1028    0.3480    0.1050    0.1442    0.1343    0.1934
 000172   L  0.043725  0.420504  0.107101    0.0286    0.0581    0.3850    0.1260    0.1559    0.1649    0.1855
 000173   V  0.044573  0.500807  0.105313    0.0425    0.0473    0.4080    0.1320    0.1739    0.1900    0.1810
 000174   E  0.049665  0.543908  0.104676    0.0425    0.0531    0.4140    0.1260    0.1838    0.2016    0.1780
 000175   E  0.058730  0.549318  0.101566    0.0194    0.0231    0.3860    0.1050    0.1728    0.2047    0.1799
 000176   H  0.056570  0.510988  0.097603    0.0097    0.0248    0.3320    0.0720    0.1556    0.1866    0.1841
 000177   G  0.058797  0.411586  0.091723    0.0079    0.0398    0.2570    0.0600    0.1292    0.1445    0.1851
 000178   L  0.053285  0.314774  0.085519    0.0167    0.0704    0.1920    0.0530    0.1079    0.1026    0.1805
 000179   P  0.048208  0.236608  0.082539    0.0363    0.0719    0.1120    0.0480    0.0842    0.0680    0.1756
 000180   H  0.045727  0.188718  0.081437    0.0441    0.0799    0.0830    0.0350    0.0735    0.0502    0.1737
 000181   K  0.046567  0.152458  0.080794    0.0279    0.0454    0.0570    0.0220    0.0549    0.0430    0.1697
 000182   A  0.045456  0.138034  0.081227    0.0297    0.0494    0.0470    0.0140    0.0515    0.0385    0.1625
 000183   F  0.039106  0.117932  0.081906    0.0327    0.0704    0.0450    0.0140    0.0508    0.0326    0.1538
 000184   F  0.032446  0.094622  0.082294    0.0554    0.1048    0.0440    0.0150    0.0553    0.0299    0.1459
 000185   I  0.038681  0.093007  0.082114    0.0490    0.0835    0.0480    0.0160    0.0521    0.0251    0.1358
 000186   W  0.038641  0.104175  0.081930    0.0455    0.0454    0.0530    0.0140    0.0478    0.0273    0.1282
 000187   E  0.052194  0.121199  0.081234    0.0414    0.0454    0.0520    0.0110    0.0520    0.0311    0.1245
 000188   D  0.061453  0.130104  0.080600    0.0231    0.0433    0.0550    0.0150    0.0522    0.0363    0.1220
 000189   D  0.069101  0.144821  0.080041    0.0425    0.0780    0.0620    0.0170    0.0660    0.0345    0.1204
 000190   L  0.079120  0.159266  0.080906    0.0336    0.0389    0.0680    0.0240    0.0632    0.0434    0.1203
 000191   E  0.091050  0.175132  0.084316    0.0387    0.0405    0.0620    0.0180    0.0680    0.0482    0.1203
 000192   Y  0.118028  0.203362  0.094223    0.0226    0.0235    0.0700    0.0190    0.0729    0.0639    0.1236
 000193   T  0.133618  0.238272  0.104259    0.0286    0.0306    0.0810    0.0230    0.0854    0.0734    0.1269
 000194   A  0.139254  0.246887  0.113873    0.0350    0.0414    0.1040    0.0380    0.0944    0.0731    0.1301
 000195   R  0.147964  0.253812  0.121016    0.0771    0.0870    0.1170    0.0440    0.1138    0.0618    0.1333
 000196   A  0.158932  0.252221  0.126150    0.0884    0.1528    0.1150    0.0350    0.1278    0.0560    0.1384
 000197   L  0.173962  0.242320  0.132224    0.1667    0.2645    0.1080    0.0350    0.1593    0.0599    0.1408
 000198   R  0.188021  0.240916  0.139777    0.1635    0.2645    0.1120    0.0290    0.1615    0.0585    0.1417
 000199   R  0.250999  0.261296  0.150277    0.1602    0.1942    0.1190    0.0350    0.1643    0.0579    0.1429
 000200   G  0.314907  0.290646  0.161282    0.1635    0.1162    0.1160    0.0320    0.1668    0.0842    0.1476
 000201   L  0.363746  0.309499  0.172341    0.1958    0.1791    0.1140    0.0380    0.1937    0.0907    0.1512
 000202   G  0.391065  0.310478  0.181552    0.1292    0.1731    0.1020    0.0350    0.1842    0.1070    0.1577
 000203   L  0.463965  0.323576  0.186889    0.1998    0.2575    0.1310    0.0510    0.2294    0.1133    0.1620
 000204   Q  0.544387  0.329106  0.187765    0.1958    0.2193    0.1440    0.0510    0.2388    0.1386    0.1668
 000205   V  0.595472  0.350491  0.184934    0.2209    0.2436    0.1770    0.0600    0.2645    0.1491    0.1725
 000206   R  0.594572  0.373805  0.184612    0.1998    0.2503    0.1810    0.0540    0.2667    0.1515    0.1786
 000207   D  0.600833  0.436607  0.185748    0.2255    0.3053    0.2040    0.0600    0.2954    0.1520    0.1856
 000208   S  0.571545  0.478013  0.187195    0.3184    0.2951    0.2690    0.0820    0.3220    0.1344    0.1951
 000209   E  0.535484  0.518428  0.188771    0.3578    0.2064    0.3930    0.1280    0.3352    0.1388    0.2026
 000210   V  0.515812  0.539244  0.187468    0.2865    0.2034    0.4540    0.1440    0.3332    0.1476    0.2076
 000211   I  0.528394  0.567584  0.188053    0.1998    0.1731    0.4250    0.1380    0.3156    0.1686    0.2063
 000212   H  0.514475  0.593903  0.186896    0.2820    0.2645    0.4060    0.1350    0.3435    0.1474    0.2033
 000213   K  0.454065  0.620017  0.185466    0.2483    0.2680    0.4000    0.1400    0.3317    0.1501    0.1968
 000214   S  0.446058  0.618825  0.184274    0.3225    0.3566    0.4100    0.1550    0.3590    0.1351    0.1921
 000215   A  0.469039  0.635229  0.185499    0.3096    0.3529    0.4030    0.1570    0.3616    0.1425    0.1864
 000216   S  0.441637  0.631674  0.187841    0.3762    0.4369    0.3900    0.1640    0.3793    0.1340    0.1801
 000217   K  0.397344  0.583635  0.188963    0.3847    0.4330    0.3870    0.1600    0.3643    0.1194    0.1749
 000218   P  0.357791  0.589897  0.189268    0.3847    0.3426    0.3540    0.1300    0.3381    0.1214    0.1675
 000219   Y  0.302094  0.582396  0.188390    0.3885    0.2292    0.3390    0.1100    0.3068    0.1315    0.1570
 000220   I  0.265130  0.538748  0.186892    0.3005    0.1399    0.2960    0.0740    0.2567    0.1301    0.1490
 000221   S  0.200424  0.484016  0.183925    0.2700    0.1969    0.2800    0.0570    0.2386    0.1073    0.1458
 000222   A  0.180579  0.435629  0.178538    0.2558    0.2193    0.2540    0.0660    0.2243    0.0918    0.1452
 000223   T  0.128529  0.387926  0.165940    0.2558    0.2193    0.2450    0.0670    0.2062    0.0865    0.1458
 000224   T  0.085508  0.329214  0.151665    0.1805    0.2292    0.2580    0.0700    0.1804    0.0821    0.1472
 000225   G  0.085771  0.306632  0.139943    0.1844    0.2292    0.2210    0.0680    0.1712    0.0738    0.1471
 000226   E  0.086867  0.303086  0.131253    0.2122    0.1702    0.1540    0.0560    0.1544    0.0716    0.1481
 000227   N  0.100167  0.290041  0.124876    0.2167    0.0870    0.1200    0.0490    0.1356    0.0757    0.1457
 000228   R  0.113221  0.248202  0.117329    0.1266    0.0568    0.1090    0.0500    0.1090    0.0612    0.1402
 000229   L  0.109598  0.216961  0.107402    0.0542    0.0269    0.1130    0.0630    0.0869    0.0622    0.1350
 000230   F  0.111420  0.175449  0.094862    0.0514    0.0473    0.1050    0.0590    0.0817    0.0456    0.1317
 000231   Y  0.100892  0.119265  0.082052    0.0464    0.0817    0.0700    0.0280    0.0697    0.0267    0.1286
 000232   G  0.097039  0.084097  0.069227    0.0464    0.0985    0.0550    0.0180    0.0634    0.0230    0.1219
 000233   V  0.096151  0.069521  0.058814    0.0542    0.0967    0.0450    0.0170    0.0602    0.0223    0.1161
 000234   R  0.096572  0.065826  0.051937    0.0643    0.0414    0.0380    0.0150    0.0510    0.0213    0.1108
 000235   N  0.095481  0.062066  0.047943    0.0478    0.0398    0.0350    0.0110    0.0467    0.0216    0.1048
 000236   R  0.082572  0.061230  0.046808    0.0212    0.0454    0.0320    0.0090    0.0404    0.0213    0.0987
 000237   I  0.073654  0.062750  0.046014    0.0212    0.0244    0.0350    0.0070    0.0361    0.0207    0.0922
 000238   W  0.057189  0.065780  0.044622    0.0259    0.0227    0.0470    0.0110    0.0364    0.0172    0.0903
 000239   V  0.040487  0.075890  0.043695    0.0102    0.0231    0.0630    0.0190    0.0355    0.0234    0.0910
 000240   L  0.029119  0.092604  0.041279    0.0194    0.0320    0.0660    0.0180    0.0398    0.0260    0.0945
 000241   R  0.016756  0.114738  0.041039    0.0387    0.0313    0.0670    0.0190    0.0448    0.0327    0.0987
 000242   S  0.013194  0.125662  0.040636    0.0490    0.0320    0.0840    0.0190    0.0506    0.0378    0.1029
 000243   P  0.010376  0.135076  0.040745    0.0226    0.0258    0.0990    0.0290    0.0489    0.0461    0.1088
 000244   A  0.010128  0.161635  0.042440    0.0167    0.0231    0.1140    0.0310    0.0543    0.0571    0.1113
 000245   F  0.009149  0.196481  0.045197    0.0118    0.0244    0.1280    0.0370    0.0616    0.0701    0.1137
 000246   G  0.004187  0.219456  0.046106    0.0059    0.0138    0.1340    0.0450    0.0630    0.0806    0.1182
 000247   P  0.003016  0.254733  0.046235    0.0062    0.0095    0.1410    0.0520    0.0690    0.0931    0.1232
 000248   L  0.001958  0.267065  0.047261    0.0059    0.0088    0.1470    0.0520    0.0719    0.0980    0.1285
 000249   G  0.000828  0.243505  0.049165    0.0061    0.0148    0.1050    0.0280    0.0617    0.0857    0.1311
 000250   K  0.000654  0.194393  0.052166    0.0044    0.0134    0.0740    0.0170    0.0478    0.0677    0.1325
 000251   A  0.000474  0.155594  0.055827    0.0090    0.0134    0.0570    0.0130    0.0392    0.0535    0.1306
 000252   F  0.000409  0.110681  0.059528    0.0042    0.0141    0.0430    0.0100    0.0288    0.0398    0.1289
 000253   L  0.000336  0.077966  0.063218    0.0013    0.0096    0.0340    0.0090    0.0206    0.0321    0.1270
 000254   A  0.000266  0.066078  0.068269    0.0010    0.0066    0.0300    0.0070    0.0173    0.0311    0.1212
 000255   L  0.000189  0.059601  0.073131    0.0008    0.0066    0.0270    0.0050    0.0157    0.0314    0.1184
 000256   Q  0.000112  0.047153  0.076239    0.0009    0.0068    0.0260    0.0050    0.0134    0.0306    0.1140
 000257   L  0.000098  0.040732  0.079986    0.0008    0.0068    0.0260    0.0050    0.0124    0.0313    0.1084
 000258   L  0.000066  0.039782  0.084477    0.0004    0.0069    0.0270    0.0050    0.0123    0.0329    0.1059
 000259   F  0.000100  0.037767  0.089447    0.0007    0.0092    0.0290    0.0060    0.0127    0.0344    0.1049
 000260   G  0.000135  0.039252  0.095415    0.0008    0.0090    0.0320    0.0060    0.0135    0.0367    0.1026
 000261   L  0.000164  0.047447  0.101410    0.0008    0.0089    0.0410    0.0090    0.0164    0.0395    0.1001
 000262   L  0.000422  0.056902  0.107112    0.0009    0.0097    0.0540    0.0190    0.0204    0.0426    0.1005
 000263   T  0.000574  0.065462  0.113258    0.0035    0.0108    0.0700    0.0250    0.0250    0.0460    0.1000
 000264   Y  0.000856  0.087978  0.118878    0.0082    0.0181    0.1030    0.0270    0.0364    0.0521    0.0968
 000265   L  0.002572  0.112999  0.128046    0.0055    0.0231    0.1160    0.0260    0.0434    0.0589    0.0971
 000266   A  0.007647  0.148648  0.137525    0.0121    0.0223    0.1240    0.0280    0.0525    0.0661    0.0982
 000267   F  0.010471  0.214395  0.147891    0.0121    0.0209    0.1930    0.0640    0.0752    0.0911    0.0959
 000268   H  0.021245  0.276914  0.158265    0.0118    0.0364    0.2770    0.0980    0.1039    0.1174    0.0957
 000269   P  0.035341  0.321374  0.168796    0.0259    0.0506    0.3500    0.0950    0.1305    0.1369    0.0940
 000270   S  0.050463  0.369886  0.185968    0.0542    0.0618    0.4260    0.1130    0.1605    0.1572    0.0894
 000271   R  0.059242  0.421564  0.206682    0.0425    0.0605    0.4660    0.1270    0.1750    0.1783    0.0861
 000272   K  0.071384  0.456452  0.228521    0.0478    0.0851    0.5010    0.1470    0.1936    0.1882    0.0833
 000273   S  0.123652  0.514521  0.255553    0.0991    0.1424    0.4870    0.1500    0.2278    0.1755    0.0773
 000274   L  0.200059  0.561237  0.284240    0.0744    0.0817    0.4430    0.1220    0.2268    0.1857    0.0723
 000275   Q  0.285978  0.550799  0.310372    0.1349    0.1449    0.3630    0.0870    0.2467    0.1498    0.0696
 000276   E  0.347756  0.499704  0.315495    0.1380    0.2292    0.3400    0.0890    0.2591    0.1232    0.0667
 000277   I  0.404813  0.469179  0.320971    0.1698    0.2575    0.3140    0.1000    0.2692    0.1104    0.0640
 000278   G  0.436970  0.415308  0.326838    0.2748    0.4017    0.2290    0.0790    0.2930    0.0940    0.0666
 000279   R  0.489271  0.362700  0.333514    0.2820    0.3321    0.2190    0.1000    0.2808    0.0995    0.0705
 000280   A  0.556846  0.336050  0.341152    0.2786    0.2988    0.2420    0.1260    0.2855    0.1165    0.0743
 000281   L  0.580541  0.313775  0.349632    0.2080    0.2817    0.4130    0.0630    0.2996    0.1312    0.0813
 000282   R  0.562933  0.322610  0.358068    0.2483    0.2609    0.4260    0.0810    0.3034    0.1228    0.0893
 000283   A  0.524863  0.382430  0.367688    0.2913    0.2364    0.4930    0.0670    0.3214    0.1190    0.0953
 000284   G  0.463901  0.463432  0.378022    0.3359    0.2129    0.5190    0.0710    0.3325    0.1194    0.1064
 000285   L  0.426723  0.540616  0.388301    0.4879    0.2951    0.5500    0.1040    0.3834    0.1104    0.1184
 000286   T  0.383676  0.639944  0.400625    0.5253    0.2503    0.5280    0.0900    0.3879    0.1421    0.1277
 000287   T  0.360497  0.742820  0.415356    0.5549    0.2002    0.6460    0.1040    0.4174    0.1947    0.1385
 000288   S  0.270602  0.787045  0.431795    0.6984    0.3117    0.6950    0.0840    0.4605    0.2150    0.1510
 000289   P  0.246910  0.799870  0.448078    0.7418    0.2752    0.7300    0.0730    0.4656    0.2388    0.1594
 000290   C  0.223385  0.801193  0.466001    0.7772    0.2364    0.8300    0.0690    0.4780    0.2711    0.1637
