#RESNUM RES     VL-XT     VSL2B       VL3  IUPred-S  IUPred-L  PONDRFIT  FITERROR       MDP  MDPERROR   ANCHOR2
 000001   M  0.079660  0.728281  0.568416    0.8677    0.3053    0.9730    0.0130    0.5871    0.3123    0.4303
 000002   R  0.147164  0.691893  0.558123    0.8391    0.3704    0.9770    0.0100    0.5972    0.2790    0.4333
 000003   R  0.322696  0.675655  0.538994    0.7951    0.3494    0.9620    0.0180    0.6073    0.2302    0.4305
 000004   Y  0.373160  0.681099  0.523881    0.7644    0.3774    0.9590    0.0190    0.6132    0.2115    0.4269
 000005   F  0.234794  0.639615  0.513239    0.6906    0.4017    0.9310    0.0210    0.5684    0.2211    0.4234
 000006   G  0.275295  0.593512  0.507710    0.6516    0.4652    0.8790    0.0440    0.5621    0.1845    0.4177
 000007   T  0.317848  0.557343  0.503796    0.6079    0.5296    0.8420    0.0610    0.5597    0.1552    0.4107
 000008   D  0.355437  0.524590  0.498653    0.5992    0.4507    0.8270    0.0720    0.5427    0.1472    0.4044
 000009   G  0.385951  0.505272  0.490934    0.5900    0.4766    0.8040    0.0820    0.5422    0.1314    0.3993
 000010   V  0.433212  0.508182  0.483578    0.4781    0.5296    0.7970    0.0980    0.5384    0.1196    0.3958
 000011   R  0.470484  0.530558  0.477370    0.4333    0.5620    0.8690    0.0680    0.5570    0.1454    0.3948
 000012   G  0.530148  0.536043  0.472807    0.5043    0.4901    0.8230    0.0510    0.5595    0.1200    0.3948
 000013   E  0.580930  0.572489  0.469093    0.5126    0.4256    0.7640    0.0870    0.5541    0.1085    0.3993
 000014   A  0.634074  0.602015  0.466196    0.4149    0.3460    0.7560    0.1020    0.5365    0.1402    0.4063
 000015   G  0.629998  0.612968  0.464196    0.4245    0.4330    0.6580    0.1310    0.5371    0.0982    0.4147
 000016   K  0.614233  0.601505  0.458881    0.4203    0.4685    0.5020    0.1740    0.5109    0.0727    0.4226
 000017   P  0.589337  0.567071  0.450444    0.4116    0.4685    0.3510    0.1370    0.4729    0.0833    0.4320
 000018   P  0.535406  0.506299  0.438008    0.3263    0.4725    0.2750    0.1060    0.4256    0.0944    0.4235
 000019   L  0.478241  0.457722  0.426800    0.3146    0.4330    0.2350    0.0890    0.3910    0.0867    0.4176
 000020   T  0.411157  0.425377  0.417777    0.3263    0.4087    0.1790    0.0660    0.3614    0.0880    0.4145
 000021   P  0.328808  0.388580  0.408657    0.3668    0.4725    0.1340    0.0450    0.3499    0.1060    0.4123
 000022   E  0.251756  0.355334  0.399424    0.3359    0.4409    0.1200    0.0390    0.3172    0.1057    0.4129
 000023   F  0.173925  0.329626  0.388059    0.3456    0.3566    0.1210    0.0420    0.2858    0.1006    0.4133
 000024   V  0.128974  0.316355  0.376773    0.3053    0.2436    0.1150    0.0330    0.2476    0.0970    0.4175
 000025   L  0.088816  0.301766  0.365258    0.2748    0.2064    0.1170    0.0300    0.2256    0.0989    0.4210
 000026   K  0.040631  0.287032  0.354875    0.1958    0.1852    0.1110    0.0290    0.1958    0.1040    0.4257
 000027   L  0.026787  0.270028  0.344289    0.1456    0.1969    0.1110    0.0270    0.1824    0.1039    0.4291
 000028   G  0.014374  0.269373  0.334057    0.1018    0.1852    0.1100    0.0270    0.1692    0.1076    0.4309
 000029   Q  0.013033  0.261909  0.325894    0.0884    0.1554    0.1310    0.0380    0.1625    0.1045    0.4262
 000030   A  0.013940  0.259417  0.321500    0.1456    0.2193    0.1640    0.0720    0.1874    0.0971    0.4231
 000031   A  0.014731  0.250750  0.320127    0.1380    0.2470    0.1710    0.0790    0.1902    0.0980    0.4217
 000032   G  0.015021  0.257279  0.320890    0.1178    0.1611    0.1670    0.0740    0.1731    0.0976    0.4223
 000033   A  0.017217  0.259480  0.322872    0.1349    0.1092    0.1640    0.0640    0.1679    0.0997    0.4246
 000034   Y  0.015643  0.260991  0.324165    0.1456    0.1298    0.1620    0.0630    0.1730    0.0984    0.4265
 000035   F  0.019405  0.276260  0.323844    0.1380    0.1229    0.1570    0.0610    0.1729    0.1008    0.4310
 000036   L  0.018939  0.290466  0.320788    0.1349    0.1554    0.1590    0.0600    0.1798    0.1009    0.4329
 000037   A  0.031562  0.306003  0.315586    0.0832    0.1554    0.1630    0.0520    0.1759    0.1052    0.4329
 000038   Q  0.088404  0.315754  0.309364    0.1041    0.2292    0.1710    0.0510    0.2030    0.0901    0.4319
 000039   E  0.147403  0.319841  0.305659    0.1041    0.2364    0.1840    0.0580    0.2162    0.0791    0.4322
 000040   K  0.211171  0.315594  0.306687    0.1060    0.2224    0.1930    0.0560    0.2258    0.0710    0.4297
 000041   R  0.290437  0.326194  0.310817    0.1240    0.2715    0.2040    0.0720    0.2545    0.0701    0.4256
 000042   P  0.382156  0.307740  0.316073    0.1416    0.2988    0.2120    0.0780    0.2765    0.0780    0.4202
 000043   V  0.474990  0.308314  0.320185    0.1532    0.2988    0.2180    0.0840    0.2956    0.0993    0.4180
 000044   V  0.565538  0.299804  0.322828    0.1766    0.3356    0.2060    0.0720    0.3177    0.1255    0.4157
 000045   L  0.656301  0.321242  0.324455    0.2483    0.3494    0.2240    0.0540    0.3539    0.1423    0.4125
 000046   L  0.733427  0.367754  0.324336    0.3359    0.3740    0.2420    0.0430    0.3963    0.1568    0.4111
 000047   A  0.751811  0.410543  0.322055    0.3225    0.4652    0.2530    0.0550    0.4209    0.1629    0.4103
 000048   K  0.772545  0.451059  0.317225    0.2700    0.4619    0.2650    0.0610    0.4230    0.1751    0.4070
 000049   D  0.782489  0.496612  0.312033    0.2748    0.4220    0.3310    0.0910    0.4366    0.1714    0.4035
 000050   T  0.781424  0.530627  0.307538    0.2255    0.3286    0.4130    0.1380    0.4311    0.1830    0.4048
 000051   R  0.764317  0.535719  0.304257    0.1998    0.3053    0.4430    0.1440    0.4254    0.1859    0.4060
 000052   E  0.752244  0.565556  0.303315    0.1416    0.2783    0.4370    0.1330    0.4131    0.2012    0.4094
 000053   S  0.745626  0.609550  0.304232    0.0991    0.2470    0.4240    0.1250    0.4050    0.2187    0.4157
 000054   S  0.739631  0.582328  0.306950    0.1322    0.2364    0.4270    0.1050    0.4040    0.2067    0.4223
 000055   D  0.732969  0.550236  0.310116    0.1958    0.2609    0.3890    0.0980    0.4065    0.1837    0.4286
 000056   L  0.746403  0.516226  0.313983    0.1921    0.3286    0.3410    0.0990    0.4064    0.1791    0.4331
 000057   L  0.744906  0.476045  0.317731    0.2432    0.4087    0.2790    0.1060    0.4116    0.1683    0.4259
 000058   E  0.756574  0.434923  0.320799    0.2865    0.4369    0.2310    0.0820    0.4112    0.1716    0.4184
 000059   A  0.763754  0.397457  0.322541    0.2913    0.3774    0.2250    0.0670    0.3962    0.1738    0.4089
 000060   A  0.763552  0.361829  0.323355    0.2786    0.3667    0.2200    0.0550    0.3857    0.1763    0.4009
 000061   L  0.746526  0.327970  0.323570    0.2080    0.2951    0.2170    0.0510    0.3531    0.1822    0.3972
 000062   A  0.715333  0.312369  0.323438    0.2167    0.3117    0.2150    0.0510    0.3491    0.1699    0.3906
 000063   A  0.688200  0.294984  0.322309    0.1495    0.3019    0.2240    0.0480    0.3301    0.1704    0.3868
 000064   G  0.662277  0.292102  0.320006    0.1602    0.2258    0.2330    0.0380    0.3155    0.1632    0.3883
 000065   L  0.616957  0.319105  0.318688    0.1698    0.2258    0.2510    0.0490    0.3169    0.1440    0.3935
 000066   M  0.580480  0.340880  0.318593    0.1018    0.1583    0.2320    0.0570    0.2887    0.1549    0.3963
 000067   S  0.566915  0.352228  0.320083    0.1602    0.1554    0.2170    0.0560    0.2953    0.1423    0.3965
 000068   Q  0.576060  0.354689  0.321721    0.1698    0.2541    0.2060    0.0560    0.3138    0.1331    0.4009
 000069   G  0.585026  0.354418  0.322877    0.0991    0.2436    0.1920    0.0470    0.2994    0.1528    0.4078
 000070   V  0.605782  0.339283  0.322450    0.1416    0.3019    0.1690    0.0560    0.3133    0.1510    0.4170
 000071   R  0.603982  0.335848  0.318501    0.1667    0.3286    0.1470    0.0520    0.3168    0.1496    0.4266
 000072   V  0.597678  0.318558  0.311452    0.2602    0.3392    0.1400    0.0500    0.3279    0.1372    0.4332
 000073   E  0.588714  0.306194  0.302311    0.2820    0.3356    0.1360    0.0410    0.3252    0.1342    0.4243
 000074   H  0.561383  0.300125  0.292245    0.2483    0.3704    0.1550    0.0400    0.3213    0.1254    0.4159
 000075   L  0.533437  0.288115  0.283163    0.2080    0.2988    0.1730    0.0430    0.2975    0.1150    0.4106
 000076   G  0.468062  0.291877  0.273540    0.3053    0.3774    0.1870    0.0430    0.3172    0.0875    0.4056
 000077   V  0.379733  0.293855  0.264450    0.2657    0.4087    0.1990    0.0560    0.3019    0.0717    0.3987
 000078   L  0.300805  0.307992  0.255611    0.2602    0.3774    0.2080    0.0580    0.2850    0.0528    0.3920
 000079   P  0.224274  0.327178  0.248020    0.2602    0.2918    0.2200    0.0560    0.2618    0.0378    0.3891
 000080   T  0.248402  0.343882  0.241561    0.2255    0.2849    0.2480    0.0640    0.2654    0.0393    0.3868
 000081   P  0.289151  0.329851  0.234860    0.2167    0.3182    0.2490    0.0720    0.2730    0.0423    0.3873
 000082   G  0.339000  0.323149  0.228009    0.2122    0.3249    0.2590    0.0940    0.2810    0.0502    0.3900
 000083   V  0.419845  0.304374  0.221372    0.2432    0.3599    0.2720    0.1010    0.3034    0.0685    0.3905
 000084   A  0.499322  0.296597  0.214760    0.2209    0.3426    0.2570    0.0930    0.3051    0.0973    0.3926
 000085   H  0.596205  0.311711  0.208946    0.1766    0.3053    0.2350    0.0760    0.3057    0.1387    0.3946
 000086   L  0.686945  0.346394  0.202410    0.2558    0.3182    0.2160    0.0600    0.3377    0.1644    0.3988
 000087   T  0.781856  0.376832  0.195855    0.2292    0.2292    0.1800    0.0440    0.3321    0.2110    0.4044
 000088   K  0.850713  0.382658  0.189703    0.2432    0.2918    0.1820    0.0490    0.3566    0.2311    0.4098
 000089   A  0.844584  0.382668  0.186037    0.2558    0.3356    0.1890    0.0480    0.3656    0.2259    0.4123
 000090   L  0.845697  0.387463  0.185352    0.2255    0.3019    0.1660    0.0540    0.3519    0.2331    0.4140
 000091   K  0.806727  0.354118  0.187682    0.1958    0.3019    0.1370    0.0480    0.3306    0.2251    0.4190
 000092   A  0.795660  0.341284  0.190796    0.1732    0.2817    0.1280    0.0430    0.3185    0.2248    0.4204
 000093   T  0.747476  0.346806  0.195155    0.1844    0.3149    0.1120    0.0360    0.3167    0.2085    0.4222
 000094   A  0.688969  0.345081  0.199038    0.2483    0.2918    0.1010    0.0260    0.3124    0.1847    0.4243
 000095   G  0.681406  0.339918  0.203732    0.3184    0.3321    0.0930    0.0220    0.3281    0.1806    0.4255
 000096   A  0.651599  0.345181  0.206506    0.2255    0.3356    0.0950    0.0290    0.3099    0.1745    0.4262
 000097   V  0.626835  0.338685  0.207445    0.3184    0.4256    0.1070    0.0460    0.3373    0.1643    0.4262
 000098   I  0.556326  0.353983  0.207707    0.3311    0.4149    0.1200    0.0620    0.3307    0.1403    0.4261
 000099   S  0.459503  0.370381  0.208944    0.3263    0.3356    0.1330    0.0770    0.3057    0.1066    0.4260
 000100   A  0.396337  0.397090  0.212463    0.3630    0.3599    0.1630    0.0960    0.3153    0.0925    0.4263
 000101   S  0.310640  0.410930  0.218050    0.3630    0.3321    0.1830    0.0980    0.3029    0.0794    0.4271
 000102   H  0.264686  0.436456  0.226844    0.3456    0.2364    0.2080    0.0890    0.2864    0.0802    0.4256
 000103   N  0.219227  0.439144  0.239505    0.3146    0.2680    0.2140    0.0710    0.2824    0.0778    0.4244
 000104   P  0.135751  0.445298  0.254744    0.2483    0.2918    0.1860    0.0570    0.2602    0.0970    0.4229
 000105   Y  0.064730  0.440394  0.271228    0.2820    0.3249    0.1780    0.0500    0.2601    0.1171    0.4221
 000106   Q  0.011681  0.448311  0.286942    0.3184    0.3249    0.1600    0.0530    0.2584    0.1387    0.4217
 000107   D  0.009954  0.433668  0.303780    0.3491    0.3740    0.1680    0.0570    0.2731    0.1432    0.4207
 000108   N  0.012332  0.417925  0.320101    0.4116    0.4330    0.1720    0.0610    0.2944    0.1547    0.4193
 000109   G  0.017053  0.404981  0.335542    0.5043    0.4476    0.1760    0.0570    0.3142    0.1683    0.4184
 000110   I  0.021768  0.390100  0.350671    0.4967    0.4801    0.1840    0.0600    0.3206    0.1684    0.4179
 000111   K  0.030897  0.362239  0.365876    0.4600    0.5211    0.1820    0.0590    0.3204    0.1666    0.4179
 000112   F  0.106510  0.351587  0.381742    0.4918    0.5211    0.2410    0.0990    0.3490    0.1423    0.4175
 000113   F  0.179662  0.366066  0.397329    0.4967    0.4831    0.2430    0.0940    0.3609    0.1166    0.4190
 000114   G  0.244509  0.392970  0.411735    0.5008    0.4864    0.2310    0.0830    0.3780    0.1061    0.4213
 000115   P  0.311187  0.428235  0.428543    0.4458    0.4725    0.2220    0.0810    0.3847    0.0887    0.4233
 000116   T  0.395828  0.487686  0.446150    0.5412    0.5992    0.2240    0.0730    0.4489    0.1198    0.4244
 000117   G  0.478547  0.535604  0.467242    0.5412    0.4766    0.2440    0.0970    0.4573    0.0995    0.4244
 000118   E  0.567281  0.578481  0.488430    0.5514    0.4831    0.2820    0.1280    0.4917    0.1009    0.4243
 000119   K  0.656633  0.615485  0.509128    0.4918    0.4685    0.2940    0.1160    0.5059    0.1164    0.4238
 000120   L  0.745381  0.655609  0.528153    0.5126    0.3948    0.3250    0.1300    0.5269    0.1431    0.4229
 000121   P  0.771756  0.648916  0.543976    0.5762    0.4051    0.2790    0.1090    0.5376    0.1597    0.4229
 000122   D  0.788519  0.653326  0.555217    0.5296    0.3321    0.3150    0.0960    0.5289    0.1674    0.4230
 000123   G  0.822547  0.654383  0.561899    0.5374    0.4507    0.3490    0.1040    0.5626    0.1500    0.4233
 000124   A  0.854739  0.657903  0.565068    0.5374    0.5758    0.2990    0.1050    0.5816    0.1647    0.4207
 000125   E  0.862977  0.640011  0.567361    0.5514    0.5854    0.2660    0.1030    0.5788    0.1749    0.4168
 000126   E  0.871952  0.618057  0.568303    0.5296    0.5901    0.2700    0.1020    0.5748    0.1757    0.4126
 000127   E  0.872705  0.602926  0.569527    0.5173    0.5901    0.2650    0.1010    0.5696    0.1775    0.4073
 000128   I  0.870688  0.576342  0.571366    0.5514    0.5854    0.2570    0.0980    0.5687    0.1774    0.4023
 000129   E  0.864097  0.556123  0.573653    0.5331    0.5620    0.2190    0.0950    0.5514    0.1867    0.3977
 000130   R  0.852003  0.534708  0.573516    0.5253    0.4652    0.2050    0.0840    0.5260    0.1894    0.3941
 000131   L  0.845848  0.516534  0.570044    0.5992    0.5493    0.2080    0.0820    0.5481    0.1864    0.3897
 000132   L  0.831951  0.488844  0.562175    0.4918    0.5211    0.2160    0.0800    0.5186    0.1795    0.3867
 000133   L  0.784275  0.487229  0.551102    0.4825    0.4409    0.2210    0.0870    0.4945    0.1658    0.3874
 000134   E  0.707460  0.501607  0.535236    0.4825    0.4441    0.2320    0.0970    0.4838    0.1403    0.3901
 000135   D  0.645812  0.478125  0.516900    0.4333    0.4831    0.2280    0.1020    0.4642    0.1244    0.3955
 000136   H  0.570224  0.479640  0.497401    0.4245    0.3599    0.2450    0.1130    0.4294    0.1048    0.4020
 000137   P  0.536023  0.483881  0.478877    0.4149    0.3426    0.2360    0.1060    0.4154    0.1006    0.4079
 000138   T  0.481818  0.467412  0.460650    0.3053    0.3426    0.2330    0.0870    0.3818    0.0941    0.4171
 000139   R  0.434437  0.458351  0.443298    0.3535    0.4017    0.2010    0.0860    0.3820    0.0879    0.4254
 000140   G  0.384438  0.449256  0.427337    0.3535    0.4017    0.1870    0.0810    0.3672    0.0861    0.4318
 000141   I  0.318255  0.448498  0.411282    0.3359    0.4017    0.1910    0.0900    0.3510    0.0844    0.4308
 000142   G  0.286496  0.428488  0.394631    0.4149    0.4441    0.1800    0.0770    0.3581    0.0947    0.4230
 000143   T  0.285470  0.429052  0.377057    0.4651    0.4330    0.1640    0.0530    0.3590    0.1043    0.4197
 000144   V  0.266368  0.417853  0.358960    0.4967    0.4292    0.1740    0.0590    0.3571    0.1082    0.4200
 000145   G  0.259949  0.394881  0.340611    0.3939    0.4186    0.1780    0.0660    0.3309    0.0860    0.4235
 000146   D  0.213483  0.373490  0.319329    0.2913    0.3087    0.1960    0.0730    0.2836    0.0615    0.4299
 000147   F  0.185348  0.371415  0.296774    0.3096    0.2258    0.2420    0.0980    0.2718    0.0612    0.4278
 000148   R  0.153413  0.349676  0.271887    0.1805    0.1298    0.2120    0.0790    0.2162    0.0748    0.4200
 000149   E  0.125584  0.319090  0.247514    0.1205    0.1048    0.1910    0.0660    0.1848    0.0775    0.4048
 000150   A  0.116354  0.296606  0.223873    0.0832    0.1092    0.1590    0.0530    0.1647    0.0741    0.3912
 000151   E  0.106356  0.274619  0.201289    0.0643    0.0909    0.1170    0.0500    0.1424    0.0726    0.3783
 000152   R  0.099817  0.222656  0.180140    0.1041    0.1759    0.0940    0.0400    0.1461    0.0492    0.3681
 000153   M  0.098330  0.193352  0.160727    0.0771    0.1823    0.0790    0.0360    0.1319    0.0484    0.3523
 000154   Y  0.103781  0.177032  0.144711    0.0935    0.1162    0.0660    0.0250    0.1169    0.0357    0.3424
 000155   L  0.123232  0.159556  0.131374    0.1380    0.1671    0.0570    0.0200    0.1293    0.0359    0.3334
 000156   D  0.121260  0.142496  0.120302    0.0771    0.1671    0.0530    0.0190    0.1135    0.0383    0.3288
 000157   F  0.118474  0.130037  0.110123    0.0701    0.1048    0.0580    0.0250    0.0986    0.0259    0.3257
 000158   L  0.106105  0.121694  0.100390    0.1205    0.1759    0.0650    0.0310    0.1150    0.0330    0.3277
 000159   L  0.095659  0.121327  0.090612    0.0723    0.1251    0.0770    0.0330    0.0970    0.0201    0.3337
 000160   A  0.085881  0.132996  0.080377    0.0607    0.1115    0.0890    0.0390    0.0935    0.0231    0.3478
 000161   H  0.076883  0.153623  0.071114    0.0464    0.0835    0.1020    0.0350    0.0888    0.0333    0.3642
 000162   A  0.065250  0.174247  0.063904    0.0395    0.0765    0.1130    0.0380    0.0887    0.0440    0.3812
 000163   P  0.047614  0.194251  0.059418    0.0226    0.0463    0.1070    0.0320    0.0795    0.0573    0.3989
 000164   D  0.017689  0.229345  0.055954    0.0308    0.0473    0.1240    0.0360    0.0842    0.0731    0.4222
 000165   L  0.012922  0.253493  0.053625    0.0274    0.0835    0.1480    0.0380    0.0965    0.0828    0.4285
 000166   T  0.007195  0.268712  0.051724    0.0376    0.1298    0.1720    0.0440    0.1112    0.0900    0.4128
 000167   G  0.010979  0.287945  0.050869    0.0336    0.1048    0.1970    0.0550    0.1141    0.0985    0.3997
 000168   L  0.015575  0.308012  0.049962    0.0587    0.1881    0.1810    0.0510    0.1336    0.1018    0.3894
 000169   K  0.021265  0.305147  0.049115    0.0723    0.1759    0.1710    0.0570    0.1325    0.0967    0.3798
 000170   V  0.026694  0.293795  0.048802    0.1178    0.2470    0.1750    0.0610    0.1514    0.0976    0.3758
 000171   G  0.030537  0.285055  0.049241    0.0813    0.1914    0.1630    0.0620    0.1334    0.0891    0.3746
 000172   L  0.034551  0.262679  0.050722    0.0884    0.1852    0.1550    0.0480    0.1295    0.0800    0.3747
 000173   D  0.033540  0.228482  0.053266    0.0607    0.2470    0.1280    0.0360    0.1251    0.0849    0.3697
 000174   L  0.031260  0.204296  0.056131    0.0478    0.2094    0.1030    0.0210    0.1086    0.0728    0.3692
 000175   A  0.029221  0.190101  0.059460    0.0567    0.1373    0.0760    0.0170    0.0915    0.0550    0.3619
 000176   H  0.025315  0.190428  0.062336    0.1088    0.1206    0.0760    0.0150    0.0972    0.0520    0.3540
 000177   G  0.020891  0.182868  0.065703    0.0677    0.1251    0.0800    0.0070    0.0904    0.0513    0.3461
 000178   A  0.015431  0.183348  0.069640    0.0414    0.1229    0.0720    0.0100    0.0842    0.0551    0.3434
 000179   T  0.015143  0.187005  0.074784    0.0832    0.1583    0.0730    0.0120    0.0985    0.0575    0.3405
 000180   Y  0.012185  0.202199  0.080547    0.0858    0.1611    0.0740    0.0140    0.1026    0.0621    0.3376
 000181   R  0.010030  0.212842  0.086171    0.1117    0.1914    0.0840    0.0140    0.1160    0.0686    0.3336
 000182   I  0.011888  0.237210  0.090744    0.1117    0.2064    0.0970    0.0160    0.1257    0.0755    0.3273
 000183   G  0.012144  0.268424  0.094677    0.1566    0.2193    0.0910    0.0190    0.1403    0.0855    0.3237
 000184   P  0.011922  0.285293  0.099044    0.1566    0.1759    0.0930    0.0210    0.1369    0.0846    0.3220
 000185   K  0.011740  0.269272  0.104925    0.1878    0.2224    0.1090    0.0190    0.1509    0.0853    0.3182
 000186   L  0.011434  0.267030  0.110933    0.1998    0.1554    0.1030    0.0210    0.1413    0.0803    0.3185
 000187   F  0.011516  0.273694  0.116029    0.1805    0.0851    0.0980    0.0230    0.1274    0.0821    0.3204
 000188   Q  0.006498  0.275458  0.120064    0.1292    0.0929    0.0780    0.0170    0.1170    0.0813    0.3228
 000189   K  0.006171  0.263440  0.123778    0.1018    0.1137    0.0820    0.0210    0.1152    0.0766    0.3207
 000190   A  0.006868  0.254326  0.126981    0.1041    0.1323    0.0810    0.0210    0.1176    0.0739    0.3203
 000191   G  0.006386  0.239969  0.129244    0.1698    0.2129    0.0730    0.0210    0.1385    0.0803    0.3249
 000192   A  0.009454  0.217682  0.131539    0.1878    0.2129    0.0670    0.0230    0.1377    0.0775    0.3307
 000193   E  0.014152  0.195922  0.133980    0.2820    0.2988    0.0640    0.0250    0.1647    0.1053    0.3396
 000194   V  0.028287  0.183273  0.136824    0.2865    0.3117    0.0690    0.0270    0.1693    0.1042    0.3439
 000195   M  0.042694  0.174767  0.139432    0.2531    0.1914    0.0730    0.0300    0.1457    0.0712    0.3485
 000196   A  0.053179  0.183087  0.141719    0.2483    0.2064    0.0830    0.0340    0.1526    0.0681    0.3511
 000197   F  0.063986  0.190522  0.143532    0.2432    0.2817    0.1140    0.0470    0.1728    0.0745    0.3515
 000198   F  0.075037  0.208211  0.144870    0.3225    0.3840    0.1380    0.0630    0.2122    0.1084    0.3469
 000199   N  0.084212  0.240995  0.146026    0.3053    0.3019    0.1660    0.0710    0.2075    0.0819    0.3370
 000200   T  0.084332  0.297238  0.147141    0.3053    0.3053    0.2200    0.0760    0.2265    0.0856    0.3318
 000201   P  0.083811  0.331700  0.148675    0.2602    0.3356    0.2290    0.0680    0.2315    0.0916    0.3245
 000202   D  0.092043  0.373391  0.151359    0.2657    0.3460    0.2520    0.0750    0.2468    0.0994    0.3113
 000203   G  0.090839  0.426116  0.155736    0.3005    0.3807    0.2170    0.0610    0.2617    0.1191    0.2975
 000204   R  0.096104  0.470606  0.160161    0.2865    0.3948    0.2550    0.0630    0.2772    0.1280    0.2856
 000205   N  0.160696  0.480141  0.164598    0.3399    0.4831    0.3000    0.1070    0.3213    0.1307    0.2794
 000206   I  0.197537  0.517723  0.167108    0.4078    0.4901    0.2780    0.0940    0.3431    0.1370    0.2762
 000207   N  0.204786  0.539849  0.168792    0.4513    0.4409    0.2380    0.0800    0.3406    0.1417    0.2752
 000208   R  0.208654  0.535726  0.168706    0.4967    0.5533    0.2310    0.0750    0.3657    0.1648    0.2773
 000209   G  0.216398  0.503811  0.167425    0.4967    0.6906    0.2490    0.0990    0.3874    0.1889    0.2826
 000210   C  0.237294  0.503242  0.164901    0.5008    0.5296    0.2510    0.1210    0.3645    0.1495    0.2924
 000211   G  0.255092  0.460357  0.161778    0.4879    0.4507    0.2520    0.1390    0.3446    0.1260    0.3005
 000212   S  0.274833  0.469016  0.159691    0.3806    0.3460    0.2860    0.1610    0.3194    0.0961    0.3093
 000213   T  0.287310  0.467185  0.158808    0.3184    0.3566    0.3070    0.1790    0.3159    0.0914    0.3190
 000214   H  0.242942  0.460440  0.158403    0.2657    0.2752    0.3050    0.1500    0.2846    0.0908    0.3297
 000215   P  0.237319  0.435059  0.156741    0.2786    0.2783    0.2840    0.1160    0.2783    0.0827    0.3349
 000216   E  0.260633  0.406516  0.153523    0.1998    0.1852    0.2640    0.1170    0.2449    0.0823    0.3317
 000217   A  0.300053  0.363657  0.150250    0.2820    0.2752    0.2250    0.1140    0.2661    0.0660    0.3258
 000218   L  0.343908  0.306495  0.147846    0.1958    0.1823    0.1710    0.1020    0.2246    0.0734    0.3199
 000219   S  0.340987  0.272388  0.146638    0.1998    0.1852    0.1340    0.0760    0.2132    0.0724    0.3113
 000220   R  0.328589  0.232020  0.145872    0.1322    0.1137    0.0960    0.0390    0.1747    0.0812    0.3011
 000221   F  0.320685  0.191128  0.145021    0.1958    0.1399    0.0740    0.0220    0.1777    0.0756    0.2893
 000222   V  0.303544  0.149721  0.144345    0.1349    0.0734    0.0600    0.0140    0.1444    0.0791    0.2744
 000223   V  0.281203  0.134607  0.142846    0.1150    0.0749    0.0520    0.0120    0.1334    0.0734    0.2619
 000224   E  0.246546  0.121744  0.141019    0.0607    0.0704    0.0450    0.0120    0.1143    0.0681    0.2519
 000225   L  0.214433  0.116266  0.138503    0.0677    0.0719    0.0460    0.0120    0.1091    0.0565    0.2388
 000226   G  0.167525  0.110340  0.135905    0.0542    0.0555    0.0480    0.0130    0.0952    0.0459    0.2287
 000227   L  0.121883  0.106827  0.133426    0.0502    0.0518    0.0510    0.0140    0.0859    0.0356    0.2213
 000228   D  0.108562  0.118534  0.131541    0.0607    0.0618    0.0560    0.0100    0.0896    0.0308    0.2144
 000229   L  0.097136  0.139596  0.130311    0.1060    0.0662    0.0620    0.0090    0.1001    0.0293    0.2066
 000230   G  0.080359  0.167108  0.129456    0.0991    0.0719    0.0670    0.0150    0.1025    0.0356    0.2002
 000231   I  0.072154  0.195138  0.128500    0.0607    0.0356    0.0760    0.0210    0.0947    0.0528    0.1963
 000232   A  0.075882  0.233077  0.126958    0.1117    0.0389    0.0890    0.0280    0.1126    0.0606    0.1957
 000233   F  0.080538  0.270982  0.123847    0.0771    0.0605    0.1210    0.0380    0.1224    0.0704    0.1954
 000234   D  0.103822  0.281072  0.118491    0.0567    0.0929    0.1630    0.0470    0.1361    0.0722    0.1914
 000235   G  0.125798  0.309155  0.112032    0.0554    0.0817    0.2180    0.0660    0.1504    0.0872    0.1857
 000236   D  0.144436  0.323603  0.105371    0.0858    0.1323    0.2430    0.0700    0.1724    0.0839    0.1816
 000237   G  0.160775  0.320661  0.100261    0.0789    0.1323    0.2150    0.0710    0.1679    0.0810    0.1773
 000238   D  0.179770  0.319070  0.096634    0.1292    0.1323    0.1870    0.0590    0.1741    0.0719    0.1750
 000239   R  0.198644  0.352416  0.094445    0.1205    0.0646    0.1800    0.0630    0.1684    0.0944    0.1711
 000240   V  0.221937  0.336529  0.092849    0.1088    0.1092    0.1960    0.0620    0.1776    0.0858    0.1666
 000241   Q  0.237687  0.312824  0.091292    0.0554    0.1092    0.1960    0.0610    0.1671    0.0900    0.1662
 000242   F  0.250316  0.312705  0.089142    0.0884    0.1791    0.1960    0.0580    0.1860    0.0809    0.1636
 000243   I  0.233738  0.320255  0.085900    0.1018    0.2094    0.2030    0.0570    0.1924    0.0796    0.1571
 000244   D  0.217401  0.308917  0.081743    0.1805    0.2503    0.2140    0.0590    0.2088    0.0693    0.1574
 000245   R  0.199821  0.325138  0.077745    0.1732    0.1671    0.2180    0.0610    0.1935    0.0736    0.1579
 000246   K  0.176938  0.342091  0.074414    0.1178    0.1007    0.1860    0.0490    0.1663    0.0880    0.1576
 000247   G  0.151880  0.322920  0.071786    0.0643    0.0581    0.1680    0.0470    0.1394    0.0926    0.1572
 000248   R  0.125800  0.292232  0.069603    0.0376    0.0473    0.1470    0.0420    0.1199    0.0866    0.1553
 000249   L  0.096488  0.262101  0.068684    0.0182    0.0380    0.1410    0.0470    0.1040    0.0810    0.1525
 000250   F  0.069630  0.228424  0.068252    0.0150    0.0227    0.1280    0.0470    0.0886    0.0726    0.1485
 000251   H  0.047124  0.198096  0.067899    0.0226    0.0275    0.0920    0.0220    0.0758    0.0595    0.1419
 000252   G  0.030098  0.177908  0.067310    0.0094    0.0138    0.0770    0.0170    0.0626    0.0574    0.1291
 000253   D  0.016679  0.156321  0.066570    0.0173    0.0248    0.0640    0.0170    0.0577    0.0487    0.1183
 000254   H  0.008314  0.124812  0.066095    0.0150    0.0506    0.0540    0.0170    0.0531    0.0382    0.1090
 000255   V  0.007287  0.101087  0.066013    0.0141    0.0494    0.0480    0.0160    0.0476    0.0315    0.0960
 000256   L  0.006455  0.087588  0.066537    0.0173    0.0473    0.0410    0.0150    0.0443    0.0275    0.0869
 000257   Y  0.006040  0.080715  0.067711    0.0194    0.0313    0.0380    0.0130    0.0406    0.0261    0.0785
 000258   L  0.005795  0.080343  0.069095    0.0194    0.0214    0.0370    0.0120    0.0388    0.0271    0.0704
 000259   A  0.004938  0.085506  0.070567    0.0121    0.0209    0.0400    0.0130    0.0389    0.0299    0.0638
 000260   A  0.002745  0.087620  0.071720    0.0141    0.0356    0.0490    0.0140    0.0435    0.0299    0.0587
 000261   L  0.003419  0.096377  0.072857    0.0304    0.0483    0.0660    0.0240    0.0528    0.0301    0.0556
 000262   A  0.003996  0.122055  0.074175    0.0308    0.0356    0.0760    0.0310    0.0571    0.0384    0.0540
 000263   F  0.005509  0.154118  0.076048    0.0179    0.0364    0.0800    0.0320    0.0616    0.0496    0.0558
 000264   G  0.008255  0.196475  0.077822    0.0118    0.0380    0.0830    0.0300    0.0692    0.0638    0.0594
 000265   E  0.029652  0.242786  0.079356    0.0121    0.0287    0.1150    0.0490    0.0845    0.0789    0.0641
 000266   K  0.046764  0.266523  0.081603    0.0218    0.0356    0.1700    0.0730    0.1038    0.0876    0.0712
 000267   G  0.063704  0.277929  0.084412    0.0279    0.0364    0.1990    0.0660    0.1149    0.0921    0.0772
 000268   V  0.080708  0.287022  0.089821    0.0387    0.0734    0.1910    0.0560    0.1267    0.0855    0.0853
 000269   V  0.084556  0.279865  0.096774    0.0363    0.0799    0.1600    0.0410    0.1229    0.0791    0.0959
 000270   G  0.132873  0.268907  0.105007    0.0490    0.0817    0.1250    0.0340    0.1271    0.0693    0.1081
 000271   T  0.209323  0.257129  0.112149    0.0376    0.0592    0.1320    0.0380    0.1346    0.0777    0.1210
 000272   V  0.238793  0.246726  0.117333    0.0514    0.0985    0.1450    0.0250    0.1496    0.0715    0.1319
 000273   M  0.287437  0.232963  0.121670    0.0363    0.1298    0.1410    0.0310    0.1583    0.0812    0.1460
 000274   S  0.314599  0.216581  0.125580    0.0744    0.2292    0.1130    0.0290    0.1789    0.0821    0.1566
 000275   N  0.332227  0.218380  0.130353    0.0858    0.2292    0.1040    0.0240    0.1833    0.0858    0.1653
 000276   M  0.345516  0.227838  0.135818    0.0771    0.1424    0.1080    0.0300    0.1729    0.0899    0.1731
 000277   A  0.365034  0.237322  0.142916    0.0744    0.1206    0.1140    0.0300    0.1756    0.0982    0.1773
 000278   L  0.398056  0.258916  0.150784    0.0441    0.0631    0.1150    0.0330    0.1716    0.1229    0.1805
 000279   E  0.391484  0.283680  0.159051    0.0554    0.0985    0.1070    0.0360    0.1825    0.1179    0.1820
 000280   V  0.350616  0.279348  0.166382    0.0490    0.1449    0.1290    0.0500    0.1865    0.1000    0.1846
 000281   A  0.352645  0.291905  0.174288    0.0542    0.1229    0.1330    0.0550    0.1882    0.1026    0.1925
 000282   L  0.344591  0.308904  0.182980    0.0526    0.0985    0.1310    0.0510    0.1865    0.1070    0.2004
 000283   K  0.326892  0.317071  0.191593    0.0677    0.1007    0.1140    0.0400    0.1863    0.1029    0.2109
 000284   E  0.316895  0.320210  0.198395    0.0789    0.1251    0.1110    0.0420    0.1918    0.0965    0.2156
 000285   R  0.312604  0.311941  0.203216    0.0526    0.1323    0.1090    0.0390    0.1869    0.0990    0.2182
 000286   G  0.290318  0.286379  0.207739    0.0502    0.1206    0.1090    0.0380    0.1773    0.0910    0.2188
 000287   L  0.278186  0.254655  0.213526    0.0771    0.0948    0.1130    0.0410    0.1719    0.0799    0.2227
 000288   A  0.293205  0.236970  0.220241    0.0991    0.0780    0.1120    0.0340    0.1732    0.0806    0.2255
 000289   F  0.314066  0.217143  0.227071    0.1041    0.0799    0.1210    0.0390    0.1773    0.0824    0.2273
 000290   H  0.338257  0.214890  0.232282    0.0621    0.0780    0.1150    0.0400    0.1734    0.0977    0.2299
 000291   R  0.352387  0.205231  0.236482    0.0607    0.1184    0.1190    0.0410    0.1820    0.0960    0.2275
 000292   A  0.359238  0.203888  0.239373    0.0858    0.0888    0.1170    0.0390    0.1824    0.0978    0.2214
 000293   A  0.371848  0.202333  0.242119    0.1456    0.1424    0.1160    0.0450    0.2034    0.0862    0.2158
 000294   V  0.383091  0.197405  0.244702    0.0909    0.1554    0.1170    0.0470    0.1981    0.0969    0.2102
 000295   G  0.406100  0.207600  0.247527    0.0832    0.1476    0.1160    0.0440    0.2013    0.1066    0.2101
 000296   D  0.449099  0.220497  0.249491    0.0909    0.1476    0.1130    0.0400    0.2118    0.1199    0.2142
 000297   R  0.468987  0.229038  0.249483    0.0965    0.0948    0.1180    0.0410    0.2095    0.1314    0.2181
 000298   Y  0.455185  0.236941  0.248171    0.1566    0.1298    0.1230    0.0440    0.2250    0.1139    0.2201
 000299   V  0.453923  0.262997  0.244673    0.1205    0.0967    0.1190    0.0410    0.2162    0.1241    0.2259
 000300   L  0.460490  0.291262  0.239557    0.1732    0.1759    0.1120    0.0390    0.2421    0.1126    0.2349
 000301   E  0.493559  0.319740  0.233171    0.1018    0.1702    0.1040    0.0350    0.2371    0.1373    0.2413
 000302   K  0.526629  0.356434  0.227772    0.1041    0.1852    0.1130    0.0280    0.2522    0.1486    0.2470
 000303   L  0.551244  0.382207  0.225099    0.1266    0.2470    0.1340    0.0360    0.2776    0.1489    0.2538
 000304   K  0.527429  0.399062  0.224755    0.1602    0.2817    0.1560    0.0620    0.2916    0.1337    0.2616
 000305   E  0.494797  0.414258  0.227106    0.2531    0.3426    0.2110    0.0850    0.3238    0.1040    0.2676
 000306   T  0.445097  0.434174  0.230114    0.2558    0.3529    0.3020    0.1330    0.3367    0.0823    0.2661
 000307   G  0.429087  0.447556  0.232209    0.2483    0.2817    0.3580    0.1430    0.3329    0.0846    0.2647
 000308   L  0.387039  0.463160  0.231828    0.2483    0.1914    0.3570    0.1320    0.3130    0.0962    0.2665
 000309   A  0.347106  0.487532  0.229331    0.2700    0.1702    0.3500    0.1200    0.3091    0.1018    0.2613
 000310   L  0.299577  0.517681  0.225701    0.2432    0.1583    0.3220    0.1040    0.2945    0.1129    0.2548
 000311   G  0.265143  0.484916  0.220710    0.2333    0.2258    0.2830    0.1000    0.2856    0.0919    0.2462
 000312   G  0.204646  0.467361  0.213845    0.1456    0.2193    0.2580    0.1050    0.2515    0.1021    0.2409
 000313   E  0.192879  0.431801  0.205809    0.1456    0.2258    0.2220    0.0870    0.2373    0.0909    0.2423
 000314   P  0.164786  0.400183  0.197794    0.2167    0.3149    0.1790    0.0570    0.2456    0.0844    0.2435
 000315   S  0.149886  0.369680  0.191211    0.2122    0.3286    0.1410    0.0400    0.2321    0.0869    0.2394
 000316   G  0.130501  0.346047  0.185623    0.2041    0.3117    0.1120    0.0280    0.2150    0.0868    0.2357
 000317   H  0.124615  0.323283  0.179742    0.1998    0.3117    0.1000    0.0200    0.2065    0.0852    0.2359
 000318   V  0.107819  0.302432  0.172218    0.1958    0.3117    0.0990    0.0280    0.1982    0.0841    0.2325
 000319   I  0.091062  0.278147  0.163434    0.2748    0.3149    0.0980    0.0320    0.2035    0.0898    0.2272
 000320   F  0.054896  0.268687  0.154427    0.3005    0.2645    0.1040    0.0380    0.1912    0.0920    0.2336
 000321   L  0.053101  0.254688  0.146893    0.2963    0.3566    0.0970    0.0330    0.2007    0.1094    0.2398
 000322   R  0.050987  0.248250  0.140588    0.2041    0.3321    0.1030    0.0260    0.1798    0.0936    0.2465
 000323   H  0.043601  0.249921  0.135468    0.2041    0.2575    0.1200    0.0320    0.1685    0.0762    0.2527
 000324   H  0.030881  0.265929  0.130054    0.1602    0.1702    0.1260    0.0480    0.1472    0.0696    0.2543
 000325   T  0.022660  0.279605  0.124019    0.0771    0.1501    0.1330    0.0560    0.1310    0.0787    0.2534
 000326   T  0.014437  0.319337  0.117962    0.0441    0.0967    0.1350    0.0610    0.1212    0.0978    0.2541
 000327   G  0.007966  0.376531  0.113118    0.0441    0.0985    0.1200    0.0570    0.1268    0.1186    0.2540
 000328   D  0.002916  0.396767  0.109722    0.0218    0.0780    0.0990    0.0420    0.1181    0.1305    0.2556
 000329   G  0.003716  0.378680  0.107065    0.0350    0.0734    0.0940    0.0340    0.1153    0.1229    0.2595
 000330   L  0.006151  0.342994  0.104170    0.0490    0.1275    0.0870    0.0280    0.1195    0.1073    0.2672
 000331   L  0.012341  0.283300  0.101215    0.0455    0.1942    0.0800    0.0290    0.1194    0.0925    0.2662
 000332   T  0.013815  0.215610  0.098381    0.0789    0.1969    0.0770    0.0270    0.1134    0.0708    0.2641
 000333   A  0.014604  0.170490  0.095710    0.0587    0.2002    0.0750    0.0260    0.1024    0.0640    0.2635
 000334   L  0.015265  0.145110  0.092366    0.0286    0.1914    0.0770    0.0230    0.0916    0.0617    0.2634
 000335   L  0.015929  0.138169  0.087689    0.0286    0.1942    0.0770    0.0180    0.0902    0.0614    0.2623
 000336   T  0.015141  0.160056  0.080784    0.0286    0.1229    0.0750    0.0220    0.0804    0.0502    0.2612
 000337   L  0.013656  0.190420  0.072947    0.0286    0.0967    0.0870    0.0290    0.0816    0.0572    0.2631
 000338   K  0.012645  0.211129  0.065533    0.0141    0.1048    0.0940    0.0340    0.0836    0.0671    0.2656
 000339   A  0.010145  0.236697  0.059281    0.0102    0.0555    0.1080    0.0420    0.0800    0.0776    0.2689
 000340   L  0.003905  0.270578  0.054104    0.0116    0.0327    0.1160    0.0430    0.0815    0.0922    0.2783
 000341   K  0.002429  0.264435  0.049824    0.0118    0.0592    0.1140    0.0370    0.0835    0.0886    0.2849
 000342   A  0.001621  0.249016  0.047030    0.0121    0.0817    0.1190    0.0330    0.0852    0.0835    0.2952
 000343   L  0.000901  0.253393  0.045163    0.0131    0.0463    0.1290    0.0430    0.0813    0.0871    0.3078
 000344   G  0.000204  0.243610  0.043893    0.0128    0.0690    0.1250    0.0420    0.0825    0.0827    0.3176
 000345   G  0.000256  0.208102  0.044056    0.0116    0.0676    0.1280    0.0420    0.0766    0.0720    0.3312
 000346   D  0.000320  0.202515  0.045476    0.0286    0.0646    0.1150    0.0330    0.0761    0.0665    0.3499
 000347   L  0.000374  0.194288  0.047900    0.0137    0.0749    0.1000    0.0220    0.0719    0.0644    0.3695
 000348   A  0.000543  0.164039  0.050918    0.0150    0.1251    0.0840    0.0160    0.0733    0.0581    0.3881
 000349   D  0.000710  0.149866  0.054627    0.0194    0.0870    0.0700    0.0110    0.0636    0.0483    0.4077
 000350   W  0.000929  0.149938  0.059802    0.0279    0.0662    0.0690    0.0140    0.0623    0.0460    0.4259
 000351   Y  0.002032  0.133240  0.065394    0.0376    0.0676    0.0580    0.0130    0.0607    0.0394    0.4309
 000352   E  0.002665  0.120470  0.072170    0.0212    0.0749    0.0490    0.0110    0.0567    0.0385    0.4163
 000353   A  0.003282  0.118533  0.078767    0.0157    0.0605    0.0470    0.0110    0.0539    0.0385    0.4053
 000354   L  0.005061  0.109257  0.085259    0.0363    0.0948    0.0450    0.0100    0.0626    0.0366    0.3940
 000355   P  0.005359  0.095779  0.093668    0.0226    0.0646    0.0460    0.0100    0.0547    0.0338    0.3866
 000356   L  0.005457  0.099012  0.106175    0.0218    0.0662    0.0670    0.0140    0.0609    0.0369    0.3854
 000357   Y  0.008932  0.107010  0.122914    0.0121    0.0662    0.0980    0.0340    0.0693    0.0449    0.3866
 000358   P  0.024863  0.114019  0.142209    0.0268    0.1070    0.1120    0.0430    0.0878    0.0453    0.3875
 000359   Q  0.035709  0.118630  0.162437    0.0376    0.1070    0.1300    0.0470    0.0986    0.0469    0.3930
 000360   V  0.045670  0.133829  0.183571    0.0350    0.1007    0.1400    0.0520    0.1064    0.0527    0.3978
 000361   L  0.060650  0.139651  0.204803    0.0514    0.1206    0.1490    0.0580    0.1209    0.0526    0.4035
 000362   L  0.075622  0.157190  0.227639    0.0909    0.1611    0.1560    0.0590    0.1447    0.0502    0.4122
 000363   N  0.142422  0.185509  0.252126    0.0542    0.1298    0.1630    0.0570    0.1546    0.0597    0.4229
 000364   V  0.196342  0.215824  0.278385    0.0567    0.1583    0.1830    0.0700    0.1814    0.0670    0.4308
 000365   R  0.233934  0.251078  0.304996    0.0935    0.2645    0.1890    0.0730    0.2229    0.0674    0.4281
 000366   V  0.311107  0.305345  0.332082    0.0813    0.2224    0.1960    0.0820    0.2413    0.0869    0.4251
 000367   S  0.380001  0.363284  0.359470    0.1602    0.2258    0.2000    0.0770    0.2815    0.0884    0.4205
 000368   D  0.456249  0.413711  0.387063    0.2432    0.3117    0.2350    0.0810    0.3412    0.0840    0.4188
 000369   K  0.550559  0.451522  0.414902    0.1566    0.2884    0.2760    0.1100    0.3563    0.1299    0.4155
 000370   A  0.639093  0.481387  0.442349    0.1532    0.2575    0.2980    0.1410    0.3785    0.1605    0.4143
 000371   K  0.728128  0.490503  0.469458    0.2080    0.2575    0.2930    0.1400    0.4077    0.1775    0.4147
 000372   V  0.756116  0.503502  0.495590    0.2657    0.3249    0.2830    0.1310    0.4381    0.1709    0.4172
 000373   M  0.799033  0.490885  0.521457    0.2913    0.4149    0.2840    0.1360    0.4670    0.1735    0.4200
 000374   A  0.863744  0.496078  0.546827    0.2865    0.3740    0.2600    0.1130    0.4713    0.2035    0.4189
 000375   D  0.884801  0.501355  0.572078    0.3578    0.4507    0.2300    0.0910    0.4994    0.2037    0.4181
 000376   P  0.889976  0.507416  0.596584    0.3399    0.4256    0.2320    0.0930    0.4985    0.2100    0.4164
 000377   R  0.893184  0.519640  0.620995    0.4078    0.4864    0.2510    0.1100    0.5298    0.1979    0.4138
 000378   L  0.848806  0.545444  0.645410    0.3762    0.4087    0.2410    0.1110    0.5109    0.1979    0.4131
 000379   G  0.809714  0.572089  0.669708    0.3578    0.3983    0.2530    0.1130    0.5101    0.1919    0.4113
 000380   E  0.751914  0.584002  0.693449    0.3053    0.4017    0.2620    0.1000    0.4997    0.1881    0.4110
 000381   A  0.699985  0.632888  0.715745    0.3456    0.4220    0.2820    0.1020    0.5164    0.1731    0.4119
 000382   V  0.653867  0.666733  0.737425    0.3491    0.4220    0.2910    0.1000    0.5200    0.1723    0.4102
 000383   R  0.595633  0.685373  0.757664    0.4078    0.4831    0.2970    0.0930    0.5378    0.1588    0.4078
 000384   E  0.537981  0.711142  0.777738    0.4458    0.4476    0.3480    0.0900    0.5447    0.1528    0.4072
 000385   A  0.500462  0.737462  0.797602    0.4651    0.4901    0.3820    0.0850    0.5621    0.1511    0.4081
 000386   E  0.464212  0.747875  0.815437    0.4037    0.4149    0.4090    0.0840    0.5425    0.1713    0.4086
 000387   A  0.453204  0.768551  0.829162    0.3806    0.3740    0.4420    0.1050    0.5412    0.1853    0.4108
 000388   R  0.438064  0.794487  0.838602    0.3263    0.4149    0.4680    0.0980    0.5467    0.1960    0.4121
 000389   L  0.449037  0.794450  0.845193    0.3806    0.4940    0.4880    0.0970    0.5751    0.1775    0.4145
 000390   G  0.485546  0.804845  0.850764    0.4037    0.4940    0.4780    0.1020    0.5861    0.1739    0.4168
 000391   G  0.499471  0.825043  0.855445    0.4078    0.4940    0.4910    0.0970    0.5955    0.1760    0.4200
 000392   R  0.515859  0.847500  0.860345    0.4420    0.5419    0.5040    0.0850    0.6186    0.1691    0.4234
 000393   G  0.556062  0.860058  0.863715    0.5084    0.6712    0.4850    0.0970    0.6574    0.1560    0.4269
 000394   R  0.584213  0.867047  0.865303    0.5126    0.5951    0.4710    0.0940    0.6493    0.1589    0.4306
 000395   V  0.602041  0.879988  0.864847    0.5374    0.5017    0.5310    0.0990    0.6528    0.1582    0.4332
 000396   N  0.628664  0.886372  0.863715    0.5173    0.5254    0.5670    0.1260    0.6648    0.1531    0.4335
 000397   V  0.636683  0.891513  0.861934    0.4703    0.4441    0.6390    0.1410    0.6573    0.1722    0.4325
 000398   R  0.635161  0.899135  0.859402    0.4781    0.4441    0.6320    0.1510    0.6580    0.1723    0.4321
 000399   P  0.642293  0.903029  0.856567    0.4282    0.3872    0.6460    0.1530    0.6439    0.1936    0.4329
 000400   S  0.669252  0.901738  0.853298    0.4703    0.4801    0.6950    0.1510    0.6784    0.1651    0.4335
 000401   G  0.702382  0.903035  0.850755    0.4078    0.4507    0.7220    0.1510    0.6727    0.1860    0.4344
 000402   T  0.712152  0.904949  0.848483    0.4078    0.4652    0.7100    0.1310    0.6747    0.1830    0.4357
 000403   E  0.726491  0.909237  0.847125    0.3885    0.4831    0.7250    0.1090    0.6799    0.1864    0.4364
 000404   P  0.751496  0.909690  0.845359    0.3939    0.4864    0.6910    0.1260    0.6797    0.1847    0.4369
 000405   V  0.774055  0.909546  0.843963    0.4116    0.4652    0.7280    0.1100    0.6887    0.1864    0.4375
 000406   V  0.813871  0.912442  0.842248    0.4703    0.5493    0.7150    0.0980    0.7172    0.1593    0.4366
 000407   R  0.852762  0.907028  0.841065    0.4458    0.5456    0.7280    0.0970    0.7200    0.1698    0.4354
 000408   V  0.861165  0.904142  0.839705    0.5043    0.5493    0.7600    0.0750    0.7365    0.1548    0.4349
 000409   M  0.865057  0.914338  0.837987    0.5253    0.5296    0.7670    0.0620    0.7399    0.1564    0.4352
 000410   V  0.865519  0.918388  0.835306    0.4420    0.4831    0.7460    0.0770    0.7151    0.1861    0.4353
 000411   E  0.865945  0.920249  0.831891    0.4149    0.4940    0.6800    0.0880    0.7012    0.1904    0.4352
 000412   A  0.865023  0.925236  0.828812    0.3939    0.4220    0.6730    0.1020    0.6847    0.2101    0.4349
 000413   E  0.862109  0.930188  0.826291    0.3885    0.3840    0.6360    0.0940    0.6712    0.2203    0.4345
 000414   E  0.857128  0.930749  0.824248    0.3263    0.3840    0.6670    0.1150    0.6649    0.2333    0.4342
 000415   G  0.853978  0.930813  0.821931    0.2820    0.3426    0.6860    0.1280    0.6529    0.2521    0.4341
 000416   A  0.852700  0.932185  0.819031    0.3491    0.3392    0.6910    0.1220    0.6638    0.2370    0.4338
 000417   E  0.850618  0.930257  0.815841    0.3847    0.3910    0.6340    0.1240    0.6678    0.2168    0.4337
 000418   E  0.848505  0.928555  0.812122    0.3359    0.3704    0.6570    0.1250    0.6587    0.2308    0.4335
 000419   V  0.849092  0.923025  0.808210    0.3668    0.3599    0.6960    0.1220    0.6672    0.2251    0.4334
 000420   A  0.854616  0.925811  0.803330    0.3535    0.3910    0.7070    0.0990    0.6725    0.2223    0.4336
 000421   R  0.859949  0.923751  0.797670    0.3399    0.4582    0.7030    0.0970    0.6803    0.2125    0.4337
 000422   E  0.866011  0.923215  0.792876    0.3399    0.4582    0.7150    0.1090    0.6825    0.2131    0.4337
 000423   L  0.866112  0.916401  0.789417    0.3578    0.4582    0.7600    0.0930    0.6913    0.2086    0.4334
 000424   A  0.867999  0.917147  0.787483    0.3717    0.4476    0.7410    0.1100    0.6889    0.2064    0.4324
 000425   E  0.876889  0.909230  0.785416    0.3399    0.4119    0.7430    0.1240    0.6777    0.2213    0.4324
 000426   R  0.887092  0.915768  0.783413    0.3311    0.3494    0.7740    0.1030    0.6735    0.2411    0.4325
 000427   V  0.894215  0.920972  0.781450    0.3359    0.3704    0.8160    0.0710    0.6866    0.2404    0.4318
 000428   R  0.872807  0.926778  0.779547    0.2748    0.3392    0.9440    0.0470    0.6895    0.2761    0.4311
 000429   A  0.851214  0.924061  0.778049    0.3146    0.3019    0.9610    0.0310    0.6885    0.2750    0.4297
 000430   L  0.805898  0.923608  0.776636    0.4149    0.3494    0.9760    0.0210    0.7077    0.2405    0.4296
 000431   S  0.758197  0.928211  0.775439    0.4781    0.3529    0.9760    0.0170    0.7115    0.2260    0.4305
 000432   Q  0.739956  0.936747  0.773509    0.5374    0.3392    0.9700    0.0170    0.7162    0.2203    0.4322
 000433   E  0.706702  0.944804  0.770955    0.5667    0.2918    0.9650    0.0220    0.7076    0.2307    0.4329
 000434   A  0.488157  0.946413  0.767062    0.6604    0.3631    0.9760    0.0220    0.7003    0.2242    0.4337
 000435   Q  0.473249  0.948876  0.762748    0.7232    0.3704    0.9730    0.0300    0.7086    0.2238    0.4334
 000436   A  0.684743  0.951198  0.758080    0.7458    0.3182    0.9550    0.0410    0.7355    0.2129    0.4325
 000437   V  0.569140  0.953656  0.755898    0.8036    0.2951    0.9660    0.0300    0.7239    0.2333    0.4315
