#RESNUM RES     VL-XT     VSL2B       VL3  IUPred-S  IUPred-L  PONDRFIT  FITERROR       MDP  MDPERROR   ANCHOR2
 000001   M  0.649019  0.772665  0.189421    0.4967    0.0089    0.9350    0.0400    0.4770    0.3238    0.0116
 000002   R  0.486988  0.692095  0.190924    0.3399    0.0138    0.8790    0.0150    0.4019    0.2938    0.0115
 000003   K  0.371793  0.604732  0.191286    0.2963    0.0099    0.8430    0.0510    0.3542    0.2739    0.0118
 000004   A  0.376283  0.497928  0.192632    0.2558    0.0080    0.7110    0.0910    0.3082    0.2270    0.0113
 000005   F  0.361132  0.372328  0.193093    0.1240    0.0059    0.6050    0.0850    0.2447    0.1975    0.0111
 000006   G  0.309928  0.261785  0.193378    0.0514    0.0073    0.5910    0.0770    0.2036    0.1943    0.0113
 000007   L  0.266315  0.185764  0.192927    0.0160    0.0075    0.4660    0.0640    0.1569    0.1590    0.0112
 000008   V  0.235831  0.129071  0.190041    0.0121    0.0080    0.4300    0.0900    0.1358    0.1478    0.0116
 000009   A  0.207157  0.098438  0.187330    0.0066    0.0068    0.3500    0.0900    0.1115    0.1251    0.0123
 000010   L  0.190747  0.086011  0.185791    0.0029    0.0082    0.3230    0.0830    0.1018    0.1173    0.0130
 000011   L  0.157610  0.089289  0.185963    0.0007    0.0104    0.4590    0.0470    0.1195    0.1570    0.0139
 000012   G  0.127809  0.089740  0.186338    0.0009    0.0130    0.2820    0.0460    0.0856    0.1026    0.0158
 000013   T  0.098349  0.091329  0.188138    0.0009    0.0108    0.1910    0.0340    0.0654    0.0814    0.0178
 000014   L  0.075867  0.101164  0.190927    0.0009    0.0081    0.1550    0.0330    0.0568    0.0768    0.0183
 000015   L  0.055109  0.119249  0.193548    0.0010    0.0092    0.1190    0.0320    0.0505    0.0753    0.0195
 000016   F  0.044742  0.125105  0.195982    0.0018    0.0091    0.1040    0.0290    0.0474    0.0762    0.0207
 000017   S  0.034046  0.147070  0.196442    0.0021    0.0091    0.0940    0.0300    0.0476    0.0795    0.0212
 000018   M  0.021141  0.163700  0.198345    0.0022    0.0091    0.0940    0.0300    0.0483    0.0839    0.0214
 000019   A  0.001708  0.172406  0.200379    0.0055    0.0091    0.0900    0.0290    0.0464    0.0881    0.0210
 000020   L  0.001959  0.181873  0.201009    0.0029    0.0075    0.0850    0.0280    0.0466    0.0904    0.0203
 000021   G  0.002028  0.193529  0.204383    0.0035    0.0123    0.0770    0.0250    0.0481    0.0929    0.0199
 000022   Q  0.002673  0.189879  0.208027    0.0034    0.0244    0.0780    0.0260    0.0497    0.0917    0.0202
 000023   R  0.013987  0.195131  0.212232    0.0049    0.0244    0.0850    0.0280    0.0539    0.0921    0.0203
 000024   A  0.017319  0.192547  0.213652    0.0062    0.0227    0.0910    0.0240    0.0549    0.0915    0.0196
 000025   V  0.021096  0.181262  0.217937    0.0121    0.0306    0.0870    0.0190    0.0553    0.0885    0.0204
 000026   G  0.022960  0.186382  0.223707    0.0259    0.0543    0.0870    0.0190    0.0628    0.0864    0.0219
 000027   F  0.026637  0.181733  0.229844    0.0425    0.0646    0.1160    0.0200    0.0719    0.0836    0.0233
 000028   R  0.028042  0.193343  0.239271    0.0425    0.0662    0.1250    0.0260    0.0759    0.0880    0.0257
 000029   L  0.036450  0.199328  0.247858    0.0308    0.0483    0.1580    0.0450    0.0788    0.0952    0.0279
 000030   V  0.043665  0.234914  0.254169    0.0425    0.0483    0.1770    0.0580    0.0911    0.1009    0.0306
 000031   L  0.058210  0.266800  0.261495    0.0490    0.0494    0.1980    0.0690    0.1036    0.1068    0.0346
 000032   P  0.059054  0.297521  0.267391    0.0395    0.0568    0.2010    0.0780    0.1090    0.1148    0.0395
 000033   P  0.119900  0.328913  0.275962    0.0182    0.0389    0.2300    0.0860    0.1226    0.1262    0.0427
 000034   G  0.203254  0.358571  0.285290    0.0226    0.0494    0.2630    0.0850    0.1495    0.1317    0.0427
 000035   G  0.292935  0.367884  0.297086    0.0226    0.0341    0.2480    0.0910    0.1609    0.1424    0.0452
 000036   A  0.380705  0.379613  0.309366    0.0514    0.0662    0.2290    0.0960    0.1845    0.1448    0.0452
 000037   G  0.474395  0.388596  0.321736    0.0279    0.0662    0.2110    0.0840    0.1947    0.1716    0.0465
 000038   L  0.540952  0.390539  0.329584    0.0701    0.1501    0.2110    0.0740    0.2271    0.1666    0.0477
 000039   G  0.586367  0.402691  0.336008    0.0677    0.0888    0.1880    0.0680    0.2222    0.1919    0.0492
 000040   L  0.615589  0.407195  0.344055    0.1322    0.1229    0.1640    0.0590    0.2403    0.1874    0.0507
 000041   A  0.622055  0.400086  0.351067    0.1240    0.0929    0.1320    0.0450    0.2284    0.1992    0.0526
 000042   L  0.576516  0.399086  0.356871    0.1844    0.1583    0.1190    0.0420    0.2395    0.1718    0.0541
 000043   E  0.508621  0.388428  0.362485    0.0884    0.1028    0.1080    0.0430    0.1994    0.1770    0.0557
 000044   A  0.433409  0.394154  0.366741    0.0660    0.0380    0.1180    0.0520    0.1750    0.1758    0.0564
 000045   P  0.355207  0.415161  0.368774    0.0526    0.0380    0.1210    0.0520    0.1637    0.1693    0.0611
 000046   L  0.274436  0.416265  0.372716    0.0297    0.0405    0.1240    0.0480    0.1476    0.1658    0.0612
 000047   E  0.215752  0.412916  0.378030    0.0395    0.0294    0.1230    0.0460    0.1367    0.1643    0.0665
 000048   R  0.179538  0.408228  0.387759    0.0441    0.0148    0.1210    0.0440    0.1280    0.1676    0.0683
 000049   N  0.155039  0.400399  0.392859    0.0490    0.0306    0.1260    0.0460    0.1268    0.1642    0.0704
 000050   L  0.150404  0.366443  0.398729    0.0268    0.0306    0.1210    0.0410    0.1158    0.1629    0.0732
 000051   A  0.144441  0.360494  0.404373    0.0607    0.0543    0.1180    0.0410    0.1230    0.1553    0.0793
 000052   F  0.135989  0.353082  0.404012    0.0789    0.0870    0.1170    0.0460    0.1286    0.1476    0.0865
 000053   R  0.130438  0.353634  0.403328    0.1416    0.1449    0.1080    0.0420    0.1464    0.1358    0.0976
 000054   A  0.120010  0.336254  0.403771    0.1602    0.0631    0.0940    0.0380    0.1289    0.1444    0.1093
 000055   F  0.106244  0.370524  0.402268    0.1998    0.0454    0.0890    0.0320    0.1352    0.1538    0.1283
 000056   G  0.097311  0.413378  0.397989    0.1060    0.0209    0.0890    0.0240    0.1210    0.1703    0.1487
 000057   D  0.088582  0.384545  0.394943    0.1150    0.0364    0.0950    0.0220    0.1199    0.1604    0.1766
 000058   L  0.075487  0.421837  0.394844    0.0554    0.0313    0.1000    0.0280    0.1140    0.1759    0.1983
 000059   F  0.068232  0.440883  0.390901    0.0587    0.0356    0.1070    0.0360    0.1184    0.1786    0.2258
 000060   P  0.055865  0.436567  0.389863    0.0607    0.0209    0.0980    0.0380    0.1120    0.1811    0.2561
 000061   S  0.045790  0.462486  0.394663    0.1266    0.0209    0.1060    0.0410    0.1269    0.1837    0.2708
 000062   G  0.047919  0.471585  0.392935    0.1018    0.0136    0.1070    0.0430    0.1236    0.1881    0.2810
 000063   P  0.052858  0.454873  0.393441    0.1088    0.0263    0.1070    0.0460    0.1250    0.1809    0.2929
 000064   S  0.054112  0.428927  0.387351    0.0621    0.0327    0.1040    0.0400    0.1136    0.1766    0.2884
 000065   F  0.050215  0.398403  0.381547    0.0789    0.0454    0.0960    0.0360    0.1114    0.1657    0.2879
 000066   L  0.051919  0.372347  0.371518    0.1667    0.0555    0.0930    0.0300    0.1233    0.1506    0.2829
 000067   L  0.066895  0.356555  0.359477    0.1732    0.0555    0.0780    0.0260    0.1216    0.1436    0.2722
 000068   G  0.076583  0.355517  0.347508    0.0965    0.0568    0.0790    0.0290    0.1107    0.1422    0.2626
 000069   G  0.094497  0.335748  0.339038    0.1566    0.0555    0.0950    0.0350    0.1230    0.1286    0.2582
 000070   E  0.104709  0.317515  0.332136    0.2700    0.1275    0.1030    0.0370    0.1538    0.1139    0.2522
 000071   V  0.103535  0.316774  0.325145    0.1532    0.1048    0.0910    0.0280    0.1283    0.1136    0.2433
 000072   L  0.113220  0.321393  0.318161    0.1635    0.1137    0.0910    0.0280    0.1338    0.1101    0.2470
 000073   F  0.129017  0.347716  0.311247    0.1602    0.0646    0.0980    0.0340    0.1332    0.1186    0.2511
 000074   K  0.152362  0.360875  0.302945    0.1416    0.0506    0.1050    0.0400    0.1352    0.1207    0.2449
 000075   P  0.171585  0.362862  0.294950    0.0858    0.0518    0.1080    0.0390    0.1300    0.1237    0.2453
 000076   D  0.173030  0.372619  0.287988    0.1380    0.0568    0.1170    0.0360    0.1430    0.1175    0.2345
 000077   L  0.180292  0.382569  0.280485    0.2080    0.1007    0.1460    0.0410    0.1695    0.1038    0.2155
 000078   G  0.187313  0.371570  0.272243    0.1998    0.2002    0.1430    0.0390    0.1836    0.0870    0.2015
 000079   Q  0.203626  0.379653  0.262818    0.1921    0.1206    0.1390    0.0370    0.1724    0.0969    0.1926
 000080   L  0.228889  0.406799  0.255250    0.2292    0.0581    0.1290    0.0290    0.1754    0.1166    0.1782
 000081   D  0.226867  0.410183  0.244188    0.1380    0.0494    0.1340    0.0300    0.1598    0.1209    0.1645
 000082   R  0.223161  0.379879  0.234035    0.1266    0.0817    0.1220    0.0250    0.1555    0.1069    0.1493
 000083   D  0.210783  0.373993  0.228559    0.1921    0.1373    0.1100    0.0250    0.1707    0.0927    0.1340
 000084   L  0.210913  0.345812  0.222576    0.2865    0.1583    0.1300    0.0390    0.1885    0.0820    0.1172
 000085   R  0.215043  0.305906  0.218208    0.2865    0.1583    0.1030    0.0230    0.1780    0.0787    0.1063
 000086   G  0.218412  0.285314  0.216585    0.1602    0.1048    0.0780    0.0130    0.1411    0.0797    0.0976
 000087   I  0.221708  0.286706  0.216555    0.1532    0.0985    0.0630    0.0150    0.1371    0.0848    0.0908
 000088   R  0.223120  0.269852  0.211474    0.1998    0.0909    0.0570    0.0150    0.1400    0.0835    0.0900
 000089   P  0.203229  0.264252  0.202956    0.1998    0.0719    0.0560    0.0180    0.1325    0.0831    0.0881
 000090   Y  0.203821  0.263453  0.194934    0.1117    0.0704    0.0680    0.0270    0.1196    0.0801    0.0805
 000091   F  0.207402  0.252692  0.183469    0.1456    0.0967    0.0780    0.0350    0.1300    0.0683    0.0771
 000092   G  0.206117  0.239218  0.168197    0.1380    0.0888    0.0720    0.0300    0.1240    0.0660    0.0744
 000093   G  0.186176  0.244388  0.158850    0.1117    0.0690    0.0740    0.0300    0.1143    0.0680    0.0734
 000094   G  0.167316  0.253726  0.147503    0.1041    0.0389    0.0920    0.0300    0.1094    0.0718    0.0708
 000095   L  0.142807  0.257130  0.138607    0.1349    0.0704    0.1200    0.0390    0.1209    0.0607    0.0678
 000096   G  0.115974  0.257806  0.129232    0.0884    0.0424    0.1390    0.0450    0.1072    0.0693    0.0651
 000097   A  0.088090  0.281903  0.121408    0.0884    0.0424    0.1370    0.0430    0.1063    0.0783    0.0611
 000098   R  0.110042  0.285137  0.115494    0.0991    0.0463    0.1420    0.0410    0.1138    0.0763    0.0602
 000099   I  0.126818  0.304599  0.109507    0.0935    0.0454    0.1730    0.0420    0.1239    0.0841    0.0580
 000100   A  0.161403  0.312592  0.105048    0.0387    0.0209    0.1850    0.0470    0.1197    0.0998    0.0572
 000101   D  0.185591  0.343934  0.102422    0.0643    0.0380    0.1780    0.0450    0.1349    0.1029    0.0586
 000102   A  0.213938  0.320770  0.098314    0.0643    0.0646    0.1930    0.0440    0.1427    0.0944    0.0573
 000103   S  0.212702  0.302903  0.094608    0.0607    0.0749    0.1530    0.0230    0.1341    0.0871    0.0561
 000104   A  0.223075  0.274066  0.090964    0.0455    0.0463    0.1240    0.0220    0.1188    0.0879    0.0553
 000105   V  0.247733  0.273201  0.090499    0.0526    0.0269    0.1000    0.0220    0.1167    0.0956    0.0564
 000106   G  0.271118  0.250593  0.089594    0.0621    0.0235    0.1010    0.0270    0.1181    0.0950    0.0604
 000107   V  0.256022  0.236330  0.087750    0.0395    0.0253    0.1030    0.0330    0.1101    0.0912    0.0652
 000108   H  0.242631  0.223867  0.084367    0.0268    0.0414    0.1160    0.0380    0.1085    0.0848    0.0735
 000109   L  0.197372  0.211347  0.080362    0.0297    0.0405    0.1390    0.0480    0.1030    0.0727    0.0812
 000110   S  0.163573  0.190804  0.075418    0.0607    0.0870    0.1510    0.0470    0.1088    0.0507    0.0901
 000111   L  0.128783  0.189046  0.072191    0.0771    0.1115    0.1360    0.0430    0.1071    0.0412    0.0991
 000112   G  0.129012  0.193640  0.068885    0.0701    0.0494    0.1110    0.0340    0.0921    0.0498    0.1088
 000113   A  0.123512  0.207353  0.067394    0.0884    0.0306    0.1030    0.0290    0.0921    0.0560    0.1223
 000114   E  0.111317  0.207034  0.066701    0.0441    0.0188    0.0940    0.0260    0.0792    0.0614    0.1417
 000115   V  0.094370  0.200481  0.066813    0.0286    0.0253    0.0940    0.0230    0.0738    0.0596    0.1597
 000116   L  0.070996  0.184741  0.064411    0.0268    0.0405    0.0880    0.0270    0.0685    0.0523    0.1799
 000117   F  0.051441  0.177301  0.062859    0.0297    0.0473    0.0850    0.0290    0.0652    0.0496    0.1937
 000118   D  0.044454  0.159067  0.059258    0.0478    0.0424    0.0750    0.0280    0.0615    0.0419    0.2062
 000119   P  0.040675  0.164355  0.060808    0.0567    0.0244    0.0690    0.0260    0.0592    0.0460    0.2116
 000120   R  0.037892  0.158357  0.061275    0.0607    0.0244    0.0690    0.0250    0.0584    0.0442    0.2098
 000121   T  0.030380  0.152323  0.062672    0.0363    0.0306    0.0620    0.0240    0.0520    0.0437    0.2078
 000122   G  0.022879  0.141719  0.066355    0.0376    0.0258    0.0610    0.0240    0.0482    0.0418    0.2065
 000123   F  0.008656  0.147351  0.073119    0.0478    0.0258    0.0620    0.0230    0.0485    0.0459    0.2062
 000124   F  0.001521  0.144750  0.077748    0.0308    0.0334    0.0700    0.0310    0.0468    0.0476    0.2005
 000125   L  0.001056  0.153874  0.081354    0.0259    0.0294    0.0780    0.0420    0.0481    0.0521    0.1860
 000126   D  0.001687  0.170855  0.084452    0.0405    0.0463    0.0850    0.0500    0.0573    0.0546    0.1744
 000127   G  0.001729  0.183233  0.088766    0.0621    0.0799    0.0960    0.0520    0.0705    0.0557    0.1587
 000128   E  0.001803  0.176055  0.090915    0.1117    0.1528    0.1070    0.0480    0.0916    0.0571    0.1488
 000129   Y  0.001836  0.188379  0.096148    0.1018    0.1424    0.1290    0.0620    0.0939    0.0592    0.1370
 000130   Y  0.002127  0.228564  0.106672    0.0813    0.0749    0.1440    0.0700    0.0886    0.0716    0.1281
 000131   Y  0.045759  0.285246  0.119985    0.0813    0.0483    0.1700    0.0800    0.1051    0.0858    0.1224
 000132   P  0.080337  0.348878  0.133610    0.0514    0.0253    0.1840    0.0830    0.1149    0.1104    0.1173
 000133   F  0.119716  0.410932  0.144522    0.0376    0.0258    0.2600    0.0880    0.1424    0.1361    0.1075
 000134   G  0.148155  0.455568  0.148179    0.0455    0.0334    0.3200    0.0800    0.1671    0.1527    0.0977
 000135   G  0.216947  0.476723  0.151810    0.0832    0.0765    0.4660    0.0990    0.2200    0.1686    0.0891
 000136   G  0.277170  0.471968  0.153718    0.0858    0.0749    0.4660    0.0980    0.2292    0.1669    0.0836
 000137   G  0.332439  0.474488  0.155976    0.0771    0.0690    0.4370    0.1150    0.2316    0.1669    0.0782
 000138   S  0.381940  0.442293  0.159704    0.0425    0.0662    0.4510    0.1150    0.2306    0.1749    0.0750
 000139   S  0.456733  0.426205  0.163919    0.0363    0.0463    0.4610    0.0890    0.2377    0.1897    0.0703
 000140   R  0.490227  0.410636  0.168496    0.0858    0.0690    0.5290    0.0610    0.2640    0.1922    0.0661
 000141   V  0.535791  0.423640  0.172909    0.1766    0.1048    0.6120    0.0520    0.3088    0.1975    0.0611
 000142   V  0.544205  0.447743  0.177864    0.3053    0.1583    0.5880    0.0690    0.3406    0.1708    0.0568
 000143   L  0.567263  0.527999  0.184996    0.3184    0.1007    0.5620    0.0710    0.3461    0.1896    0.0526
 000144   G  0.553645  0.599727  0.191416    0.4781    0.1942    0.6140    0.1320    0.4066    0.1819    0.0516
 000145   V  0.722177  0.666347  0.196885    0.5253    0.1611    0.7200    0.0980    0.4658    0.2378    0.0507
 000146   N  0.431877  0.710910  0.201700    0.5667    0.1298    0.8000    0.0750    0.4399    0.2491    0.0505
 000147   L  0.465791  0.720867  0.208220    0.6174    0.0985    0.8040    0.0560    0.4510    0.2609    0.0498
 000148   R  0.502898  0.714468  0.214142    0.6604    0.0704    0.7800    0.0900    0.4548    0.2657    0.0491
