#RESNUM RES     VL-XT     VSL2B       VL3  IUPred-S  IUPred-L  PONDRFIT  FITERROR       MDP  MDPERROR   ANCHOR2
 000001   M  0.808399  0.713284  0.506775    0.7232    0.1092    0.9390    0.0160    0.6333    0.2675    0.2206
 000002   K  0.540788  0.749571  0.509992    0.6870    0.0690    0.9080    0.0390    0.5775    0.2632    0.2348
 000003   R  0.421400  0.711934  0.516482    0.5992    0.0909    0.8850    0.0330    0.5376    0.2479    0.2503
 000004   T  0.446648  0.650862  0.523567    0.4749    0.0618    0.8460    0.0590    0.5006    0.2374    0.2472
 000005   G  0.441506  0.593362  0.531008    0.4203    0.0433    0.8170    0.0730    0.4744    0.2326    0.2509
 000006   L  0.383077  0.546964  0.538502    0.3005    0.0568    0.7750    0.1050    0.4335    0.2246    0.2665
 000007   V  0.340738  0.521245  0.546239    0.1805    0.0414    0.7370    0.0890    0.3945    0.2344    0.2821
 000008   L  0.313071  0.515390  0.553829    0.1380    0.0414    0.7570    0.0970    0.3864    0.2476    0.2972
 000009   G  0.290155  0.533990  0.561706    0.0660    0.0320    0.7350    0.1120    0.3698    0.2613    0.2929
 000010   L  0.290707  0.559717  0.569456    0.0376    0.0454    0.6580    0.1130    0.3601    0.2517    0.3101
 000011   T  0.288120  0.582029  0.577405    0.0150    0.0646    0.6640    0.1490    0.3651    0.2582    0.3219
 000012   A  0.290582  0.607761  0.585855    0.0245    0.0948    0.6080    0.1460    0.3686    0.2453    0.3348
 000013   L  0.328175  0.627031  0.594935    0.0268    0.0662    0.5890    0.1170    0.3721    0.2505    0.3469
 000014   G  0.356253  0.649492  0.604201    0.0226    0.0414    0.5800    0.1330    0.3757    0.2601    0.3395
 000015   L  0.411909  0.665205  0.612987    0.0144    0.0372    0.6100    0.1580    0.3920    0.2708    0.3442
 000016   L  0.492409  0.680241  0.622870    0.0109    0.0380    0.5920    0.1780    0.4061    0.2757    0.3308
 000017   G  0.578404  0.701715  0.633856    0.0200    0.0300    0.5660    0.1920    0.4217    0.2839    0.2937
 000018   L  0.647905  0.719684  0.645856    0.0304    0.0433    0.5900    0.1950    0.4461    0.2919    0.2598
 000019   A  0.702517  0.738390  0.657416    0.0231    0.0835    0.5850    0.1910    0.4650    0.2954    0.2147
 000020   L  0.765638  0.755765  0.668662    0.0226    0.0835    0.5780    0.1820    0.4790    0.3080    0.1893
 000021   T  0.828054  0.765062  0.679356    0.0478    0.0690    0.5710    0.1740    0.4933    0.3175    0.1524
 000022   Q  0.864886  0.768505  0.688827    0.0425    0.0631    0.5850    0.1640    0.5022    0.3287    0.1139
 000023   G  0.913273  0.767563  0.699486    0.0274    0.0531    0.6440    0.1340    0.5174    0.3474    0.0808
 000024   M  0.936502  0.791272  0.711066    0.0425    0.0581    0.6930    0.1200    0.5388    0.3542    0.0550
 000025   M  0.948880  0.813567  0.724393    0.0316    0.0592    0.7160    0.1120    0.5490    0.3643    0.0403
 000026   G  0.954373  0.828235  0.736634    0.0387    0.1092    0.7390    0.1090    0.5677    0.3572    0.0303
 000027   G  0.969009  0.841981  0.750116    0.0554    0.1583    0.7500    0.1090    0.5875    0.3489    0.0245
 000028   Y  0.981311  0.863223  0.763964    0.0660    0.1184    0.7890    0.1030    0.5970    0.3639    0.0207
 000029   G  0.987020  0.883869  0.778446    0.1041    0.1275    0.7870    0.1090    0.6113    0.3572    0.0191
 000030   P  0.993415  0.890826  0.791750    0.1041    0.1528    0.7980    0.1160    0.6218    0.3555    0.0183
 000031   G  0.996131  0.906224  0.803961    0.1205    0.1611    0.8180    0.1090    0.6342    0.3548    0.0164
 000032   Y  0.996742  0.912572  0.814849    0.1088    0.1501    0.8380    0.1060    0.6369    0.3637    0.0152
 000033   G  0.997336  0.921062  0.824591    0.0723    0.0948    0.8400    0.1050    0.6251    0.3871    0.0163
 000034   M  0.997581  0.925351  0.833649    0.0744    0.0948    0.8480    0.1060    0.6289    0.3887    0.0181
 000035   M  0.997799  0.932468  0.842125    0.0771    0.1323    0.8430    0.1140    0.6375    0.3809    0.0203
 000036   G  0.997797  0.937076  0.849373    0.0991    0.1298    0.8420    0.1160    0.6425    0.3772    0.0224
 000037   P  0.997644  0.945603  0.855803    0.1041    0.1323    0.8440    0.1210    0.6465    0.3773    0.0238
 000038   G  0.997333  0.954916  0.861569    0.0813    0.0948    0.8630    0.1220    0.6422    0.3948    0.0247
 000039   M  0.997040  0.963572  0.867345    0.1602    0.1275    0.8770    0.1180    0.6655    0.3717    0.0250
 000040   M  0.996894  0.965816  0.872221    0.1322    0.1092    0.8820    0.1160    0.6597    0.3836    0.0247
 000041   G  0.996856  0.969407  0.875830    0.0884    0.0631    0.8730    0.1160    0.6445    0.4047    0.0252
 000042   M  0.997044  0.967423  0.877867    0.0771    0.0334    0.8850    0.1160    0.6396    0.4156    0.0265
 000043   G  0.997224  0.966377  0.878338    0.1205    0.0780    0.8840    0.1200    0.6540    0.3947    0.0275
 000044   M  0.996552  0.967438  0.877558    0.0660    0.0967    0.8940    0.1020    0.6497    0.4040    0.0276
 000045   G  0.996378  0.962865  0.876173    0.1018    0.1554    0.8700    0.1110    0.6604    0.3790    0.0291
 000046   G  0.995847  0.958131  0.874188    0.1416    0.1791    0.8640    0.1050    0.6689    0.3626    0.0315
 000047   M  0.996003  0.950817  0.872583    0.1667    0.1852    0.8720    0.0960    0.6739    0.3548    0.0331
 000048   G  0.994920  0.948165  0.870910    0.1266    0.1852    0.8520    0.1030    0.6630    0.3621    0.0370
 000049   M  0.985512  0.949530  0.868007    0.1380    0.1184    0.8310    0.1050    0.6484    0.3713    0.0426
 000050   M  0.973171  0.941418  0.863086    0.1878    0.1914    0.8270    0.1080    0.6641    0.3389    0.0513
 000051   A  0.960348  0.940764  0.856011    0.1766    0.2715    0.8500    0.1000    0.6758    0.3231    0.0627
 000052   V  0.923141  0.933989  0.847044    0.1958    0.2988    0.8460    0.1010    0.6742    0.3051    0.0776
 000053   Y  0.884612  0.928424  0.836296    0.2558    0.2988    0.8250    0.1190    0.6715    0.2811    0.0958
 000054   P  0.863919  0.919231  0.823530    0.2786    0.2680    0.7600    0.1390    0.6523    0.2721    0.1256
 000055   P  0.843200  0.903573  0.809952    0.2558    0.3321    0.7590    0.1270    0.6506    0.2568    0.1580
 000056   E  0.818233  0.893025  0.794321    0.2292    0.3019    0.7890    0.1020    0.6377    0.2661    0.1909
 000057   A  0.794316  0.877310  0.776851    0.2385    0.3117    0.8120    0.0930    0.6352    0.2574    0.2166
 000058   K  0.720823  0.859261  0.758636    0.2531    0.3149    0.8230    0.0780    0.6216    0.2434    0.2511
 000059   P  0.653055  0.848325  0.740435    0.2657    0.3392    0.8200    0.0760    0.6112    0.2280    0.2753
 000060   I  0.617567  0.832518  0.721296    0.2602    0.3667    0.8170    0.0630    0.6026    0.2184    0.3004
 000061   P  0.635292  0.809997  0.699598    0.3184    0.3182    0.7800    0.0720    0.5935    0.2025    0.3152
 000062   E  0.651042  0.784205  0.675891    0.3146    0.3182    0.7840    0.0730    0.5879    0.1983    0.3175
 000063   E  0.600111  0.758894  0.651553    0.2820    0.3774    0.7480    0.0870    0.5696    0.1802    0.3069
 000064   V  0.556788  0.731346  0.626987    0.3491    0.4940    0.7740    0.0740    0.5886    0.1434    0.2885
 000065   A  0.542785  0.700783  0.603356    0.3359    0.3872    0.7240    0.1080    0.5489    0.1461    0.2619
 000066   K  0.522920  0.668699  0.580538    0.3225    0.2575    0.7150    0.1180    0.5112    0.1689    0.2448
 000067   A  0.590555  0.634375  0.559044    0.2385    0.2609    0.6860    0.1430    0.4949    0.1778    0.2263
 000068   R  0.651465  0.598386  0.536514    0.1998    0.2918    0.5460    0.2070    0.4707    0.1655    0.2168
 000069   M  0.697599  0.573907  0.512356    0.2167    0.2541    0.4510    0.1700    0.4509    0.1700    0.2006
 000070   E  0.716249  0.551303  0.486713    0.2041    0.2328    0.3440    0.1420    0.4226    0.1811    0.1944
 000071   A  0.727404  0.516787  0.460340    0.2333    0.2470    0.3150    0.1170    0.4166    0.1738    0.1846
 000072   Y  0.787269  0.499234  0.434128    0.2209    0.2193    0.3040    0.1140    0.4108    0.1976    0.1833
 000073   A  0.790435  0.472829  0.407763    0.1456    0.2129    0.2360    0.1110    0.3775    0.2166    0.1909
 000074   K  0.732866  0.443332  0.381611    0.1322    0.1115    0.1860    0.0940    0.3312    0.2181    0.2081
 000075   R  0.668424  0.409407  0.355447    0.2041    0.1137    0.1700    0.0870    0.3202    0.1867    0.2345
 000076   L  0.574253  0.385505  0.328812    0.1566    0.1137    0.1620    0.0740    0.2869    0.1615    0.2575
 000077   Y  0.482833  0.345958  0.302392    0.1205    0.0605    0.1680    0.0580    0.2468    0.1446    0.2729
 000078   P  0.373993  0.319360  0.275812    0.1205    0.0780    0.1490    0.0600    0.2195    0.1094    0.3021
 000079   G  0.263817  0.305315  0.249819    0.0607    0.0817    0.1430    0.0450    0.1841    0.0938    0.3308
 000080   A  0.165291  0.288162  0.225088    0.0884    0.1251    0.1400    0.0370    0.1721    0.0665    0.3682
 000081   R  0.066533  0.282968  0.201925    0.0884    0.0581    0.1350    0.0330    0.1389    0.0807    0.4006
 000082   L  0.017247  0.275763  0.180670    0.1117    0.0372    0.1570    0.0400    0.1300    0.0878    0.4321
 000083   K  0.003086  0.257870  0.161463    0.1117    0.0581    0.1570    0.0410    0.1248    0.0811    0.4177
 000084   D  0.002213  0.241328  0.144472    0.0858    0.0799    0.1520    0.0470    0.1176    0.0741    0.4030
 000085   F  0.001562  0.220332  0.129715    0.0677    0.0543    0.1380    0.0470    0.1020    0.0703    0.3981
 000086   M  0.003877  0.203442  0.116575    0.0744    0.0341    0.1320    0.0560    0.0941    0.0659    0.4025
 000087   A  0.006561  0.181226  0.105953    0.0701    0.0605    0.1300    0.0540    0.0925    0.0554    0.3992
 000088   F  0.007194  0.172475  0.097678    0.0723    0.1298    0.1180    0.0420    0.0996    0.0514    0.3889
 000089   S  0.008255  0.173941  0.089763    0.0677    0.1162    0.0860    0.0260    0.0904    0.0499    0.3937
 000090   Q  0.011028  0.167412  0.081400    0.0771    0.1162    0.0730    0.0220    0.0877    0.0473    0.4009
 000091   N  0.011911  0.165257  0.073267    0.0935    0.1528    0.0830    0.0220    0.0965    0.0513    0.4138
 000092   Y  0.019919  0.170638  0.067427    0.0909    0.1449    0.0880    0.0230    0.0969    0.0494    0.4254
 000093   Y  0.024868  0.181572  0.064036    0.1532    0.1449    0.0890    0.0260    0.1096    0.0548    0.4328
 000094   A  0.027904  0.210194  0.061490    0.1566    0.0799    0.1010    0.0310    0.1061    0.0608    0.4330
 000095   Q  0.048814  0.227128  0.058938    0.0935    0.0835    0.1280    0.0390    0.1066    0.0596    0.4292
 000096   V  0.056980  0.253234  0.054742    0.0991    0.0985    0.1430    0.0410    0.1177    0.0676    0.4245
 000097   V  0.067746  0.278739  0.049804    0.1349    0.0835    0.1270    0.0480    0.1236    0.0757    0.4140
 000098   D  0.067745  0.290450  0.044731    0.1150    0.0851    0.1060    0.0400    0.1182    0.0805    0.4060
 000099   E  0.076323  0.273204  0.042387    0.1349    0.1643    0.1160    0.0420    0.1345    0.0734    0.4044
 000100   R  0.099416  0.274518  0.042102    0.1150    0.1671    0.1190    0.0420    0.1362    0.0719    0.3965
 000101   G  0.112603  0.264076  0.043245    0.1205    0.0835    0.1070    0.0420    0.1218    0.0685    0.3884
 000102   Q  0.125314  0.235395  0.044842    0.1178    0.0835    0.0990    0.0400    0.1177    0.0588    0.3776
 000103   G  0.145086  0.210240  0.047846    0.1178    0.1501    0.1050    0.0540    0.1293    0.0493    0.3687
 000104   L  0.154386  0.193556  0.051606    0.1844    0.1881    0.1070    0.0540    0.1464    0.0517    0.3594
 000105   F  0.213844  0.175181  0.055433    0.2209    0.1643    0.1000    0.0510    0.1550    0.0594    0.3597
 000106   E  0.251029  0.160524  0.058327    0.1602    0.1528    0.0830    0.0470    0.1443    0.0621    0.3684
 000107   L  0.322685  0.141286  0.061109    0.1698    0.2292    0.0850    0.0480    0.1683    0.0882    0.3764
 000108   I  0.389017  0.133194  0.063470    0.2385    0.3182    0.0770    0.0410    0.2032    0.1220    0.3921
 000109   A  0.441917  0.123104  0.066062    0.2432    0.3249    0.0750    0.0400    0.2124    0.1381    0.4103
 000110   D  0.496768  0.120549  0.070033    0.2432    0.3019    0.0890    0.0470    0.2202    0.1491    0.4244
 000111   R  0.559842  0.144683  0.074921    0.2657    0.3182    0.1220    0.0590    0.2475    0.1628    0.4234
 000112   Y  0.616450  0.171125  0.080855    0.2700    0.3321    0.1460    0.0660    0.2694    0.1755    0.4056
 000113   T  0.654110  0.209812  0.087680    0.2786    0.2609    0.1510    0.0680    0.2736    0.1820    0.3882
 000114   G  0.674279  0.284706  0.095699    0.2786    0.2064    0.1760    0.0750    0.2860    0.1850    0.3703
 000115   V  0.711653  0.369876  0.104386    0.3096    0.1852    0.2410    0.1110    0.3203    0.1945    0.3541
 000116   V  0.713042  0.433656  0.112434    0.3578    0.2988    0.2710    0.1230    0.3644    0.1839    0.3447
 000117   S  0.737058  0.496774  0.120443    0.2531    0.2849    0.2540    0.1280    0.3577    0.2027    0.3380
 000118   P  0.765791  0.554533  0.127135    0.3225    0.3631    0.2570    0.1310    0.3984    0.2081    0.3322
 000119   E  0.791022  0.550528  0.131815    0.3992    0.3460    0.2990    0.1310    0.4196    0.2075    0.3294
 000120   P  0.813328  0.563932  0.135496    0.4282    0.3774    0.3280    0.1430    0.4411    0.2098    0.3272
 000121   G  0.841211  0.543586  0.140813    0.3225    0.3053    0.3430    0.1380    0.4161    0.2233    0.3242
 000122   P  0.877707  0.524088  0.147902    0.3225    0.3019    0.3120    0.0950    0.4144    0.2343    0.3247
 000123   N  0.896165  0.467671  0.154581    0.3668    0.4051    0.3120    0.0910    0.4338    0.2284    0.3260
 000124   M  0.917496  0.424244  0.159195    0.3668    0.4186    0.2580    0.0720    0.4240    0.2397    0.3267
 000125   M  0.950682  0.404549  0.162598    0.3668    0.3392    0.2060    0.0540    0.4050    0.2588    0.3299
 000126   W  0.950975  0.392049  0.165655    0.4420    0.4149    0.2080    0.0530    0.4289    0.2558    0.3314
 000127   N  0.934537  0.350789  0.168918    0.4282    0.4476    0.2180    0.0720    0.4247    0.2497    0.3281
 000128   T  0.915511  0.329091  0.171677    0.4458    0.4685    0.2170    0.0880    0.4246    0.2448    0.3263
 000129   R  0.877343  0.311324  0.173394    0.3885    0.3807    0.2200    0.0990    0.3919    0.2308    0.3219
 000130   Y  0.814977  0.283284  0.173039    0.3992    0.3566    0.2180    0.0890    0.3741    0.2115    0.3184
 000131   G  0.728504  0.249746  0.173120    0.3096    0.2364    0.2030    0.0940    0.3168    0.1889    0.3158
 000132   M  0.653750  0.267712  0.174265    0.3146    0.2399    0.2160    0.1100    0.3111    0.1592    0.3125
 000133   H  0.633006  0.286817  0.177649    0.1998    0.1501    0.1990    0.0960    0.2745    0.1657    0.3090
 000134   G  0.609393  0.311118  0.179988    0.1998    0.1554    0.1590    0.0590    0.2691    0.1609    0.3055
 000135   P  0.575550  0.320408  0.183124    0.1732    0.2258    0.1210    0.0390    0.2666    0.1510    0.3037
 000136   I  0.498114  0.338080  0.186768    0.2167    0.2541    0.0970    0.0300    0.2652    0.1267    0.3034
 000137   Q  0.463986  0.328867  0.192259    0.3225    0.3460    0.0830    0.0270    0.2895    0.1213    0.3022
 000138   A  0.469753  0.313232  0.197805    0.2820    0.3286    0.0780    0.0260    0.2783    0.1203    0.2998
 000139   P  0.494774  0.294081  0.203212    0.2748    0.2436    0.0750    0.0230    0.2643    0.1252    0.2957
 000140   V  0.528408  0.294776  0.207428    0.2748    0.2129    0.0790    0.0220    0.2662    0.1360    0.2964
 000141   R  0.540013  0.278374  0.209594    0.2820    0.3356    0.0840    0.0210    0.2883    0.1376    0.2966
 000142   Y  0.460765  0.287482  0.210675    0.2432    0.3087    0.0920    0.0160    0.2671    0.1112    0.2983
 000143   G  0.387636  0.323446  0.211340    0.3005    0.2645    0.1270    0.0330    0.2690    0.0833    0.3031
 000144   L  0.322872  0.374596  0.210564    0.2602    0.1942    0.1580    0.0360    0.2535    0.0752    0.3144
 000145   E  0.313733  0.402344  0.208767    0.1766    0.1881    0.1500    0.0330    0.2399    0.0891    0.3277
 000146   E  0.268203  0.439749  0.206711    0.1041    0.1702    0.1380    0.0400    0.2212    0.1106    0.3352
 000147   A  0.200574  0.450141  0.206144    0.1532    0.1501    0.1290    0.0410    0.2148    0.1088    0.3390
 000148   K  0.130559  0.449599  0.206050    0.1322    0.0888    0.1190    0.0340    0.1876    0.1224    0.3492
 000149   K  0.103444  0.422707  0.207846    0.1018    0.1229    0.1240    0.0280    0.1805    0.1140    0.3699
 000150   L  0.078551  0.405415  0.211024    0.0526    0.1070    0.1140    0.0270    0.1615    0.1196    0.3944
 000151   A  0.092665  0.369128  0.213548    0.0991    0.1275    0.0890    0.0180    0.1652    0.1006    0.4103
 000152   E  0.103526  0.315472  0.212477    0.0965    0.1275    0.0810    0.0160    0.1560    0.0831    0.4275
 000153   A  0.121439  0.268436  0.208907    0.1292    0.1528    0.0760    0.0190    0.1595    0.0627    0.4269
 000154   F  0.141943  0.246893  0.205260    0.1205    0.0985    0.0690    0.0190    0.1471    0.0612    0.4139
 000155   L  0.199547  0.214913  0.202661    0.1178    0.1611    0.0580    0.0140    0.1590    0.0557    0.4179
 000156   K  0.242029  0.189408  0.200618    0.0643    0.1611    0.0450    0.0110    0.1504    0.0720    0.4297
 000157   G  0.302593  0.180320  0.198340    0.0677    0.1449    0.0390    0.0100    0.1554    0.0871    0.4332
 000158   F  0.338255  0.170529  0.195646    0.0935    0.1476    0.0380    0.0080    0.1639    0.0936    0.4328
 000159   L  0.323792  0.156689  0.193497    0.0935    0.0817    0.0390    0.0100    0.1481    0.0933    0.4179
 000160   P  0.302830  0.161087  0.192450    0.0744    0.0967    0.0390    0.0100    0.1443    0.0876    0.3919
 000161   G  0.285441  0.178611  0.192190    0.0677    0.1476    0.0460    0.0120    0.1529    0.0801    0.3660
 000162   A  0.264700  0.193217  0.190611    0.1041    0.1028    0.0550    0.0150    0.1517    0.0707    0.3475
 000163   R  0.243599  0.211171  0.186891    0.0935    0.0506    0.0570    0.0150    0.1405    0.0763    0.3253
 000164   V  0.183817  0.236005  0.181272    0.0643    0.0646    0.0630    0.0190    0.1321    0.0706    0.3053
 000165   I  0.139957  0.261360  0.175686    0.0607    0.0618    0.0650    0.0280    0.1274    0.0743    0.2857
 000166   E  0.085608  0.285614  0.169553    0.1018    0.1070    0.0670    0.0320    0.1362    0.0739    0.2772
 000167   E  0.024445  0.280925  0.162993    0.0554    0.0568    0.0730    0.0300    0.1089    0.0881    0.2740
 000168   G  0.019817  0.266444  0.156031    0.0607    0.0568    0.0730    0.0240    0.1055    0.0829    0.2683
 000169   A  0.020839  0.233087  0.149954    0.0526    0.1048    0.0740    0.0240    0.1058    0.0698    0.2635
 000170   F  0.019381  0.189978  0.145122    0.0884    0.1528    0.0710    0.0270    0.1111    0.0573    0.2609
 000171   P  0.021887  0.162101  0.140974    0.0643    0.1501    0.0580    0.0240    0.0996    0.0535    0.2535
 000172   G  0.023971  0.150592  0.136776    0.0607    0.1048    0.0620    0.0290    0.0897    0.0449    0.2467
 000173   Y  0.025011  0.146758  0.132177    0.0884    0.1399    0.0750    0.0340    0.1013    0.0431    0.2397
 000174   Y  0.023697  0.145467  0.127224    0.0587    0.1424    0.0800    0.0310    0.0962    0.0456    0.2408
 000175   T  0.017438  0.153182  0.123079    0.1088    0.1501    0.0870    0.0240    0.1065    0.0460    0.2460
 000176   F  0.016502  0.178770  0.118845    0.1698    0.1528    0.1100    0.0290    0.1245    0.0543    0.2488
 000177   D  0.018704  0.215044  0.113797    0.1178    0.1399    0.1310    0.0360    0.1228    0.0575    0.2485
 000178   F  0.017572  0.240384  0.107445    0.0660    0.0888    0.1650    0.0420    0.1141    0.0717    0.2458
 000179   G  0.015317  0.309915  0.100188    0.0677    0.0948    0.1470    0.0470    0.1225    0.0926    0.2401
 000180   R  0.014582  0.363609  0.091890    0.0554    0.0967    0.1660    0.0410    0.1314    0.1135    0.2328
 000181   K  0.061645  0.376356  0.083747    0.1018    0.1048    0.2140    0.0490    0.1570    0.1092    0.2326
 000182   E  0.106919  0.399571  0.077429    0.0701    0.0967    0.2240    0.0600    0.1624    0.1177    0.2358
 000183   V  0.131672  0.410314  0.073981    0.0395    0.0967    0.2190    0.0750    0.1618    0.1244    0.2367
 000184   E  0.149091  0.386279  0.072401    0.0723    0.1791    0.1870    0.0730    0.1744    0.1053    0.2387
 000185   G  0.183694  0.355101  0.072153    0.1322    0.2094    0.1640    0.0640    0.1861    0.0871    0.2369
 000186   M  0.212175  0.335582  0.073034    0.1416    0.1229    0.1300    0.0350    0.1693    0.0849    0.2324
 000187   L  0.211847  0.298031  0.074385    0.1766    0.1583    0.1280    0.0320    0.1745    0.0697    0.2327
 000188   S  0.211720  0.265773  0.076086    0.0991    0.1424    0.1080    0.0230    0.1506    0.0672    0.2329
 000189   V  0.209289  0.230080  0.077333    0.1266    0.2470    0.0920    0.0250    0.1638    0.0675    0.2340
 000190   N  0.158344  0.204235  0.077957    0.1150    0.1583    0.0800    0.0230    0.1323    0.0457    0.2416
 000191   A  0.111609  0.176021  0.077471    0.1266    0.1583    0.0820    0.0220    0.1220    0.0364    0.2586
 000192   Y  0.086161  0.151186  0.077132    0.0858    0.1643    0.0870    0.0270    0.1087    0.0351    0.2713
 000193   T  0.068215  0.157939  0.077505    0.0701    0.1671    0.0760    0.0230    0.1028    0.0424    0.2892
 000194   G  0.033866  0.151900  0.078983    0.1117    0.1399    0.0680    0.0220    0.0974    0.0413    0.3054
 000195   E  0.003490  0.141272  0.081085    0.1117    0.0799    0.1100    0.0610    0.0879    0.0431    0.3253
 000196   V  0.003901  0.120183  0.083294    0.0660    0.0817    0.2920    0.2040    0.1078    0.0894    0.3477
 000197   W  0.004216  0.109643  0.085245    0.0621    0.1115    0.5930    0.2680    0.1609    0.1964    0.3711
 000198   V  0.006892  0.092854  0.086864    0.1041    0.1643    0.7860    0.2190    0.2069    0.2631    0.3842
 000199   H  0.019904  0.088543  0.088192    0.1088    0.1823    0.7910    0.1960    0.2131    0.2628    0.3940
 000200   T  0.055414  0.091725  0.089049    0.1380    0.2609    0.6900    0.3070    0.2209    0.2200    0.4106
 000201   W  0.115305  0.111406  0.089479    0.1532    0.2436    0.6550    0.2620    0.2280    0.1973    0.4234
 000202   H  0.213208  0.151729  0.090355    0.1878    0.2470    0.2910    0.1480    0.1968    0.0646    0.4200
 000203   G  0.320877  0.234852  0.092256    0.3311    0.3215    0.3570    0.1200    0.2762    0.0905    0.4189
 000204   P  0.423602  0.363856  0.095264    0.3717    0.2884    0.3570    0.1420    0.3166    0.1066    0.4153
 000205   F  0.527440  0.494603  0.098535    0.4149    0.2575    0.4840    0.1360    0.3794    0.1533    0.4185
 000206   L  0.630437  0.641165  0.101244    0.4420    0.2064    0.7120    0.1440    0.4555    0.2304    0.4123
 000207   G  0.738553  0.770392  0.103498    0.5412    0.2541    0.7060    0.1070    0.5189    0.2548    0.4066
 000208   G  0.943871  0.854558  0.105762    0.6789    0.3631    0.7420    0.1240    0.6147    0.2911    0.3984
 000209   H  0.938730  0.872058  0.108254    0.7688    0.4292    0.8040    0.1310    0.6536    0.2923    0.3960
 000210   E  0.931823  0.903247  0.110333    0.8283    0.4087    0.8700    0.0880    0.6754    0.3081    0.3996
 000211   E  0.997594  0.921035  0.111278    0.8595    0.3599    0.9160    0.0630    0.6942    0.3345    0.3953
