#RESNUM RES     VL-XT     VSL2B       VL3  IUPred-S  IUPred-L  PONDRFIT  FITERROR       MDP  MDPERROR   ANCHOR2
 000001   M  0.444416  0.639041  0.195294    0.4420    0.0056    0.8940    0.0620    0.4367    0.2870    0.0362
 000002   P  0.524167  0.565737  0.194257    0.2963    0.0074    0.8200    0.0470    0.4013    0.2666    0.0336
 000003   W  0.433716  0.506391  0.191206    0.1532    0.0062    0.7910    0.0970    0.3470    0.2608    0.0315
 000004   L  0.387414  0.380340  0.186848    0.1240    0.0081    0.6810    0.1210    0.2947    0.2193    0.0297
 000005   R  0.395965  0.268168  0.182055    0.0464    0.0068    0.5970    0.1220    0.2493    0.2029    0.0290
 000006   L  0.395115  0.190780  0.177953    0.0350    0.0064    0.6970    0.0990    0.2503    0.2362    0.0283
 000007   S  0.359041  0.136457  0.174688    0.0102    0.0057    0.7000    0.0780    0.2311    0.2409    0.0261
 000008   L  0.326502  0.100393  0.174367    0.0044    0.0062    0.7250    0.1210    0.2229    0.2501    0.0234
 000009   L  0.297483  0.079005  0.177047    0.0009    0.0078    0.7480    0.1120    0.2183    0.2579    0.0219
 000010   A  0.268587  0.076649  0.182660    0.0006    0.0100    0.7420    0.1680    0.2134    0.2545    0.0209
 000011   L  0.236790  0.082415  0.188510    0.0005    0.0093    0.7470    0.1300    0.2108    0.2551    0.0201
 000012   L  0.250644  0.091197  0.192159    0.0007    0.0080    0.7800    0.1100    0.2205    0.2662    0.0194
 000013   G  0.272809  0.097750  0.192973    0.0004    0.0068    0.7260    0.1480    0.2162    0.2478    0.0193
 000014   L  0.302138  0.097503  0.191127    0.0005    0.0113    0.6600    0.1660    0.2104    0.2264    0.0187
 000015   S  0.325399  0.097893  0.189146    0.0008    0.0188    0.5640    0.1840    0.1994    0.1965    0.0195
 000016   L  0.377188  0.101252  0.186607    0.0009    0.0141    0.5670    0.1580    0.2079    0.2041    0.0202
 000017   V  0.436150  0.107840  0.184258    0.0040    0.0244    0.4810    0.1300    0.2062    0.1882    0.0206
 000018   L  0.503975  0.124345  0.182551    0.0013    0.0153    0.4080    0.1360    0.2059    0.1893    0.0215
 000019   A  0.570033  0.155473  0.182714    0.0055    0.0165    0.3490    0.1340    0.2132    0.1966    0.0225
 000020   Q  0.642777  0.185537  0.182886    0.0059    0.0244    0.3040    0.1230    0.2243    0.2131    0.0229
 000021   E  0.690873  0.200141  0.181947    0.0038    0.0287    0.3000    0.1140    0.2343    0.2281    0.0230
 000022   V  0.732529  0.223233  0.180043    0.0075    0.0555    0.3580    0.1150    0.2595    0.2402    0.0223
 000023   Y  0.757166  0.252903  0.178751    0.0141    0.0929    0.3750    0.0920    0.2785    0.2427    0.0232
 000024   R  0.782689  0.280186  0.178368    0.0150    0.0870    0.3530    0.0740    0.2827    0.2503    0.0243
 000025   P  0.810667  0.312242  0.178591    0.0327    0.0985    0.3840    0.1150    0.3027    0.2565    0.0264
 000026   E  0.836736  0.368535  0.177939    0.0297    0.0631    0.4190    0.1540    0.3158    0.2737    0.0258
 000027   V  0.856597  0.385776  0.176480    0.0395    0.0888    0.4230    0.1650    0.3283    0.2754    0.0244
 000028   E  0.876933  0.393977  0.174558    0.0425    0.0676    0.4050    0.1680    0.3267    0.2841    0.0235
 000029   L  0.897158  0.409622  0.173494    0.0660    0.0734    0.3790    0.1560    0.3331    0.2859    0.0220
 000030   V  0.904395  0.400364  0.173145    0.0414    0.0909    0.3010    0.1100    0.3185    0.2887    0.0208
 000031   R  0.904154  0.368111  0.172701    0.0259    0.0851    0.2220    0.0740    0.2963    0.2925    0.0206
 000032   K  0.902550  0.354660  0.172157    0.0252    0.0835    0.1640    0.0600    0.2837    0.2949    0.0215
 000033   D  0.895855  0.333973  0.171244    0.0414    0.1373    0.1220    0.0440    0.2836    0.2876    0.0232
 000034   K  0.860100  0.270070  0.171045    0.0832    0.2064    0.0970    0.0400    0.2813    0.2665    0.0230
 000035   R  0.766319  0.235054  0.171520    0.1018    0.2193    0.0810    0.0300    0.2624    0.2322    0.0226
 000036   V  0.675512  0.220296  0.173214    0.0858    0.1251    0.0740    0.0240    0.2256    0.2073    0.0230
 000037   V  0.593220  0.209850  0.175414    0.0832    0.0581    0.0700    0.0210    0.1984    0.1852    0.0252
 000038   A  0.490493  0.207217  0.177442    0.0858    0.0543    0.0690    0.0150    0.1806    0.1496    0.0291
 000039   W  0.386172  0.224831  0.176940    0.0455    0.0398    0.0710    0.0120    0.1573    0.1232    0.0341
 000040   V  0.291180  0.244535  0.173409    0.0542    0.0749    0.0730    0.0130    0.1519    0.0914    0.0400
 000041   S  0.197334  0.265888  0.166935    0.0723    0.0704    0.0770    0.0160    0.1417    0.0744    0.0493
 000042   G  0.106929  0.282955  0.160010    0.0884    0.0749    0.0860    0.0200    0.1332    0.0724    0.0600
 000043   E  0.040962  0.293271  0.154923    0.0526    0.0851    0.0820    0.0210    0.1181    0.0863    0.0715
 000044   E  0.034409  0.290232  0.153369    0.0478    0.0454    0.0810    0.0290    0.1087    0.0903    0.0853
 000045   G  0.024624  0.305313  0.155785    0.0542    0.0483    0.0790    0.0300    0.1113    0.0961    0.1027
 000046   S  0.012191  0.306744  0.159365    0.0350    0.0334    0.0750    0.0220    0.1035    0.1026    0.1248
 000047   L  0.019496  0.282798  0.162732    0.0526    0.0518    0.0780    0.0200    0.1080    0.0899    0.1443
 000048   F  0.024768  0.258160  0.164898    0.0514    0.0870    0.0780    0.0230    0.1107    0.0788    0.1647
 000049   Y  0.027446  0.249228  0.166540    0.0643    0.0646    0.0760    0.0250    0.1080    0.0760    0.1869
 000050   A  0.028507  0.231742  0.167654    0.1380    0.0870    0.0700    0.0220    0.1204    0.0672    0.2071
 000051   D  0.030334  0.216021  0.168963    0.1240    0.1115    0.0580    0.0150    0.1182    0.0626    0.2307
 000052   Y  0.030975  0.200364  0.170822    0.0813    0.0676    0.0560    0.0180    0.1011    0.0622    0.2442
 000053   G  0.031965  0.191048  0.173625    0.0643    0.0555    0.0560    0.0210    0.0954    0.0624    0.2552
 000054   D  0.033248  0.176830  0.176640    0.0327    0.0555    0.0670    0.0280    0.0903    0.0623    0.2657
 000055   L  0.036272  0.168963  0.180693    0.0245    0.0555    0.0730    0.0320    0.0899    0.0620    0.2697
 000056   H  0.059072  0.173278  0.185117    0.0286    0.0518    0.0680    0.0240    0.0944    0.0613    0.2779
 000057   V  0.086198  0.186211  0.192360    0.0327    0.0424    0.0780    0.0220    0.1030    0.0638    0.2728
 000058   G  0.145632  0.201160  0.202625    0.0490    0.0463    0.0850    0.0270    0.1215    0.0656    0.2728
 000059   E  0.213356  0.214638  0.215204    0.0701    0.0605    0.0880    0.0330    0.1437    0.0712    0.2714
 000060   L  0.279586  0.217533  0.227765    0.0723    0.1007    0.0820    0.0340    0.1634    0.0810    0.2653
 000061   V  0.331181  0.220145  0.238262    0.0554    0.1298    0.0780    0.0300    0.1755    0.0967    0.2545
 000062   A  0.358963  0.225386  0.248323    0.0526    0.1137    0.0750    0.0260    0.1790    0.1084    0.2438
 000063   L  0.386177  0.246302  0.257602    0.1088    0.1528    0.0750    0.0270    0.2045    0.1050    0.2312
 000064   A  0.401307  0.267752  0.267056    0.0991    0.0817    0.0780    0.0300    0.1992    0.1215    0.2171
 000065   E  0.395593  0.282679  0.275874    0.0744    0.0380    0.0900    0.0330    0.1928    0.1320    0.2031
 000066   D  0.377326  0.290907  0.284227    0.0744    0.0389    0.1250    0.0450    0.1985    0.1252    0.1947
 000067   R  0.332836  0.292255  0.292306    0.0455    0.0414    0.1650    0.0650    0.1948    0.1189    0.1840
 000068   A  0.281251  0.263404  0.301674    0.0441    0.0531    0.2030    0.0700    0.1911    0.1052    0.1871
 000069   V  0.228985  0.243874  0.313392    0.0490    0.0543    0.2340    0.0850    0.1873    0.0999    0.1889
 000070   V  0.210388  0.245080  0.326067    0.0336    0.0494    0.2430    0.0890    0.1847    0.1071    0.1899
 000071   G  0.246686  0.240254  0.338551    0.0643    0.0543    0.2550    0.0900    0.1998    0.1046    0.1928
 000072   E  0.252199  0.233961  0.348649    0.1041    0.0506    0.2740    0.0970    0.2106    0.1019    0.2006
 000073   R  0.263246  0.231518  0.357041    0.0858    0.0676    0.2700    0.0950    0.2125    0.1034    0.2100
 000074   A  0.305177  0.213075  0.363360    0.0909    0.1206    0.2570    0.0910    0.2251    0.0963    0.2295
 000075   F  0.363996  0.194805  0.369244    0.1266    0.1449    0.2400    0.0950    0.2399    0.0966    0.2547
 000076   F  0.423378  0.196145  0.373824    0.1205    0.0835    0.2210    0.0850    0.2363    0.1242    0.2764
 000077   L  0.484120  0.202017  0.377608    0.1060    0.0780    0.2070    0.0750    0.2425    0.1445    0.2937
 000078   D  0.515219  0.219524  0.380728    0.0723    0.1028    0.2130    0.0720    0.2506    0.1544    0.3114
 000079   A  0.503758  0.258409  0.384519    0.0909    0.1229    0.2110    0.0650    0.2620    0.1441    0.3207
 000080   G  0.512036  0.292393  0.390207    0.1635    0.1881    0.2130    0.0720    0.2933    0.1235    0.3283
 000081   S  0.550604  0.331897  0.399550    0.2255    0.2436    0.2450    0.0960    0.3328    0.1147    0.3388
 000082   V  0.602956  0.389496  0.413609    0.2385    0.1791    0.2860    0.1020    0.3517    0.1386    0.3419
 000083   L  0.624796  0.459884  0.430511    0.2041    0.1791    0.2970    0.1010    0.3658    0.1559    0.3404
 000084   E  0.642793  0.502057  0.447668    0.1602    0.1671    0.2700    0.0830    0.3649    0.1793    0.3336
 000085   E  0.654227  0.555852  0.463147    0.1958    0.1671    0.2990    0.1070    0.3891    0.1819    0.3188
 000086   G  0.663989  0.582442  0.475824    0.2558    0.1942    0.3260    0.1210    0.4163    0.1712    0.3014
 000087   L  0.701575  0.558844  0.486506    0.3184    0.3149    0.3440    0.1320    0.4540    0.1433    0.2938
 000088   S  0.757077  0.533801  0.494918    0.3225    0.3910    0.3220    0.1350    0.4702    0.1511    0.2875
 000089   P  0.767721  0.538682  0.501628    0.3096    0.3910    0.2810    0.1230    0.4649    0.1643    0.2796
 000090   G  0.784297  0.537535  0.506465    0.3359    0.3392    0.2430    0.0980    0.4578    0.1781    0.2712
 000091   D  0.782611  0.520685  0.509225    0.3491    0.2609    0.2390    0.0960    0.4435    0.1869    0.2689
 000092   R  0.769220  0.506495  0.511328    0.2786    0.2503    0.2250    0.0890    0.4234    0.1935    0.2662
 000093   V  0.757472  0.494060  0.511751    0.2786    0.3286    0.2100    0.0800    0.4300    0.1825    0.2681
 000094   E  0.735021  0.468473  0.511976    0.3535    0.4087    0.2000    0.0730    0.4463    0.1627    0.2721
 000095   A  0.700710  0.454525  0.512221    0.3456    0.3149    0.2270    0.0760    0.4258    0.1539    0.2770
 000096   A  0.660607  0.441403  0.514010    0.3263    0.3392    0.2540    0.0920    0.4226    0.1354    0.2891
 000097   Y  0.622853  0.428660  0.516738    0.2432    0.2645    0.2640    0.1150    0.3900    0.1443    0.3043
 000098   N  0.583085  0.415645  0.519018    0.3578    0.2715    0.2460    0.0970    0.3989    0.1223    0.3152
 000099   K  0.537386  0.404978  0.518738    0.2865    0.2364    0.2450    0.0810    0.3716    0.1236    0.3314
 000100   D  0.501861  0.394150  0.515619    0.1878    0.1942    0.2600    0.0770    0.3423    0.1358    0.3578
 000101   L  0.491365  0.385770  0.512920    0.1566    0.1323    0.2850    0.0920    0.3273    0.1493    0.3796
 000102   L  0.477194  0.381324  0.512546    0.1416    0.1137    0.3150    0.1300    0.3236    0.1527    0.3978
 000103   R  0.463824  0.365313  0.517202    0.0991    0.1137    0.3430    0.1570    0.3170    0.1599    0.4061
 000104   E  0.484241  0.333420  0.524232    0.1380    0.1424    0.3270    0.1500    0.3249    0.1491    0.4145
 000105   G  0.515690  0.343945  0.533923    0.1240    0.1323    0.3160    0.1510    0.3277    0.1622    0.4227
 000106   L  0.520596  0.339252  0.543194    0.1205    0.1643    0.2940    0.1490    0.3303    0.1605    0.4326
 000107   P  0.558298  0.369479  0.553460    0.1380    0.2002    0.2430    0.1140    0.3437    0.1652    0.4312
 000108   Y  0.599057  0.366781  0.563407    0.2041    0.2817    0.2490    0.1230    0.3773    0.1525    0.4231
 000109   L  0.629237  0.366382  0.574427    0.2041    0.2399    0.2450    0.1160    0.3765    0.1678    0.4085
 000110   M  0.647023  0.388907  0.585063    0.2122    0.2399    0.2580    0.1080    0.3886    0.1711    0.3875
 000111   R  0.647360  0.416354  0.595145    0.1698    0.2436    0.2700    0.0980    0.3903    0.1795    0.3558
 000112   L  0.653722  0.430300  0.601571    0.2292    0.2503    0.2750    0.0980    0.4066    0.1698    0.3362
 000113   R  0.640461  0.467175  0.604168    0.3053    0.2575    0.2890    0.1100    0.4272    0.1535    0.3193
 000114   R  0.614633  0.489444  0.603681    0.2385    0.2575    0.3390    0.1390    0.4237    0.1540    0.3174
 000115   A  0.619794  0.512022  0.602894    0.1635    0.1791    0.3760    0.1560    0.4089    0.1857    0.3156
 000116   G  0.587094  0.537066  0.601553    0.1602    0.1298    0.3750    0.1500    0.3985    0.1939    0.3190
 000117   E  0.556396  0.536689  0.601181    0.1635    0.1373    0.3810    0.1370    0.3960    0.1865    0.3253
 000118   E  0.559659  0.537258  0.601628    0.0965    0.0719    0.3590    0.1260    0.3711    0.2166    0.3398
 000119   G  0.568222  0.525165  0.603040    0.0935    0.1206    0.3290    0.1050    0.3732    0.2074    0.3637
 000120   A  0.551785  0.499019  0.604463    0.0884    0.2094    0.2930    0.0930    0.3743    0.1896    0.3946
 000121   K  0.503044  0.449146  0.606824    0.1178    0.2364    0.2700    0.0890    0.3639    0.1689    0.4315
 000122   T  0.450817  0.410800  0.611397    0.1380    0.2503    0.2730    0.0970    0.3558    0.1542    0.3940
 000123   Y  0.438956  0.370277  0.617106    0.1998    0.2609    0.2760    0.0950    0.3604    0.1385    0.3636
 000124   L  0.422207  0.363266  0.623583    0.2080    0.2884    0.2490    0.0800    0.3590    0.1378    0.3420
 000125   R  0.390722  0.335967  0.630117    0.1667    0.2364    0.2470    0.0790    0.3344    0.1506    0.3349
 000126   L  0.369543  0.358400  0.636700    0.1921    0.2541    0.2530    0.0780    0.3440    0.1449    0.3248
 000127   V  0.315785  0.390909  0.643052    0.1416    0.1852    0.2690    0.0910    0.3243    0.1642    0.3287
 000128   L  0.277340  0.455588  0.650230    0.1292    0.1731    0.3090    0.1100    0.3325    0.1763    0.3326
 000129   Y  0.255921  0.483446  0.659204    0.0832    0.1731    0.3600    0.1290    0.3358    0.1931    0.3476
 000130   D  0.327086  0.496202  0.669512    0.0832    0.1852    0.3830    0.1480    0.3573    0.1928    0.3775
 000131   P  0.415031  0.514677  0.680609    0.1088    0.1554    0.4110    0.1370    0.3810    0.1978    0.4116
 000132   K  0.462364  0.539745  0.690519    0.1117    0.1554    0.4570    0.1170    0.4028    0.2057    0.4181
 000133   G  0.519233  0.559271  0.699123    0.0701    0.1229    0.4790    0.1180    0.4082    0.2311    0.3840
 000134   V  0.590793  0.560777  0.705821    0.1060    0.1671    0.4680    0.1200    0.4330    0.2215    0.3572
 000135   E  0.648630  0.570126  0.712527    0.1349    0.2328    0.4370    0.1240    0.4560    0.2118    0.3335
 000136   V  0.712214  0.577543  0.719093    0.1322    0.2817    0.4190    0.1250    0.4737    0.2177    0.3168
 000137   R  0.752245  0.607141  0.725430    0.1958    0.2783    0.4130    0.1340    0.4953    0.2141    0.2995
 000138   L  0.817294  0.609518  0.730317    0.2913    0.3087    0.4300    0.1280    0.5311    0.2021    0.2973
 000139   G  0.827597  0.636435  0.735204    0.2820    0.3053    0.4360    0.1130    0.5371    0.2092    0.2892
 000140   E  0.822613  0.662896  0.739717    0.3399    0.3149    0.4780    0.0960    0.5596    0.1946    0.2913
 000141   E  0.829815  0.684559  0.744762    0.2602    0.3182    0.5400    0.0920    0.5630    0.2126    0.3027
 000142   V  0.827824  0.695369  0.748739    0.1766    0.2752    0.5880    0.0730    0.5519    0.2430    0.3159
 000143   K  0.832154  0.707233  0.753072    0.1878    0.2817    0.5480    0.0740    0.5517    0.2411    0.3269
 000144   A  0.834658  0.717159  0.756979    0.1698    0.2817    0.5250    0.0840    0.5475    0.2480    0.3381
 000145   R  0.833085  0.709310  0.761412    0.2333    0.3321    0.4940    0.0910    0.5605    0.2238    0.3460
 000146   G  0.833650  0.724480  0.765410    0.2432    0.3321    0.4840    0.1010    0.5639    0.2244    0.3580
 000147   P  0.832145  0.713611  0.770132    0.2913    0.4087    0.4760    0.0980    0.5820    0.2004    0.3704
 000148   L  0.828429  0.715172  0.774358    0.3146    0.3494    0.5170    0.0910    0.5831    0.2022    0.3783
 000149   A  0.826224  0.718122  0.778180    0.3992    0.3529    0.4770    0.0800    0.5918    0.1885    0.3805
 000150   L  0.815836  0.721887  0.781253    0.3359    0.2817    0.4310    0.0740    0.5612    0.2179    0.3879
 000151   V  0.817409  0.754236  0.783788    0.2748    0.2680    0.3840    0.0650    0.5471    0.2417    0.3900
 000152   E  0.815144  0.767626  0.785102    0.2041    0.2541    0.3850    0.0610    0.5352    0.2601    0.3893
 000153   R  0.810978  0.786546  0.785501    0.2748    0.3182    0.4420    0.0790    0.5697    0.2303    0.3890
 000154   G  0.792691  0.805554  0.786429    0.2865    0.3356    0.5060    0.0810    0.5855    0.2198    0.3930
 000155   G  0.774973  0.819803  0.788859    0.3263    0.3392    0.5420    0.0870    0.5985    0.2085    0.3945
 000156   R  0.771108  0.823196  0.792729    0.3491    0.3392    0.5830    0.1070    0.6097    0.2029    0.3988
 000157   E  0.775088  0.838651  0.797741    0.3184    0.2470    0.5620    0.1210    0.5898    0.2350    0.4017
 000158   E  0.779586  0.850683  0.802528    0.2786    0.1501    0.5340    0.1140    0.5660    0.2706    0.4098
 000159   L  0.790216  0.858537  0.806077    0.2865    0.2258    0.5570    0.1190    0.5874    0.2532    0.4241
 000160   L  0.793432  0.871407  0.807482    0.2483    0.2680    0.5230    0.1200    0.5852    0.2558    0.4329
 000161   L  0.793949  0.869567  0.807916    0.3311    0.3494    0.4760    0.1140    0.6047    0.2250    0.4288
 000162   S  0.798045  0.871945  0.807095    0.4078    0.4149    0.4720    0.1170    0.6286    0.1995    0.4280
 000163   G  0.816620  0.865578  0.806153    0.4078    0.3872    0.5140    0.1110    0.6329    0.2013    0.4284
 000164   G  0.832645  0.873552  0.804258    0.4333    0.3286    0.5670    0.1050    0.6400    0.2096    0.4314
 000165   E  0.833980  0.880380  0.802697    0.4078    0.3392    0.5990    0.1140    0.6438    0.2113    0.4331
 000166   A  0.831678  0.867260  0.800994    0.3263    0.2817    0.6440    0.1320    0.6253    0.2380    0.4335
 000167   R  0.829347  0.873777  0.799390    0.3535    0.2817    0.6530    0.1420    0.6318    0.2331    0.4323
 000168   F  0.829353  0.861755  0.797133    0.2786    0.3019    0.7410    0.0880    0.6350    0.2466    0.4307
 000169   L  0.828906  0.864491  0.794299    0.2558    0.2645    0.6950    0.0820    0.6172    0.2577    0.4230
 000170   E  0.828696  0.850100  0.791216    0.3535    0.3704    0.5910    0.1310    0.6307    0.2079    0.4100
 000171   E  0.826798  0.844418  0.788371    0.3847    0.4409    0.5400    0.1480    0.6376    0.1886    0.4022
 000172   E  0.815886  0.828216  0.784223    0.4825    0.4901    0.5420    0.1380    0.6571    0.1540    0.3977
 000173   G  0.807525  0.816118  0.779138    0.4781    0.4256    0.5950    0.1180    0.6502    0.1592    0.3981
 000174   R  0.808900  0.804306  0.773561    0.4458    0.3983    0.6200    0.1120    0.6418    0.1683    0.4007
 000175   L  0.811808  0.794744  0.769092    0.3806    0.3286    0.6390    0.1100    0.6206    0.1967    0.4087
 000176   E  0.813485  0.785042  0.765128    0.3456    0.2951    0.5680    0.0920    0.5954    0.2104    0.4154
 000177   V  0.814198  0.770925  0.760179    0.3146    0.3286    0.6020    0.0900    0.5984    0.2065    0.4240
 000178   R  0.804544  0.741198  0.753565    0.2963    0.3392    0.6030    0.1070    0.5897    0.2021    0.4320
 000179   P  0.795720  0.724294  0.744202    0.3847    0.4087    0.6010    0.1170    0.6098    0.1617    0.4252
 000180   A  0.781253  0.714156  0.733689    0.4556    0.4979    0.5870    0.1210    0.6283    0.1227    0.4137
 000181   P  0.792741  0.703712  0.723178    0.4116    0.4725    0.5060    0.1510    0.6016    0.1436    0.4018
 000182   G  0.805956  0.701042  0.715024    0.4116    0.3983    0.4690    0.1540    0.5834    0.1621    0.3953
 000183   A  0.803910  0.673379  0.708502    0.3847    0.3983    0.4420    0.1460    0.5685    0.1657    0.3894
 000184   V  0.793977  0.648603  0.702632    0.3146    0.3983    0.3810    0.1150    0.5398    0.1821    0.3866
 000185   A  0.783277  0.625593  0.696454    0.3456    0.3460    0.3410    0.0990    0.5230    0.1845    0.3858
 000186   L  0.747119  0.616188  0.690116    0.4149    0.4087    0.3300    0.0990    0.5345    0.1571    0.3883
 000187   A  0.710452  0.610297  0.682789    0.3491    0.3249    0.3140    0.0960    0.4986    0.1721    0.3963
 000188   Q  0.663861  0.600487  0.675130    0.4078    0.3774    0.3040    0.1030    0.5047    0.1470    0.4054
 000189   G  0.614470  0.583257  0.668214    0.3578    0.3149    0.2790    0.0870    0.4696    0.1560    0.4152
 000190   A  0.547695  0.596542  0.663974    0.3184    0.2680    0.2550    0.0770    0.4416    0.1657    0.4245
 000191   T  0.481814  0.590771  0.662001    0.2748    0.3087    0.2340    0.0730    0.4254    0.1630    0.4327
 000192   R  0.423050  0.599983  0.661422    0.2385    0.2849    0.2470    0.0780    0.4092    0.1688    0.4211
 000193   V  0.372678  0.588979  0.661850    0.2385    0.2988    0.2530    0.0720    0.4022    0.1648    0.4126
 000194   E  0.309759  0.585580  0.662024    0.2786    0.3215    0.2390    0.0760    0.3994    0.1623    0.4041
 000195   G  0.271138  0.578198  0.663039    0.3491    0.3910    0.2260    0.0770    0.4131    0.1578    0.3977
 000196   V  0.248110  0.572152  0.663120    0.3717    0.3872    0.2160    0.0720    0.4096    0.1614    0.3929
 000197   R  0.235348  0.565250  0.661624    0.4420    0.3599    0.2110    0.0670    0.4125    0.1639    0.3888
 000198   L  0.234102  0.549102  0.657857    0.4379    0.3149    0.2190    0.0670    0.4021    0.1621    0.3915
 000199   R  0.246523  0.557897  0.653008    0.3456    0.3149    0.2210    0.0720    0.3898    0.1603    0.3916
 000200   Y  0.259463  0.554786  0.648683    0.2748    0.3149    0.2510    0.0990    0.3839    0.1577    0.3941
 000201   R  0.250661  0.555188  0.645161    0.3053    0.3740    0.2540    0.1230    0.3974    0.1513    0.3931
 000202   N  0.239632  0.545226  0.642086    0.2913    0.2918    0.3080    0.1730    0.3863    0.1507    0.3975
 000203   D  0.239340  0.542249  0.640739    0.3399    0.2783    0.3390    0.2010    0.3965    0.1450    0.4067
 000204   T  0.263774  0.542890  0.637163    0.3399    0.2680    0.3530    0.1980    0.4007    0.1405    0.4157
 000205   G  0.290439  0.533044  0.631667    0.3053    0.2609    0.3370    0.1840    0.3930    0.1387    0.4264
 000206   E  0.354181  0.536157  0.622248    0.2292    0.2503    0.3080    0.1650    0.3833    0.1463    0.4290
 000207   A  0.419946  0.516802  0.612500    0.2913    0.3215    0.2770    0.1330    0.4065    0.1239    0.4166
 000208   F  0.475106  0.521152  0.603490    0.2820    0.3321    0.2790    0.1240    0.4155    0.1248    0.4037
 000209   L  0.525866  0.505018  0.595631    0.3578    0.4119    0.2520    0.1150    0.4414    0.1144    0.3994
 000210   E  0.594434  0.471815  0.590605    0.3630    0.4149    0.2290    0.1000    0.4440    0.1281    0.3957
 000211   G  0.662423  0.476380  0.585119    0.4458    0.5296    0.2330    0.1060    0.4888    0.1343    0.3945
 000212   P  0.720236  0.469759  0.578509    0.4420    0.4619    0.2350    0.1090    0.4845    0.1468    0.3886
 000213   L  0.740325  0.474070  0.568677    0.4781    0.4441    0.2670    0.1150    0.4953    0.1420    0.3885
 000214   A  0.754894  0.495393  0.559153    0.3762    0.4330    0.2840    0.1140    0.4838    0.1491    0.3967
 000215   L  0.745985  0.530404  0.550131    0.3578    0.4119    0.3210    0.1050    0.4863    0.1430    0.4076
 000216   S  0.732175  0.571464  0.541416    0.3578    0.3840    0.3670    0.1080    0.4924    0.1364    0.4248
 000217   R  0.733729  0.618616  0.530840    0.3399    0.3807    0.4580    0.1580    0.5103    0.1358    0.4239
 000218   E  0.733031  0.664997  0.520077    0.3359    0.3840    0.5190    0.1910    0.5262    0.1406    0.4067
 000219   G  0.721537  0.694209  0.509437    0.4203    0.4119    0.5380    0.1980    0.5493    0.1210    0.3912
 000220   E  0.709664  0.702457  0.499200    0.4600    0.4725    0.5420    0.1630    0.5643    0.1035    0.3840
 000221   K  0.731181  0.694408  0.488312    0.3717    0.3910    0.5030    0.1450    0.5299    0.1381    0.3776
 000222   P  0.761858  0.670993  0.476373    0.3630    0.3215    0.4560    0.1190    0.5083    0.1584    0.3765
 000223   L  0.789326  0.675340  0.463058    0.2432    0.2193    0.4180    0.1150    0.4681    0.2086    0.3729
 000224   K  0.744601  0.620267  0.447888    0.2385    0.2988    0.3050    0.0980    0.4425    0.1844    0.3700
 000225   G  0.701223  0.570577  0.430984    0.1921    0.3321    0.2240    0.0900    0.4085    0.1822    0.3730
 000226   K  0.610405  0.518518  0.412854    0.2700    0.4119    0.1710    0.0660    0.3991    0.1461    0.3764
 000227   A  0.517779  0.446155  0.394917    0.2748    0.3840    0.1620    0.0550    0.3632    0.1159    0.3856
 000228   Q  0.440053  0.390526  0.379452    0.2865    0.3286    0.1460    0.0330    0.3285    0.0949    0.3954
 000229   A  0.362229  0.351714  0.366817    0.2483    0.2258    0.1330    0.0450    0.2813    0.0867    0.4104
 000230   L  0.263140  0.304170  0.356707    0.1766    0.1643    0.1280    0.0430    0.2321    0.0819    0.4269
 000231   R  0.169295  0.285494  0.345745    0.1088    0.1070    0.1270    0.0390    0.1905    0.0924    0.4255
 000232   Y  0.082540  0.267140  0.333376    0.0744    0.1115    0.1310    0.0340    0.1667    0.0981    0.4014
 000233   L  0.050691  0.279257  0.319010    0.0387    0.0909    0.1350    0.0360    0.1523    0.1089    0.3863
 000234   L  0.016966  0.273782  0.303680    0.0660    0.0985    0.1370    0.0410    0.1493    0.1053    0.3753
 000235   D  0.012340  0.278372  0.290768    0.0723    0.1092    0.1430    0.0490    0.1509    0.1025    0.3668
 000236   E  0.013228  0.270438  0.279531    0.0441    0.0605    0.1390    0.0450    0.1345    0.1064    0.3610
 000237   D  0.016150  0.226131  0.271283    0.0502    0.0433    0.1450    0.0560    0.1254    0.0967    0.3493
 000238   A  0.019170  0.208149  0.262838    0.0316    0.0531    0.1370    0.0650    0.1186    0.0921    0.3372
 000239   L  0.026926  0.185354  0.255984    0.0179    0.0506    0.1180    0.0620    0.1092    0.0875    0.3272
 000240   W  0.037465  0.168314  0.249959    0.0252    0.0592    0.1080    0.0550    0.1080    0.0796    0.3270
 000241   L  0.045210  0.134750  0.244546    0.0414    0.0851    0.0900    0.0390    0.1069    0.0690    0.3337
 000242   L  0.054428  0.135946  0.240584    0.0425    0.0985    0.0850    0.0280    0.1095    0.0660    0.3488
 000243   G  0.064174  0.140862  0.239036    0.0643    0.1583    0.0960    0.0250    0.1271    0.0613    0.3754
 000244   G  0.071864  0.147034  0.240629    0.1041    0.2064    0.1180    0.0300    0.1479    0.0586    0.3974
 000245   V  0.079360  0.168605  0.245648    0.1566    0.2503    0.1550    0.0460    0.1759    0.0586    0.4189
 000246   E  0.085516  0.203904  0.252729    0.1322    0.2503    0.1800    0.0510    0.1841    0.0604    0.4280
 000247   F  0.105198  0.240482  0.262042    0.1060    0.2328    0.2030    0.0720    0.1916    0.0632    0.4075
 000248   V  0.118552  0.289908  0.272848    0.1117    0.1969    0.2040    0.0850    0.1989    0.0681    0.3724
 000249   Q  0.140995  0.339468  0.285009    0.1205    0.1583    0.2100    0.0930    0.2091    0.0794    0.3350
 000250   G  0.185182  0.378321  0.298513    0.1532    0.1583    0.2330    0.0950    0.2345    0.0813    0.3052
 000251   G  0.251588  0.409775  0.311968    0.1635    0.2328    0.2500    0.1010    0.2699    0.0761    0.2847
 000252   R  0.320637  0.431110  0.325189    0.1566    0.3117    0.2490    0.1050    0.2991    0.0832    0.2696
 000253   T  0.363977  0.441194  0.338905    0.2041    0.3740    0.2340    0.0950    0.3260    0.0823    0.2650
 000254   T  0.440629  0.449176  0.353541    0.2122    0.3840    0.2040    0.0650    0.3406    0.0992    0.2622
 000255   R  0.513009  0.470185  0.369717    0.2041    0.3840    0.1750    0.0500    0.3526    0.1256    0.2559
 000256   A  0.567523  0.482359  0.386823    0.2786    0.3740    0.1580    0.0370    0.3745    0.1324    0.2522
 000257   E  0.603017  0.505543  0.403781    0.2748    0.3426    0.1460    0.0240    0.3793    0.1491    0.2506
 000258   R  0.626452  0.510142  0.419856    0.3053    0.3667    0.1590    0.0330    0.3979    0.1483    0.2509
 000259   A  0.615231  0.491400  0.434444    0.3491    0.3599    0.1630    0.0460    0.4021    0.1393    0.2656
 000260   L  0.579118  0.489494  0.447995    0.2748    0.2849    0.1580    0.0530    0.3724    0.1445    0.2852
 000261   L  0.542160  0.478915  0.460797    0.2167    0.2849    0.1380    0.0590    0.3536    0.1486    0.3034
 000262   R  0.504311  0.478148  0.473418    0.1635    0.2817    0.1350    0.0680    0.3394    0.1530    0.3143
 000263   E  0.465831  0.475044  0.484935    0.1766    0.2328    0.1190    0.0490    0.3256    0.1533    0.3282
 000264   K  0.418463  0.459823  0.495915    0.1732    0.2258    0.1110    0.0330    0.3140    0.1495    0.3411
 000265   E  0.351841  0.425653  0.507315    0.1266    0.2164    0.1110    0.0290    0.2899    0.1492    0.3572
 000266   G  0.299133  0.397647  0.521319    0.1416    0.2193    0.1200    0.0310    0.2832    0.1419    0.3780
 000267   Y  0.247317  0.353992  0.536791    0.1698    0.2541    0.1320    0.0340    0.2823    0.1337    0.3944
 000268   A  0.204733  0.311392  0.550937    0.1532    0.2541    0.1360    0.0340    0.2683    0.1396    0.4017
 000269   Y  0.165472  0.281738  0.562740    0.1698    0.2609    0.1390    0.0380    0.2632    0.1437    0.4046
 000270   L  0.124869  0.301102  0.571904    0.1958    0.2849    0.1400    0.0420    0.2698    0.1504    0.3910
 000271   Y  0.115061  0.358294  0.579461    0.2602    0.2575    0.1450    0.0430    0.2859    0.1538    0.3728
 000272   G  0.072571  0.401035  0.587016    0.3311    0.2645    0.1510    0.0460    0.3013    0.1676    0.3546
 000273   G  0.047924  0.431726  0.596624    0.2531    0.2645    0.1650    0.0580    0.2932    0.1781    0.3439
 000274   V  0.083756  0.462222  0.608874    0.1805    0.2541    0.1940    0.0890    0.2973    0.1807    0.3302
 000275   E  0.117745  0.495569  0.621631    0.1732    0.2680    0.2240    0.1270    0.3166    0.1808    0.3147
 000276   S  0.150842  0.528749  0.631678    0.1698    0.2470    0.2660    0.1460    0.3323    0.1822    0.2980
 000277   R  0.189724  0.569364  0.639577    0.1732    0.1914    0.3220    0.1840    0.3475    0.1892    0.2759
 000278   D  0.235389  0.574654  0.645429    0.2209    0.2470    0.3480    0.2040    0.3786    0.1699    0.2613
 000279   E  0.280598  0.569302  0.651288    0.1878    0.2034    0.3590    0.2040    0.3751    0.1769    0.2496
 000280   K  0.322575  0.572158  0.656603    0.2385    0.2436    0.3360    0.1940    0.3948    0.1613    0.2487
 000281   G  0.368037  0.566859  0.660678    0.2209    0.2399    0.3140    0.1860    0.3950    0.1642    0.2570
 000282   F  0.408815  0.546294  0.662961    0.2558    0.3087    0.3130    0.2030    0.4159    0.1448    0.2723
 000283   V  0.407651  0.515437  0.663459    0.1805    0.3215    0.2990    0.2090    0.3979    0.1567    0.2800
 000284   R  0.427817  0.493696  0.662202    0.1805    0.3182    0.2930    0.2120    0.3959    0.1552    0.2857
 000285   G  0.453550  0.465197  0.660053    0.2385    0.3910    0.3090    0.2300    0.4195    0.1335    0.2944
 000286   E  0.440997  0.433839  0.657100    0.2385    0.3182    0.3380    0.2400    0.4045    0.1325    0.3033
 000287   R  0.414032  0.417100  0.656135    0.2385    0.2609    0.3760    0.2460    0.3938    0.1366    0.3162
 000288   V  0.384571  0.393944  0.657588    0.1958    0.2094    0.3850    0.2510    0.3710    0.1527    0.3387
 000289   R  0.365675  0.366628  0.661030    0.1456    0.1424    0.3860    0.2460    0.3445    0.1747    0.3581
 000290   Y  0.345397  0.359927  0.663915    0.1088    0.1349    0.3970    0.2330    0.3350    0.1844    0.3884
 000291   A  0.342695  0.366023  0.665445    0.0771    0.1298    0.4040    0.2030    0.3308    0.1930    0.3981
 000292   L  0.350969  0.381723  0.665331    0.0789    0.0909    0.4310    0.1930    0.3331    0.2024    0.3969
 000293   G  0.332222  0.358810  0.665662    0.1205    0.1349    0.4920    0.2380    0.3506    0.1911    0.3842
 000294   T  0.306382  0.333120  0.667745    0.1205    0.1852    0.5420    0.2570    0.3591    0.1912    0.3816
 000295   G  0.330903  0.314775  0.672560    0.1088    0.2002    0.6070    0.2520    0.3724    0.2039    0.3731
 000296   E  0.362893  0.286802  0.677916    0.1117    0.1373    0.6640    0.2290    0.3734    0.2268    0.3631
 000297   V  0.399398  0.265906  0.681554    0.1060    0.1251    0.7010    0.1960    0.3799    0.2407    0.3596
 000298   V  0.420871  0.282283  0.684283    0.0677    0.1373    0.6220    0.1790    0.3690    0.2302    0.3489
 000299   V  0.467739  0.285494  0.688535    0.0965    0.1823    0.6520    0.1520    0.3954    0.2251    0.3298
 000300   L  0.504878  0.339615  0.695675    0.1117    0.1702    0.7230    0.1170    0.4241    0.2376    0.3076
 000301   G  0.547790  0.391259  0.704928    0.2041    0.2094    0.7270    0.1460    0.4641    0.2129    0.2747
 000302   R  0.615138  0.467783  0.716350    0.2820    0.2094    0.7430    0.1510    0.5055    0.2048    0.2541
 000303   V  0.685286  0.509607  0.727771    0.4037    0.2680    0.7330    0.1530    0.5545    0.1759    0.2434
 000304   A  0.721890  0.563970  0.737593    0.4458    0.2399    0.8710    0.0540    0.5967    0.2090    0.2329
 000305   G  0.778922  0.613080  0.743038    0.4825    0.1914    0.8980    0.0470    0.6178    0.2310    0.2254
 000306   E  0.961938  0.664823  0.745282    0.5253    0.1611    0.9280    0.0390    0.6644    0.2700    0.2209
 000307   L  0.973401  0.696554  0.744537    0.5667    0.1184    0.9510    0.0190    0.6751    0.2864    0.2161
 000308   R  0.817688  0.743790  0.742149    0.6650    0.1554    0.9560    0.0200    0.6800    0.2511    0.2056
 000309   E  0.990694  0.723536  0.740398    0.7501    0.2034    0.9660    0.0210    0.7290    0.2587    0.1957
