#RESNUM RES     VL-XT     VSL2B       VL3  IUPred-S  IUPred-L  PONDRFIT  FITERROR       MDP  MDPERROR   ANCHOR2
 000001   M  0.950581  0.720733  0.519746    0.8886    0.3494    0.9830    0.0130    0.7353    0.2333    0.4012
 000002   E  0.765428  0.701651  0.518089    0.8311    0.3872    0.9790    0.0100    0.6971    0.1959    0.4007
 000003   G  0.819150  0.777904  0.512975    0.7147    0.4186    0.9630    0.0220    0.7011    0.1844    0.4023
 000004   V  0.771183  0.755220  0.506119    0.6789    0.4541    0.9600    0.0180    0.6876    0.1699    0.4039
 000005   K  0.740028  0.721684  0.498564    0.6412    0.5296    0.9490    0.0190    0.6801    0.1500    0.4055
 000006   D  0.730240  0.676300  0.493394    0.5992    0.5419    0.9200    0.0340    0.6602    0.1404    0.4104
 000007   L  0.739354  0.626771  0.488104    0.5941    0.5211    0.8480    0.0900    0.6362    0.1242    0.4165
 000008   E  0.739008  0.595416  0.482203    0.5473    0.5577    0.8920    0.0400    0.6355    0.1386    0.4162
 000009   A  0.737828  0.583088  0.476795    0.4749    0.5456    0.8670    0.0730    0.6143    0.1434    0.4172
 000010   E  0.717176  0.572963  0.473728    0.4420    0.4766    0.8080    0.0950    0.5818    0.1366    0.4181
 000011   A  0.670142  0.573255  0.473251    0.3668    0.4186    0.8320    0.0610    0.5557    0.1587    0.4240
 000012   L  0.667966  0.571992  0.474225    0.3359    0.4582    0.8110    0.0520    0.5532    0.1542    0.4327
 000013   S  0.657913  0.590726  0.477015    0.2483    0.3460    0.7700    0.0550    0.5151    0.1791    0.4269
 000014   G  0.647860  0.599156  0.481784    0.2531    0.2783    0.7040    0.0490    0.4941    0.1750    0.4177
 000015   D  0.559896  0.587165  0.486380    0.2558    0.3286    0.6190    0.1050    0.4728    0.1354    0.4051
 000016   P  0.482275  0.565643  0.486712    0.1878    0.2645    0.4860    0.1270    0.4121    0.1364    0.3948
 000017   K  0.409600  0.535294  0.483801    0.1732    0.1881    0.4380    0.1510    0.3714    0.1404    0.3851
 000018   A  0.393207  0.503637  0.479353    0.1878    0.2436    0.3960    0.1560    0.3672    0.1156    0.3702
 000019   Q  0.396959  0.468822  0.478427    0.1266    0.2193    0.3340    0.1460    0.3374    0.1285    0.3564
 000020   A  0.426157  0.448032  0.480355    0.1456    0.2364    0.2810    0.1120    0.3363    0.1230    0.3472
 000021   L  0.434197  0.412091  0.484340    0.1292    0.2364    0.2410    0.0800    0.3229    0.1278    0.3419
 000022   L  0.403165  0.375444  0.489047    0.1532    0.1823    0.2420    0.0760    0.3075    0.1228    0.3425
 000023   H  0.454787  0.385583  0.494153    0.2333    0.2258    0.2160    0.0660    0.3349    0.1146    0.3470
 000024   F  0.499880  0.387491  0.499735    0.1566    0.2258    0.2070    0.0630    0.3294    0.1397    0.3532
 000025   L  0.535330  0.380243  0.505234    0.1349    0.2002    0.1940    0.0620    0.3250    0.1574    0.3638
 000026   R  0.568438  0.400686  0.509381    0.1349    0.1852    0.1890    0.0610    0.3312    0.1698    0.3796
 000027   L  0.537753  0.408374  0.512721    0.0935    0.1373    0.1910    0.0650    0.3134    0.1796    0.3932
 000028   L  0.502791  0.429767  0.518149    0.0884    0.0888    0.2000    0.0620    0.3047    0.1847    0.4098
 000029   R  0.460956  0.478522  0.526544    0.0935    0.0909    0.2150    0.0680    0.3109    0.1835    0.4308
 000030   R  0.422705  0.521541  0.537426    0.0542    0.0909    0.2370    0.0850    0.3106    0.1949    0.4207
 000031   K  0.435278  0.551122  0.549124    0.0554    0.1048    0.2610    0.1070    0.3261    0.1995    0.4099
 000032   D  0.367861  0.578891  0.560567    0.0935    0.0835    0.2780    0.1170    0.3270    0.1983    0.4026
 000033   Y  0.369019  0.590132  0.571632    0.1416    0.1501    0.2960    0.1130    0.3530    0.1796    0.3979
 000034   A  0.364487  0.599265  0.582990    0.0789    0.1554    0.3030    0.0990    0.3474    0.1958    0.3954
 000035   G  0.387573  0.619936  0.595278    0.1532    0.2470    0.3030    0.0870    0.3844    0.1727    0.3921
 000036   A  0.424331  0.628537  0.608078    0.2209    0.3286    0.3150    0.0720    0.4209    0.1516    0.3911
 000037   R  0.459848  0.640252  0.619980    0.2333    0.3321    0.3660    0.0700    0.4420    0.1487    0.3913
 000038   A  0.500377  0.663760  0.632868    0.3225    0.4186    0.4150    0.0780    0.4922    0.1221    0.3930
 000039   Y  0.523065  0.670825  0.647591    0.3847    0.4801    0.4400    0.0750    0.5244    0.1042    0.3969
 000040   A  0.553056  0.690037  0.662642    0.4116    0.4186    0.4340    0.0770    0.5284    0.1150    0.3980
 000041   E  0.575888  0.708004  0.676512    0.4078    0.3599    0.4380    0.0820    0.5278    0.1338    0.3980
 000042   G  0.583138  0.729280  0.688414    0.3399    0.3529    0.4910    0.1030    0.5307    0.1509    0.3973
 000043   F  0.592409  0.748443  0.699515    0.2700    0.3426    0.5070    0.1150    0.5266    0.1749    0.3918
 000044   P  0.594182  0.756738  0.709628    0.3263    0.3494    0.4610    0.1110    0.5328    0.1667    0.3848
 000045   E  0.607609  0.766955  0.718213    0.3630    0.3740    0.4590    0.1070    0.5481    0.1596    0.3781
 000046   G  0.624305  0.766850  0.726120    0.2820    0.3019    0.4740    0.1060    0.5292    0.1915    0.3743
 000047   E  0.647538  0.763058  0.733281    0.3184    0.2575    0.4250    0.1030    0.5241    0.1997    0.3744
 000048   R  0.682129  0.752220  0.739180    0.2558    0.2817    0.4280    0.1270    0.5232    0.2095    0.3784
 000049   E  0.712518  0.737374  0.743822    0.2122    0.3215    0.3970    0.1170    0.5208    0.2174    0.3829
 000050   R  0.748125  0.703562  0.747284    0.2963    0.4087    0.3850    0.1040    0.5482    0.1885    0.3876
 000051   L  0.779904  0.683927  0.750290    0.3359    0.4652    0.3840    0.0960    0.5665    0.1779    0.3997
 000052   L  0.813822  0.671234  0.753245    0.3456    0.4652    0.3870    0.0940    0.5726    0.1818    0.4070
 000053   R  0.828403  0.653562  0.757297    0.3762    0.4409    0.3740    0.0790    0.5718    0.1832    0.4078
 000054   G  0.824906  0.692906  0.762690    0.4825    0.4725    0.3550    0.1030    0.5985    0.1711    0.4146
 000055   L  0.817382  0.731955  0.768579    0.4245    0.4441    0.3960    0.1180    0.5971    0.1778    0.4246
 000056   S  0.753451  0.747808  0.774350    0.3456    0.4369    0.4260    0.0940    0.5806    0.1804    0.4313
 000057   L  0.720707  0.761734  0.779782    0.3578    0.4685    0.5370    0.1130    0.6043    0.1596    0.4318
 000058   L  0.693968  0.794495  0.784820    0.3578    0.3494    0.5610    0.1560    0.5903    0.1840    0.4312
 000059   E  0.697930  0.813393  0.788499    0.4078    0.2575    0.5680    0.1600    0.5889    0.2022    0.4310
 000060   E  0.705465  0.816016  0.791416    0.3184    0.2164    0.5720    0.1690    0.5700    0.2296    0.4273
 000061   D  0.720238  0.814408  0.793436    0.2602    0.2034    0.5820    0.1760    0.5623    0.2458    0.4207
 000062   P  0.736129  0.812106  0.794841    0.3096    0.2884    0.5560    0.1640    0.5829    0.2172    0.4149
 000063   E  0.754398  0.805864  0.795201    0.3535    0.3599    0.5560    0.1470    0.6041    0.1935    0.4097
 000064   A  0.771364  0.802115  0.794782    0.3847    0.3872    0.5100    0.1470    0.6083    0.1860    0.4030
 000065   L  0.848294  0.790105  0.792967    0.3762    0.3249    0.5030    0.1560    0.6059    0.2121    0.4006
 000066   D  0.888993  0.783710  0.790262    0.4651    0.3392    0.4490    0.1590    0.6193    0.2083    0.4000
 000067   D  0.879346  0.781609  0.787011    0.3992    0.2680    0.4430    0.1460    0.5930    0.2313    0.3963
 000068   P  0.834284  0.766546  0.782788    0.4037    0.3426    0.4230    0.1360    0.5921    0.2049    0.3894
 000069   F  0.771741  0.745063  0.777300    0.4037    0.3529    0.4870    0.1170    0.5897    0.1797    0.3820
 000070   F  0.706123  0.759831  0.770656    0.3885    0.3356    0.5090    0.1100    0.5783    0.1761    0.3763
 000071   A  0.663005  0.749429  0.764683    0.3096    0.2988    0.4940    0.1280    0.5466    0.1926    0.3768
 000072   A  0.631858  0.742866  0.759756    0.2820    0.2292    0.4980    0.1590    0.5240    0.2087    0.3799
 000073   E  0.604042  0.754789  0.754705    0.2333    0.1942    0.4920    0.1700    0.5054    0.2255    0.3842
 000074   K  0.567384  0.761961  0.748818    0.1698    0.1942    0.5280    0.1740    0.4951    0.2374    0.3895
 000075   E  0.552083  0.748329  0.742606    0.1766    0.2164    0.5590    0.1540    0.4991    0.2279    0.3940
 000076   V  0.588608  0.726363  0.736784    0.2531    0.2817    0.5520    0.1410    0.5231    0.1929    0.3981
 000077   V  0.630899  0.729106  0.732115    0.2385    0.2680    0.5260    0.1410    0.5208    0.2016    0.4047
 000078   L  0.687850  0.711422  0.727578    0.2080    0.2752    0.4900    0.1470    0.5166    0.2106    0.4151
 000079   G  0.743132  0.689804  0.722300    0.1732    0.2503    0.4220    0.1670    0.5002    0.2308    0.4295
 000080   V  0.775800  0.658971  0.715011    0.2531    0.3286    0.3980    0.1560    0.5216    0.2023    0.4245
 000081   K  0.795299  0.637716  0.706633    0.3311    0.4476    0.3440    0.1130    0.5438    0.1793    0.4127
 000082   A  0.814420  0.646019  0.699748    0.3225    0.4476    0.3430    0.0740    0.5456    0.1855    0.4056
 000083   V  0.843985  0.668029  0.696199    0.3491    0.4831    0.3800    0.0850    0.5700    0.1794    0.3974
 000084   R  0.860741  0.678625  0.695147    0.3096    0.3631    0.3980    0.0810    0.5509    0.2041    0.3902
 000085   E  0.866095  0.698250  0.695943    0.3311    0.3631    0.4050    0.1050    0.5598    0.2027    0.3868
 000086   G  0.869441  0.721158  0.696414    0.2255    0.3426    0.4320    0.1030    0.5478    0.2291    0.3815
 000087   R  0.873651  0.738493  0.696222    0.2963    0.3774    0.4320    0.1230    0.5689    0.2112    0.3731
 000088   R  0.846231  0.740452  0.694832    0.3456    0.3667    0.4890    0.1330    0.5805    0.1908    0.3688
 000089   E  0.823076  0.739941  0.692508    0.4037    0.4119    0.4840    0.1460    0.5926    0.1658    0.3736
 000090   E  0.807516  0.742532  0.690013    0.3184    0.3392    0.4050    0.1180    0.5504    0.2009    0.3844
 000091   A  0.798288  0.737867  0.686818    0.3717    0.4051    0.3500    0.1030    0.5583    0.1862    0.3972
 000092   E  0.759167  0.724561  0.683006    0.3096    0.4409    0.2940    0.0780    0.5353    0.1939    0.4092
 000093   A  0.703304  0.703523  0.676953    0.3263    0.4409    0.2600    0.0690    0.5185    0.1841    0.4210
 000094   H  0.662302  0.676288  0.668235    0.4203    0.5098    0.2560    0.0700    0.5322    0.1556    0.4332
 000095   F  0.635434  0.647549  0.657686    0.4078    0.5211    0.2560    0.0610    0.5210    0.1475    0.4204
 000096   K  0.576954  0.629567  0.647665    0.4037    0.4940    0.2360    0.0670    0.4981    0.1433    0.4103
 000097   R  0.516284  0.620312  0.638174    0.4037    0.4652    0.2360    0.0710    0.4800    0.1363    0.3993
 000098   A  0.448227  0.611566  0.629280    0.4037    0.3910    0.2180    0.0700    0.4504    0.1399    0.3838
 000099   L  0.373414  0.574160  0.620407    0.3885    0.4087    0.2140    0.0700    0.4299    0.1348    0.3719
 000100   A  0.289312  0.580869  0.614018    0.3005    0.4119    0.1990    0.0620    0.3992    0.1535    0.3659
 000101   L  0.229491  0.609062  0.608774    0.3005    0.3215    0.2160    0.0610    0.3808    0.1655    0.3622
 000102   D  0.186587  0.606356  0.604237    0.3359    0.3494    0.2180    0.0540    0.3835    0.1673    0.3611
 000103   P  0.128655  0.586847  0.598764    0.2385    0.3460    0.2160    0.0580    0.3524    0.1814    0.3625
 000104   A  0.062587  0.565654  0.594832    0.2748    0.2918    0.2280    0.0710    0.3363    0.1879    0.3655
 000105   H  0.030066  0.549620  0.592163    0.2657    0.2884    0.2430    0.0840    0.3282    0.1916    0.3669
 000106   H  0.037369  0.521349  0.589903    0.2748    0.3117    0.2530    0.0910    0.3313    0.1822    0.3672
 000107   R  0.079724  0.547346  0.586656    0.2786    0.3249    0.2740    0.1100    0.3485    0.1730    0.3685
 000108   A  0.126486  0.584424  0.582885    0.2041    0.3286    0.2900    0.1050    0.3528    0.1753    0.3670
 000109   L  0.204198  0.600486  0.580123    0.2432    0.3529    0.3070    0.0850    0.3813    0.1551    0.3699
 000110   T  0.286590  0.617532  0.579156    0.3096    0.4369    0.3040    0.0940    0.4223    0.1342    0.3757
 000111   N  0.368201  0.632392  0.580145    0.3311    0.3807    0.3310    0.1210    0.4373    0.1218    0.3795
 000112   L  0.450277  0.624937  0.582432    0.4203    0.4652    0.3980    0.1310    0.4902    0.0839    0.3787
 000113   G  0.529258  0.619925  0.583831    0.3263    0.4725    0.4040    0.1240    0.4892    0.1015    0.3800
 000114   T  0.602325  0.644547  0.582474    0.3184    0.4119    0.4340    0.1370    0.4989    0.1178    0.3810
 000115   L  0.659716  0.634301  0.578570    0.3630    0.3631    0.4850    0.1370    0.5139    0.1199    0.3815
 000116   H  0.689742  0.623751  0.572459    0.3263    0.3321    0.4350    0.1510    0.4966    0.1409    0.3824
 000117   L  0.721453  0.631463  0.566950    0.2385    0.2541    0.4650    0.1590    0.4796    0.1818    0.3858
 000118   E  0.722408  0.640262  0.561696    0.2255    0.1759    0.4310    0.1550    0.4594    0.2034    0.3872
 000119   R  0.718668  0.644251  0.557747    0.1667    0.2164    0.4330    0.1400    0.4562    0.2067    0.3894
 000120   G  0.704031  0.632619  0.554397    0.1667    0.3087    0.4650    0.1530    0.4719    0.1854    0.3873
 000121   E  0.683437  0.630726  0.552214    0.1667    0.2715    0.4550    0.1720    0.4600    0.1867    0.3828
 000122   L  0.665987  0.628476  0.551352    0.1732    0.1852    0.4320    0.1650    0.4394    0.1980    0.3757
 000123   E  0.663084  0.613589  0.551492    0.2255    0.2575    0.3610    0.1560    0.4454    0.1721    0.3709
 000124   E  0.672038  0.584864  0.552804    0.1495    0.1823    0.3250    0.1350    0.4111    0.2027    0.3627
 000125   A  0.674694  0.562317  0.555677    0.1349    0.1528    0.2940    0.1040    0.3958    0.2115    0.3496
 000126   L  0.662032  0.556120  0.558914    0.1349    0.2503    0.2600    0.0690    0.4038    0.1959    0.3373
 000127   A  0.638550  0.532430  0.562065    0.1088    0.2575    0.2310    0.0550    0.3883    0.1973    0.3292
 000128   L  0.608798  0.521234  0.564967    0.2080    0.3426    0.2200    0.0510    0.4108    0.1620    0.3204
 000129   Y  0.589032  0.513886  0.568034    0.1998    0.3599    0.2040    0.0440    0.4058    0.1617    0.3171
 000130   Q  0.574927  0.490675  0.571526    0.2122    0.2951    0.1890    0.0400    0.3889    0.1624    0.3147
 000131   E  0.555421  0.507508  0.572865    0.2432    0.2164    0.1910    0.0380    0.3810    0.1661    0.3123
 000132   A  0.516776  0.529932  0.573770    0.1566    0.2094    0.1930    0.0440    0.3632    0.1785    0.3083
 000133   L  0.484910  0.526100  0.573386    0.1698    0.3019    0.1820    0.0480    0.3730    0.1627    0.3035
 000134   K  0.453880  0.536036  0.575404    0.1602    0.3053    0.1800    0.0500    0.3685    0.1638    0.3023
 000135   L  0.436484  0.568114  0.578184    0.1495    0.2193    0.2010    0.0550    0.3587    0.1762    0.3033
 000136   A  0.429719  0.592206  0.581784    0.1766    0.2193    0.1970    0.0600    0.3661    0.1769    0.3052
 000137   P  0.394593  0.601759  0.585008    0.1766    0.2715    0.1880    0.0710    0.3696    0.1735    0.3066
 000138   E  0.385710  0.612993  0.589350    0.1732    0.2193    0.1840    0.0710    0.3608    0.1839    0.3060
 000139   D  0.348014  0.611152  0.594812    0.2255    0.1969    0.1940    0.0710    0.3617    0.1783    0.2999
 000140   P  0.317110  0.600903  0.601049    0.2255    0.2884    0.2070    0.0780    0.3733    0.1651    0.2910
 000141   L  0.334535  0.583117  0.607171    0.1416    0.2609    0.2190    0.0870    0.3577    0.1774    0.2835
 000142   L  0.342994  0.576047  0.613086    0.1380    0.2470    0.1960    0.0690    0.3522    0.1823    0.2841
 000143   H  0.345529  0.583421  0.618840    0.1667    0.2783    0.1800    0.0600    0.3621    0.1797    0.2898
 000144   E  0.320427  0.594351  0.624140    0.2558    0.3599    0.1880    0.0650    0.3905    0.1638    0.2998
 000145   N  0.298101  0.610163  0.629139    0.2657    0.2849    0.2240    0.0710    0.3853    0.1674    0.3086
 000146   L  0.291222  0.610321  0.633702    0.3535    0.3667    0.2580    0.0890    0.4189    0.1483    0.3163
 000147   A  0.255217  0.605692  0.639134    0.3096    0.3910    0.2730    0.0950    0.4123    0.1549    0.3257
 000148   A  0.247798  0.622604  0.645774    0.2786    0.3249    0.3160    0.0980    0.4059    0.1635    0.3380
 000149   L  0.236202  0.637632  0.654052    0.2748    0.2503    0.3460    0.0970    0.3998    0.1774    0.3496
 000150   Y  0.196638  0.641418  0.662959    0.2385    0.2164    0.3510    0.1070    0.3844    0.1956    0.3663
 000151   K  0.240886  0.660309  0.672875    0.1635    0.1942    0.3740    0.1270    0.3843    0.2102    0.3818
 000152   R  0.291296  0.666608  0.682685    0.2167    0.2292    0.4090    0.1330    0.4158    0.1933    0.3942
 000153   K  0.373114  0.686598  0.692332    0.2963    0.3053    0.4170    0.1380    0.4618    0.1660    0.4032
 000154   G  0.457125  0.695296  0.702015    0.2602    0.2951    0.4470    0.1400    0.4761    0.1730    0.4077
 000155   D  0.559861  0.704384  0.713282    0.2700    0.2575    0.4600    0.1330    0.4942    0.1844    0.4113
 000156   L  0.665069  0.720488  0.726003    0.2700    0.2503    0.4590    0.1050    0.5152    0.2010    0.4151
 000157   D  0.772445  0.733961  0.739965    0.3311    0.3182    0.4210    0.0960    0.5529    0.1990    0.4206
 000158   K  0.876856  0.731378  0.753588    0.3668    0.2680    0.4530    0.0980    0.5749    0.2236    0.4248
 000159   M  0.969653  0.748244  0.765939    0.4116    0.2951    0.5730    0.0940    0.6273    0.2276    0.4286
 000160   V  0.975891  0.759474  0.776252    0.4282    0.3356    0.6350    0.0830    0.6518    0.2169    0.4336
 000161   A  0.983407  0.776838  0.785085    0.5296    0.4051    0.6760    0.1300    0.6926    0.1870    0.4302
 000162   H  0.987905  0.793050  0.793582    0.4918    0.4330    0.6600    0.1370    0.6932    0.1899    0.4269
 000163   M  0.987435  0.792012  0.799217    0.4651    0.4725    0.6510    0.1400    0.6945    0.1871    0.4221
 000164   K  0.987423  0.807448  0.801732    0.4781    0.5017    0.6600    0.1190    0.7060    0.1800    0.4156
 000165   R  0.985959  0.798115  0.799952    0.5008    0.4979    0.7110    0.0820    0.7157    0.1735    0.4081
 000166   A  0.976380  0.810366  0.796383    0.5173    0.4087    0.7480    0.0700    0.7095    0.1906    0.4025
 000167   T  0.970725  0.813488  0.791931    0.5941    0.4940    0.7860    0.0930    0.7418    0.1556    0.3991
 000168   R  0.966474  0.803916  0.785675    0.5126    0.5139    0.7840    0.1210    0.7278    0.1640    0.3964
 000169   L  0.969550  0.792814  0.776318    0.5008    0.4330    0.7880    0.1110    0.7102    0.1850    0.3944
 000170   K  0.971315  0.795664  0.762116    0.5514    0.4801    0.7260    0.1140    0.7145    0.1615    0.3922
 000171   M  0.972154  0.772428  0.744820    0.5084    0.5533    0.7190    0.0840    0.7117    0.1523    0.3899
 000172   A  0.972994  0.769093  0.726021    0.5331    0.5854    0.7600    0.0760    0.7244    0.1420    0.3865
 000173   P  0.974074  0.772215  0.707223    0.5331    0.6136    0.7290    0.1030    0.7216    0.1377    0.3833
 000174   P  0.977064  0.759487  0.689239    0.5549    0.6620    0.7870    0.0950    0.7383    0.1302    0.3804
 000175   P  0.976344  0.757599  0.672211    0.5583    0.6576    0.8340    0.1080    0.7427    0.1350    0.3773
 000176   S  0.971635  0.759249  0.657024    0.5514    0.6620    0.8400    0.1020    0.7402    0.1370    0.3758
 000177   L  0.946503  0.761607  0.643090    0.5762    0.5382    0.8560    0.0930    0.7202    0.1478    0.3733
 000178   D  0.926924  0.766647  0.628437    0.5762    0.5577    0.8430    0.1160    0.7165    0.1387    0.3646
 000179   P  0.918594  0.763295  0.610611    0.4556    0.4725    0.8010    0.1540    0.6703    0.1714    0.3570
 000180   L  0.904065  0.755355  0.588663    0.5374    0.5992    0.7420    0.1790    0.6878    0.1256    0.3503
 000181   T  0.891257  0.737053  0.564023    0.4203    0.6375    0.6860    0.1720    0.6559    0.1456    0.3452
 000182   G  0.859786  0.709802  0.537434    0.4749    0.5139    0.6170    0.1510    0.6187    0.1321    0.3406
 000183   R  0.813054  0.685055  0.510404    0.5173    0.5098    0.6290    0.1470    0.6108    0.1124    0.3319
 000184   P  0.776207  0.656306  0.482831    0.3630    0.3460    0.5880    0.1810    0.5354    0.1548    0.3224
 000185   R  0.686532  0.622439  0.455085    0.3096    0.2399    0.5790    0.1610    0.4821    0.1633    0.3098
 000186   R  0.614877  0.584662  0.426783    0.1635    0.1476    0.5940    0.1780    0.4219    0.1981    0.2992
 000187   R  0.533090  0.552069  0.398958    0.0991    0.0967    0.4480    0.1290    0.3547    0.1886    0.2885
 000188   F  0.439127  0.506847  0.372289    0.0935    0.0765    0.4160    0.1340    0.3174    0.1691    0.2777
 000189   P  0.351376  0.456340  0.346804    0.0526    0.0631    0.3560    0.1240    0.2710    0.1553    0.2719
 000190   L  0.253746  0.395852  0.323506    0.0226    0.0327    0.4110    0.1520    0.2399    0.1586    0.2669
 000191   P  0.174439  0.424415  0.302497    0.0336    0.0327    0.3360    0.1040    0.2173    0.1494    0.2616
 000192   P  0.110979  0.394297  0.284061    0.0141    0.0263    0.2400    0.0900    0.1783    0.1392    0.2572
 000193   W  0.061111  0.371262  0.267208    0.0069    0.0151    0.2110    0.0910    0.1555    0.1371    0.2538
 000194   A  0.063722  0.343022  0.253006    0.0055    0.0107    0.1950    0.0830    0.1451    0.1275    0.2524
 000195   W  0.067334  0.305137  0.241735    0.0013    0.0066    0.2180    0.0930    0.1401    0.1198    0.2519
 000196   L  0.070742  0.267187  0.231918    0.0007    0.0052    0.2340    0.1150    0.1349    0.1123    0.2591
 000197   L  0.088579  0.259545  0.221687    0.0004    0.0053    0.2350    0.1280    0.1351    0.1081    0.2656
 000198   L  0.106574  0.256698  0.209798    0.0002    0.0054    0.2290    0.1010    0.1345    0.1040    0.2667
 000199   F  0.127298  0.223178  0.198698    0.0003    0.0086    0.2190    0.1100    0.1295    0.0939    0.2661
 000200   A  0.146649  0.230991  0.189288    0.0003    0.0076    0.2140    0.0960    0.1315    0.0938    0.2659
 000201   L  0.169853  0.212358  0.183669    0.0005    0.0084    0.4280    0.1290    0.1671    0.1433    0.2622
 000202   L  0.177567  0.222230  0.180327    0.0006    0.0062    0.5650    0.1130    0.1919    0.1877    0.2548
 000203   A  0.184707  0.227788  0.178719    0.0006    0.0046    0.6400    0.1110    0.2060    0.2131    0.2421
 000204   Y  0.190077  0.203193  0.177419    0.0026    0.0060    0.6850    0.0780    0.2107    0.2279    0.2230
 000205   L  0.189583  0.222812  0.175121    0.0049    0.0053    0.6680    0.0820    0.2110    0.2221    0.2164
 000206   F  0.189174  0.292211  0.171759    0.0150    0.0070    0.6850    0.0920    0.2267    0.2279    0.2050
 000207   L  0.183619  0.403559  0.166242    0.0405    0.0078    0.7470    0.0900    0.2581    0.2529    0.1868
 000208   H  0.165750  0.502468  0.159136    0.0935    0.0088    0.8100    0.0720    0.2900    0.2787    0.1714
 000209   K  0.111135  0.522958  0.151720    0.1921    0.0101    0.8050    0.0720    0.2988    0.2763    0.1599
 000210   P  0.235263  0.639111  0.147602    0.3399    0.0178    0.8100    0.0650    0.3649    0.2764    0.1492
