#RESNUM RES     VL-XT     VSL2B       VL3  IUPred-S  IUPred-L  PONDRFIT  FITERROR       MDP  MDPERROR   ANCHOR2
 000001   M  0.972825  0.847571  0.705539    0.8556    0.3910    0.9750    0.0190    0.7912    0.2006    0.3975
 000002   S  0.893850  0.814078  0.698534    0.8311    0.3053    0.9620    0.0290    0.7508    0.2147    0.4163
 000003   E  0.922821  0.768697  0.685693    0.7817    0.3460    0.9510    0.0340    0.7426    0.1994    0.4286
 000004   D  0.911442  0.712200  0.675469    0.6650    0.3840    0.9380    0.0360    0.7143    0.1834    0.4287
 000005   R  0.847287  0.725387  0.669782    0.6334    0.3249    0.9250    0.0370    0.6876    0.1906    0.4204
 000006   L  0.813332  0.679384  0.667614    0.6035    0.2752    0.9150    0.0460    0.6589    0.2000    0.4178
 000007   L  0.783911  0.636728  0.666687    0.4918    0.3087    0.8200    0.1210    0.6179    0.1744    0.4056
 000008   E  0.749789  0.583260  0.663867    0.3762    0.3494    0.7880    0.1360    0.5850    0.1700    0.3864
 000009   R  0.726358  0.556497  0.659983    0.3456    0.3872    0.7650    0.1240    0.5734    0.1604    0.3747
 000010   L  0.703733  0.546663  0.654885    0.3053    0.3426    0.7910    0.0720    0.5574    0.1805    0.3755
 000011   E  0.695704  0.541762  0.650962    0.2700    0.3460    0.7620    0.1320    0.5444    0.1808    0.3714
 000012   K  0.693669  0.530442  0.648559    0.2292    0.2884    0.6980    0.1440    0.5148    0.1900    0.3732
 000013   L  0.704035  0.534732  0.647784    0.1998    0.2164    0.6300    0.1350    0.4887    0.2046    0.3846
 000014   E  0.714532  0.516346  0.648302    0.1349    0.2503    0.5480    0.1190    0.4688    0.2083    0.3950
 000015   G  0.722558  0.507770  0.648837    0.0771    0.2817    0.4980    0.1160    0.4559    0.2186    0.4094
 000016   V  0.732123  0.486989  0.647399    0.1060    0.2292    0.4750    0.1110    0.4461    0.2189    0.4254
 000017   V  0.743171  0.483787  0.643320    0.1921    0.2224    0.4460    0.1120    0.4552    0.2011    0.4273
 000018   E  0.724845  0.484851  0.637697    0.1998    0.2849    0.4010    0.1010    0.4555    0.1844    0.4096
 000019   T  0.734148  0.491655  0.633404    0.1150    0.2918    0.3410    0.0840    0.4346    0.2097    0.3892
 000020   T  0.719306  0.504398  0.630475    0.1266    0.2399    0.3140    0.0840    0.4224    0.2124    0.3743
 000021   V  0.671028  0.496039  0.626485    0.2041    0.3117    0.2960    0.0870    0.4342    0.1751    0.3645
 000022   A  0.612324  0.511411  0.621686    0.1292    0.2918    0.2770    0.0790    0.4073    0.1855    0.3517
 000023   V  0.557984  0.503974  0.617292    0.1416    0.2849    0.2740    0.0780    0.3966    0.1727    0.3488
 000024   L  0.507130  0.531869  0.614550    0.1921    0.2752    0.2620    0.0700    0.3972    0.1595    0.3519
 000025   P  0.451501  0.558993  0.613295    0.1667    0.2817    0.2560    0.0680    0.3881    0.1642    0.3573
 000026   P  0.394008  0.582194  0.613515    0.0991    0.2609    0.2980    0.0850    0.3747    0.1804    0.3668
 000027   L  0.369334  0.574237  0.614994    0.1566    0.2541    0.3320    0.0880    0.3836    0.1638    0.3783
 000028   I  0.324919  0.590126  0.617537    0.1958    0.2988    0.3090    0.0730    0.3894    0.1574    0.3925
 000029   Q  0.312369  0.597302  0.620507    0.1292    0.3019    0.2940    0.0770    0.3759    0.1760    0.4124
 000030   D  0.337263  0.603703  0.625236    0.1117    0.2918    0.3020    0.0800    0.3786    0.1816    0.4307
 000031   L  0.393410  0.631169  0.630662    0.1088    0.2164    0.3100    0.0710    0.3817    0.1964    0.4185
 000032   S  0.437806  0.654619  0.637410    0.1602    0.2680    0.3060    0.0690    0.4106    0.1852    0.3966
 000033   R  0.470721  0.674166  0.644557    0.1266    0.2680    0.3300    0.0590    0.4191    0.1978    0.3721
 000034   R  0.531019  0.666251  0.652712    0.1698    0.3321    0.3200    0.0640    0.4453    0.1842    0.3597
 000035   I  0.596171  0.679741  0.659936    0.2209    0.3321    0.3250    0.0580    0.4690    0.1817    0.3525
 000036   D  0.654089  0.696722  0.665017    0.1878    0.2783    0.3310    0.0630    0.4688    0.2078    0.3488
 000037   A  0.714052  0.708691  0.668002    0.1060    0.2470    0.3660    0.0720    0.4684    0.2411    0.3435
 000038   L  0.754560  0.741423  0.670164    0.1456    0.2988    0.3850    0.0830    0.4993    0.2350    0.3356
 000039   R  0.789570  0.750277  0.674067    0.2255    0.3774    0.3990    0.0890    0.5360    0.2120    0.3217
 000040   E  0.799119  0.766410  0.678837    0.2041    0.3631    0.3960    0.0920    0.5346    0.2245    0.3130
 000041   E  0.814561  0.786393  0.684291    0.1921    0.3356    0.4480    0.0900    0.5435    0.2338    0.3079
 000042   V  0.845964  0.804546  0.688318    0.2531    0.3356    0.5030    0.1040    0.5717    0.2255    0.3029
 000043   K  0.855330  0.819098  0.690700    0.2209    0.3356    0.4760    0.1080    0.5662    0.2393    0.3035
 000044   A  0.861780  0.837205  0.691829    0.1844    0.3599    0.4870    0.1040    0.5704    0.2487    0.3079
 000045   E  0.863163  0.840412  0.691871    0.1998    0.3599    0.4810    0.1020    0.5727    0.2460    0.3035
 000046   L  0.862128  0.852776  0.692136    0.2820    0.3566    0.6220    0.1080    0.6112    0.2240    0.2970
 000047   R  0.853860  0.861388  0.692871    0.2531    0.3460    0.6180    0.0970    0.6042    0.2333    0.2943
 000048   E  0.850864  0.869707  0.695044    0.2080    0.3631    0.5610    0.0880    0.5913    0.2434    0.2966
 000049   R  0.858558  0.878084  0.697447    0.2820    0.3631    0.5680    0.0970    0.6078    0.2279    0.3022
 000050   E  0.854941  0.883114  0.699827    0.3146    0.3840    0.5850    0.0770    0.6203    0.2164    0.3167
 000051   A  0.849925  0.891414  0.701482    0.2432    0.3704    0.6280    0.0730    0.6140    0.2371    0.3306
 000052   R  0.847039  0.896836  0.703777    0.2385    0.3494    0.6300    0.0830    0.6109    0.2427    0.3373
 000053   L  0.844542  0.899193  0.705968    0.3005    0.3356    0.6510    0.0750    0.6228    0.2308    0.3455
 000054   E  0.844258  0.911383  0.708560    0.2865    0.3426    0.6010    0.0700    0.6158    0.2350    0.3510
 000055   E  0.843147  0.918640  0.711318    0.2333    0.3631    0.6260    0.0660    0.6160    0.2459    0.3562
 000056   R  0.843388  0.914076  0.713763    0.2385    0.2951    0.6330    0.0700    0.6063    0.2567    0.3634
 000057   F  0.840346  0.918662  0.714941    0.3096    0.3704    0.6950    0.0670    0.6415    0.2267    0.3731
 000058   Q  0.830768  0.926518  0.714881    0.2657    0.3983    0.6300    0.0710    0.6276    0.2316    0.3737
 000059   G  0.831287  0.930000  0.714122    0.2602    0.3807    0.6200    0.0770    0.6228    0.2367    0.3759
 000060   L  0.834967  0.931739  0.713430    0.2913    0.3286    0.6470    0.0680    0.6245    0.2400    0.3752
 000061   E  0.838753  0.931687  0.712552    0.2820    0.3286    0.6570    0.0600    0.6251    0.2429    0.3713
 000062   K  0.842197  0.932652  0.712764    0.2432    0.3494    0.6890    0.0600    0.6282    0.2501    0.3685
 000063   R  0.839249  0.930732  0.713699    0.2602    0.3494    0.6970    0.0740    0.6317    0.2454    0.3689
 000064   I  0.839126  0.926340  0.715522    0.3399    0.3460    0.7310    0.0730    0.6497    0.2279    0.3695
 000065   Q  0.837388  0.921927  0.717125    0.3311    0.3392    0.7260    0.0610    0.6455    0.2301    0.3705
 000066   E  0.835466  0.928629  0.718545    0.2558    0.3426    0.7370    0.0670    0.6364    0.2494    0.3713
 000067   V  0.838088  0.926380  0.719935    0.2786    0.2918    0.7020    0.0650    0.6261    0.2524    0.3741
 000068   E  0.844962  0.926762  0.720867    0.3456    0.3740    0.6390    0.0860    0.6419    0.2192    0.3772
 000069   T  0.842201  0.925257  0.721654    0.2786    0.3599    0.6780    0.0690    0.6343    0.2378    0.3832
 000070   K  0.839334  0.920449  0.722189    0.2657    0.3426    0.6910    0.0690    0.6302    0.2435    0.3859
 000071   L  0.837233  0.918258  0.723251    0.3096    0.3426    0.7320    0.0690    0.6439    0.2343    0.3892
 000072   E  0.837853  0.911917  0.725216    0.3005    0.3426    0.7080    0.0670    0.6377    0.2340    0.3924
 000073   S  0.832689  0.913682  0.728168    0.2432    0.3356    0.7100    0.0680    0.6272    0.2496    0.3972
 000074   R  0.832596  0.907854  0.732100    0.2748    0.3460    0.6850    0.0800    0.6297    0.2375    0.3991
 000075   I  0.829061  0.908115  0.735689    0.3359    0.3494    0.7210    0.0820    0.6466    0.2236    0.4009
 000076   Q  0.825094  0.900450  0.739295    0.3311    0.3494    0.7180    0.0690    0.6439    0.2228    0.4023
 000077   N  0.815829  0.902494  0.742056    0.2558    0.3460    0.7330    0.0660    0.6325    0.2424    0.4040
 000078   L  0.807469  0.891889  0.744661    0.3184    0.4220    0.6870    0.0630    0.6452    0.2063    0.4045
 000079   E  0.774327  0.887206  0.745937    0.3225    0.4220    0.6440    0.0570    0.6327    0.1993    0.4025
 000080   A  0.738286  0.875890  0.747008    0.3146    0.4220    0.6390    0.0550    0.6228    0.1951    0.4006
 000081   R  0.724336  0.857060  0.747536    0.3225    0.4149    0.6500    0.0410    0.6194    0.1892    0.3967
 000082   L  0.697814  0.864761  0.748477    0.3885    0.4149    0.6940    0.0390    0.6348    0.1743    0.3941
 000083   G  0.661124  0.855752  0.749628    0.3806    0.4149    0.6860    0.0350    0.6247    0.1721    0.3915
 000084   R  0.629054  0.864848  0.751433    0.3053    0.4256    0.6950    0.0620    0.6119    0.1912    0.3878
 000085   Q  0.619152  0.857077  0.754072    0.3311    0.4256    0.6660    0.0750    0.6088    0.1811    0.3876
 000086   I  0.589032  0.860396  0.756758    0.4116    0.4256    0.7090    0.0740    0.6255    0.1666    0.3874
 000087   Q  0.586570  0.859258  0.759992    0.4037    0.4256    0.7180    0.0780    0.6255    0.1693    0.3874
 000088   E  0.616752  0.870901  0.763138    0.3225    0.4186    0.7070    0.0850    0.6165    0.1915    0.3864
 000089   T  0.653267  0.863519  0.766118    0.3847    0.4256    0.7300    0.0780    0.6372    0.1757    0.3860
 000090   E  0.667652  0.864327  0.768002    0.3939    0.4256    0.7380    0.0800    0.6430    0.1749    0.3869
 000091   T  0.699037  0.860636  0.769167    0.3491    0.4256    0.7370    0.0860    0.6401    0.1866    0.3884
 000092   R  0.735858  0.845867  0.770295    0.3668    0.4330    0.7390    0.0870    0.6486    0.1805    0.3913
 000093   L  0.772817  0.843894  0.770938    0.4078    0.4292    0.7540    0.0930    0.6631    0.1754    0.3940
 000094   G  0.783431  0.830013  0.770628    0.3847    0.4330    0.7400    0.1060    0.6570    0.1780    0.3972
 000095   T  0.817040  0.837373  0.768815    0.3263    0.4541    0.7480    0.1120    0.6587    0.1956    0.3997
 000096   R  0.828595  0.819280  0.766077    0.3311    0.4409    0.7320    0.1300    0.6529    0.1941    0.4003
 000097   I  0.827622  0.812716  0.761608    0.4149    0.4441    0.7560    0.1310    0.6695    0.1718    0.4006
 000098   Q  0.826512  0.812239  0.757035    0.4078    0.4409    0.7290    0.1370    0.6623    0.1716    0.4017
 000099   E  0.825735  0.808224  0.752750    0.3263    0.4409    0.6900    0.1360    0.6407    0.1898    0.4019
 000100   V  0.826919  0.797445  0.750407    0.3184    0.3667    0.6990    0.1360    0.6265    0.2051    0.4026
 000101   E  0.827052  0.785062  0.747377    0.3263    0.3667    0.6510    0.1350    0.6172    0.1990    0.4038
 000102   A  0.825939  0.781540  0.744978    0.2602    0.3392    0.6200    0.1370    0.5953    0.2194    0.4049
 000103   K  0.821525  0.760468  0.742470    0.2786    0.3460    0.5480    0.1470    0.5829    0.2097    0.4053
 000104   L  0.819519  0.766057  0.741006    0.3184    0.3460    0.5250    0.1460    0.5860    0.2016    0.4057
 000105   E  0.815732  0.751118  0.738391    0.2963    0.3460    0.4880    0.1540    0.5727    0.2054    0.4055
 000106   G  0.815449  0.753751  0.735375    0.2167    0.3392    0.4860    0.1380    0.5577    0.2257    0.4058
 000107   R  0.812434  0.730951  0.732412    0.2292    0.3494    0.4670    0.1470    0.5536    0.2179    0.4063
 000108   I  0.796751  0.735773  0.729695    0.3096    0.3494    0.4710    0.1290    0.5654    0.1960    0.4068
 000109   Q  0.791082  0.739877  0.727534    0.3146    0.3494    0.4550    0.1270    0.5630    0.1955    0.4065
 000110   G  0.788761  0.735060  0.725564    0.2255    0.3494    0.4730    0.1240    0.5495    0.2135    0.4062
 000111   V  0.788786  0.727337  0.724219    0.2865    0.3494    0.4900    0.1240    0.5610    0.1964    0.4053
 000112   E  0.789112  0.729184  0.721487    0.2913    0.3494    0.4850    0.1190    0.5609    0.1955    0.4041
 000113   A  0.790379  0.736603  0.718570    0.2531    0.3774    0.4990    0.1260    0.5625    0.2003    0.4030
 000114   K  0.791678  0.727973  0.715545    0.2700    0.3740    0.4760    0.1250    0.5591    0.1966    0.4009
 000115   L  0.796464  0.724085  0.713633    0.3399    0.3740    0.4860    0.1310    0.5723    0.1798    0.3982
 000116   E  0.798866  0.712204  0.711029    0.3263    0.3740    0.4490    0.1250    0.5619    0.1846    0.3955
 000117   G  0.813064  0.713744  0.708166    0.2432    0.3566    0.4650    0.1220    0.5500    0.2081    0.3928
 000118   Q  0.815729  0.698524  0.704709    0.2531    0.3566    0.4340    0.1230    0.5437    0.2063    0.3911
 000119   I  0.810697  0.688238  0.700867    0.3053    0.3599    0.4510    0.1170    0.5527    0.1895    0.3899
 000120   Q  0.808051  0.681838  0.697389    0.2913    0.3872    0.4320    0.1160    0.5497    0.1884    0.3889
 000121   G  0.807316  0.676729  0.694255    0.2041    0.3704    0.4560    0.1280    0.5348    0.2092    0.3912
 000122   V  0.806805  0.667207  0.691704    0.2865    0.3740    0.4400    0.1190    0.5444    0.1880    0.3947
 000123   E  0.802045  0.664542  0.687932    0.2558    0.3740    0.4330    0.1130    0.5361    0.1940    0.3987
 000124   N  0.799301  0.665528  0.684668    0.2209    0.3983    0.4390    0.1160    0.5347    0.1982    0.4031
 000125   R  0.797612  0.653356  0.682738    0.2333    0.3983    0.4400    0.1130    0.5342    0.1930    0.4107
 000126   L  0.800006  0.660654  0.683536    0.3146    0.4017    0.4340    0.1240    0.5490    0.1749    0.4191
 000127   E  0.800555  0.649394  0.685409    0.3005    0.4017    0.4120    0.1090    0.5416    0.1798    0.4272
 000128   A  0.806313  0.662078  0.688975    0.2209    0.4017    0.4230    0.1200    0.5338    0.2010    0.4322
 000129   R  0.808142  0.644603  0.692757    0.2255    0.3948    0.3810    0.0980    0.5245    0.2041    0.4268
 000130   I  0.810922  0.641806  0.696839    0.3096    0.3983    0.3830    0.0980    0.5401    0.1853    0.4212
 000131   H  0.811124  0.665818  0.700150    0.3053    0.3983    0.3690    0.0910    0.5415    0.1913    0.4168
 000132   A  0.811317  0.669550  0.704073    0.2167    0.3983    0.4010    0.0950    0.5336    0.2085    0.4199
 000133   V  0.813870  0.670373  0.707639    0.2786    0.3983    0.3900    0.0880    0.5431    0.1962    0.4260
 000134   E  0.815294  0.687706  0.710273    0.2786    0.3983    0.3870    0.0890    0.5461    0.1993    0.4320
 000135   T  0.814196  0.711700  0.711974    0.2122    0.3704    0.4150    0.0850    0.5392    0.2184    0.4297
 000136   K  0.808952  0.716365  0.714408    0.2292    0.3704    0.4170    0.0920    0.5428    0.2138    0.4240
 000137   L  0.810148  0.730426  0.718261    0.2820    0.3704    0.4460    0.1120    0.5595    0.2012    0.4183
 000138   E  0.810806  0.737790  0.722273    0.2657    0.3704    0.4220    0.0960    0.5549    0.2090    0.4133
 000139   G  0.812260  0.749257  0.726731    0.2255    0.3872    0.4590    0.1100    0.5601    0.2157    0.4086
 000140   K  0.814172  0.750821  0.730407    0.2385    0.3910    0.4470    0.1030    0.5620    0.2140    0.4051
 000141   I  0.821615  0.752409  0.734564    0.3263    0.3872    0.4630    0.1090    0.5808    0.1946    0.4015
 000142   Q  0.822211  0.762823  0.738451    0.2913    0.3599    0.4430    0.0950    0.5696    0.2110    0.3984
 000143   E  0.823395  0.765564  0.743694    0.2432    0.3774    0.4570    0.1000    0.5683    0.2196    0.3982
 000144   V  0.825577  0.765346  0.748358    0.3053    0.3740    0.4560    0.0990    0.5791    0.2067    0.3997
 000145   E  0.832532  0.770412  0.752011    0.3096    0.3774    0.4050    0.0810    0.5746    0.2137    0.4015
 000146   A  0.832813  0.786698  0.754241    0.2432    0.3494    0.4280    0.0810    0.5658    0.2329    0.4033
 000147   R  0.833296  0.776656  0.756579    0.2602    0.3494    0.4180    0.0890    0.5657    0.2289    0.4047
 000148   L  0.834248  0.790762  0.759444    0.3146    0.3460    0.4440    0.1010    0.5816    0.2179    0.4065
 000149   E  0.834010  0.788715  0.762302    0.2913    0.3494    0.4250    0.1060    0.5751    0.2242    0.4077
 000150   G  0.833082  0.807576  0.765847    0.2209    0.3321    0.4790    0.1100    0.5732    0.2417    0.4089
 000151   R  0.833673  0.800647  0.769064    0.2333    0.3356    0.4910    0.1170    0.5773    0.2368    0.4088
 000152   I  0.833793  0.814973  0.773101    0.2963    0.3321    0.5280    0.1220    0.5964    0.2236    0.4089
 000153   Q  0.833693  0.836423  0.777183    0.2963    0.3321    0.5170    0.1170    0.5987    0.2283    0.4089
 000154   G  0.833458  0.841392  0.782842    0.2167    0.3321    0.5500    0.1220    0.5927    0.2473    0.4090
 000155   V  0.834687  0.848926  0.787587    0.2748    0.4051    0.5600    0.1240    0.6185    0.2219    0.4075
 000156   E  0.834201  0.857497  0.791026    0.2748    0.4087    0.5500    0.1130    0.6193    0.2237    0.4059
 000157   A  0.833134  0.873551  0.792598    0.3053    0.4330    0.5950    0.1090    0.6387    0.2129    0.4040
 000158   K  0.832066  0.875869  0.794076    0.3225    0.4369    0.6050    0.1020    0.6444    0.2079    0.4014
 000159   L  0.833185  0.886350  0.795509    0.3992    0.4330    0.6640    0.1080    0.6685    0.1909    0.3984
 000160   E  0.832135  0.889647  0.796549    0.3806    0.4292    0.6400    0.0990    0.6613    0.1970    0.3956
 000161   R  0.831890  0.900109  0.797468    0.3096    0.4369    0.6960    0.1040    0.6619    0.2160    0.3933
 000162   Q  0.832049  0.906372  0.797845    0.3359    0.4409    0.6890    0.1170    0.6671    0.2093    0.3930
 000163   I  0.831574  0.910312  0.798358    0.4149    0.4292    0.7280    0.1070    0.6853    0.1938    0.3930
 000164   Q  0.830939  0.918075  0.798595    0.4078    0.4292    0.7390    0.1000    0.6873    0.1974    0.3933
 000165   E  0.830198  0.921271  0.799445    0.3263    0.4330    0.7460    0.1070    0.6761    0.2181    0.3933
 000166   T  0.831439  0.923190  0.800219    0.3847    0.4256    0.7530    0.1030    0.6863    0.2056    0.3946
 000167   E  0.831799  0.926714  0.800554    0.3847    0.4292    0.7370    0.1000    0.6850    0.2048    0.3958
 000168   T  0.831193  0.930244  0.800068    0.3456    0.4220    0.7350    0.0940    0.6774    0.2165    0.3972
 000169   R  0.831984  0.923819  0.798830    0.3668    0.4220    0.7430    0.0870    0.6811    0.2103    0.4002
 000170   L  0.833409  0.925779  0.797143    0.4116    0.4149    0.7620    0.0710    0.6907    0.2025    0.4033
 000171   G  0.833006  0.923111  0.795066    0.3939    0.4149    0.7430    0.0790    0.6838    0.2049    0.4060
 000172   T  0.833006  0.926276  0.793051    0.3399    0.4149    0.7670    0.0810    0.6791    0.2200    0.4076
 000173   R  0.833023  0.920617  0.790929    0.3491    0.4149    0.7440    0.0910    0.6754    0.2150    0.4070
 000174   I  0.833542  0.911611  0.789109    0.4116    0.4087    0.7770    0.0800    0.6885    0.2015    0.4061
 000175   Q  0.833048  0.922109  0.787858    0.4116    0.4087    0.7600    0.0850    0.6872    0.2023    0.4043
 000176   E  0.833341  0.922832  0.787454    0.3359    0.4087    0.7560    0.0920    0.6741    0.2205    0.4029
 000177   V  0.834547  0.921921  0.787403    0.3225    0.4087    0.7630    0.0790    0.6729    0.2243    0.4014
 000178   E  0.834508  0.924297  0.787455    0.3263    0.4119    0.7320    0.0960    0.6694    0.2214    0.4005
 000179   A  0.834067  0.929884  0.787756    0.3225    0.3774    0.7410    0.0740    0.6655    0.2308    0.3990
 000180   K  0.833488  0.929633  0.788226    0.3456    0.3774    0.7280    0.0950    0.6670    0.2245    0.3967
 000181   L  0.834928  0.932617  0.787965    0.3939    0.3704    0.7590    0.0670    0.6798    0.2173    0.3943
 000182   E  0.834847  0.930900  0.786848    0.3630    0.3704    0.7210    0.0770    0.6678    0.2219    0.3927
 000183   R  0.834871  0.934484  0.784825    0.2865    0.3704    0.7470    0.0630    0.6597    0.2424    0.3924
 000184   Q  0.835191  0.930465  0.782106    0.3146    0.3704    0.7240    0.0820    0.6595    0.2331    0.3946
 000185   I  0.834923  0.931398  0.778521    0.3885    0.3667    0.7570    0.0610    0.6762    0.2183    0.3970
 000186   Q  0.834415  0.931390  0.775480    0.3806    0.3667    0.7540    0.0560    0.6737    0.2195    0.3989
 000187   E  0.833087  0.930171  0.773047    0.3005    0.3667    0.7470    0.0750    0.6584    0.2375    0.4005
 000188   T  0.833578  0.927458  0.771365    0.3578    0.3667    0.7550    0.0630    0.6687    0.2236    0.4021
 000189   E  0.833310  0.922152  0.768676    0.3630    0.3667    0.7360    0.0720    0.6649    0.2200    0.4036
 000190   A  0.830772  0.918222  0.766507    0.3184    0.3631    0.7360    0.0720    0.6555    0.2301    0.4055
 000191   R  0.828622  0.906526  0.764524    0.3399    0.3631    0.7210    0.0780    0.6540    0.2215    0.4066
 000192   L  0.828522  0.901534  0.763066    0.3847    0.3631    0.7260    0.0690    0.6611    0.2104    0.4084
 000193   G  0.825972  0.894099  0.760272    0.3668    0.3667    0.6900    0.0760    0.6506    0.2101    0.4101
 000194   T  0.819338  0.895286  0.756364    0.3146    0.3667    0.7110    0.0630    0.6439    0.2223    0.4116
 000195   R  0.817319  0.882114  0.752061    0.3311    0.3667    0.6930    0.0850    0.6404    0.2143    0.4097
 000196   I  0.811205  0.878799  0.747740    0.3847    0.3631    0.7220    0.0740    0.6513    0.2024    0.4074
 000197   Q  0.808644  0.870573  0.744523    0.3885    0.3667    0.7210    0.0750    0.6501    0.1985    0.4044
 000198   E  0.807521  0.867514  0.741896    0.3096    0.3667    0.6970    0.1030    0.6317    0.2148    0.4014
 000199   V  0.808818  0.856415  0.740249    0.3005    0.3667    0.7140    0.0820    0.6311    0.2161    0.3983
 000200   E  0.808858  0.857097  0.738373    0.3053    0.3667    0.6870    0.0980    0.6271    0.2134    0.3944
 000201   A  0.809129  0.862342  0.737207    0.3263    0.3667    0.6820    0.0800    0.6306    0.2089    0.3902
 000202   K  0.810179  0.857293  0.736305    0.3491    0.3704    0.6230    0.1090    0.6243    0.2006    0.3855
 000203   L  0.817994  0.857805  0.735562    0.3939    0.3704    0.6460    0.0790    0.6369    0.1921    0.3796
 000204   D  0.819068  0.847673  0.733881    0.3806    0.3774    0.6090    0.1030    0.6279    0.1916    0.3732
 000205   R  0.822716  0.851779  0.730671    0.3005    0.3426    0.6410    0.0760    0.6149    0.2185    0.3647
 000206   Q  0.821761  0.840757  0.725626    0.3184    0.3426    0.6000    0.0930    0.6081    0.2114    0.3630
 000207   I  0.816278  0.834874  0.718863    0.3717    0.3392    0.6500    0.0720    0.6219    0.1983    0.3616
 000208   Q  0.813119  0.833551  0.711772    0.3578    0.3631    0.6410    0.0720    0.6200    0.1943    0.3596
 000209   E  0.808995  0.828906  0.705493    0.2657    0.3321    0.6470    0.0790    0.5981    0.2210    0.3636
 000210   T  0.807253  0.824225  0.700552    0.3491    0.3321    0.6600    0.0750    0.6122    0.2003    0.3704
 000211   E  0.805519  0.816883  0.696081    0.3184    0.3321    0.6860    0.0910    0.6092    0.2068    0.3763
 000212   A  0.801777  0.811777  0.692617    0.2700    0.3667    0.6650    0.0910    0.6013    0.2088    0.3827
 000213   Q  0.799370  0.796240  0.689149    0.2913    0.3667    0.6120    0.1200    0.5925    0.1982    0.3892
 000214   L  0.802364  0.786358  0.686397    0.3668    0.3667    0.5980    0.1110    0.6010    0.1789    0.3975
 000215   E  0.803490  0.776037  0.682927    0.3456    0.3631    0.5490    0.1310    0.5868    0.1833    0.4063
 000216   A  0.808239  0.780967  0.679008    0.2786    0.3740    0.5490    0.1150    0.5783    0.1985    0.4182
 000217   R  0.810453  0.758010  0.673850    0.2865    0.3667    0.4980    0.1390    0.5656    0.1961    0.4230
 000218   I  0.813252  0.736037  0.667579    0.3717    0.3667    0.5110    0.1230    0.5777    0.1732    0.4281
 000219   H  0.813443  0.725394  0.659449    0.3630    0.3667    0.5040    0.1240    0.5720    0.1732    0.4321
 000220   A  0.813823  0.719398  0.650213    0.2700    0.3667    0.5640    0.1260    0.5640    0.1912    0.4200
 000221   V  0.816705  0.702808  0.640217    0.2602    0.2849    0.5750    0.1040    0.5467    0.2072    0.4020
 000222   E  0.817025  0.693487  0.629326    0.2700    0.2849    0.5910    0.1260    0.5476    0.2035    0.3837
 000223   T  0.816606  0.692543  0.618523    0.2167    0.3215    0.5950    0.1070    0.5434    0.2086    0.3650
 000224   K  0.815954  0.691922  0.608229    0.2255    0.3149    0.5720    0.1340    0.5381    0.2059    0.3457
 000225   L  0.817282  0.667677  0.598783    0.3005    0.3149    0.5650    0.1230    0.5440    0.1849    0.3239
 000226   E  0.817686  0.650332  0.588323    0.2865    0.3149    0.5520    0.1500    0.5349    0.1855    0.2994
 000227   G  0.818937  0.648066  0.576167    0.2209    0.3149    0.5630    0.1320    0.5237    0.2009    0.2739
 000228   R  0.819601  0.625165  0.562086    0.2385    0.3182    0.5440    0.1530    0.5179    0.1928    0.2508
 000229   I  0.818177  0.600110  0.546526    0.2865    0.3182    0.5640    0.1180    0.5222    0.1794    0.2265
 000230   Q  0.815629  0.592391  0.529874    0.2748    0.2258    0.5700    0.1130    0.5015    0.2000    0.2036
 000231   E  0.810543  0.559697  0.513147    0.1998    0.2258    0.5620    0.1220    0.4786    0.2108    0.1903
 000232   V  0.809569  0.539079  0.495644    0.1844    0.2164    0.5260    0.1170    0.4618    0.2119    0.1790
 000233   E  0.806030  0.511213  0.477296    0.1532    0.1969    0.4860    0.1330    0.4384    0.2175    0.1699
 000234   N  0.805479  0.480914  0.458467    0.0884    0.1852    0.4770    0.1400    0.4159    0.2317    0.1590
 000235   R  0.804099  0.449842  0.439967    0.0884    0.1969    0.4550    0.1520    0.4057    0.2268    0.1476
 000236   L  0.805505  0.402274  0.422575    0.1322    0.2575    0.4210    0.1690    0.4069    0.2070    0.1385
 000237   E  0.805376  0.355114  0.406209    0.1349    0.2399    0.3940    0.1700    0.3893    0.2088    0.1350
 000238   A  0.806753  0.330230  0.391380    0.1018    0.2129    0.3660    0.1580    0.3681    0.2196    0.1309
 000239   Q  0.808576  0.296399  0.376525    0.1060    0.2328    0.3370    0.1470    0.3596    0.2186    0.1265
 000240   I  0.812686  0.268145  0.360852    0.1322    0.2292    0.2950    0.1190    0.3497    0.2183    0.1253
 000241   L  0.803155  0.253422  0.343261    0.1380    0.2364    0.2530    0.0920    0.3378    0.2165    0.1243
 000242   A  0.796833  0.250264  0.324998    0.0621    0.2292    0.2280    0.0790    0.3152    0.2293    0.1210
 000243   L  0.789555  0.263331  0.306173    0.0991    0.2783    0.2250    0.0760    0.3268    0.2173    0.1178
 000244   R  0.745790  0.300622  0.287994    0.0935    0.1823    0.2340    0.0750    0.3073    0.2079    0.1140
 000245   Q  0.700841  0.334487  0.269369    0.0677    0.1823    0.2580    0.0880    0.3020    0.1968    0.1119
 000246   E  0.647140  0.370512  0.251114    0.0316    0.1823    0.2750    0.0980    0.2929    0.1889    0.1138
 000247   M  0.598999  0.404712  0.233451    0.0567    0.1881    0.2940    0.1050    0.2959    0.1715    0.1144
 000248   K  0.549621  0.437604  0.216517    0.0526    0.1671    0.2710    0.0850    0.2824    0.1664    0.1077
 000249   A  0.502670  0.426144  0.200534    0.0363    0.1251    0.2750    0.0790    0.2609    0.1625    0.1042
 000250   E  0.471598  0.415434  0.185918    0.0259    0.0851    0.2390    0.0700    0.2372    0.1618    0.1003
 000251   I  0.428682  0.387626  0.173568    0.0200    0.0851    0.2140    0.0570    0.2182    0.1483    0.0941
 000252   G  0.383593  0.327519  0.161787    0.0173    0.1424    0.1660    0.0440    0.1997    0.1220    0.0915
 000253   S  0.339221  0.262460  0.150691    0.0086    0.1399    0.1350    0.0360    0.1727    0.1046    0.0911
 000254   A  0.293540  0.205719  0.138730    0.0167    0.1476    0.1140    0.0310    0.1527    0.0845    0.0883
 000255   F  0.258039  0.149323  0.127177    0.0121    0.1554    0.0990    0.0260    0.1335    0.0733    0.0830
 000256   N  0.217771  0.105896  0.115320    0.0066    0.1070    0.0840    0.0170    0.1062    0.0618    0.0776
 000257   R  0.175746  0.086337  0.104016    0.0059    0.0662    0.0840    0.0200    0.0871    0.0503    0.0682
 000258   V  0.133950  0.074359  0.094146    0.0034    0.0433    0.1020    0.0400    0.0752    0.0422    0.0583
 000259   M  0.084168  0.059188  0.084948    0.0012    0.0389    0.1330    0.0530    0.0669    0.0412    0.0530
 000260   L  0.058637  0.048197  0.077305    0.0008    0.0275    0.1640    0.0550    0.0628    0.0514    0.0448
 000261   Y  0.033503  0.047813  0.070437    0.0006    0.0165    0.1910    0.0570    0.0600    0.0627    0.0383
 000262   L  0.044804  0.041276  0.065235    0.0006    0.0263    0.2020    0.0510    0.0634    0.0651    0.0317
 000263   T  0.059294  0.037230  0.061040    0.0003    0.0174    0.2010    0.0470    0.0627    0.0655    0.0263
 000264   A  0.090989  0.040700  0.057741    0.0003    0.0109    0.1980    0.0480    0.0665    0.0660    0.0199
 000265   V  0.125766  0.042708  0.054677    0.0002    0.0084    0.1880    0.0630    0.0699    0.0666    0.0153
 000266   G  0.156983  0.038480  0.051796    0.0002    0.0113    0.1790    0.0700    0.0730    0.0696    0.0122
 000267   V  0.184045  0.035698  0.049110    0.0001    0.0104    0.1740    0.0700    0.0755    0.0749    0.0096
 000268   V  0.211914  0.036591  0.046327    0.0001    0.0090    0.1740    0.0870    0.0797    0.0824    0.0079
 000269   L  0.229144  0.037011  0.043392    0.0002    0.0096    0.2810    0.1040    0.1001    0.1117    0.0070
 000270   A  0.246482  0.045433  0.040198    0.0003    0.0084    0.3780    0.1980    0.1198    0.1421    0.0061
 000271   L  0.260345  0.070838  0.036907    0.0007    0.0093    0.4720    0.1680    0.1418    0.1717    0.0055
 000272   L  0.263771  0.104025  0.033672    0.0026    0.0101    0.4700    0.1250    0.1474    0.1695    0.0050
 000273   S  0.238761  0.155666  0.030360    0.0084    0.0120    0.4880    0.1310    0.1555    0.1709    0.0047
 000274   V  0.276692  0.236927  0.027095    0.0116    0.0087    0.6040    0.1190    0.1942    0.2131    0.0041
 000275   F  0.245420  0.354504  0.023350    0.0252    0.0074    0.7150    0.0820    0.2285    0.2534    0.0040
 000276   F  0.174241  0.404215  0.019943    0.0643    0.0082    0.7220    0.0650    0.2322    0.2572    0.0040
 000277   R  0.077627  0.474865  0.018068    0.0884    0.0060    0.6860    0.1150    0.2252    0.2602    0.0041
