#RESNUM RES     VL-XT     VSL2B       VL3  IUPred-S  IUPred-L  PONDRFIT  FITERROR       MDP  MDPERROR   ANCHOR2
 000001   M  0.749535  0.967451  0.011967    0.7458    0.1162    0.9750    0.0290    0.5924    0.3871    0.0083
 000002   T  0.773363  0.956903  0.012469    0.7111    0.0985    0.9600    0.0440    0.5834    0.3862    0.0080
 000003   E  0.800935  0.943585  0.012975    0.6650    0.0433    0.9680    0.0280    0.5701    0.3975    0.0072
 000004   D  0.768361  0.906580  0.013506    0.5711    0.0163    0.9480    0.0370    0.5350    0.3884    0.0059
 000005   T  0.634256  0.835524  0.013615    0.4037    0.0160    0.9690    0.0210    0.4764    0.3714    0.0046
 000006   Y  0.572008  0.720518  0.014003    0.2122    0.0205    0.9570    0.0370    0.4137    0.3581    0.0034
 000007   S  0.500991  0.603373  0.014234    0.1322    0.0123    0.9350    0.0470    0.3640    0.3420    0.0025
 000008   K  0.436429  0.491158  0.015011    0.0965    0.0090    0.9060    0.0640    0.3232    0.3230    0.0016
 000009   A  0.363384  0.375044  0.015814    0.0308    0.0107    0.8680    0.0620    0.2747    0.3073    0.0009
 000010   F  0.311652  0.277542  0.017086    0.0086    0.0082    0.8240    0.0940    0.2384    0.2901    0.0006
 000011   D  0.241119  0.224780  0.018260    0.0067    0.0072    0.7040    0.0930    0.1974    0.2464    0.0004
 000012   R  0.211457  0.173457  0.019982    0.0042    0.0059    0.5700    0.1040    0.1608    0.1992    0.0003
 000013   A  0.219294  0.119284  0.022166    0.0015    0.0062    0.5240    0.1080    0.1451    0.1849    0.0002
 000014   L  0.234041  0.082036  0.024075    0.0007    0.0042    0.4770    0.1560    0.1330    0.1719    0.0001
 000015   F  0.226543  0.062329  0.025403    0.0008    0.0040    0.4030    0.1450    0.1161    0.1479    0.0001
 000016   A  0.223142  0.046248  0.026853    0.0005    0.0027    0.2900    0.1370    0.0938    0.1148    0.0001
 000017   R  0.213642  0.033797  0.027865    0.0007    0.0040    0.1860    0.1150    0.0730    0.0876    0.0001
 000018   I  0.203838  0.027697  0.030376    0.0004    0.0033    0.1330    0.1000    0.0614    0.0760    0.0001
 000019   L  0.194965  0.026599  0.033766    0.0004    0.0025    0.0760    0.0380    0.0500    0.0673    0.0001
 000020   R  0.194932  0.025351  0.036584    0.0003    0.0021    0.0530    0.0190    0.0460    0.0668    0.0001
 000021   Y  0.167859  0.025290  0.041104    0.0003    0.0028    0.0560    0.0250    0.0420    0.0571    0.0002
 000022   V  0.103108  0.025499  0.045981    0.0002    0.0020    0.0650    0.0360    0.0326    0.0370    0.0002
 000023   W  0.042937  0.025923  0.051540    0.0001    0.0014    0.0740    0.0440    0.0240    0.0279    0.0003
 000024   P  0.029409  0.028561  0.056179    0.0001    0.0010    0.0790    0.0470    0.0230    0.0297    0.0003
 000025   Y  0.017908  0.030845  0.061017    0.0001    0.0010    0.0840    0.0480    0.0224    0.0326    0.0004
 000026   R  0.002989  0.029187  0.066279    0.0001    0.0012    0.0900    0.0480    0.0206    0.0367    0.0004
 000027   L  0.000467  0.025981  0.072308    0.0001    0.0010    0.0940    0.0530    0.0202    0.0394    0.0004
 000028   Q  0.000352  0.023899  0.078475    0.0001    0.0007    0.0960    0.0540    0.0202    0.0415    0.0004
 000029   V  0.000283  0.020856  0.082342    0.0001    0.0013    0.0990    0.0530    0.0202    0.0432    0.0003
 000030   V  0.000292  0.017030  0.086045    0.0001    0.0013    0.1010    0.0490    0.0200    0.0448    0.0003
 000031   L  0.000241  0.016097  0.090196    0.0001    0.0012    0.0950    0.0400    0.0188    0.0446    0.0002
 000032   A  0.000246  0.015314  0.095327    0.0001    0.0015    0.0860    0.0280    0.0172    0.0441    0.0002
 000033   L  0.000456  0.015020  0.100500    0.0001    0.0017    0.0770    0.0230    0.0157    0.0440    0.0002
 000034   L  0.000664  0.013883  0.104548    0.0001    0.0024    0.0760    0.0240    0.0156    0.0452    0.0001
 000035   F  0.000685  0.014453  0.108945    0.0001    0.0023    0.0750    0.0210    0.0154    0.0464    0.0001
 000036   L  0.000709  0.016087  0.113183    0.0001    0.0035    0.0730    0.0220    0.0156    0.0474    0.0001
 000037   L  0.000711  0.020999  0.117225    0.0001    0.0026    0.0760    0.0220    0.0168    0.0490    0.0001
 000038   V  0.000695  0.027667  0.121500    0.0001    0.0024    0.0760    0.0220    0.0178    0.0501    0.0002
 000039   V  0.000629  0.035518  0.125356    0.0001    0.0015    0.0790    0.0230    0.0195    0.0518    0.0002
 000040   T  0.000595  0.043334  0.129731    0.0001    0.0019    0.0820    0.0240    0.0214    0.0536    0.0002
 000041   L  0.000532  0.052317  0.134339    0.0001    0.0017    0.0860    0.0290    0.0234    0.0556    0.0002
 000042   A  0.000325  0.063947  0.139312    0.0001    0.0022    0.0850    0.0290    0.0252    0.0575    0.0002
 000043   A  0.000122  0.067646  0.143733    0.0001    0.0017    0.0790    0.0260    0.0248    0.0587    0.0003
 000044   A  0.000100  0.072857  0.147078    0.0001    0.0025    0.0720    0.0240    0.0246    0.0596    0.0003
 000045   A  0.000088  0.075938  0.150900    0.0001    0.0025    0.0670    0.0240    0.0243    0.0608    0.0003
 000046   T  0.000093  0.073099  0.155510    0.0002    0.0034    0.0590    0.0210    0.0227    0.0618    0.0003
 000047   P  0.000112  0.063988  0.159796    0.0002    0.0034    0.0530    0.0190    0.0201    0.0627    0.0002
 000048   L  0.000163  0.060437  0.163793    0.0004    0.0036    0.0510    0.0160    0.0193    0.0640    0.0002
 000049   F  0.000250  0.053094  0.165677    0.0003    0.0049    0.0520    0.0170    0.0185    0.0644    0.0001
 000050   F  0.000487  0.044424  0.166627    0.0003    0.0065    0.0550    0.0190    0.0177    0.0645    0.0001
 000051   K  0.000847  0.040593  0.167948    0.0004    0.0067    0.0520    0.0230    0.0168    0.0649    0.0001
 000052   W  0.001095  0.038115  0.168191    0.0008    0.0108    0.0580    0.0270    0.0181    0.0647    0.0001
 000053   A  0.001346  0.035625  0.168595    0.0012    0.0130    0.0600    0.0280    0.0186    0.0648    0.0001
 000054   I  0.004443  0.035887  0.167992    0.0029    0.0184    0.0610    0.0300    0.0204    0.0635    0.0001
 000055   D  0.014539  0.043616  0.168413    0.0038    0.0130    0.0600    0.0260    0.0224    0.0628    0.0002
 000056   L  0.024634  0.061804  0.167716    0.0074    0.0127    0.0610    0.0240    0.0280    0.0612    0.0002
 000057   A  0.040098  0.079993  0.167576    0.0027    0.0134    0.0750    0.0290    0.0353    0.0615    0.0002
 000058   L  0.051715  0.126303  0.165052    0.0010    0.0115    0.1290    0.0490    0.0533    0.0684    0.0004
 000059   V  0.085710  0.190650  0.162382    0.0052    0.0099    0.1960    0.0640    0.0812    0.0842    0.0007
 000060   P  0.114160  0.285682  0.160895    0.0118    0.0184    0.2470    0.0650    0.1128    0.1074    0.0011
 000061   T  0.123205  0.347572  0.159418    0.0131    0.0214    0.3020    0.0740    0.1346    0.1302    0.0017
 000062   E  0.125217  0.438561  0.157721    0.0118    0.0120    0.3350    0.0930    0.1538    0.1608    0.0021
 000063   P  0.126304  0.484386  0.155785    0.0116    0.0130    0.3620    0.1130    0.1661    0.1772    0.0023
 000064   R  0.119091  0.495012  0.153077    0.0075    0.0091    0.3730    0.1000    0.1673    0.1839    0.0022
 000065   P  0.113548  0.465041  0.152180    0.0084    0.0090    0.3450    0.0890    0.1568    0.1713    0.0021
 000066   L  0.101487  0.419563  0.150670    0.0037    0.0087    0.3060    0.1030    0.1399    0.1544    0.0015
 000067   A  0.091529  0.328300  0.149313    0.0044    0.0086    0.2120    0.1050    0.1075    0.1170    0.0013
 000068   E  0.059062  0.248562  0.147093    0.0066    0.0099    0.1120    0.0640    0.0726    0.0880    0.0010
 000069   R  0.030368  0.172393  0.144199    0.0069    0.0087    0.0510    0.0230    0.0449    0.0697    0.0007
 000070   F  0.021400  0.098442  0.141927    0.0144    0.0079    0.0360    0.0150    0.0297    0.0550    0.0005
 000071   H  0.019218  0.060426  0.139414    0.0055    0.0062    0.0260    0.0090    0.0196    0.0524    0.0003
 000072   L  0.015080  0.042002  0.135863    0.0018    0.0046    0.0210    0.0050    0.0141    0.0515    0.0002
 000073   L  0.012231  0.029409  0.131981    0.0009    0.0044    0.0200    0.0040    0.0111    0.0503    0.0002
 000074   L  0.007708  0.023360  0.128038    0.0005    0.0036    0.0200    0.0040    0.0093    0.0492    0.0002
 000075   W  0.004285  0.021092  0.124640    0.0005    0.0027    0.0240    0.0050    0.0088    0.0482    0.0002
 000076   I  0.002551  0.023658  0.120449    0.0004    0.0025    0.0270    0.0070    0.0094    0.0466    0.0002
 000077   S  0.000804  0.023986  0.116019    0.0004    0.0022    0.0290    0.0100    0.0094    0.0450    0.0002
 000078   L  0.000689  0.025704  0.111705    0.0005    0.0022    0.0310    0.0100    0.0099    0.0433    0.0002
 000079   G  0.000365  0.027645  0.106822    0.0002    0.0017    0.0310    0.0110    0.0101    0.0415    0.0003
 000080   F  0.000299  0.029890  0.103319    0.0002    0.0018    0.0320    0.0110    0.0107    0.0402    0.0003
 000081   L  0.000279  0.036098  0.098983    0.0003    0.0020    0.0330    0.0110    0.0119    0.0387    0.0005
 000082   A  0.000560  0.050536  0.093776    0.0003    0.0021    0.0320    0.0100    0.0143    0.0376    0.0006
 000083   V  0.000830  0.055918  0.089726    0.0003    0.0031    0.0340    0.0100    0.0157    0.0366    0.0009
 000084   R  0.000920  0.066046  0.085053    0.0006    0.0044    0.0400    0.0090    0.0186    0.0364    0.0012
 000085   A  0.001154  0.074182  0.080661    0.0010    0.0044    0.0440    0.0120    0.0207    0.0365    0.0017
 000086   V  0.001134  0.083620  0.076660    0.0035    0.0045    0.0540    0.0190    0.0245    0.0376    0.0021
 000087   H  0.001132  0.092806  0.073280    0.0035    0.0044    0.0580    0.0200    0.0267    0.0392    0.0029
 000088   F  0.001133  0.106637  0.068700    0.0009    0.0046    0.0730    0.0260    0.0311    0.0436    0.0034
 000089   A  0.001123  0.117120  0.065555    0.0010    0.0044    0.0880    0.0270    0.0353    0.0478    0.0046
 000090   A  0.001335  0.131022  0.061916    0.0010    0.0035    0.0970    0.0360    0.0389    0.0524    0.0057
 000091   T  0.001013  0.128730  0.059122    0.0010    0.0052    0.0970    0.0420    0.0389    0.0515    0.0072
 000092   Y  0.000699  0.119051  0.055983    0.0012    0.0074    0.1000    0.0430    0.0381    0.0490    0.0083
 000093   G  0.000577  0.107455  0.052178    0.0021    0.0086    0.0810    0.0380    0.0333    0.0424    0.0100
 000094   E  0.000346  0.097261  0.047700    0.0053    0.0086    0.0610    0.0290    0.0288    0.0362    0.0117
 000095   T  0.000388  0.082720  0.043614    0.0055    0.0060    0.0500    0.0230    0.0240    0.0308    0.0123
 000096   Y  0.001096  0.074586  0.038960    0.0037    0.0045    0.0410    0.0190    0.0208    0.0276    0.0120
 000097   L  0.002055  0.064359  0.035012    0.0037    0.0060    0.0360    0.0140    0.0186    0.0235    0.0117
 000098   I  0.003631  0.058051  0.031675    0.0013    0.0044    0.0380    0.0150    0.0176    0.0220    0.0115
 000099   Q  0.007036  0.050324  0.029253    0.0053    0.0066    0.0340    0.0120    0.0173    0.0177    0.0117
 000100   W  0.009636  0.043212  0.027412    0.0029    0.0075    0.0410    0.0130    0.0174    0.0169    0.0111
 000101   V  0.009999  0.040032  0.026349    0.0042    0.0091    0.0380    0.0110    0.0168    0.0149    0.0112
 000102   G  0.010138  0.043943  0.026032    0.0042    0.0061    0.0350    0.0110    0.0166    0.0157    0.0114
 000103   Q  0.010334  0.051905  0.026311    0.0094    0.0055    0.0350    0.0110    0.0187    0.0171    0.0111
 000104   R  0.010592  0.061763  0.027211    0.0055    0.0048    0.0370    0.0110    0.0199    0.0209    0.0099
 000105   V  0.019631  0.066791  0.027757    0.0015    0.0046    0.0410    0.0130    0.0223    0.0228    0.0089
 000106   L  0.025678  0.083764  0.032255    0.0010    0.0033    0.0470    0.0140    0.0268    0.0286    0.0086
 000107   F  0.033645  0.105737  0.038256    0.0040    0.0038    0.0550    0.0160    0.0336    0.0352    0.0085
 000108   D  0.043831  0.122861  0.042414    0.0055    0.0052    0.0700    0.0180    0.0412    0.0409    0.0089
 000109   L  0.055056  0.136606  0.044864    0.0083    0.0054    0.0890    0.0280    0.0491    0.0463    0.0091
 000110   R  0.065372  0.158150  0.045198    0.0079    0.0052    0.0960    0.0250    0.0554    0.0535    0.0093
 000111   S  0.066794  0.163316  0.045909    0.0084    0.0085    0.0900    0.0190    0.0561    0.0538    0.0097
 000112   D  0.070453  0.169205  0.046454    0.0157    0.0117    0.0900    0.0240    0.0595    0.0539    0.0100
 000113   L  0.087322  0.193056  0.048674    0.0212    0.0070    0.0910    0.0330    0.0666    0.0618    0.0101
 000114   F  0.100403  0.212925  0.050463    0.0212    0.0049    0.1080    0.0470    0.0745    0.0698    0.0108
 000115   A  0.113218  0.218792  0.053875    0.0094    0.0051    0.1190    0.0590    0.0775    0.0746    0.0122
 000116   K  0.124267  0.217956  0.055625    0.0090    0.0066    0.1190    0.0610    0.0794    0.0748    0.0142
 000117   L  0.116947  0.206627  0.056600    0.0200    0.0102    0.1290    0.0630    0.0804    0.0692    0.0161
 000118   M  0.122922  0.178458  0.058038    0.0441    0.0258    0.1250    0.0560    0.0826    0.0546    0.0190
 000119   R  0.118210  0.157295  0.060479    0.0441    0.0153    0.1120    0.0400    0.0744    0.0496    0.0225
 000120   L  0.124413  0.171355  0.063503    0.1088    0.0287    0.1340    0.0540    0.0945    0.0480    0.0254
 000121   H  0.134191  0.189024  0.066581    0.0677    0.0287    0.1190    0.0460    0.0897    0.0539    0.0292
 000122   P  0.190450  0.210548  0.068873    0.0677    0.0165    0.1240    0.0480    0.1015    0.0704    0.0333
 000123   G  0.192556  0.259596  0.071260    0.0677    0.0120    0.1690    0.0670    0.1169    0.0860    0.0345
 000124   F  0.200427  0.305749  0.073874    0.0660    0.0231    0.2050    0.0710    0.1333    0.0996    0.0360
 000125   Y  0.209239  0.322758  0.075689    0.1018    0.0568    0.2340    0.0770    0.1542    0.0968    0.0380
 000126   D  0.219918  0.363338  0.077743    0.1205    0.0443    0.2320    0.0660    0.1634    0.1090    0.0405
 000127   R  0.218072  0.391447  0.079767    0.1178    0.0463    0.2240    0.0630    0.1663    0.1161    0.0397
 000128   N  0.230372  0.366616  0.081040    0.1266    0.0929    0.2220    0.0660    0.1730    0.1001    0.0393
 000129   P  0.239123  0.336448  0.081946    0.1566    0.1373    0.1960    0.0670    0.1776    0.0822    0.0375
 000130   V  0.240294  0.336962  0.082668    0.1635    0.0870    0.1780    0.0610    0.1676    0.0893    0.0335
 000131   G  0.188650  0.317573  0.083683    0.2657    0.1671    0.1750    0.0630    0.1857    0.0760    0.0310
 000132   R  0.191013  0.294310  0.083361    0.1921    0.1424    0.1890    0.0630    0.1682    0.0649    0.0279
 000133   L  0.180001  0.302872  0.082077    0.1667    0.0605    0.1790    0.0530    0.1482    0.0799    0.0245
 000134   M  0.159801  0.313891  0.081399    0.1292    0.0690    0.1600    0.0490    0.1386    0.0815    0.0221
 000135   T  0.151865  0.291723  0.080320    0.1322    0.1643    0.1470    0.0550    0.1479    0.0656    0.0202
 000136   R  0.141045  0.279610  0.080090    0.1998    0.1449    0.1440    0.0530    0.1516    0.0633    0.0176
 000137   V  0.131738  0.291342  0.076438    0.2041    0.0719    0.1450    0.0530    0.1406    0.0771    0.0140
 000138   T  0.121638  0.278151  0.072568    0.1088    0.0780    0.1410    0.0560    0.1212    0.0700    0.0113
 000139   S  0.109021  0.264409  0.070190    0.0514    0.0704    0.1270    0.0520    0.1038    0.0723    0.0090
 000140   D  0.091253  0.276571  0.068244    0.0395    0.0581    0.1140    0.0440    0.0965    0.0799    0.0072
 000141   V  0.066841  0.262665  0.069157    0.0660    0.0531    0.1040    0.0470    0.0921    0.0737    0.0058
 000142   D  0.052013  0.232069  0.071340    0.0643    0.0320    0.1010    0.0470    0.0802    0.0670    0.0048
 000143   A  0.043608  0.217855  0.074876    0.0316    0.0327    0.0940    0.0350    0.0699    0.0659    0.0038
 000144   I  0.038497  0.197608  0.077658    0.0327    0.0389    0.0750    0.0270    0.0638    0.0584    0.0031
 000145   N  0.033730  0.162188  0.080520    0.0425    0.0275    0.0630    0.0260    0.0549    0.0476    0.0028
 000146   Q  0.025703  0.133366  0.082473    0.0231    0.0209    0.0580    0.0230    0.0436    0.0429    0.0022
 000147   F  0.019465  0.109370  0.086373    0.0090    0.0218    0.0580    0.0230    0.0363    0.0399    0.0018
 000148   I  0.017400  0.089928  0.090786    0.0116    0.0198    0.0540    0.0200    0.0321    0.0366    0.0016
 000149   T  0.013430  0.078528  0.095000    0.0121    0.0099    0.0500    0.0180    0.0273    0.0375    0.0016
 000150   G  0.010589  0.071617  0.097176    0.0052    0.0105    0.0520    0.0200    0.0250    0.0386    0.0015
 000151   G  0.008770  0.065057  0.099634    0.0010    0.0071    0.0580    0.0230    0.0233    0.0403    0.0015
 000152   L  0.007990  0.060263  0.103094    0.0029    0.0070    0.0670    0.0270    0.0243    0.0416    0.0014
 000153   V  0.003872  0.055679  0.107034    0.0008    0.0070    0.0710    0.0270    0.0230    0.0438    0.0014
 000154   G  0.001525  0.052330  0.110098    0.0006    0.0056    0.0730    0.0280    0.0222    0.0455    0.0014
 000155   V  0.000634  0.051547  0.113809    0.0009    0.0057    0.0700    0.0220    0.0215    0.0464    0.0014
 000156   I  0.000493  0.051895  0.118551    0.0005    0.0054    0.0690    0.0160    0.0212    0.0479    0.0013
 000157   A  0.000371  0.047915  0.123355    0.0002    0.0036    0.0640    0.0130    0.0194    0.0494    0.0015
 000158   D  0.000338  0.046128  0.128731    0.0004    0.0044    0.0630    0.0150    0.0191    0.0510    0.0018
 000159   L  0.000313  0.042452  0.134369    0.0003    0.0045    0.0620    0.0170    0.0182    0.0529    0.0019
 000160   F  0.000311  0.034743  0.139130    0.0003    0.0030    0.0630    0.0170    0.0169    0.0550    0.0018
 000161   T  0.000298  0.030419  0.144185    0.0001    0.0021    0.0630    0.0170    0.0160    0.0571    0.0019
 000162   L  0.000280  0.031403  0.147300    0.0001    0.0021    0.0650    0.0170    0.0165    0.0584    0.0018
 000163   V  0.000269  0.029713  0.150684    0.0001    0.0032    0.0650    0.0190    0.0164    0.0596    0.0019
 000164   G  0.000235  0.029692  0.153082    0.0001    0.0039    0.0660    0.0210    0.0166    0.0604    0.0022
 000165   L  0.000218  0.033278  0.154565    0.0001    0.0028    0.0650    0.0230    0.0170    0.0610    0.0024
 000166   L  0.000216  0.038019  0.155502    0.0002    0.0037    0.0650    0.0260    0.0179    0.0611    0.0026
 000167   G  0.000249  0.039248  0.155843    0.0001    0.0038    0.0650    0.0270    0.0181    0.0612    0.0031
 000168   F  0.000257  0.043928  0.154823    0.0002    0.0033    0.0660    0.0270    0.0190    0.0609    0.0032
 000169   M  0.000248  0.052818  0.152850    0.0001    0.0025    0.0670    0.0280    0.0205    0.0604    0.0033
 000170   L  0.000275  0.057752  0.151853    0.0001    0.0025    0.0730    0.0290    0.0222    0.0605    0.0034
 000171   F  0.000322  0.067144  0.151495    0.0001    0.0027    0.0850    0.0320    0.0258    0.0617    0.0035
 000172   L  0.000374  0.082400  0.150751    0.0001    0.0020    0.0910    0.0330    0.0294    0.0630    0.0035
 000173   S  0.000431  0.091112  0.149012    0.0001    0.0025    0.0920    0.0330    0.0310    0.0632    0.0038
 000174   P  0.000462  0.092498  0.147417    0.0001    0.0035    0.0890    0.0330    0.0310    0.0624    0.0038
 000175   K  0.000884  0.091454  0.145282    0.0001    0.0027    0.0910    0.0330    0.0309    0.0618    0.0034
 000176   L  0.001135  0.083795  0.144038    0.0001    0.0027    0.0920    0.0300    0.0299    0.0608    0.0029
 000177   T  0.001625  0.071431  0.143865    0.0002    0.0028    0.0880    0.0270    0.0274    0.0595    0.0025
 000178   L  0.040402  0.060779  0.143354    0.0001    0.0025    0.0900    0.0240    0.0323    0.0555    0.0019
 000179   V  0.061515  0.050508  0.142129    0.0001    0.0029    0.0930    0.0240    0.0347    0.0550    0.0015
 000180   V  0.068891  0.043882  0.140705    0.0001    0.0036    0.0880    0.0250    0.0341    0.0543    0.0012
 000181   L  0.069756  0.037982  0.139461    0.0001    0.0050    0.0820    0.0240    0.0324    0.0534    0.0011
 000182   L  0.070074  0.035864  0.137494    0.0003    0.0053    0.0790    0.0230    0.0318    0.0526    0.0011
 000183   V  0.071110  0.036478  0.134742    0.0006    0.0057    0.0710    0.0210    0.0308    0.0510    0.0011
 000184   A  0.071851  0.035694  0.132772    0.0003    0.0057    0.0660    0.0200    0.0300    0.0502    0.0011
 000185   P  0.072832  0.035384  0.131947    0.0002    0.0038    0.0640    0.0210    0.0294    0.0503    0.0012
 000186   V  0.075398  0.036858  0.132131    0.0002    0.0038    0.0700    0.0200    0.0311    0.0507    0.0012
 000187   L  0.041337  0.035964  0.132894    0.0002    0.0044    0.0810    0.0180    0.0272    0.0510    0.0014
 000188   L  0.025582  0.034573  0.133525    0.0002    0.0042    0.1050    0.0190    0.0283    0.0554    0.0016
 000189   A  0.029680  0.038858  0.134602    0.0003    0.0057    0.1330    0.0410    0.0346    0.0602    0.0022
 000190   V  0.036585  0.044141  0.135354    0.0006    0.0065    0.1960    0.0820    0.0474    0.0752    0.0031
 000191   T  0.044379  0.050732  0.134664    0.0009    0.0062    0.3050    0.1330    0.0679    0.1080    0.0046
 000192   T  0.068311  0.058773  0.134687    0.0026    0.0086    0.3970    0.1680    0.0892    0.1368    0.0061
 000193   W  0.089441  0.067659  0.136303    0.0028    0.0138    0.4440    0.1870    0.1029    0.1510    0.0073
 000194   V  0.185614  0.085158  0.135470    0.0067    0.0163    0.3650    0.1730    0.1098    0.1235    0.0086
 000195   R  0.279976  0.107747  0.134937    0.0087    0.0194    0.2990    0.1180    0.1192    0.1161    0.0110
 000196   L  0.372674  0.138968  0.136074    0.0059    0.0101    0.2930    0.0680    0.1367    0.1373    0.0137
 000197   G  0.477870  0.174916  0.137869    0.0102    0.0146    0.2070    0.0530    0.1474    0.1581    0.0187
 000198   M  0.576899  0.204856  0.143158    0.0121    0.0143    0.1790    0.0570    0.1645    0.1907    0.0235
 000199   R  0.679623  0.257746  0.157113    0.0286    0.0202    0.1620    0.0610    0.1913    0.2239    0.0269
 000200   S  0.773765  0.307638  0.175288    0.0200    0.0244    0.1590    0.0570    0.2142    0.2582    0.0298
 000201   A  0.851367  0.338662  0.191047    0.0308    0.0240    0.1670    0.0680    0.2352    0.2838    0.0310
 000202   Y  0.886481  0.378015  0.209219    0.0286    0.0244    0.1710    0.0730    0.2481    0.2972    0.0304
 000203   R  0.850898  0.396625  0.228216    0.0150    0.0184    0.1430    0.0660    0.2374    0.2910    0.0312
 000204   E  0.791416  0.385882  0.243389    0.0395    0.0287    0.1530    0.0840    0.2331    0.2648    0.0336
 000205   M  0.731691  0.363948  0.254113    0.0607    0.0253    0.1360    0.0670    0.2196    0.2430    0.0358
 000206   R  0.652207  0.335910  0.266567    0.0526    0.0275    0.1250    0.0560    0.1989    0.2180    0.0334
 000207   L  0.572752  0.281666  0.277415    0.0643    0.0592    0.1150    0.0470    0.1822    0.1849    0.0314
 000208   R  0.494206  0.263883  0.290045    0.0677    0.0662    0.1120    0.0430    0.1674    0.1604    0.0290
 000209   L  0.426302  0.248157  0.302493    0.0884    0.0473    0.1210    0.0400    0.1551    0.1421    0.0274
 000210   A  0.400692  0.242285  0.315046    0.0965    0.0483    0.1330    0.0500    0.1534    0.1353    0.0262
 000211   R  0.395206  0.253166  0.327535    0.0567    0.0483    0.1670    0.0680    0.1534    0.1410    0.0250
 000212   V  0.377853  0.272823  0.335789    0.0771    0.0364    0.1950    0.0770    0.1599    0.1382    0.0250
 000213   N  0.404223  0.298449  0.346945    0.1456    0.0780    0.2340    0.0850    0.1934    0.1267    0.0250
 000214   A  0.430836  0.318278  0.355178    0.0991    0.0851    0.2580    0.0890    0.1986    0.1409    0.0242
 000215   A  0.435926  0.349373  0.357634    0.0935    0.0380    0.2830    0.0850    0.1999    0.1567    0.0235
 000216   L  0.444711  0.383191  0.359743    0.1292    0.0555    0.2990    0.0940    0.2186    0.1523    0.0215
 000217   Q  0.438643  0.394509  0.361607    0.0771    0.0294    0.3140    0.0920    0.2090    0.1689    0.0209
 000218   E  0.462188  0.405766  0.360790    0.1495    0.0248    0.3560    0.0780    0.2331    0.1654    0.0203
 000219   N  0.464117  0.414832  0.359014    0.0991    0.0160    0.3640    0.0930    0.2263    0.1775    0.0198
 000220   L  0.500059  0.388877  0.357215    0.1018    0.0281    0.3220    0.0900    0.2235    0.1753    0.0185
 000221   S  0.544383  0.351283  0.353695    0.0789    0.0405    0.2910    0.0790    0.2176    0.1822    0.0185
 000222   G  0.571269  0.340397  0.352208    0.0832    0.0405    0.2510    0.0850    0.2143    0.1875    0.0184
 000223   V  0.600056  0.298095  0.349278    0.1292    0.0780    0.2320    0.0670    0.2230    0.1797    0.0172
 000224   E  0.654991  0.273002  0.345588    0.1117    0.0690    0.2030    0.0490    0.2187    0.2015    0.0167
 000225   T  0.701978  0.283686  0.344636    0.1322    0.0985    0.2130    0.0760    0.2382    0.2081    0.0165
 000226   I  0.761745  0.245683  0.343922    0.1349    0.1373    0.1860    0.0780    0.2443    0.2253    0.0155
 000227   Q  0.793532  0.241598  0.342332    0.2041    0.2224    0.1640    0.0850    0.2710    0.2226    0.0159
 000228   L  0.801480  0.264156  0.340457    0.2041    0.1092    0.1590    0.0700    0.2563    0.2374    0.0165
 000229   F  0.799875  0.318242  0.335250    0.1998    0.1070    0.2130    0.0820    0.2730    0.2309    0.0171
 000230   V  0.795038  0.363998  0.321991    0.1117    0.0929    0.2740    0.0830    0.2730    0.2386    0.0179
 000231   K  0.768909  0.419953  0.304899    0.1766    0.0929    0.3420    0.0860    0.3001    0.2214    0.0192
 000232   E  0.736980  0.508807  0.288527    0.1495    0.1048    0.4510    0.0810    0.3252    0.2236    0.0188
 000233   R  0.682699  0.553651  0.270888    0.0744    0.1007    0.5480    0.1110    0.3265    0.2398    0.0186
 000234   E  0.671910  0.601667  0.252666    0.1150    0.1702    0.6070    0.1370    0.3610    0.2324    0.0190
 000235   R  0.662572  0.670487  0.237779    0.1018    0.0888    0.6480    0.1340    0.3619    0.2662    0.0190
 000236   E  0.682526  0.717475  0.226704    0.0991    0.0364    0.6820    0.1180    0.3696    0.2947    0.0188
 000237   E  0.705354  0.724657  0.214530    0.0884    0.0719    0.6840    0.1040    0.3790    0.2957    0.0191
 000238   K  0.665571  0.696773  0.202230    0.0414    0.0543    0.6440    0.1170    0.3504    0.2917    0.0181
 000239   F  0.652716  0.666717  0.187101    0.0554    0.0518    0.5690    0.1230    0.3327    0.2729    0.0166
 000240   D  0.616231  0.584803  0.171540    0.0771    0.0704    0.4960    0.1260    0.3074    0.2365    0.0160
 000241   R  0.653243  0.469982  0.157133    0.0643    0.1298    0.4010    0.1520    0.2864    0.2129    0.0146
 000242   L  0.710935  0.368613  0.141716    0.0336    0.0690    0.3200    0.1500    0.2504    0.2319    0.0137
 000243   N  0.736872  0.283655  0.130466    0.0350    0.0306    0.2430    0.0950    0.2215    0.2413    0.0132
 000244   R  0.764476  0.195375  0.116372    0.0194    0.0300    0.2080    0.1090    0.2028    0.2538    0.0118
 000245   D  0.697816  0.126869  0.105680    0.0082    0.0148    0.2320    0.1470    0.1799    0.2366    0.0108
 000246   L  0.631157  0.093513  0.100209    0.0082    0.0088    0.2520    0.1820    0.1656    0.2172    0.0099
 000247   F  0.590256  0.067347  0.095991    0.0035    0.0073    0.2440    0.1820    0.1520    0.2057    0.0092
 000248   R  0.519533  0.044004  0.090698    0.0009    0.0052    0.2340    0.1860    0.1339    0.1839    0.0087
 000249   A  0.491397  0.034842  0.088123    0.0008    0.0036    0.2080    0.1670    0.1231    0.1737    0.0083
 000250   W  0.393588  0.027723  0.086479    0.0008    0.0037    0.1350    0.0720    0.0935    0.1371    0.0079
 000251   V  0.299093  0.019179  0.083495    0.0004    0.0039    0.1090    0.0490    0.0719    0.1046    0.0067
 000252   E  0.197077  0.016033  0.082475    0.0003    0.0032    0.0890    0.0310    0.0508    0.0705    0.0063
 000253   I  0.093109  0.014103  0.081693    0.0005    0.0034    0.0950    0.0420    0.0344    0.0445    0.0054
 000254   I  0.050095  0.011043  0.081674    0.0003    0.0033    0.0960    0.0420    0.0267    0.0404    0.0047
 000255   R  0.007050  0.008688  0.082548    0.0002    0.0023    0.0970    0.0440    0.0193    0.0429    0.0046
 000256   W  0.001456  0.008684  0.081872    0.0002    0.0016    0.1010    0.0490    0.0189    0.0444    0.0043
 000257   F  0.001104  0.008783  0.081736    0.0002    0.0023    0.1080    0.0520    0.0201    0.0461    0.0036
 000258   A  0.000697  0.007587  0.080773    0.0002    0.0035    0.1080    0.0480    0.0199    0.0458    0.0031
 000259   L  0.000316  0.008649  0.078843    0.0002    0.0024    0.1080    0.0470    0.0200    0.0457    0.0028
 000260   F  0.000288  0.011964  0.076238    0.0003    0.0025    0.0940    0.0410    0.0182    0.0409    0.0025
 000261   F  0.000297  0.013289  0.074630    0.0002    0.0027    0.0750    0.0290    0.0153    0.0359    0.0024
 000262   P  0.000281  0.017576  0.072212    0.0003    0.0033    0.0510    0.0170    0.0121    0.0303    0.0024
 000263   V  0.000245  0.024539  0.070819    0.0002    0.0031    0.0410    0.0110    0.0116    0.0286    0.0022
 000264   V  0.000237  0.030526  0.068597    0.0002    0.0032    0.0390    0.0100    0.0123    0.0277    0.0022
 000265   G  0.000236  0.039976  0.065888    0.0003    0.0036    0.0380    0.0120    0.0137    0.0273    0.0022
 000266   F  0.000168  0.053391  0.062570    0.0002    0.0027    0.0450    0.0160    0.0168    0.0287    0.0020
 000267   L  0.000106  0.066395  0.059252    0.0002    0.0029    0.0500    0.0180    0.0199    0.0307    0.0019
 000268   G  0.000743  0.070632  0.055569    0.0002    0.0042    0.0520    0.0200    0.0213    0.0309    0.0021
 000269   D  0.000922  0.075056  0.052175    0.0001    0.0047    0.0590    0.0240    0.0233    0.0321    0.0021
 000270   F  0.001102  0.077036  0.048400    0.0002    0.0064    0.0680    0.0240    0.0254    0.0331    0.0021
 000271   A  0.002765  0.074743  0.045141    0.0004    0.0102    0.0650    0.0230    0.0255    0.0309    0.0022
 000272   V  0.004428  0.075082  0.041378    0.0007    0.0133    0.0690    0.0230    0.0271    0.0307    0.0022
 000273   A  0.012797  0.086978  0.038925    0.0007    0.0086    0.0740    0.0190    0.0305    0.0337    0.0023
 000274   S  0.022724  0.091989  0.037961    0.0007    0.0111    0.0760    0.0210    0.0337    0.0339    0.0024
 000275   L  0.034476  0.092715  0.036364    0.0007    0.0168    0.0920    0.0280    0.0395    0.0357    0.0023
 000276   V  0.039563  0.109887  0.034615    0.0006    0.0143    0.1150    0.0410    0.0465    0.0447    0.0024
 000277   Y  0.111611  0.135108  0.033581    0.0015    0.0191    0.1380    0.0600    0.0676    0.0568    0.0026
 000278   Y  0.158806  0.169929  0.031389    0.0034    0.0327    0.1700    0.0690    0.0892    0.0729    0.0028
 000279   G  0.196559  0.210930  0.029069    0.0013    0.0194    0.1860    0.0650    0.1024    0.0914    0.0029
 000280   G  0.220205  0.255989  0.024897    0.0010    0.0188    0.2010    0.0620    0.1161    0.1069    0.0029
 000281   G  0.234179  0.277419  0.020725    0.0015    0.0231    0.2050    0.0570    0.1235    0.1141    0.0029
 000282   E  0.227879  0.290670  0.016881    0.0029    0.0168    0.1990    0.0480    0.1229    0.1168    0.0025
 000283   V  0.220020  0.287393  0.013753    0.0031    0.0171    0.2270    0.0570    0.1257    0.1188    0.0020
 000284   V  0.218396  0.282049  0.012120    0.0021    0.0174    0.2280    0.0620    0.1247    0.1179    0.0017
 000285   R  0.223433  0.258529  0.009503    0.0008    0.0102    0.2030    0.0570    0.1160    0.1119    0.0016
 000286   G  0.159754  0.239499  0.006137    0.0024    0.0111    0.1580    0.0530    0.0951    0.0935    0.0014
 000287   A  0.121954  0.201260  0.003525    0.0018    0.0171    0.1160    0.0400    0.0764    0.0749    0.0011
 000288   V  0.093369  0.159875  0.000395    0.0027    0.0174    0.0760    0.0290    0.0582    0.0577    0.0010
 000289   S  0.069131  0.122161 -0.002441    0.0074    0.0313    0.0550    0.0190    0.0476    0.0418    0.0009
 000290   L  0.054481  0.095578 -0.003854    0.0035    0.0287    0.0500    0.0130    0.0387    0.0336    0.0008
 000291   G  0.053732  0.072152 -0.004591    0.0035    0.0300    0.0390    0.0110    0.0330    0.0267    0.0008
 000292   L  0.052124  0.059969 -0.006179    0.0035    0.0181    0.0380    0.0100    0.0286    0.0244    0.0009
 000293   L  0.042258  0.055687 -0.007361    0.0033    0.0097    0.0360    0.0090    0.0245    0.0227    0.0010
 000294   V  0.032410  0.050415 -0.008442    0.0035    0.0138    0.0380    0.0080    0.0230    0.0205    0.0014
 000295   A  0.025306  0.046334 -0.009105    0.0033    0.0244    0.0440    0.0110    0.0238    0.0200    0.0020
 000296   F  0.016654  0.049604 -0.009523    0.0035    0.0160    0.0480    0.0120    0.0223    0.0218    0.0029
 000297   V  0.009200  0.055033 -0.008942    0.0053    0.0163    0.0510    0.0150    0.0227    0.0236    0.0045
 000298   D  0.011407  0.060385 -0.008579    0.0029    0.0198    0.0520    0.0160    0.0244    0.0251    0.0080
 000299   Y  0.012471  0.073620 -0.007244    0.0069    0.0181    0.0650    0.0140    0.0294    0.0303    0.0132
 000300   T  0.012363  0.098987 -0.004017    0.0074    0.0178    0.0800    0.0180    0.0361    0.0392    0.0210
 000301   R  0.013391  0.111024  0.001934    0.0078    0.0313    0.1000    0.0230    0.0438    0.0443    0.0321
 000302   Q  0.014149  0.138740  0.008110    0.0078    0.0294    0.1190    0.0350    0.0515    0.0545    0.0478
 000303   L  0.014890  0.191494  0.014992    0.0179    0.0248    0.1550    0.0480    0.0673    0.0740    0.0691
 000304   F  0.014331  0.233805  0.021834    0.0363    0.0473    0.1720    0.0530    0.0840    0.0842    0.0934
 000305   Q  0.013928  0.266846  0.034065    0.0316    0.0433    0.1800    0.0490    0.0892    0.0948    0.1188
 000306   P  0.013120  0.317526  0.051098    0.0455    0.0253    0.1920    0.0540    0.0989    0.1113    0.1452
 000307   L  0.010997  0.354116  0.071602    0.0514    0.0543    0.2000    0.0530    0.1119    0.1192    0.1669
 000308   Q  0.009169  0.337716  0.092528    0.0502    0.0870    0.1730    0.0480    0.1095    0.1084    0.1848
 000309   D  0.008241  0.338069  0.114461    0.0490    0.0676    0.1450    0.0350    0.1013    0.1085    0.1993
 000310   L  0.007194  0.364756  0.141061    0.0965    0.0929    0.1390    0.0430    0.1168    0.1122    0.2122
 000311   S  0.036868  0.357431  0.163535    0.0858    0.0704    0.1280    0.0530    0.1132    0.1087    0.2279
 000312   D  0.059345  0.334942  0.182284    0.0723    0.0734    0.1110    0.0530    0.1084    0.1014    0.2458
 000313   K  0.071920  0.344221  0.204651    0.0587    0.0581    0.0910    0.0400    0.1039    0.1105    0.2538
 000314   F  0.080374  0.324768  0.222917    0.1088    0.1070    0.0980    0.0480    0.1198    0.0957    0.2667
 000315   N  0.088449  0.287770  0.237225    0.1698    0.1852    0.1010    0.0470    0.1388    0.0806    0.2796
 000316   L  0.089846  0.282988  0.254289    0.1844    0.1115    0.1450    0.0750    0.1357    0.0826    0.2897
 000317   F  0.092174  0.289460  0.273732    0.1495    0.0443    0.1790    0.0860    0.1257    0.0999    0.2940
 000318   Q  0.098827  0.278442  0.289474    0.1878    0.0799    0.1710    0.0760    0.1361    0.0933    0.2996
 000319   G  0.100390  0.267808  0.308881    0.1292    0.0494    0.1900    0.0930    0.1229    0.1050    0.3069
 000320   A  0.086678  0.276541  0.328116    0.1292    0.0263    0.2010    0.0980    0.1200    0.1186    0.3112
 000321   M  0.133191  0.273688  0.348048    0.1667    0.0494    0.2280    0.1250    0.1418    0.1130    0.3191
 000322   A  0.206482  0.278444  0.371562    0.1178    0.0555    0.2470    0.1380    0.1510    0.1208    0.3194
 000323   S  0.284710  0.292987  0.395883    0.1150    0.0555    0.2560    0.1340    0.1674    0.1322    0.3196
 000324   A  0.366709  0.321199  0.412763    0.1240    0.0618    0.2930    0.1440    0.1944    0.1447    0.3237
 000325   E  0.456496  0.322441  0.427716    0.2292    0.1323    0.2960    0.1300    0.2394    0.1318    0.3249
 000326   R  0.548576  0.335932  0.442573    0.2385    0.0719    0.2620    0.1050    0.2429    0.1691    0.3240
 000327   I  0.640308  0.357776  0.455489    0.3491    0.1162    0.2450    0.1040    0.2848    0.1803    0.3324
 000328   F  0.742066  0.354925  0.469457    0.3578    0.2164    0.2050    0.0890    0.3127    0.1973    0.3391
 000329   G  0.831104  0.308052  0.484757    0.3311    0.2399    0.1710    0.0720    0.3136    0.2321    0.3455
 000330   V  0.865962  0.361462  0.501355    0.3399    0.2503    0.1580    0.0620    0.3292    0.2431    0.3500
 000331   L  0.885568  0.393100  0.512358    0.3992    0.2918    0.1570    0.0680    0.3545    0.2427    0.3548
 000332   D  0.899145  0.408042  0.519403    0.4420    0.3566    0.1910    0.0740    0.3828    0.2334    0.3548
 000333   T  0.908763  0.482358  0.533848    0.4781    0.3983    0.2430    0.0880    0.4184    0.2208    0.3560
 000334   E  0.920462  0.565444  0.553074    0.5008    0.4330    0.2940    0.1370    0.4523    0.2121    0.3572
 000335   E  0.929866  0.612673  0.572681    0.5296    0.3704    0.3390    0.1690    0.4636    0.2160    0.3588
 000336   E  0.929588  0.669582  0.589913    0.5331    0.3494    0.3940    0.1670    0.4793    0.2153    0.3638
 000337   L  0.925892  0.742884  0.603639    0.4781    0.3529    0.4050    0.1570    0.4841    0.2236    0.3648
 000338   K  0.925888  0.734193  0.613607    0.5229    0.3249    0.3070    0.1220    0.4691    0.2415    0.3563
 000339   D  0.921709  0.727047  0.619650    0.5900    0.4369    0.3260    0.1320    0.5003    0.2181    0.3628
 000340   P  0.919089  0.731606  0.620310    0.5229    0.4369    0.2950    0.1130    0.4843    0.2266    0.3631
 000341   E  0.917812  0.683268  0.610157    0.5549    0.5296    0.2650    0.1030    0.4918    0.2195    0.3630
 000342   D  0.893638  0.661637  0.602494    0.6334    0.5419    0.2430    0.0970    0.4956    0.2170    0.3631
 000343   P  0.833193  0.648907  0.600794    0.6334    0.5493    0.2170    0.0830    0.4804    0.2101    0.3660
 000344   T  0.774757  0.631986  0.592326    0.5762    0.4087    0.2320    0.0830    0.4372    0.1993    0.3668
 000345   P  0.697897  0.599097  0.587163    0.5667    0.3910    0.2280    0.0720    0.4137    0.1842    0.3719
 000346   I  0.616955  0.557163  0.580250    0.4918    0.3910    0.2470    0.0760    0.3840    0.1598    0.3702
 000347   R  0.528693  0.523411  0.569543    0.4513    0.3053    0.2320    0.0730    0.3401    0.1566    0.3635
 000348   S  0.442450  0.494166  0.555851    0.5412    0.2988    0.2140    0.0910    0.3317    0.1569    0.3680
 000349   F  0.352654  0.471661  0.545658    0.5084    0.2193    0.2360    0.1200    0.2980    0.1575    0.3862
 000350   R  0.267542  0.443415  0.533393    0.4149    0.1823    0.2360    0.1330    0.2574    0.1537    0.3950
 000351   G  0.210627  0.408834  0.520131    0.3225    0.0985    0.2790    0.1400    0.2200    0.1605    0.4174
 000352   E  0.185113  0.401991  0.511678    0.2963    0.0967    0.2610    0.1340    0.2068    0.1605    0.4254
 000353   V  0.158118  0.361981  0.499697    0.2122    0.1115    0.2320    0.1280    0.1793    0.1554    0.3992
 000354   E  0.146792  0.332268  0.484945    0.1921    0.0888    0.1880    0.1350    0.1580    0.1550    0.3740
 000355   F  0.139449  0.339706  0.478541    0.2080    0.0870    0.1740    0.1270    0.1581    0.1548    0.3506
 000356   R  0.164756  0.305851  0.470736    0.1732    0.0463    0.1430    0.0970    0.1388    0.1573    0.3355
 000357   D  0.196586  0.283365  0.462203    0.2385    0.0929    0.1120    0.0700    0.1540    0.1450    0.3136
 000358   V  0.196253  0.309047  0.453806    0.1998    0.1162    0.0840    0.0410    0.1509    0.1454    0.2931
 000359   W  0.192802  0.300818  0.443748    0.1958    0.1251    0.0630    0.0250    0.1463    0.1440    0.2791
 000360   L  0.174321  0.282998  0.431364    0.2786    0.2399    0.0610    0.0260    0.1728    0.1337    0.2848
 000361   A  0.156354  0.287200  0.418494    0.3053    0.2436    0.0630    0.0270    0.1759    0.1327    0.2965
 000362   Y  0.138362  0.305146  0.408246    0.2963    0.2541    0.0850    0.0280    0.1797    0.1277    0.3210
 000363   T  0.128262  0.325478  0.399633    0.2748    0.1476    0.0960    0.0260    0.1619    0.1302    0.3491
 000364   P  0.116554  0.346931  0.385284    0.3399    0.1528    0.1260    0.0360    0.1804    0.1310    0.3722
 000365   K  0.073567  0.369011  0.372083    0.2602    0.0909    0.1870    0.0660    0.1634    0.1348    0.3933
 000366   G  0.027434  0.395904  0.362531    0.2700    0.1702    0.2710    0.1110    0.1891    0.1370    0.4038
 000367   V  0.013425  0.416418  0.349526    0.2255    0.1791    0.3060    0.1110    0.1900    0.1430    0.4151
 000368   E  0.003665  0.417046  0.339183    0.2041    0.1184    0.3100    0.0980    0.1755    0.1510    0.4327
 000369   P  0.011010  0.422608  0.330211    0.2602    0.1759    0.3050    0.1160    0.1958    0.1415    0.4215
 000370   T  0.103829  0.419412  0.320254    0.2748    0.1643    0.2960    0.1180    0.2097    0.1163    0.4094
 000371   E  0.196145  0.409166  0.305639    0.3311    0.2364    0.2370    0.1000    0.2350    0.0876    0.4139
 000372   K  0.242438  0.393527  0.295993    0.2531    0.1969    0.1440    0.0570    0.2051    0.0924    0.4250
 000373   D  0.324847  0.356982  0.291353    0.3184    0.2752    0.0990    0.0390    0.2291    0.0969    0.4189
 000374   W  0.429572  0.300638  0.280978    0.2483    0.2951    0.0690    0.0260    0.2238    0.1163    0.3967
 000375   V  0.522360  0.255969  0.270952    0.2292    0.2680    0.0490    0.0170    0.2208    0.1451    0.3946
 000376   L  0.604907  0.211849  0.260741    0.2602    0.2884    0.0430    0.0140    0.2348    0.1724    0.4004
 000377   K  0.675430  0.208085  0.254995    0.2531    0.2783    0.0440    0.0150    0.2431    0.1955    0.4272
 000378   G  0.706520  0.197936  0.249970    0.3225    0.2783    0.0490    0.0150    0.2591    0.2051    0.4192
 000379   V  0.616558  0.190299  0.248241    0.3184    0.2399    0.0550    0.0110    0.2368    0.1761    0.3986
 000380   S  0.525185  0.199831  0.252728    0.2333    0.1399    0.0630    0.0140    0.1935    0.1500    0.3747
 000381   F  0.483444  0.217441  0.254712    0.2080    0.0909    0.0750    0.0150    0.1792    0.1409    0.3546
 000382   R  0.407543  0.254474  0.258128    0.1495    0.0851    0.0920    0.0210    0.1648    0.1208    0.3268
 000383   V  0.312704  0.288115  0.251651    0.1117    0.0765    0.1000    0.0250    0.1482    0.1050    0.3053
 000384   R  0.232927  0.326450  0.243994    0.1041    0.0749    0.1030    0.0240    0.1403    0.1008    0.2814
 000385   P  0.160266  0.364559  0.238214    0.1240    0.1399    0.1060    0.0290    0.1491    0.0976    0.2651
 000386   G  0.101239  0.372722  0.231676    0.1635    0.1759    0.1090    0.0260    0.1538    0.0994    0.2583
 000387   E  0.074271  0.377173  0.228876    0.2209    0.2575    0.1110    0.0260    0.1735    0.1061    0.2580
 000388   K  0.137587  0.370062  0.225010    0.1921    0.2575    0.1170    0.0350    0.1790    0.0918    0.2685
 000389   V  0.176430  0.353519  0.222951    0.1844    0.2609    0.1090    0.0340    0.1808    0.0848    0.2782
 000390   A  0.235868  0.322097  0.221109    0.2432    0.3286    0.1160    0.0320    0.2076    0.0801    0.2895
 000391   L  0.281472  0.315427  0.221708    0.2432    0.2680    0.1310    0.0460    0.2065    0.0690    0.2997
 000392   V  0.290992  0.324528  0.218983    0.3359    0.3149    0.1610    0.0540    0.2379    0.0731    0.3044
 000393   G  0.295030  0.330235  0.219723    0.2700    0.3215    0.1700    0.0390    0.2311    0.0676    0.3119
 000394   A  0.363443  0.345126  0.219061    0.2602    0.3149    0.1810    0.0370    0.2440    0.0757    0.3178
 000395   T  0.351948  0.384162  0.216459    0.2602    0.2436    0.1780    0.0350    0.2363    0.0813    0.3239
 000396   G  0.340149  0.407324  0.207710    0.1667    0.1914    0.1680    0.0390    0.2123    0.0991    0.3272
 000397   A  0.274490  0.429601  0.194931    0.1117    0.1823    0.1560    0.0510    0.1923    0.1088    0.3312
 000398   G  0.236623  0.424045  0.184885    0.0884    0.0948    0.1310    0.0350    0.1625    0.1193    0.3302
 000399   K  0.176805  0.423561  0.173536    0.0884    0.0605    0.1050    0.0270    0.1425    0.1239    0.3310
 000400   T  0.130924  0.370846  0.161404    0.0744    0.0985    0.0980    0.0190    0.1288    0.1037    0.3351
 000401   S  0.118572  0.304898  0.152716    0.0554    0.1349    0.0930    0.0220    0.1178    0.0827    0.3366
 000402   V  0.103552  0.255255  0.153286    0.0884    0.2094    0.0800    0.0210    0.1228    0.0700    0.3391
 000403   V  0.026633  0.191241  0.153942    0.1456    0.2680    0.0640    0.0140    0.1160    0.0834    0.3391
 000404   S  0.026127  0.139216  0.150997    0.1456    0.2680    0.0600    0.0110    0.1065    0.0809    0.3361
 000405   L  0.025664  0.119611  0.149911    0.1698    0.2364    0.0600    0.0120    0.1020    0.0740    0.3307
 000406   I  0.029720  0.120053  0.152705    0.1766    0.1702    0.0670    0.0170    0.0939    0.0601    0.3255
 000407   A  0.032186  0.115033  0.155862    0.1240    0.0929    0.0620    0.0170    0.0711    0.0483    0.3169
 000408   R  0.031519  0.112422  0.159896    0.1060    0.0676    0.0620    0.0190    0.0633    0.0493    0.3100
 000409   F  0.030690  0.118274  0.164395    0.0607    0.0690    0.0610    0.0210    0.0566    0.0521    0.3088
 000410   Y  0.029037  0.114948  0.165897    0.0387    0.0734    0.0570    0.0220    0.0522    0.0549    0.2989
 000411   D  0.035446  0.111668  0.161481    0.0414    0.0443    0.0620    0.0260    0.0491    0.0532    0.2834
 000412   P  0.054034  0.128042  0.159349    0.0425    0.0483    0.0740    0.0370    0.0578    0.0514    0.2691
 000413   Q  0.070142  0.130144  0.159205    0.0395    0.0473    0.0790    0.0480    0.0610    0.0508    0.2545
 000414   R  0.123562  0.121551  0.160038    0.0643    0.0676    0.0780    0.0440    0.0758    0.0441    0.2468
 000415   G  0.135934  0.117755  0.162982    0.0387    0.0631    0.0690    0.0360    0.0707    0.0518    0.2420
 000416   C  0.145628  0.113913  0.167019    0.0587    0.0618    0.0580    0.0260    0.0731    0.0521    0.2361
 000417   V  0.157767  0.108361  0.171030    0.0858    0.0967    0.0560    0.0200    0.0840    0.0493    0.2290
 000418   F  0.168193  0.109595  0.172546    0.0621    0.1162    0.0600    0.0180    0.0860    0.0531    0.2238
 000419   L  0.187878  0.124616  0.174355    0.0567    0.1298    0.0610    0.0210    0.0933    0.0580    0.2125
 000420   D  0.247669  0.138626  0.176164    0.1060    0.2292    0.0610    0.0210    0.1305    0.0719    0.1973
 000421   G  0.251198  0.147790  0.177035    0.1635    0.2328    0.0690    0.0250    0.1440    0.0665    0.1843
 000422   V  0.256680  0.166199  0.176147    0.1635    0.2129    0.0900    0.0330    0.1482    0.0588    0.1743
 000423   D  0.228613  0.183592  0.177798    0.0789    0.1791    0.1030    0.0310    0.1289    0.0591    0.1655
 000424   V  0.237024  0.218920  0.180022    0.0701    0.1759    0.1380    0.0480    0.1400    0.0625    0.1543
 000425   R  0.253017  0.282444  0.185401    0.0643    0.1298    0.1560    0.0490    0.1476    0.0796    0.1449
 000426   R  0.267961  0.361995  0.188958    0.0587    0.1298    0.1600    0.0560    0.1631    0.1027    0.1372
 000427   Y  0.283919  0.435264  0.193541    0.0554    0.1115    0.1590    0.0460    0.1741    0.1284    0.1345
 000428   R  0.285751  0.509259  0.201698    0.0884    0.1115    0.1420    0.0360    0.1894    0.1473    0.1279
 000429   Q  0.248437  0.535243  0.208750    0.0884    0.1275    0.1450    0.0360    0.1908    0.1521    0.1229
 000430   E  0.247565  0.518191  0.217183    0.0935    0.1969    0.1310    0.0320    0.1979    0.1419    0.1227
 000431   E  0.247611  0.480253  0.221433    0.0490    0.1969    0.1110    0.0350    0.1808    0.1404    0.1227
 000432   L  0.238296  0.426891  0.227541    0.0526    0.2224    0.0970    0.0340    0.1729    0.1255    0.1232
 000433   R  0.233414  0.347358  0.240910    0.0965    0.1852    0.0780    0.0260    0.1568    0.0999    0.1240
 000434   R  0.227463  0.293746  0.254570    0.1088    0.1162    0.0690    0.0260    0.1359    0.0939    0.1251
 000435   H  0.240513  0.246193  0.270344    0.1088    0.0909    0.0700    0.0250    0.1260    0.0941    0.1313
 000436   V  0.248285  0.214370  0.285018    0.0744    0.0948    0.0730    0.0210    0.1175    0.0990    0.1355
 000437   G  0.233596  0.202902  0.292640    0.0455    0.1028    0.0720    0.0200    0.1094    0.1027    0.1414
 000438   I  0.208565  0.206429  0.300247    0.0813    0.1671    0.0660    0.0150    0.1215    0.0944    0.1465
 000439   V  0.193201  0.191251  0.305676    0.0965    0.1251    0.0640    0.0140    0.1118    0.0942    0.1574
 000440   L  0.173610  0.209234  0.308518    0.0991    0.0749    0.0700    0.0150    0.1045    0.0995    0.1675
 000441   Q  0.159879  0.237882  0.312286    0.0587    0.0734    0.0790    0.0180    0.1016    0.1076    0.1777
 000442   E  0.142160  0.230145  0.320259    0.0336    0.0734    0.0960    0.0350    0.0959    0.1117    0.1920
 000443   P  0.119980  0.207758  0.325703    0.0701    0.0719    0.1020    0.0430    0.0952    0.1062    0.2080
 000444   F  0.082119  0.195480  0.328726    0.0813    0.0734    0.1170    0.0520    0.0916    0.1066    0.2226
 000445   L  0.051494  0.166450  0.334678    0.0514    0.0463    0.1390    0.0570    0.0757    0.1164    0.2320
 000446   F  0.050204  0.169040  0.340492    0.0502    0.0235    0.1470    0.0580    0.0734    0.1222    0.2388
 000447   S  0.055841  0.193735  0.344797    0.0441    0.0364    0.1340    0.0470    0.0774    0.1235    0.2483
 000448   G  0.062039  0.198785  0.348706    0.0218    0.0433    0.1400    0.0500    0.0776    0.1269    0.2551
 000449   T  0.065632  0.193413  0.351299    0.0425    0.0749    0.1310    0.0420    0.0846    0.1207    0.2633
 000450   V  0.076419  0.202299  0.356971    0.0813    0.0734    0.1200    0.0430    0.0922    0.1181    0.2668
 000451   L  0.089732  0.219338  0.359713    0.1349    0.1399    0.1120    0.0420    0.1160    0.1093    0.2725
 000452   D  0.103917  0.227246  0.364892    0.0744    0.1583    0.1030    0.0390    0.1112    0.1166    0.2777
 000453   N  0.149556  0.258107  0.369178    0.0884    0.1583    0.1030    0.0350    0.1263    0.1154    0.2822
 000454   L  0.217909  0.269512  0.371440    0.0884    0.1323    0.1180    0.0400    0.1377    0.1164    0.2849
 000455   R  0.280119  0.286301  0.370490    0.1602    0.1611    0.1370    0.0540    0.1707    0.1054    0.2855
 000456   L  0.344964  0.293363  0.368421    0.2122    0.2470    0.1760    0.0770    0.2122    0.0924    0.2905
 000457   F  0.383487  0.325005  0.371738    0.2209    0.3667    0.2110    0.0700    0.2511    0.0944    0.2929
 000458   D  0.406907  0.367193  0.374557    0.2292    0.2951    0.2500    0.0660    0.2580    0.0912    0.2911
 000459   P  0.423847  0.414598  0.375366    0.2292    0.2918    0.3210    0.1000    0.2801    0.0933    0.2864
 000460   S  0.439054  0.470667  0.374393    0.1532    0.2783    0.3750    0.1180    0.2861    0.1231    0.2790
 000461   V  0.457070  0.516951  0.368628    0.2167    0.2328    0.3690    0.1260    0.2988    0.1249    0.2688
 000462   P  0.462719  0.565668  0.366456    0.2913    0.2258    0.3640    0.1060    0.3183    0.1263    0.2585
 000463   P  0.471425  0.583204  0.367867    0.1921    0.2193    0.3920    0.0990    0.3097    0.1490    0.2444
 000464   E  0.484267  0.606282  0.362589    0.1266    0.1791    0.4240    0.0860    0.3033    0.1776    0.2272
 000465   R  0.493048  0.633091  0.356514    0.2041    0.2645    0.3990    0.0740    0.3323    0.1540    0.2131
 000466   V  0.520507  0.598493  0.350532    0.1921    0.2817    0.3210    0.0590    0.3190    0.1512    0.2050
 000467   E  0.543551  0.555773  0.350381    0.2865    0.2503    0.2160    0.0620    0.3087    0.1475    0.1990
 000468   E  0.563968  0.515683  0.354625    0.4037    0.2715    0.1800    0.0580    0.3225    0.1450    0.1950
 000469   V  0.583474  0.464184  0.355163    0.3053    0.1823    0.1550    0.0520    0.2817    0.1613    0.1883
 000470   S  0.610967  0.386638  0.353215    0.2122    0.1501    0.1290    0.0420    0.2482    0.1765    0.1855
 000471   R  0.588788  0.336003  0.351302    0.1532    0.0967    0.1150    0.0380    0.2149    0.1829    0.1821
 000472   F  0.542058  0.295094  0.349973    0.2167    0.1671    0.1000    0.0290    0.2201    0.1546    0.1829
 000473   L  0.500484  0.241634  0.341783    0.1292    0.1373    0.0870    0.0190    0.1826    0.1549    0.1845
 000474   G  0.430809  0.194543  0.336839    0.1292    0.1184    0.0900    0.0210    0.1605    0.1373    0.1869
 000475   A  0.352519  0.193278  0.332804    0.1150    0.0676    0.1020    0.0230    0.1384    0.1249    0.1904
 000476   H  0.300768  0.190455  0.327249    0.1240    0.0719    0.1190    0.0280    0.1344    0.1097    0.1940
 000477   E  0.250775  0.176156  0.318365    0.1266    0.1162    0.1400    0.0410    0.1350    0.0906    0.1915
 000478   F  0.205550  0.159663  0.311454    0.1240    0.0719    0.1660    0.0510    0.1211    0.0906    0.1874
 000479   I  0.175967  0.173154  0.306274    0.1178    0.0389    0.1830    0.0490    0.1149    0.0951    0.1818
 000480   L  0.183742  0.169513  0.304287    0.1178    0.0618    0.2070    0.0530    0.1234    0.0907    0.1849
 000481   R  0.185185  0.182484  0.299485    0.0643    0.0676    0.2170    0.0560    0.1194    0.0966    0.1884
 000482   L  0.183452  0.199589  0.296479    0.0701    0.0676    0.2140    0.0470    0.1224    0.0949    0.1973
 000483   P  0.211465  0.207826  0.291357    0.1292    0.1298    0.2090    0.0350    0.1479    0.0738    0.2037
 000484   K  0.216227  0.219334  0.289749    0.1921    0.1731    0.2180    0.0440    0.1698    0.0603    0.2060
 000485   G  0.260346  0.246376  0.289244    0.1878    0.1731    0.2100    0.0450    0.1796    0.0633    0.2125
 000486   Y  0.328748  0.259531  0.289164    0.1766    0.1298    0.2000    0.0390    0.1824    0.0835    0.2202
 000487   Q  0.414158  0.273349  0.286511    0.1805    0.1251    0.1820    0.0410    0.1959    0.1059    0.2270
 000488   T  0.439785  0.294259  0.281612    0.0935    0.1251    0.1810    0.0570    0.1890    0.1264    0.2385
 000489   V  0.469563  0.323758  0.274336    0.1532    0.2164    0.2090    0.0750    0.2287    0.1121    0.2512
 000490   L  0.473409  0.357201  0.265050    0.2122    0.3182    0.2350    0.0730    0.2661    0.0982    0.2681
 000491   G  0.500985  0.387309  0.256049    0.2820    0.3983    0.2500    0.0640    0.3031    0.1007    0.2778
 000492   E  0.525196  0.427452  0.251877    0.3096    0.4087    0.2590    0.0700    0.3216    0.1074    0.2843
 000493   R  0.573317  0.467398  0.246122    0.3762    0.4051    0.2780    0.0830    0.3501    0.1178    0.2825
 000494   G  0.573525  0.493751  0.235502    0.3535    0.2884    0.2890    0.0920    0.3330    0.1275    0.2889
 000495   A  0.569942  0.514030  0.227566    0.2602    0.2609    0.3160    0.0920    0.3201    0.1389    0.3007
 000496   G  0.549692  0.545024  0.224696    0.1732    0.1791    0.3480    0.0910    0.2992    0.1640    0.3093
 000497   L  0.562226  0.532989  0.220541    0.2122    0.1881    0.3780    0.0870    0.3123    0.1578    0.3195
 000498   S  0.549704  0.550074  0.213291    0.1349    0.1759    0.3570    0.0840    0.2947    0.1734    0.3262
 000499   T  0.515388  0.545532  0.208430    0.0884    0.1449    0.3150    0.0830    0.2682    0.1786    0.3266
 000500   G  0.460417  0.510593  0.207131    0.1322    0.1349    0.2450    0.0350    0.2472    0.1540    0.3237
 000501   E  0.419255  0.470982  0.209281    0.1766    0.1349    0.1750    0.0430    0.2295    0.1351    0.3199
 000502   K  0.402804  0.407609  0.216318    0.1178    0.1137    0.1330    0.0440    0.1959    0.1322    0.3166
 000503   Q  0.379882  0.334080  0.226701    0.0643    0.1048    0.1140    0.0360    0.1662    0.1254    0.3167
 000504   L  0.336623  0.274566  0.236719    0.0526    0.1275    0.1030    0.0280    0.1490    0.1084    0.3233
 000505   L  0.275380  0.222684  0.244319    0.0526    0.1349    0.0970    0.0240    0.1304    0.0911    0.3249
 000506   A  0.210344  0.179857  0.249162    0.0909    0.0929    0.1020    0.0250    0.1127    0.0749    0.3218
 000507   L  0.153111  0.175799  0.253246    0.0965    0.0555    0.1160    0.0270    0.0995    0.0759    0.3149
 000508   V  0.143196  0.166071  0.258804    0.1060    0.0568    0.1360    0.0360    0.1013    0.0752    0.3052
 000509   R  0.137434  0.185499  0.261457    0.0607    0.0320    0.1670    0.0520    0.0971    0.0884    0.3003
 000510   A  0.119672  0.200655  0.265453    0.0363    0.0188    0.2110    0.0770    0.0978    0.1017    0.2979
 000511   L  0.096337  0.186482  0.268151    0.0182    0.0194    0.2420    0.0930    0.0937    0.1097    0.3003
 000512   L  0.095928  0.190880  0.272243    0.0084    0.0194    0.2660    0.0930    0.0968    0.1170    0.3014
 000513   A  0.101604  0.209455  0.278454    0.0090    0.0168    0.2710    0.0960    0.1013    0.1208    0.3029
 000514   S  0.124219  0.201202  0.289726    0.0097    0.0171    0.2720    0.0970    0.1040    0.1218    0.3035
 000515   P  0.148583  0.209714  0.297860    0.0150    0.0231    0.2590    0.0990    0.1093    0.1197    0.3009
 000516   D  0.200009  0.208826  0.303679    0.0304    0.0389    0.2410    0.0980    0.1198    0.1135    0.2931
 000517   I  0.274143  0.250637  0.308328    0.0304    0.0300    0.2180    0.0810    0.1338    0.1240    0.2886
 000518   L  0.346888  0.242079  0.314763    0.0514    0.0543    0.1960    0.0660    0.1485    0.1267    0.2878
 000519   L  0.435276  0.252344  0.318538    0.0464    0.0835    0.1880    0.0550    0.1676    0.1436    0.2857
 000520   I  0.515668  0.276822  0.322041    0.0514    0.0948    0.1970    0.0590    0.1893    0.1632    0.2809
 000521   L  0.583612  0.290758  0.325025    0.0643    0.1206    0.2090    0.0710    0.2114    0.1768    0.2769
 000522   D  0.635521  0.312921  0.329200    0.1117    0.1969    0.2470    0.0870    0.2507    0.1734    0.2688
 000523   E  0.686158  0.336656  0.331220    0.1732    0.2783    0.2720    0.0860    0.2910    0.1704    0.2604
 000524   A  0.745499  0.371290  0.334047    0.2167    0.3019    0.3170    0.0940    0.3254    0.1785    0.2510
 000525   T  0.783370  0.426853  0.338800    0.2080    0.2164    0.3590    0.1140    0.3323    0.2009    0.2402
 000526   A  0.800922  0.481682  0.343046    0.1635    0.1914    0.4250    0.1170    0.3437    0.2200    0.2289
 000527   S  0.801642  0.535480  0.343425    0.0935    0.1969    0.4800    0.1170    0.3512    0.2393    0.2217
 000528   V  0.771830  0.574716  0.343928    0.1698    0.2609    0.5260    0.1140    0.3838    0.2120    0.2137
 000529   D  0.747099  0.636607  0.346160    0.2558    0.2575    0.5760    0.1360    0.4121    0.2009    0.2077
 000530   S  0.730945  0.651925  0.345318    0.3096    0.2575    0.6390    0.1320    0.4314    0.1974    0.2062
 000531   E  0.721261  0.654556  0.343479    0.3184    0.3460    0.6170    0.1410    0.4429    0.1767    0.2084
 000532   T  0.710062  0.684112  0.340982    0.3225    0.3983    0.5160    0.1640    0.4385    0.1657    0.2088
 000533   E  0.709381  0.654898  0.333894    0.3053    0.3566    0.3860    0.1210    0.4021    0.1706    0.2100
 000534   K  0.704962  0.614360  0.325627    0.2602    0.3599    0.3500    0.1080    0.3816    0.1723    0.2183
 000535   R  0.702606  0.585412  0.322507    0.2700    0.3910    0.3760    0.1240    0.3875    0.1616    0.2272
 000536   L  0.708643  0.547975  0.319449    0.2700    0.3740    0.3710    0.1150    0.3787    0.1596    0.2390
 000537   Q  0.727855  0.509763  0.319508    0.3146    0.4149    0.3110    0.0860    0.3796    0.1592    0.2513
 000538   E  0.742591  0.480381  0.321170    0.3053    0.4149    0.2990    0.0810    0.3738    0.1643    0.2680
 000539   A  0.753554  0.437866  0.322814    0.3939    0.4051    0.2730    0.0750    0.3772    0.1635    0.2873
 000540   L  0.738044  0.422956  0.325519    0.3885    0.3019    0.2410    0.0680    0.3487    0.1698    0.3054
 000541   Y  0.726512  0.399331  0.323982    0.3005    0.2094    0.2320    0.0820    0.3113    0.1812    0.3157
 000542   K  0.691419  0.386092  0.324704    0.2080    0.1731    0.2100    0.0700    0.2781    0.1849    0.3137
 000543   A  0.672150  0.372334  0.326079    0.1380    0.1702    0.1800    0.0490    0.2555    0.1910    0.3124
 000544   M  0.649402  0.355329  0.326907    0.1088    0.1528    0.1650    0.0540    0.2385    0.1915    0.3161
 000545   E  0.570441  0.325451  0.323640    0.1205    0.0967    0.1520    0.0430    0.2109    0.1731    0.3030
 000546   G  0.501346  0.314312  0.322598    0.1205    0.1007    0.1420    0.0400    0.1964    0.1532    0.2902
 000547   R  0.433449  0.300569  0.325178    0.1240    0.1731    0.1340    0.0380    0.1942    0.1256    0.2786
 000548   T  0.359221  0.289091  0.326537    0.1205    0.0985    0.1230    0.0240    0.1651    0.1206    0.2722
 000549   S  0.321572  0.278786  0.327756    0.1178    0.0870    0.1280    0.0220    0.1555    0.1150    0.2596
 000550   L  0.285351  0.264403  0.332608    0.0771    0.1092    0.1400    0.0280    0.1460    0.1114    0.2433
 000551   I  0.252995  0.255080  0.338867    0.1205    0.1184    0.1700    0.0430    0.1529    0.0980    0.2292
 000552   I  0.200904  0.251088  0.346092    0.1878    0.1881    0.1990    0.0580    0.1711    0.0809    0.2199
 000553   A  0.146266  0.240783  0.347934    0.1322    0.1881    0.2220    0.0710    0.1548    0.0920    0.2189
 000554   H  0.137115  0.231983  0.347093    0.1566    0.1349    0.2480    0.0890    0.1514    0.0954    0.2164
 000555   R  0.126813  0.236737  0.346365    0.1766    0.1028    0.2570    0.0960    0.1500    0.1008    0.2081
 000556   L  0.131907  0.231060  0.344116    0.1088    0.0618    0.2500    0.1010    0.1305    0.1119    0.2112
 000557   S  0.150990  0.219916  0.339212    0.0643    0.0300    0.2540    0.1020    0.1198    0.1212    0.2163
 000558   T  0.241731  0.212112  0.334438    0.0441    0.0300    0.2540    0.1140    0.1303    0.1249    0.2225
 000559   I  0.325741  0.200899  0.332678    0.0226    0.0281    0.2710    0.1300    0.1413    0.1401    0.2230
 000560   R  0.411887  0.186439  0.327244    0.0200    0.0275    0.2620    0.1220    0.1513    0.1554    0.2296
 000561   H  0.499783  0.173543  0.320939    0.0376    0.0454    0.2760    0.1220    0.1721    0.1705    0.2405
 000562   V  0.523429  0.160851  0.314603    0.0607    0.0473    0.2890    0.1270    0.1802    0.1732    0.2425
 000563   D  0.560806  0.139560  0.309051    0.1018    0.0555    0.2520    0.1150    0.1849    0.1765    0.2438
 000564   R  0.591869  0.126036  0.307324    0.0607    0.0734    0.1850    0.0660    0.1728    0.1908    0.2403
 000565   I  0.606261  0.120415  0.303921    0.0336    0.0765    0.1330    0.0530    0.1616    0.2017    0.2367
 000566   L  0.614602  0.118941  0.296519    0.0363    0.0780    0.1230    0.0580    0.1617    0.2039    0.2353
 000567   V  0.581527  0.118895  0.289503    0.0621    0.1275    0.1420    0.0780    0.1720    0.1822    0.2234
 000568   F  0.548924  0.140063  0.282207    0.0607    0.1349    0.1690    0.0810    0.1756    0.1668    0.2098
 000569   R  0.515110  0.176386  0.276397    0.0587    0.1349    0.1760    0.0630    0.1769    0.1528    0.1943
 000570   K  0.490629  0.216079  0.270042    0.1117    0.2292    0.2020    0.0490    0.2083    0.1248    0.1828
 000571   G  0.541524  0.282911  0.267654    0.1205    0.1611    0.2160    0.0510    0.2203    0.1431    0.1711
 000572   R  0.591938  0.364565  0.268200    0.1178    0.0985    0.2300    0.0510    0.2338    0.1724    0.1597
 000573   L  0.643935  0.444927  0.270268    0.1060    0.1229    0.3090    0.0490    0.2711    0.1914    0.1552
 000574   V  0.682069  0.524994  0.276415    0.0587    0.1162    0.3800    0.0590    0.2936    0.2232    0.1483
 000575   E  0.681795  0.588993  0.280187    0.0490    0.1162    0.4150    0.0630    0.3085    0.2361    0.1444
 000576   E  0.616202  0.640356  0.282007    0.0832    0.1914    0.4680    0.0860    0.3332    0.2152    0.1424
 000577   G  0.575797  0.653946  0.281877    0.1322    0.1942    0.4740    0.0830    0.3384    0.2004    0.1418
 000578   S  0.529427  0.670103  0.280343    0.1844    0.1852    0.4540    0.0730    0.3373    0.1876    0.1479
 000579   H  0.451065  0.653821  0.282976    0.1998    0.2645    0.4460    0.0750    0.3359    0.1596    0.1566
 000580   E  0.367551  0.642605  0.289982    0.1349    0.2364    0.3920    0.1020    0.2955    0.1654    0.1608
 000581   E  0.281866  0.608978  0.290081    0.1088    0.1611    0.3350    0.0910    0.2494    0.1668    0.1637
 000582   L  0.194926  0.572435  0.285703    0.0909    0.1048    0.2830    0.0580    0.2077    0.1679    0.1656
 000583   L  0.134810  0.517422  0.280315    0.0554    0.1048    0.2120    0.0570    0.1707    0.1596    0.1693
 000584   A  0.111310  0.458285  0.279605    0.0660    0.1028    0.1580    0.0590    0.1494    0.1432    0.1705
 000585   K  0.122753  0.392219  0.282666    0.1088    0.1554    0.1240    0.0400    0.1506    0.1148    0.1737
 000586   G  0.105074  0.321429  0.284431    0.0607    0.0749    0.1550    0.0620    0.1195    0.1117    0.1739
 000587   G  0.108521  0.242721  0.285761    0.0621    0.0719    0.3340    0.2230    0.1366    0.1177    0.1731
 000588   Y  0.121883  0.177398  0.287082    0.0316    0.0780    0.4720    0.2920    0.1469    0.1556    0.1709
 000589   Y  0.131775  0.139094  0.289071    0.0327    0.0646    0.5840    0.2870    0.1587    0.1930    0.1613
 000590   A  0.159272  0.116305  0.287619    0.0376    0.0581    0.3600    0.2390    0.1219    0.1271    0.1471
 000591   A  0.197434  0.104542  0.288462    0.0274    0.0414    0.2550    0.1270    0.1043    0.1119    0.1378
 000592   L  0.224492  0.115892  0.293288    0.0350    0.0294    0.3710    0.1050    0.1293    0.1375    0.1296
 000593   Y  0.250827  0.156475  0.300114    0.0832    0.0398    0.4100    0.1030    0.1567    0.1370    0.1236
 000594   R  0.276949  0.230794  0.307570    0.1766    0.0555    0.5030    0.1160    0.2071    0.1454    0.1126
 000595   L  0.335269  0.344212  0.314367    0.2531    0.0543    0.5980    0.0780    0.2641    0.1681    0.1024
 000596   Q  0.334680  0.462416  0.320175    0.3005    0.0405    0.6540    0.0750    0.2987    0.1922    0.0972
 000597   F  0.365064  0.576495  0.329773    0.3456    0.0287    0.7650    0.1030    0.3468    0.2343    0.0923
 000598   Q  0.421560  0.639215  0.340732    0.3847    0.0202    0.8380    0.0890    0.3839    0.2604    0.0863
 000599   E  0.679770  0.630339  0.351177    0.5173    0.0294    0.8370    0.0940    0.4489    0.2667    0.0798
 000600   A  0.271701  0.716541  0.361247    0.6442    0.0463    0.8890    0.0350    0.4280    0.2936    0.0753
