#RESNUM RES     VL-XT     VSL2B       VL3  IUPred-S  IUPred-L  PONDRFIT  FITERROR       MDP  MDPERROR   ANCHOR2
 000001   M  0.777736  0.822410  0.800272    0.9009    0.4051    0.9630    0.0170    0.7783    0.1784    0.4222
 000002   R  0.635257  0.816548  0.793120    0.8781    0.3053    0.9470    0.0230    0.7292    0.2121    0.4249
 000003   A  0.637459  0.797450  0.779293    0.8521    0.3529    0.9340    0.0460    0.7255    0.1889    0.4253
 000004   L  0.746225  0.779585  0.764573    0.7458    0.2715    0.9100    0.0470    0.7030    0.2010    0.4253
 000005   A  0.752882  0.757449  0.750983    0.7147    0.2224    0.8930    0.0460    0.6819    0.2131    0.4261
 000006   K  0.746752  0.733175  0.738600    0.6124    0.2715    0.9070    0.0320    0.6683    0.1970    0.4267
 000007   L  0.749418  0.694809  0.726280    0.5084    0.2951    0.9330    0.0250    0.6512    0.2016    0.4274
 000008   A  0.752037  0.658166  0.712591    0.4879    0.3460    0.9180    0.0540    0.6458    0.1847    0.4317
 000009   P  0.748675  0.637381  0.695629    0.4333    0.3053    0.9100    0.0680    0.6218    0.2003    0.4293
 000010   E  0.743604  0.617195  0.677170    0.4203    0.3529    0.8950    0.0780    0.6177    0.1851    0.4239
 000011   E  0.742997  0.596682  0.657857    0.3053    0.3840    0.9180    0.0550    0.6008    0.2075    0.4183
 000012   G  0.748766  0.555735  0.639823    0.3578    0.4330    0.8100    0.0740    0.5908    0.1611    0.4128
 000013   L  0.767946  0.513166  0.622708    0.3762    0.4441    0.7340    0.1050    0.5763    0.1444    0.4106
 000014   T  0.787500  0.475922  0.606753    0.4149    0.4864    0.6760    0.1310    0.5746    0.1289    0.4052
 000015   L  0.805770  0.428753  0.591188    0.4703    0.5707    0.6620    0.1600    0.5882    0.1241    0.3981
 000016   V  0.828623  0.462561  0.573546    0.5173    0.6183    0.6240    0.1670    0.6041    0.1151    0.3917
 000017   D  0.846587  0.490027  0.553268    0.5253    0.5176    0.6250    0.1560    0.5929    0.1210    0.3833
 000018   R  0.851934  0.530581  0.529548    0.6035    0.5176    0.6410    0.1370    0.6124    0.1161    0.3708
 000019   P  0.855366  0.562908  0.504591    0.5549    0.4766    0.6480    0.1480    0.6004    0.1260    0.3674
 000020   V  0.849754  0.587613  0.478615    0.4651    0.4507    0.6430    0.1630    0.5792    0.1397    0.3669
 000021   P  0.843868  0.602586  0.452684    0.3939    0.3774    0.6390    0.1650    0.5515    0.1636    0.3623
 000022   E  0.838176  0.613124  0.426475    0.3578    0.3807    0.6510    0.1640    0.5446    0.1722    0.3583
 000023   P  0.831957  0.607122  0.400664    0.2865    0.3529    0.6540    0.1690    0.5222    0.1913    0.3559
 000024   G  0.825406  0.582120  0.375227    0.3717    0.4051    0.6120    0.1630    0.5287    0.1640    0.3552
 000025   P  0.823727  0.555922  0.350885    0.3399    0.3948    0.4450    0.1330    0.4850    0.1676    0.3567
 000026   G  0.824223  0.497717  0.327081    0.3885    0.3872    0.3490    0.1270    0.4623    0.1705    0.3615
 000027   E  0.831380  0.427297  0.304002    0.4556    0.3529    0.2650    0.1020    0.4394    0.1872    0.3659
 000028   I  0.828503  0.356852  0.280491    0.3491    0.3426    0.2070    0.0810    0.3941    0.2011    0.3774
 000029   L  0.810587  0.287724  0.257255    0.3096    0.3566    0.1710    0.0810    0.3654    0.2070    0.3914
 000030   V  0.775192  0.238618  0.234347    0.2913    0.3460    0.1500    0.0750    0.3392    0.2039    0.3991
 000031   R  0.685711  0.206242  0.212406    0.3717    0.3249    0.1250    0.0590    0.3211    0.1820    0.4063
 000032   V  0.593376  0.179434  0.192358    0.3535    0.3019    0.1160    0.0480    0.2894    0.1573    0.4221
 000033   E  0.501407  0.156359  0.174644    0.2657    0.2064    0.1030    0.0410    0.2346    0.1291    0.4283
 000034   A  0.407003  0.159929  0.159238    0.2292    0.1251    0.1030    0.0390    0.1973    0.1016    0.4111
 000035   A  0.315126  0.151802  0.145051    0.1635    0.1229    0.1060    0.0330    0.1674    0.0687    0.3900
 000036   S  0.223113  0.137677  0.131184    0.0965    0.0662    0.1380    0.0540    0.1321    0.0482    0.3736
 000037   I  0.136051  0.125783  0.117396    0.0909    0.0719    0.2340    0.1170    0.1293    0.0514    0.3524
 000038   C  0.062389  0.117270  0.104267    0.0514    0.0568    0.3700    0.1740    0.1270    0.1114    0.3296
 000039   G  0.006185  0.099042  0.092635    0.0884    0.0568    0.5650    0.2420    0.1514    0.1878    0.3134
 000040   T  0.030569  0.084370  0.084186    0.1117    0.0765    0.6810    0.2260    0.1781    0.2264    0.2947
 000041   D  0.051300  0.072962  0.077803    0.1018    0.1048    0.5800    0.1750    0.1648    0.1865    0.2762
 000042   L  0.132601  0.058350  0.073426    0.0965    0.1092    0.3820    0.0960    0.1421    0.1101    0.2622
 000043   H  0.217481  0.052219  0.069476    0.1240    0.1449    0.2170    0.0760    0.1375    0.0644    0.2531
 000044   I  0.312706  0.055264  0.066042    0.1178    0.0835    0.1930    0.0750    0.1380    0.0903    0.2468
 000045   W  0.412969  0.058076  0.062600    0.1205    0.0929    0.1620    0.0680    0.1515    0.1221    0.2396
 000046   K  0.510391  0.063611  0.059839    0.0935    0.1229    0.1190    0.0700    0.1616    0.1579    0.2433
 000047   W  0.607812  0.073269  0.058506    0.0832    0.1399    0.1100    0.0700    0.1788    0.1937    0.2449
 000048   D  0.714053  0.083645  0.058321    0.1495    0.1424    0.0880    0.0530    0.2060    0.2295    0.2608
 000049   A  0.791202  0.086739  0.059143    0.2080    0.1671    0.0780    0.0430    0.2316    0.2557    0.2805
 000050   W  0.853079  0.090018  0.061720    0.1380    0.1731    0.0750    0.0300    0.2318    0.2804    0.3000
 000051   A  0.833026  0.102143  0.065253    0.0991    0.1671    0.0710    0.0260    0.2230    0.2748    0.3309
 000052   R  0.771039  0.114880  0.071626    0.0935    0.1528    0.0730    0.0250    0.2128    0.2512    0.3669
 000053   G  0.680261  0.140266  0.080047    0.1495    0.2364    0.0700    0.0200    0.2261    0.2103    0.3973
 000054   R  0.592006  0.177440  0.092050    0.1532    0.1476    0.0800    0.0210    0.2071    0.1755    0.4286
 000055   I  0.497092  0.215975  0.106931    0.2209    0.2164    0.1000    0.0370    0.2262    0.1315    0.4182
 000056   R  0.412828  0.255963  0.124380    0.2041    0.2951    0.1030    0.0380    0.2325    0.1051    0.3950
 000057   P  0.340494  0.302106  0.141760    0.2122    0.2399    0.1110    0.0410    0.2246    0.0813    0.3842
 000058   P  0.265874  0.328367  0.157372    0.2963    0.2575    0.1180    0.0380    0.2373    0.0748    0.3758
 000059   L  0.236392  0.325199  0.169642    0.2255    0.2609    0.1410    0.0440    0.2264    0.0599    0.3804
 000060   V  0.236151  0.312737  0.181254    0.1998    0.2575    0.1540    0.0500    0.2235    0.0524    0.3803
 000061   T  0.289671  0.326479  0.192629    0.2786    0.2783    0.1540    0.0550    0.2533    0.0597    0.3792
 000062   G  0.363473  0.337375  0.203725    0.2865    0.3019    0.1620    0.0630    0.2758    0.0713    0.3867
 000063   H  0.429699  0.320789  0.212983    0.2483    0.3321    0.1630    0.0630    0.2845    0.0874    0.3954
 000064   E  0.483680  0.325094  0.221352    0.2483    0.3286    0.1710    0.0580    0.2963    0.1006    0.3991
 000065   F  0.527011  0.352756  0.230408    0.2820    0.2783    0.1620    0.0520    0.3055    0.1146    0.4045
 000066   S  0.557144  0.361891  0.241176    0.3535    0.3566    0.1530    0.0480    0.3371    0.1245    0.3995
 000067   G  0.589792  0.359491  0.252031    0.3096    0.3599    0.1580    0.0480    0.3381    0.1323    0.3949
 000068   V  0.601224  0.380082  0.261324    0.2865    0.3599    0.1500    0.0410    0.3398    0.1388    0.3883
 000069   V  0.598135  0.391495  0.268785    0.2657    0.3460    0.1410    0.0350    0.3351    0.1411    0.3758
 000070   E  0.579653  0.386449  0.275816    0.3578    0.3631    0.1310    0.0380    0.3489    0.1341    0.3571
 000071   A  0.527160  0.402037  0.283144    0.4203    0.4220    0.1340    0.0350    0.3648    0.1252    0.3466
 000072   V  0.539053  0.413917  0.290238    0.3668    0.4292    0.1380    0.0370    0.3629    0.1251    0.3359
 000073   G  0.553391  0.415228  0.296263    0.3578    0.4292    0.1320    0.0390    0.3640    0.1298    0.3225
 000074   P  0.576951  0.440524  0.301916    0.3762    0.3667    0.1350    0.0390    0.3662    0.1339    0.3115
 000075   G  0.598637  0.475704  0.307967    0.3630    0.3494    0.1490    0.0410    0.3739    0.1394    0.3055
 000076   V  0.618172  0.473356  0.313826    0.3992    0.3704    0.1290    0.0320    0.3840    0.1489    0.3008
 000077   R  0.617699  0.502982  0.319238    0.4037    0.3872    0.1170    0.0310    0.3914    0.1550    0.2989
 000078   R  0.616702  0.522478  0.323914    0.3184    0.3840    0.1310    0.0320    0.3827    0.1556    0.2984
 000079   P  0.592443  0.534751  0.328039    0.3885    0.4476    0.1330    0.0350    0.4041    0.1493    0.3003
 000080   Q  0.587496  0.531831  0.331408    0.4513    0.4220    0.1390    0.0390    0.4106    0.1458    0.3066
 000081   V  0.510025  0.509108  0.333352    0.4379    0.3426    0.1480    0.0350    0.3801    0.1255    0.3185
 000082   G  0.442705  0.506580  0.334173    0.3885    0.2884    0.1450    0.0350    0.3509    0.1160    0.3270
 000083   D  0.371308  0.504607  0.331610    0.3885    0.3529    0.1490    0.0270    0.3496    0.1054    0.3281
 000084   H  0.292733  0.475779  0.325538    0.2333    0.3215    0.1590    0.0360    0.3013    0.0970    0.3316
 000085   V  0.209846  0.454328  0.315230    0.2122    0.2164    0.1610    0.0430    0.2615    0.0977    0.3361
 000086   S  0.145037  0.405602  0.302053    0.1844    0.2399    0.1300    0.0240    0.2345    0.0960    0.3265
 000087   L  0.088576  0.368247  0.286860    0.1088    0.2752    0.1080    0.0090    0.2060    0.1084    0.3153
 000088   E  0.055802  0.337555  0.271988    0.1266    0.1942    0.0850    0.0090    0.1785    0.1007    0.3043
 000089   S  0.035709  0.304031  0.258855    0.1060    0.1969    0.0750    0.0130    0.1628    0.0978    0.2843
 000090   H  0.023257  0.244716  0.248786    0.0350    0.1852    0.0700    0.0130    0.1345    0.0950    0.2624
 000091   I  0.019941  0.193595  0.239256    0.0316    0.1791    0.0620    0.0170    0.1209    0.0859    0.2380
 000092   V  0.011478  0.150940  0.229686    0.0425    0.2436    0.0540    0.0170    0.1220    0.0917    0.2087
 000093   C  0.004271  0.125556  0.219966    0.0405    0.1611    0.0480    0.0170    0.0999    0.0755    0.1783
 000094   H  0.003525  0.109760  0.211848    0.0376    0.1476    0.0420    0.0160    0.0921    0.0719    0.1637
 000095   A  0.002977  0.110783  0.204728    0.0226    0.1048    0.0380    0.0130    0.0807    0.0684    0.1488
 000096   C  0.002492  0.115368  0.197111    0.0297    0.0929    0.0350    0.0100    0.0788    0.0654    0.1349
 000097   P  0.001593  0.128632  0.187861    0.0179    0.0568    0.0320    0.0100    0.0708    0.0662    0.1269
 000098   A  0.000870  0.136585  0.177899    0.0090    0.0985    0.0380    0.0140    0.0767    0.0660    0.1197
 000099   C  0.000637  0.144069  0.168935    0.0053    0.0967    0.0400    0.0150    0.0760    0.0654    0.1114
 000100   R  0.000505  0.148746  0.161425    0.0049    0.1028    0.0420    0.0160    0.0768    0.0648    0.1130
 000101   T  0.000431  0.150314  0.154254    0.0049    0.0605    0.0460    0.0160    0.0694    0.0623    0.1150
 000102   G  0.000457  0.145901  0.146721    0.0079    0.0631    0.0460    0.0170    0.0683    0.0591    0.1175
 000103   N  0.001176  0.129187  0.139212    0.0074    0.0909    0.0430    0.0180    0.0685    0.0549    0.1242
 000104   Y  0.002142  0.105893  0.132546    0.0118    0.1028    0.0380    0.0150    0.0655    0.0503    0.1350
 000105   H  0.003256  0.096490  0.126079    0.0116    0.1115    0.0350    0.0150    0.0640    0.0490    0.1409
 000106   V  0.007824  0.086186  0.119428    0.0086    0.1323    0.0370    0.0160    0.0652    0.0503    0.1484
 000107   C  0.008514  0.077026  0.113604    0.0308    0.2164    0.0350    0.0140    0.0803    0.0699    0.1581
 000108   L  0.009220  0.082065  0.108674    0.0259    0.1942    0.0310    0.0100    0.0752    0.0633    0.1792
 000109   N  0.013297  0.091968  0.104539    0.0336    0.2193    0.0320    0.0090    0.0825    0.0695    0.1955
 000110   T  0.013898  0.102987  0.101410    0.0909    0.2002    0.0400    0.0080    0.0915    0.0588    0.2174
 000111   Q  0.017136  0.115145  0.099421    0.0884    0.1731    0.0560    0.0180    0.0915    0.0484    0.2308
 000112   I  0.020462  0.122266  0.097661    0.0514    0.1791    0.0700    0.0290    0.0902    0.0512    0.2467
 000113   L  0.023557  0.142609  0.096266    0.0425    0.1092    0.0660    0.0250    0.0800    0.0405    0.2639
 000114   G  0.037767  0.184718  0.095517    0.0478    0.0704    0.0550    0.0190    0.0819    0.0495    0.2741
 000115   V  0.053622  0.211893  0.096225    0.0464    0.0835    0.0630    0.0190    0.0924    0.0561    0.2865
 000116   D  0.101328  0.235373  0.097538    0.0327    0.0555    0.0650    0.0190    0.0979    0.0659    0.3001
 000117   R  0.148856  0.251796  0.098875    0.0308    0.0948    0.0720    0.0160    0.1161    0.0701    0.3115
 000118   D  0.191657  0.254141  0.100048    0.0542    0.1298    0.0890    0.0290    0.1365    0.0674    0.3217
 000119   G  0.202641  0.238777  0.101021    0.1060    0.2064    0.0750    0.0250    0.1549    0.0629    0.3109
 000120   G  0.212627  0.221461  0.101769    0.0858    0.2064    0.0640    0.0270    0.1487    0.0658    0.3092
 000121   F  0.220680  0.212273  0.102238    0.1018    0.1702    0.0540    0.0260    0.1435    0.0618    0.3047
 000122   A  0.237294  0.199966  0.102551    0.1018    0.1028    0.0470    0.0240    0.1319    0.0653    0.2928
 000123   E  0.235441  0.181425  0.102663    0.1240    0.1184    0.0470    0.0200    0.1348    0.0598    0.2967
 000124   Y  0.222088  0.153480  0.102923    0.1240    0.1852    0.0530    0.0170    0.1402    0.0549    0.3006
 000125   V  0.175370  0.133709  0.102999    0.0832    0.2064    0.0520    0.0150    0.1256    0.0529    0.3058
 000126   V  0.130216  0.116505  0.103057    0.1240    0.2680    0.0540    0.0140    0.1326    0.0655    0.3059
 000127   V  0.083536  0.128919  0.103113    0.1322    0.2680    0.0530    0.0160    0.1282    0.0681    0.3012
 000128   P  0.085169  0.151155  0.102949    0.1266    0.1852    0.0570    0.0160    0.1180    0.0423    0.3005
 000129   A  0.082698  0.176399  0.103235    0.1322    0.1942    0.0800    0.0330    0.1281    0.0442    0.3017
 000130   E  0.072409  0.196028  0.103906    0.0832    0.1092    0.0810    0.0240    0.1076    0.0416    0.3102
 000131   N  0.061609  0.219883  0.105505    0.0991    0.1184    0.0960    0.0380    0.1168    0.0492    0.3168
 000132   A  0.056659  0.222035  0.107710    0.0965    0.1476    0.1090    0.0440    0.1232    0.0516    0.3325
 000133   W  0.056620  0.241442  0.109868    0.1322    0.1476    0.1040    0.0390    0.1320    0.0565    0.3545
 000134   V  0.112477  0.257416  0.111806    0.0832    0.1162    0.1010    0.0310    0.1303    0.0579    0.3402
 000135   N  0.166936  0.281594  0.112955    0.1088    0.1184    0.0870    0.0200    0.1460    0.0652    0.3229
 000136   P  0.194623  0.295076  0.113595    0.1292    0.1092    0.0880    0.0280    0.1549    0.0709    0.3089
 000137   K  0.183540  0.280765  0.113493    0.1150    0.1671    0.0810    0.0250    0.1568    0.0652    0.2973
 000138   D  0.175041  0.237487  0.113066    0.1088    0.2541    0.0650    0.0130    0.1589    0.0695    0.2946
 000139   L  0.175511  0.214208  0.112962    0.1041    0.1373    0.0540    0.0070    0.1330    0.0515    0.2883
 000140   P  0.220413  0.193627  0.113043    0.1456    0.1611    0.0450    0.0070    0.1464    0.0569    0.2835
 000141   F  0.262123  0.157145  0.112337    0.0723    0.1554    0.0430    0.0110    0.1336    0.0708    0.2748
 000142   E  0.305492  0.144831  0.110422    0.0701    0.1251    0.0380    0.0110    0.1324    0.0850    0.2616
 000143   V  0.280596  0.143472  0.107904    0.0884    0.1007    0.0430    0.0120    0.1274    0.0747    0.2362
 000144   A  0.242674  0.130486  0.105285    0.1117    0.1643    0.0450    0.0120    0.1333    0.0604    0.2130
 000145   A  0.228972  0.114827  0.102239    0.1150    0.2328    0.0410    0.0100    0.1392    0.0695    0.2100
 000146   I  0.250126  0.125215  0.098936    0.1150    0.1643    0.0400    0.0100    0.1322    0.0645    0.2138
 000147   L  0.266677  0.150570  0.095585    0.1018    0.0870    0.0400    0.0090    0.1236    0.0716    0.2202
 000148   E  0.312034  0.163079  0.092503    0.0677    0.0719    0.0440    0.0080    0.1251    0.0915    0.2240
 000149   P  0.262368  0.174972  0.089225    0.0316    0.0662    0.0580    0.0230    0.1137    0.0802    0.2194
 000150   F  0.223423  0.182709  0.086068    0.0425    0.1092    0.0720    0.0400    0.1193    0.0635    0.2139
 000151   G  0.186132  0.173471  0.083469    0.0376    0.0929    0.0790    0.0420    0.1088    0.0532    0.2035
 000152   N  0.156467  0.159547  0.082028    0.0677    0.1184    0.0950    0.0400    0.1132    0.0352    0.1944
 000153   A  0.144233  0.173489  0.081474    0.0567    0.1092    0.1070    0.0350    0.1120    0.0384    0.1878
 000154   V  0.139258  0.178356  0.081648    0.0526    0.1528    0.1120    0.0330    0.1195    0.0427    0.1890
 000155   H  0.128987  0.189989  0.083248    0.0660    0.1759    0.1120    0.0330    0.1260    0.0452    0.1908
 000156   T  0.112567  0.237874  0.085374    0.0813    0.2002    0.1470    0.0540    0.1440    0.0582    0.1854
 000157   V  0.159200  0.278858  0.087745    0.1349    0.2193    0.2350    0.0750    0.1859    0.0647    0.1749
 000158   Y  0.248374  0.332701  0.088998    0.1998    0.2193    0.3140    0.0830    0.2339    0.0804    0.1633
 000159   A  0.331857  0.406183  0.090744    0.1292    0.1298    0.3500    0.0670    0.2397    0.1258    0.1581
 000160   G  0.415695  0.470074  0.092445    0.0701    0.1206    0.4150    0.0850    0.2640    0.1712    0.1556
 000161   S  0.518721  0.475829  0.094758    0.0744    0.2064    0.4870    0.1110    0.3096    0.1893    0.1580
 000162   G  0.617794  0.497722  0.096756    0.0744    0.1791    0.5010    0.1130    0.3278    0.2170    0.1612
 000163   V  0.715526  0.502293  0.101280    0.0723    0.1671    0.5170    0.1220    0.3459    0.2439    0.1628
 000164   S  0.808527  0.486913  0.106822    0.0677    0.2193    0.4890    0.1000    0.3631    0.2592    0.1667
 000165   G  0.914468  0.466614  0.113770    0.1041    0.1969    0.5160    0.1250    0.3853    0.2864    0.1692
 000166   K  0.928551  0.470354  0.119238    0.1150    0.1914    0.5040    0.1380    0.3881    0.2881    0.1687
 000167   S  0.942347  0.435576  0.124125    0.0660    0.1162    0.4920    0.1270    0.3627    0.3065    0.1697
 000168   V  0.954828  0.387800  0.127704    0.1018    0.1349    0.4970    0.1360    0.3673    0.3012    0.1720
 000169   L  0.963184  0.329075  0.130148    0.1088    0.1791    0.4750    0.1490    0.3642    0.2962    0.1751
 000170   I  0.962488  0.274705  0.131634    0.1088    0.1759    0.4210    0.1600    0.3458    0.2949    0.1718
 000171   T  0.943552  0.232359  0.132867    0.0858    0.1449    0.3790    0.1440    0.3197    0.2945    0.1688
 000172   G  0.920465  0.228575  0.133816    0.0643    0.0985    0.3810    0.1530    0.3045    0.2945    0.1617
 000173   A  0.910656  0.219076  0.134650    0.0502    0.0662    0.3810    0.1580    0.2937    0.2973    0.1563
 000174   G  0.894346  0.201376  0.135121    0.0542    0.0985    0.3760    0.1670    0.2932    0.2877    0.1533
 000175   P  0.884260  0.189097  0.136850    0.0363    0.0799    0.3630    0.1650    0.2816    0.2887    0.1497
 000176   I  0.881530  0.180977  0.139782    0.0405    0.0799    0.3750    0.1690    0.2830    0.2880    0.1438
 000177   G  0.883768  0.172385  0.143405    0.0304    0.0799    0.3430    0.1330    0.2754    0.2889    0.1444
 000178   L  0.886876  0.164416  0.146674    0.0308    0.0646    0.3380    0.1170    0.2718    0.2918    0.1459
 000179   M  0.886952  0.167038  0.149845    0.0478    0.0948    0.3210    0.1060    0.2780    0.2852    0.1442
 000180   A  0.902079  0.163849  0.152806    0.0607    0.1702    0.2960    0.0860    0.2909    0.2818    0.1395
 000181   A  0.922682  0.168689  0.156168    0.1060    0.1671    0.2860    0.0810    0.3011    0.2832    0.1408
 000182   M  0.900171  0.186695  0.159571    0.1205    0.0985    0.2920    0.0870    0.2929    0.2785    0.1411
 000183   V  0.913485  0.197882  0.164077    0.0677    0.0646    0.3020    0.1000    0.2850    0.2925    0.1441
 000184   V  0.918752  0.215515  0.168508    0.0542    0.0780    0.3050    0.1020    0.2899    0.2934    0.1485
 000185   R  0.923536  0.244003  0.172466    0.0363    0.0870    0.2870    0.0930    0.2917    0.2952    0.1558
 000186   A  0.924125  0.277202  0.175232    0.0316    0.0870    0.2760    0.0820    0.2952    0.2954    0.1627
 000187   S  0.923997  0.288609  0.178515    0.0643    0.1528    0.2580    0.0860    0.3110    0.2836    0.1748
 000188   G  0.923078  0.310539  0.182743    0.0789    0.1791    0.2460    0.1140    0.3200    0.2787    0.1807
 000189   A  0.924438  0.324758  0.189472    0.1292    0.1702    0.2200    0.1030    0.3264    0.2741    0.1907
 000190   G  0.844039  0.350455  0.197067    0.1805    0.2034    0.1860    0.0660    0.3270    0.2385    0.2062
 000191   P  0.801177  0.355439  0.205637    0.1416    0.1554    0.1610    0.0480    0.3035    0.2339    0.2244
 000192   I  0.726804  0.369119  0.212488    0.1732    0.1554    0.1830    0.0520    0.3033    0.2022    0.2400
 000193   L  0.672123  0.373358  0.218001    0.1416    0.1070    0.1700    0.0440    0.2803    0.1948    0.2591
 000194   V  0.595769  0.373813  0.220468    0.1667    0.1275    0.1430    0.0360    0.2712    0.1666    0.2750
 000195   S  0.516660  0.356667  0.222977    0.1416    0.1823    0.1300    0.0330    0.2583    0.1376    0.2896
 000196   D  0.428186  0.347518  0.224093    0.1117    0.2094    0.1160    0.0280    0.2395    0.1154    0.2989
 000197   P  0.344071  0.323033  0.228984    0.1349    0.1583    0.0990    0.0230    0.2147    0.0927    0.3056
 000198   N  0.255730  0.314239  0.236390    0.1566    0.1323    0.1010    0.0320    0.1993    0.0750    0.3077
 000199   P  0.247836  0.295383  0.248146    0.1088    0.1476    0.0950    0.0290    0.1905    0.0766    0.3122
 000200   Y  0.235025  0.288314  0.260036    0.1178    0.1759    0.0960    0.0290    0.1955    0.0715    0.3151
 000201   R  0.226640  0.282952  0.271767    0.1349    0.1115    0.0980    0.0250    0.1876    0.0756    0.3155
 000202   L  0.196374  0.279560  0.280931    0.1150    0.0618    0.1050    0.0220    0.1731    0.0855    0.3163
 000203   A  0.182027  0.266536  0.289164    0.1240    0.1162    0.1050    0.0230    0.1806    0.0732    0.3113
 000204   F  0.173838  0.252863  0.295575    0.1292    0.2064    0.0980    0.0180    0.1927    0.0679    0.3041
 000205   A  0.172873  0.237047  0.303232    0.1878    0.1914    0.0960    0.0160    0.1980    0.0630    0.2975
 000206   R  0.166535  0.228399  0.310623    0.2080    0.2094    0.1070    0.0270    0.2050    0.0617    0.2925
 000207   P  0.167449  0.234230  0.318557    0.1178    0.2164    0.1140    0.0350    0.1947    0.0714    0.2931
 000208   Y  0.201311  0.231836  0.326359    0.1088    0.2034    0.1120    0.0340    0.1973    0.0741    0.2938
 000209   A  0.236146  0.250765  0.333893    0.1178    0.1229    0.1240    0.0410    0.1975    0.0819    0.2984
 000210   D  0.261969  0.270761  0.340303    0.1117    0.0605    0.1450    0.0470    0.1983    0.0990    0.3054
 000211   R  0.299808  0.280696  0.345476    0.1240    0.1229    0.1800    0.0690    0.2254    0.0875    0.3059
 000212   L  0.314591  0.298815  0.348909    0.0789    0.0799    0.2060    0.0870    0.2212    0.1092    0.3093
 000213   V  0.344153  0.313138  0.352131    0.1380    0.0888    0.2160    0.0870    0.2420    0.1021    0.3092
 000214   N  0.368760  0.328529  0.354130    0.1117    0.1092    0.2350    0.0850    0.2511    0.1082    0.3148
 000215   P  0.410039  0.338087  0.355705    0.1322    0.1942    0.2570    0.0970    0.2812    0.0964    0.3202
 000216   L  0.452825  0.357965  0.356136    0.1456    0.1611    0.2690    0.1060    0.2904    0.1106    0.3226
 000217   E  0.472576  0.367868  0.354994    0.1416    0.1731    0.2590    0.1040    0.2949    0.1155    0.3214
 000218   E  0.500362  0.357967  0.352774    0.0789    0.1501    0.2780    0.1140    0.2864    0.1397    0.3170
 000219   D  0.541226  0.346622  0.349457    0.1266    0.2328    0.2870    0.1140    0.3139    0.1268    0.3107
 000220   L  0.574088  0.325168  0.344898    0.1495    0.2680    0.2840    0.1140    0.3243    0.1279    0.2982
 000221   L  0.627420  0.291153  0.340158    0.1349    0.1823    0.2790    0.1150    0.3091    0.1581    0.2830
 000222   E  0.656911  0.273822  0.334243    0.1456    0.2002    0.2940    0.1070    0.3174    0.1639    0.2674
 000223   V  0.701591  0.265613  0.329043    0.1532    0.2164    0.3130    0.0820    0.3298    0.1764    0.2505
 000224   V  0.723063  0.260083  0.323231    0.2333    0.2002    0.3080    0.0740    0.3413    0.1758    0.2380
 000225   R  0.721101  0.254311  0.317182    0.1698    0.1206    0.2950    0.0540    0.3131    0.1949    0.2293
 000226   R  0.718198  0.259643  0.310594    0.0965    0.1137    0.3210    0.0420    0.3034    0.2054    0.2244
 000227   V  0.708979  0.267171  0.304372    0.0991    0.0985    0.3300    0.0540    0.3014    0.2042    0.2253
 000228   T  0.707428  0.282124  0.296590    0.1018    0.0870    0.3480    0.0750    0.3038    0.2054    0.2332
 000229   G  0.693844  0.279323  0.287371    0.0514    0.0765    0.3700    0.0910    0.2930    0.2129    0.2386
 000230   S  0.684215  0.297799  0.275540    0.0490    0.0734    0.3900    0.1010    0.2951    0.2124    0.2462
 000231   G  0.679218  0.303933  0.264869    0.0813    0.1399    0.3810    0.1020    0.3084    0.1935    0.2530
 000232   V  0.672561  0.293471  0.254464    0.1292    0.1823    0.3380    0.0990    0.3117    0.1754    0.2628
 000233   E  0.675067  0.291068  0.246768    0.1322    0.1373    0.3140    0.0990    0.2994    0.1818    0.2790
 000234   V  0.700348  0.297868  0.240223    0.1635    0.1184    0.3030    0.1040    0.3039    0.1895    0.2922
 000235   L  0.712129  0.294769  0.235782    0.1921    0.1759    0.2800    0.0990    0.3152    0.1826    0.2996
 000236   L  0.718550  0.275484  0.230441    0.1292    0.1852    0.2590    0.0740    0.2997    0.1935    0.3038
 000237   E  0.705641  0.280724  0.224021    0.1416    0.1881    0.2520    0.0700    0.2987    0.1873    0.3029
 000238   F  0.697295  0.306414  0.215619    0.2167    0.1702    0.3060    0.0760    0.3187    0.1764    0.2942
 000239   S  0.684574  0.302291  0.206746    0.2122    0.1275    0.3110    0.0800    0.3073    0.1797    0.2762
 000240   G  0.631767  0.314231  0.198607    0.1349    0.1048    0.3170    0.0880    0.2835    0.1754    0.2642
 000241   N  0.582051  0.338221  0.191902    0.1088    0.0618    0.2690    0.0870    0.2587    0.1716    0.2538
 000242   E  0.547123  0.359556  0.186292    0.0858    0.0334    0.2650    0.0970    0.2462    0.1724    0.2459
 000243   A  0.550432  0.329580  0.181662    0.0813    0.0631    0.2840    0.1090    0.2483    0.1662    0.2302
 000244   A  0.526435  0.296585  0.176690    0.0395    0.0555    0.2920    0.1200    0.2311    0.1662    0.2191
 000245   I  0.540594  0.265556  0.171100    0.0771    0.0870    0.2860    0.1240    0.2378    0.1569    0.2110
 000246   H  0.545986  0.240714  0.164898    0.1240    0.1554    0.2460    0.1070    0.2462    0.1412    0.2099
 000247   Q  0.546643  0.207671  0.159537    0.1958    0.2034    0.2350    0.0970    0.2581    0.1310    0.2069
 000248   G  0.552537  0.196488  0.155442    0.1998    0.1852    0.2080    0.0840    0.2495    0.1365    0.2045
 000249   L  0.548547  0.189292  0.151599    0.2531    0.1969    0.1900    0.0770    0.2548    0.1347    0.2033
 000250   M  0.559576  0.188712  0.147735    0.2385    0.1275    0.1540    0.0630    0.2361    0.1490    0.2020
 000251   A  0.573687  0.197131  0.143730    0.1532    0.1275    0.1530    0.0610    0.2247    0.1575    0.1899
 000252   L  0.564380  0.205542  0.138768    0.0965    0.0662    0.1590    0.0640    0.2051    0.1667    0.1787
 000253   I  0.611282  0.226461  0.134265    0.0832    0.0704    0.1540    0.0530    0.2133    0.1851    0.1655
 000254   P  0.612197  0.233024  0.130961    0.0567    0.0870    0.1260    0.0340    0.2076    0.1889    0.1630
 000255   G  0.602836  0.248212  0.130062    0.0909    0.1162    0.1310    0.0490    0.2198    0.1783    0.1549
 000256   G  0.560578  0.264282  0.129541    0.1602    0.2224    0.1250    0.0630    0.2437    0.1502    0.1483
 000257   E  0.513096  0.270497  0.128147    0.1667    0.1349    0.1110    0.0520    0.2207    0.1407    0.1406
 000258   A  0.513458  0.267505  0.126592    0.1844    0.1251    0.1090    0.0420    0.2211    0.1412    0.1298
 000259   R  0.494273  0.277802  0.125009    0.1060    0.0646    0.0970    0.0280    0.1941    0.1505    0.1197
 000260   I  0.463731  0.278986  0.123275    0.1698    0.1206    0.1240    0.0360    0.2134    0.1249    0.1150
 000261   L  0.432583  0.268973  0.121376    0.1266    0.0929    0.1300    0.0350    0.1954    0.1202    0.1161
 000262   G  0.369237  0.280230  0.119306    0.1602    0.0929    0.1340    0.0350    0.1926    0.0989    0.1214
 000263   I  0.309770  0.272818  0.117369    0.1456    0.1501    0.1560    0.0440    0.1920    0.0720    0.1259
 000264   P  0.256215  0.269993  0.114999    0.1878    0.2575    0.1210    0.0340    0.2012    0.0646    0.1362
 000265   S  0.246711  0.259153  0.112627    0.1635    0.1476    0.1080    0.0290    0.1729    0.0598    0.1419
 000266   D  0.241080  0.262648  0.110421    0.1732    0.1007    0.0870    0.0160    0.1626    0.0689    0.1457
 000267   P  0.238664  0.249744  0.108402    0.1041    0.0765    0.0850    0.0210    0.1437    0.0719    0.1466
 000268   I  0.235864  0.228231  0.106270    0.0554    0.0676    0.0830    0.0210    0.1294    0.0743    0.1437
 000269   R  0.228027  0.216891  0.104257    0.0567    0.0851    0.0750    0.0200    0.1277    0.0686    0.1496
 000270   F  0.197620  0.209611  0.101853    0.0554    0.0454    0.0770    0.0240    0.1145    0.0656    0.1580
 000271   D  0.173083  0.195865  0.099419    0.0991    0.0909    0.0810    0.0340    0.1233    0.0442    0.1549
 000272   L  0.151113  0.177470  0.096806    0.0965    0.1251    0.0720    0.0230    0.1198    0.0358    0.1457
 000273   A  0.142691  0.173868  0.094502    0.0991    0.0646    0.0550    0.0140    0.1050    0.0417    0.1409
 000274   G  0.133875  0.159909  0.092234    0.1349    0.1184    0.0480    0.0110    0.1145    0.0362    0.1396
 000275   E  0.128216  0.137614  0.089900    0.0587    0.0543    0.0460    0.0120    0.0858    0.0361    0.1356
 000276   L  0.122557  0.123534  0.087751    0.0567    0.0433    0.0460    0.0120    0.0799    0.0337    0.1275
 000277   V  0.114995  0.114205  0.086010    0.0304    0.0398    0.0460    0.0120    0.0719    0.0348    0.1238
 000278   M  0.095712  0.108645  0.084560    0.0179    0.0320    0.0480    0.0150    0.0645    0.0337    0.1224
 000279   R  0.081745  0.103213  0.083091    0.0387    0.0605    0.0480    0.0160    0.0693    0.0221    0.1205
 000280   G  0.069122  0.107842  0.081989    0.0376    0.0341    0.0510    0.0190    0.0636    0.0259    0.1155
 000281   I  0.057877  0.105738  0.081263    0.0643    0.0349    0.0530    0.0180    0.0662    0.0224    0.1087
 000282   T  0.050454  0.109831  0.081035    0.0316    0.0341    0.0500    0.0170    0.0594    0.0277    0.1114
 000283   A  0.045029  0.108012  0.080800    0.0327    0.0662    0.0440    0.0130    0.0628    0.0257    0.1150
 000284   F  0.035360  0.106472  0.080019    0.0455    0.0414    0.0420    0.0090    0.0584    0.0260    0.1187
 000285   G  0.025598  0.106614  0.078356    0.0455    0.0320    0.0420    0.0100    0.0550    0.0285    0.1193
 000286   I  0.013241  0.096053  0.075691    0.0212    0.0306    0.0490    0.0090    0.0476    0.0297    0.1211
 000287   A  0.012958  0.090237  0.073583    0.0304    0.0543    0.0490    0.0090    0.0518    0.0256    0.1286
 000288   G  0.012371  0.087692  0.072104    0.0514    0.0909    0.0500    0.0090    0.0607    0.0268    0.1359
 000289   R  0.011511  0.081639  0.071819    0.0677    0.0967    0.0450    0.0100    0.0624    0.0276    0.1436
 000290   R  0.011515  0.080350  0.071429    0.0744    0.0555    0.0390    0.0120    0.0554    0.0239    0.1543
 000291   L  0.040114  0.086076  0.071244    0.0587    0.0349    0.0370    0.0110    0.0547    0.0191    0.1638
 000292   W  0.087616  0.093515  0.070699    0.0607    0.0364    0.0360    0.0110    0.0642    0.0224    0.1763
 000293   Q  0.140201  0.095844  0.069811    0.0387    0.0341    0.0350    0.0100    0.0689    0.0390    0.1789
 000294   T  0.155378  0.095583  0.068098    0.0259    0.0414    0.0370    0.0080    0.0706    0.0443    0.1823
 000295   W  0.163509  0.095915  0.065686    0.0478    0.0817    0.0440    0.0080    0.0832    0.0402    0.1801
 000296   M  0.165755  0.097967  0.062932    0.0478    0.0506    0.0500    0.0110    0.0792    0.0423    0.1748
 000297   Q  0.170786  0.098157  0.060909    0.0832    0.1007    0.0520    0.0150    0.0942    0.0386    0.1625
 000298   G  0.176101  0.109444  0.059400    0.0607    0.0719    0.0590    0.0190    0.0893    0.0426    0.1490
 000299   T  0.184043  0.118543  0.058347    0.0587    0.0704    0.0610    0.0190    0.0919    0.0463    0.1336
 000300   A  0.161161  0.116683  0.058793    0.0350    0.0888    0.0650    0.0220    0.0876    0.0415    0.1177
 000301   L  0.114442  0.135924  0.060845    0.0363    0.0518    0.0750    0.0260    0.0791    0.0351    0.1068
 000302   V  0.093833  0.167873  0.063632    0.0832    0.0518    0.0810    0.0290    0.0902    0.0373    0.0976
 000303   Y  0.092886  0.187121  0.065203    0.0884    0.1070    0.1180    0.0430    0.1098    0.0383    0.0890
 000304   S  0.118494  0.204694  0.065814    0.0464    0.1028    0.1370    0.0470    0.1125    0.0513    0.0859
 000305   G  0.130636  0.235969  0.066593    0.0464    0.0909    0.1630    0.0560    0.1222    0.0639    0.0832
 000306   R  0.148948  0.260818  0.068443    0.0813    0.1007    0.1670    0.0470    0.1379    0.0652    0.0820
 000307   V  0.172387  0.275971  0.071371    0.1041    0.1501    0.1520    0.0310    0.1543    0.0640    0.0813
 000308   D  0.202128  0.297036  0.076045    0.0526    0.0817    0.1620    0.0320    0.1453    0.0856    0.0860
 000309   L  0.251174  0.339576  0.081288    0.0643    0.0817    0.1950    0.0430    0.1688    0.1023    0.0889
 000310   S  0.279928  0.349827  0.086958    0.0327    0.0749    0.2050    0.0430    0.1715    0.1158    0.0962
 000311   P  0.274773  0.343007  0.090925    0.0414    0.0494    0.1970    0.0520    0.1660    0.1146    0.1051
 000312   L  0.277717  0.330731  0.094036    0.0744    0.0870    0.1990    0.0530    0.1772    0.0998    0.1069
 000313   L  0.258134  0.320335  0.096583    0.0677    0.1449    0.1940    0.0580    0.1804    0.0883    0.1094
 000314   T  0.257665  0.303803  0.100159    0.1292    0.1942    0.1970    0.0640    0.1971    0.0696    0.1130
 000315   H  0.243383  0.331232  0.104253    0.1349    0.1092    0.1920    0.0610    0.1858    0.0812    0.1126
 000316   R  0.226128  0.346050  0.108202    0.1088    0.1092    0.1800    0.0450    0.1797    0.0865    0.1107
 000317   L  0.199838  0.329422  0.112246    0.0542    0.0631    0.1580    0.0350    0.1529    0.0939    0.1095
 000318   P  0.153283  0.337991  0.116400    0.0935    0.0568    0.1360    0.0360    0.1489    0.0900    0.1124
 000319   L  0.133903  0.340797  0.121703    0.0542    0.0424    0.1390    0.0510    0.1386    0.0980    0.1110
 000320   S  0.119145  0.316955  0.127041    0.0567    0.0749    0.1320    0.0580    0.1379    0.0848    0.1135
 000321   R  0.112604  0.296526  0.131962    0.0464    0.0749    0.1200    0.0530    0.1304    0.0798    0.1139
 000322   Y  0.114395  0.303666  0.135975    0.0387    0.0646    0.1050    0.0450    0.1271    0.0853    0.1143
 000323   R  0.107497  0.287773  0.139220    0.0677    0.0909    0.0890    0.0380    0.1303    0.0737    0.1214
 000324   E  0.105658  0.269853  0.143007    0.1266    0.0985    0.0850    0.0390    0.1381    0.0619    0.1262
 000325   A  0.096592  0.271837  0.147225    0.1041    0.0929    0.0870    0.0340    0.1333    0.0650    0.1286
 000326   F  0.109706  0.252699  0.151427    0.0660    0.0581    0.0870    0.0330    0.1208    0.0665    0.1338
 000327   G  0.126153  0.230953  0.155811    0.0723    0.0327    0.0830    0.0290    0.1167    0.0644    0.1386
 000328   L  0.137009  0.220346  0.159665    0.0813    0.0334    0.0900    0.0230    0.1203    0.0603    0.1400
 000329   L  0.145161  0.206969  0.163974    0.0405    0.0294    0.1030    0.0250    0.1148    0.0643    0.1396
 000330   A  0.170215  0.180477  0.168105    0.0441    0.0662    0.1220    0.0460    0.1251    0.0532    0.1397
 000331   S  0.198919  0.177948  0.170958    0.0455    0.0676    0.1390    0.0490    0.1333    0.0574    0.1387
 000332   G  0.251664  0.185159  0.172362    0.0542    0.0543    0.1560    0.0490    0.1456    0.0711    0.1393
 000333   Q  0.304665  0.178603  0.172933    0.0965    0.0967    0.1770    0.0560    0.1710    0.0696    0.1389
 000334   A  0.362516  0.184639  0.174884    0.0677    0.0780    0.3920    0.1210    0.2100    0.1265    0.1369
 000335   V  0.396359  0.215831  0.178394    0.0858    0.0555    0.4890    0.1430    0.2369    0.1574    0.1363
 000336   K  0.429374  0.270305  0.182415    0.1380    0.0543    0.5010    0.1140    0.2626    0.1582    0.1381
 000337   V  0.471656  0.344321  0.185747    0.2786    0.0967    0.5720    0.1170    0.3249    0.1616    0.1367
 000338   I  0.506373  0.433117  0.187897    0.3225    0.0749    0.4880    0.1550    0.3354    0.1590    0.1374
 000339   L  0.539022  0.539247  0.187455    0.4513    0.1229    0.5990    0.1090    0.4064    0.1837    0.1400
 000340   D  0.532406  0.612075  0.185964    0.5762    0.1942    0.6950    0.0770    0.4660    0.2011    0.1421
 000341   P  0.587994  0.715357  0.183762    0.6516    0.2064    0.7370    0.0450    0.5137    0.2304    0.1454
 000342   K  0.518393  0.798363  0.183834    0.6906    0.1702    0.7930    0.0640    0.5257    0.2634    0.1479
 000343   A  0.638198  0.812084  0.183916    0.7275    0.1323    0.8880    0.0340    0.5637    0.2972    0.1485
