#RESNUM RES     VL-XT     VSL2B       VL3  IUPred-S  IUPred-L  PONDRFIT  FITERROR       MDP  MDPERROR   ANCHOR2
 000001   M  0.942090  0.776500  0.170265    0.6870    0.0568    0.9500    0.0250    0.5687    0.3565    0.1268
 000002   G  0.713879  0.700691  0.172798    0.5583    0.0592    0.9110    0.0330    0.4905    0.3061    0.1286
 000003   V  0.575118  0.638523  0.178494    0.5253    0.0424    0.8930    0.0570    0.4457    0.2871    0.1306
 000004   M  0.608575  0.531513  0.180672    0.4379    0.0817    0.7790    0.1150    0.4064    0.2424    0.1343
 000005   E  0.519856  0.425036  0.180733    0.3225    0.1048    0.7220    0.0510    0.3490    0.2092    0.1377
 000006   I  0.454345  0.321653  0.179436    0.3053    0.0676    0.7270    0.0910    0.3126    0.2119    0.1402
 000007   L  0.434449  0.251092  0.177492    0.2602    0.0851    0.5690    0.1470    0.2666    0.1636    0.1516
 000008   V  0.426614  0.179548  0.175718    0.1380    0.0662    0.6440    0.1640    0.2424    0.2023    0.1588
 000009   S  0.413849  0.153900  0.173879    0.1117    0.0676    0.5010    0.1930    0.2081    0.1640    0.1680
 000010   T  0.412411  0.158753  0.175523    0.0542    0.0851    0.5820    0.1380    0.2155    0.1920    0.1728
 000011   L  0.437272  0.163168  0.176954    0.0308    0.0690    0.7110    0.1160    0.2352    0.2399    0.1698
 000012   E  0.426365  0.170820  0.181549    0.0455    0.0543    0.5930    0.1120    0.2149    0.2020    0.1693
 000013   A  0.409641  0.189153  0.186120    0.0297    0.0543    0.5220    0.0990    0.2008    0.1816    0.1739
 000014   V  0.410400  0.195104  0.192490    0.0286    0.0555    0.4190    0.1230    0.1847    0.1565    0.1767
 000015   P  0.431633  0.187193  0.197664    0.0395    0.0463    0.3180    0.1110    0.1704    0.1435    0.1800
 000016   G  0.417215  0.181469  0.203280    0.0218    0.0414    0.3050    0.0840    0.1611    0.1427    0.1812
 000017   Y  0.394313  0.165959  0.209545    0.0268    0.0749    0.2880    0.0860    0.1583    0.1287    0.1834
 000018   R  0.398077  0.146655  0.216632    0.0441    0.1229    0.2300    0.0740    0.1570    0.1162    0.1779
 000019   V  0.413849  0.134247  0.226037    0.0701    0.1881    0.1880    0.0610    0.1657    0.1128    0.1754
 000020   A  0.429939  0.137058  0.233407    0.0701    0.1275    0.1750    0.0700    0.1566    0.1223    0.1758
 000021   Q  0.483410  0.144548  0.239340    0.0723    0.1184    0.1800    0.0890    0.1665    0.1400    0.1783
 000022   V  0.497359  0.149623  0.245403    0.0789    0.1852    0.1790    0.0980    0.1816    0.1386    0.1870
 000023   L  0.493825  0.170560  0.253704    0.0789    0.1671    0.1670    0.0880    0.1796    0.1383    0.1980
 000024   G  0.539568  0.201207  0.258038    0.1041    0.2064    0.1640    0.0850    0.2025    0.1460    0.2008
 000025   V  0.539523  0.250523  0.263357    0.1495    0.1942    0.1690    0.0800    0.2171    0.1382    0.2092
 000026   V  0.545796  0.317229  0.273206    0.1322    0.1643    0.1840    0.0760    0.2239    0.1463    0.2201
 000027   K  0.514550  0.367184  0.280218    0.0832    0.1671    0.1860    0.0720    0.2197    0.1499    0.2330
 000028   G  0.465700  0.420792  0.290630    0.1416    0.2609    0.1940    0.0740    0.2472    0.1251    0.2479
 000029   S  0.415457  0.483329  0.303095    0.1380    0.1881    0.1830    0.0640    0.2346    0.1375    0.2675
 000030   T  0.374243  0.506712  0.311449    0.2080    0.1791    0.2020    0.0630    0.2451    0.1272    0.2862
 000031   V  0.429487  0.505485  0.320656    0.1805    0.1823    0.2000    0.0540    0.2496    0.1382    0.3025
 000032   R  0.489775  0.541292  0.334763    0.1205    0.1759    0.1650    0.0420    0.2487    0.1731    0.3222
 000033   S  0.470247  0.539006  0.345929    0.1495    0.1643    0.1550    0.0330    0.2464    0.1684    0.3412
 000034   K  0.433749  0.507563  0.355804    0.2292    0.2364    0.1700    0.0420    0.2629    0.1342    0.3570
 000035   H  0.402773  0.497107  0.365938    0.1635    0.2541    0.1610    0.0360    0.2463    0.1390    0.3783
 000036   L  0.382291  0.491004  0.376278    0.2255    0.2399    0.1680    0.0300    0.2511    0.1279    0.3900
 000037   G  0.379962  0.447574  0.391371    0.3005    0.2436    0.1690    0.0260    0.2568    0.1150    0.3967
 000038   K  0.364474  0.425619  0.408465    0.2292    0.2399    0.1780    0.0290    0.2395    0.1174    0.4044
 000039   D  0.338938  0.385873  0.424630    0.1732    0.2399    0.1880    0.0390    0.2210    0.1199    0.4107
 000040   L  0.303959  0.369174  0.440787    0.1766    0.2541    0.1990    0.0530    0.2171    0.1184    0.4109
 000041   L  0.269576  0.338628  0.455786    0.1766    0.1643    0.2070    0.0650    0.1927    0.1276    0.4058
 000042   A  0.247770  0.317839  0.470857    0.2558    0.2609    0.2070    0.0720    0.2148    0.1163    0.3984
 000043   G  0.318109  0.298535  0.483080    0.1844    0.2783    0.2040    0.0720    0.2138    0.1263    0.3921
 000044   L  0.387780  0.296352  0.494866    0.2122    0.1914    0.2160    0.0800    0.2172    0.1373    0.3861
 000045   R  0.457985  0.326822  0.504212    0.2292    0.2034    0.2310    0.0950    0.2414    0.1444    0.3800
 000046   T  0.516094  0.343163  0.514783    0.1532    0.2094    0.2450    0.1030    0.2445    0.1664    0.3765
 000047   L  0.582727  0.353560  0.524609    0.2333    0.2470    0.2390    0.1000    0.2760    0.1663    0.3732
 000048   V  0.661452  0.418740  0.533858    0.2432    0.1759    0.2310    0.0930    0.2884    0.1976    0.3720
 000049   G  0.701367  0.443512  0.542481    0.2167    0.1791    0.2430    0.0880    0.2973    0.2114    0.3719
 000050   G  0.736710  0.478212  0.549448    0.1380    0.1823    0.2750    0.0930    0.3016    0.2323    0.3702
 000051   E  0.763209  0.509824  0.558809    0.2041    0.2224    0.2850    0.0880    0.3307    0.2240    0.3729
 000052   L  0.774449  0.523932  0.568161    0.2913    0.2988    0.2800    0.0790    0.3614    0.2063    0.3784
 000053   P  0.787908  0.534513  0.578257    0.2913    0.3494    0.2670    0.0880    0.3718    0.2082    0.3824
 000054   E  0.804244  0.553281  0.586897    0.2786    0.2849    0.2990    0.1000    0.3700    0.2198    0.3833
 000055   Y  0.816649  0.563825  0.598394    0.3717    0.3286    0.3070    0.0980    0.3980    0.2068    0.3833
 000056   T  0.823829  0.581035  0.607462    0.3053    0.3494    0.2820    0.0830    0.3902    0.2207    0.3818
 000057   E  0.827718  0.573073  0.609508    0.2700    0.3019    0.2840    0.0860    0.3762    0.2318    0.3759
 000058   M  0.830575  0.586276  0.616135    0.3578    0.3774    0.3090    0.0940    0.4102    0.2099    0.3720
 000059   L  0.834979  0.597486  0.618784    0.3806    0.4051    0.3080    0.0970    0.4210    0.2067    0.3611
 000060   Q  0.837511  0.598298  0.616933    0.3668    0.3286    0.3000    0.0880    0.4052    0.2189    0.3495
 000061   E  0.840058  0.622015  0.620160    0.3263    0.3494    0.3160    0.0880    0.4090    0.2216    0.3447
 000062   A  0.841542  0.642768  0.623966    0.2432    0.3494    0.3300    0.0980    0.4011    0.2362    0.3381
 000063   R  0.840697  0.638130  0.624142    0.3263    0.3948    0.3180    0.1140    0.4197    0.2185    0.3339
 000064   E  0.836838  0.635531  0.622140    0.3053    0.3631    0.3440    0.1150    0.4141    0.2200    0.3319
 000065   V  0.833059  0.640890  0.619430    0.2657    0.3426    0.3640    0.1100    0.4078    0.2260    0.3272
 000066   A  0.830423  0.634988  0.616220    0.3359    0.3529    0.3740    0.1320    0.4214    0.2102    0.3211
 000067   E  0.827640  0.643902  0.609898    0.3184    0.3356    0.3870    0.1620    0.4188    0.2130    0.3189
 000068   A  0.811978  0.642369  0.600182    0.2255    0.2884    0.3990    0.1640    0.3945    0.2302    0.3177
 000069   R  0.794624  0.622503  0.586278    0.2531    0.3356    0.4070    0.1730    0.4022    0.2094    0.3170
 000070   M  0.788864  0.607881  0.572713    0.2963    0.3840    0.4030    0.1690    0.4134    0.1910    0.3266
 000071   L  0.768039  0.605077  0.559321    0.2963    0.3149    0.4070    0.1590    0.3986    0.1926    0.3305
 000072   E  0.728053  0.600023  0.546565    0.2432    0.2193    0.4060    0.1580    0.3662    0.2068    0.3261
 000073   E  0.683245  0.588451  0.532651    0.2041    0.2503    0.3960    0.1720    0.3537    0.1960    0.3240
 000074   A  0.621009  0.567256  0.518747    0.1456    0.1852    0.4030    0.1570    0.3204    0.2026    0.3191
 000075   R  0.558782  0.539356  0.502513    0.1322    0.1671    0.4020    0.1510    0.2999    0.1922    0.3144
 000076   R  0.510055  0.478527  0.486744    0.1292    0.1528    0.4020    0.1500    0.2788    0.1780    0.3119
 000077   L  0.475556  0.433259  0.473751    0.1495    0.1528    0.4000    0.1550    0.2685    0.1617    0.3149
 000078   G  0.446992  0.388371  0.460728    0.0832    0.1528    0.3970    0.1570    0.2447    0.1663    0.3131
 000079   A  0.391558  0.375840  0.447235    0.0813    0.1528    0.3840    0.1490    0.2309    0.1557    0.3176
 000080   H  0.356962  0.356400  0.433802    0.0909    0.1583    0.3770    0.1480    0.2233    0.1446    0.3235
 000081   A  0.347669  0.326419  0.417929    0.0909    0.1349    0.3650    0.1350    0.2108    0.1408    0.3215
 000082   V  0.346964  0.312270  0.400482    0.1416    0.1671    0.3510    0.1100    0.2198    0.1179    0.3247
 000083   L  0.390182  0.324175  0.385127    0.0858    0.1554    0.3490    0.1030    0.2175    0.1341    0.3349
 000084   G  0.446956  0.296389  0.368754    0.0587    0.1399    0.3620    0.0870    0.2174    0.1495    0.3355
 000085   V  0.463674  0.275508  0.351986    0.0744    0.1424    0.3950    0.0740    0.2252    0.1494    0.3366
 000086   R  0.452655  0.284193  0.336504    0.0789    0.1206    0.4000    0.0780    0.2227    0.1483    0.3386
 000087   Y  0.450045  0.274071  0.321440    0.0643    0.1323    0.4310    0.0810    0.2254    0.1523    0.3434
 000088   A  0.454403  0.262557  0.309568    0.0832    0.1206    0.4260    0.0840    0.2244    0.1488    0.3432
 000089   T  0.473636  0.267880  0.297271    0.0884    0.0780    0.4010    0.0950    0.2182    0.1549    0.3414
 000090   A  0.510611  0.265157  0.284629    0.0621    0.0631    0.4100    0.1010    0.2185    0.1719    0.3345
 000091   S  0.540873  0.260289  0.273755    0.0350    0.0341    0.4000    0.0960    0.2117    0.1883    0.3275
 000092   V  0.544714  0.252732  0.258899    0.0279    0.0414    0.4030    0.0860    0.2116    0.1889    0.3218
 000093   M  0.535095  0.242819  0.245371    0.0252    0.0704    0.4150    0.0880    0.2147    0.1831    0.3148
 000094   Q  0.537055  0.222017  0.231967    0.0414    0.0929    0.4090    0.0830    0.2171    0.1760    0.3045
 000095   G  0.582368  0.214979  0.223334    0.0425    0.0618    0.4000    0.0800    0.2169    0.1922    0.3024
 000096   A  0.625877  0.205595  0.214938    0.0514    0.0948    0.3740    0.0760    0.2253    0.1959    0.2999
 000097   A  0.646254  0.187573  0.207901    0.0316    0.0592    0.3570    0.0660    0.2137    0.2104    0.2962
 000098   E  0.637776  0.169735  0.206070    0.0554    0.1115    0.3330    0.0620    0.2180    0.1957    0.2909
 000099   I  0.610629  0.148330  0.205783    0.0414    0.1554    0.3470    0.0810    0.2172    0.1877    0.2870
 000100   L  0.587991  0.125501  0.204790    0.0414    0.1229    0.3910    0.0830    0.2115    0.1907    0.2904
 000101   V  0.550531  0.109744  0.204359    0.0607    0.1449    0.4990    0.1390    0.2275    0.1946    0.2854
 000102   Y  0.516897  0.113656  0.203897    0.0441    0.1554    0.5800    0.1590    0.2350    0.2069    0.2797
 000103   G  0.529009  0.114486  0.200912    0.0701    0.1583    0.5160    0.1210    0.2313    0.1895    0.2761
 000104   T  0.549928  0.123453  0.199078    0.1060    0.1643    0.5250    0.1510    0.2448    0.1889    0.2721
 000105   A  0.552725  0.143855  0.197085    0.0643    0.1399    0.6720    0.0380    0.2621    0.2326    0.2633
 000106   V  0.601754  0.194361  0.198144    0.0884    0.1206    0.6310    0.1410    0.2726    0.2255    0.2537
 000107   R  0.660888  0.299709  0.199293    0.1380    0.1206    0.6130    0.1160    0.3054    0.2216    0.2478
 000108   L  0.717909  0.425194  0.195959    0.2080    0.1229    0.6840    0.1490    0.3597    0.2394    0.2434
 000109   E  0.771044  0.561956  0.192307    0.2432    0.0870    0.7350    0.1740    0.3997    0.2714    0.2364
 000110   P  0.844223  0.700401  0.189912    0.3847    0.1424    0.7600    0.1220    0.4720    0.2798    0.2319
 000111   A  0.967895  0.791477  0.187168    0.5084    0.2034    0.8060    0.0560    0.5462    0.3037    0.2212
 000112   R  0.991422  0.856969  0.187982    0.6255    0.2645    0.8400    0.0500    0.5963    0.3058    0.2178
 000113   E  0.949116  0.860755  0.191763    0.7458    0.3704    0.8550    0.0820    0.6301    0.2824    0.2143
 000114   V  0.996114  0.852145  0.194962    0.7869    0.3392    0.9310    0.0330    0.6508    0.3059    0.2098
