#RESNUM RES     VL-XT     VSL2B       VL3  IUPred-S  IUPred-L  PONDRFIT  FITERROR       MDP  MDPERROR   ANCHOR2
 000001   M  0.775031  0.949804  0.075241    0.7275    0.0058    0.9920    0.0070    0.5749    0.3981    0.0089
 000002   Y  0.775435  0.923553  0.078001    0.5623    0.0041    0.9770    0.0160    0.5405    0.3862    0.0078
 000003   R  0.795736  0.886622  0.079375    0.4037    0.0050    0.9770    0.0140    0.5113    0.3857    0.0070
 000004   G  0.557197  0.800006  0.079819    0.2292    0.0064    0.9700    0.0190    0.4272    0.3623    0.0064
 000005   S  0.467233  0.700818  0.080596    0.1698    0.0047    0.9690    0.0190    0.3853    0.3491    0.0061
 000006   E  0.400324  0.568653  0.081359    0.1292    0.0057    0.9450    0.0440    0.3414    0.3277    0.0055
 000007   G  0.316498  0.426365  0.080759    0.0478    0.0069    0.8710    0.0610    0.2781    0.3001    0.0046
 000008   Q  0.230219  0.306772  0.080078    0.0363    0.0054    0.7790    0.0850    0.2262    0.2639    0.0038
 000009   W  0.170459  0.217786  0.080866    0.0268    0.0064    0.6250    0.0920    0.1744    0.2096    0.0029
 000010   A  0.109284  0.140644  0.082577    0.0082    0.0052    0.5930    0.1000    0.1427    0.2018    0.0023
 000011   F  0.073918  0.099453  0.085236    0.0066    0.0044    0.4530    0.0820    0.1063    0.1540    0.0018
 000012   Y  0.067525  0.084233  0.086749    0.0040    0.0041    0.3900    0.0840    0.0916    0.1323    0.0014
 000013   L  0.045382  0.064277  0.088418    0.0049    0.0039    0.3850    0.1010    0.0839    0.1323    0.0011
 000014   H  0.026118  0.049634  0.089694    0.0027    0.0027    0.3290    0.0710    0.0683    0.1147    0.0009
 000015   R  0.006917  0.049069  0.090127    0.0008    0.0021    0.2620    0.0730    0.0535    0.0935    0.0007
 000016   I  0.004594  0.047972  0.090184    0.0005    0.0015    0.1890    0.0900    0.0406    0.0695    0.0005
 000017   S  0.002470  0.047206  0.091038    0.0003    0.0013    0.1040    0.0490    0.0258    0.0457    0.0004
 000018   G  0.000332  0.047143  0.092547    0.0002    0.0009    0.1030    0.0590    0.0253    0.0464    0.0003
 000019   I  0.000123  0.050390  0.094271    0.0002    0.0005    0.0980    0.0470    0.0248    0.0459    0.0002
 000020   G  0.000149  0.043360  0.095202    0.0002    0.0010    0.0780    0.0260    0.0205    0.0422    0.0002
 000021   I  0.000214  0.036135  0.097161    0.0002    0.0008    0.0640    0.0160    0.0169    0.0405    0.0001
 000022   L  0.000346  0.030779  0.097814    0.0003    0.0012    0.0560    0.0130    0.0147    0.0397    0.0001
 000023   V  0.000404  0.024706  0.098618    0.0003    0.0017    0.0460    0.0120    0.0122    0.0391    0.0001
 000024   F  0.000450  0.015886  0.100345    0.0004    0.0023    0.0420    0.0110    0.0101    0.0396    0.0001
 000025   L  0.000528  0.014930  0.101210    0.0005    0.0019    0.0390    0.0110    0.0095    0.0399    0.0001
 000026   V  0.000600  0.015991  0.102097    0.0004    0.0013    0.0380    0.0110    0.0094    0.0402    0.0001
 000027   L  0.000643  0.018355  0.103920    0.0005    0.0019    0.0400    0.0120    0.0102    0.0408    0.0001
 000028   H  0.000731  0.021746  0.104656    0.0003    0.0021    0.0430    0.0150    0.0114    0.0411    0.0001
 000029   V  0.000858  0.028905  0.104789    0.0003    0.0023    0.0510    0.0190    0.0139    0.0415    0.0001
 000030   L  0.001014  0.040528  0.105569    0.0006    0.0025    0.0570    0.0200    0.0169    0.0423    0.0001
 000031   N  0.001111  0.057499  0.106177    0.0006    0.0025    0.0650    0.0190    0.0211    0.0441    0.0002
 000032   I  0.001453  0.074358  0.105719    0.0006    0.0037    0.0690    0.0190    0.0248    0.0456    0.0002
 000033   A  0.001945  0.106720  0.104112    0.0010    0.0045    0.0730    0.0220    0.0313    0.0505    0.0004
 000034   S  0.001937  0.132344  0.102879    0.0028    0.0039    0.0870    0.0220    0.0380    0.0566    0.0005
 000035   A  0.001863  0.162646  0.102140    0.0049    0.0047    0.1200    0.0230    0.0491    0.0670    0.0007
 000036   M  0.001813  0.194335  0.100044    0.0035    0.0068    0.1650    0.0220    0.0619    0.0814    0.0009
 000037   W  0.001711  0.229253  0.098522    0.0038    0.0058    0.2010    0.0190    0.0736    0.0963    0.0012
 000038   G  0.001554  0.278373  0.097266    0.0086    0.0057    0.2300    0.0240    0.0874    0.1134    0.0015
 000039   P  0.001342  0.310223  0.095189    0.0035    0.0057    0.2330    0.0280    0.0923    0.1231    0.0016
 000040   E  0.001107  0.306597  0.093231    0.0028    0.0076    0.2330    0.0420    0.0918    0.1220    0.0017
 000041   V  0.000704  0.302041  0.091238    0.0070    0.0138    0.2280    0.0460    0.0920    0.1186    0.0016
 000042   S  0.000163  0.282682  0.088362    0.0074    0.0089    0.2020    0.0500    0.0836    0.1096    0.0016
 000043   N  0.000083  0.251447  0.086148    0.0200    0.0081    0.1830    0.0510    0.0771    0.0963    0.0015
 000044   A  0.000128  0.229269  0.083888    0.0137    0.0097    0.1580    0.0490    0.0685    0.0868    0.0012
 000045   F  0.000149  0.217554  0.081961    0.0061    0.0066    0.1320    0.0460    0.0604    0.0814    0.0010
 000046   M  0.000148  0.198437  0.080518    0.0084    0.0076    0.1000    0.0340    0.0524    0.0719    0.0008
 000047   K  0.000129  0.186135  0.079079    0.0061    0.0066    0.0640    0.0150    0.0438    0.0666    0.0008
 000048   F  0.000107  0.153356  0.078524    0.0124    0.0066    0.0510    0.0100    0.0373    0.0552    0.0006
 000049   Y  0.000106  0.129474  0.077732    0.0062    0.0052    0.0430    0.0090    0.0307    0.0488    0.0004
 000050   H  0.000106  0.115697  0.077227    0.0013    0.0034    0.0360    0.0120    0.0260    0.0457    0.0003
 000051   Q  0.000106  0.104595  0.076184    0.0007    0.0023    0.0330    0.0150    0.0235    0.0427    0.0002
 000052   P  0.000111  0.092934  0.073237    0.0007    0.0026    0.0290    0.0120    0.0209    0.0391    0.0002
 000053   V  0.000057  0.079148  0.071700    0.0004    0.0026    0.0300    0.0120    0.0187    0.0354    0.0001
 000054   F  0.000031  0.068314  0.069127    0.0003    0.0018    0.0320    0.0130    0.0170    0.0326    0.0001
 000055   Q  0.000027  0.064049  0.065976    0.0004    0.0015    0.0320    0.0120    0.0163    0.0309    0.0001
 000056   L  0.000037  0.053152  0.064090    0.0005    0.0016    0.0340    0.0110    0.0148    0.0284    0.0000
 000057   G  0.000055  0.042738  0.063016    0.0004    0.0019    0.0330    0.0110    0.0131    0.0266    0.0000
 000058   L  0.000074  0.036342  0.061604    0.0002    0.0019    0.0320    0.0120    0.0118    0.0254    0.0000
 000059   L  0.000080  0.031618  0.060215    0.0004    0.0019    0.0330    0.0110    0.0112    0.0246    0.0000
 000060   V  0.000105  0.027698  0.059291    0.0007    0.0029    0.0350    0.0100    0.0111    0.0240    0.0000
 000061   L  0.000142  0.027105  0.059573    0.0004    0.0030    0.0380    0.0100    0.0114    0.0244    0.0000
 000062   I  0.000169  0.030606  0.059607    0.0004    0.0020    0.0390    0.0090    0.0120    0.0248    0.0000
 000063   A  0.000195  0.035597  0.060896    0.0003    0.0018    0.0390    0.0100    0.0129    0.0257    0.0000
 000064   G  0.000212  0.038334  0.062207    0.0003    0.0017    0.0380    0.0090    0.0132    0.0263    0.0000
 000065   V  0.000241  0.040607  0.063462    0.0005    0.0019    0.0380    0.0100    0.0136    0.0268    0.0000
 000066   L  0.000263  0.045215  0.064705    0.0002    0.0013    0.0370    0.0100    0.0140    0.0277    0.0000
 000067   Y  0.000300  0.048119  0.066479    0.0002    0.0014    0.0380    0.0110    0.0146    0.0287    0.0000
 000068   H  0.000417  0.054202  0.066187    0.0001    0.0015    0.0370    0.0110    0.0156    0.0294    0.0000
 000069   G  0.000406  0.063392  0.066653    0.0002    0.0014    0.0360    0.0110    0.0169    0.0311    0.0000
 000070   F  0.000380  0.067632  0.068116    0.0003    0.0021    0.0370    0.0110    0.0180    0.0322    0.0000
 000071   N  0.000367  0.068803  0.067931    0.0002    0.0027    0.0380    0.0110    0.0183    0.0324    0.0001
 000072   G  0.000415  0.070127  0.066987    0.0003    0.0027    0.0380    0.0110    0.0186    0.0324    0.0001
 000073   L  0.000425  0.074314  0.066614    0.0006    0.0038    0.0430    0.0140    0.0203    0.0332    0.0001
 000074   R  0.000494  0.064278  0.066284    0.0004    0.0033    0.0430    0.0150    0.0187    0.0313    0.0001
 000075   I  0.000553  0.056431  0.066652    0.0004    0.0034    0.0470    0.0170    0.0179    0.0303    0.0001
 000076   I  0.000595  0.053500  0.067451    0.0003    0.0031    0.0600    0.0280    0.0195    0.0318    0.0001
 000077   L  0.000662  0.052380  0.069178    0.0006    0.0044    0.0640    0.0320    0.0203    0.0325    0.0001
 000078   M  0.000993  0.042698  0.071249    0.0005    0.0064    0.0710    0.0350    0.0203    0.0333    0.0002
 000079   D  0.000989  0.048322  0.073443    0.0006    0.0067    0.0650    0.0260    0.0203    0.0331    0.0002
 000080   F  0.000997  0.053622  0.076589    0.0006    0.0047    0.0690    0.0230    0.0214    0.0352    0.0003
 000081   T  0.000923  0.061217  0.078401    0.0012    0.0052    0.0610    0.0150    0.0216    0.0353    0.0004
 000082   S  0.000892  0.069804  0.079839    0.0006    0.0035    0.0580    0.0130    0.0221    0.0368    0.0005
 000083   W  0.000785  0.078626  0.081113    0.0003    0.0031    0.0610    0.0120    0.0240    0.0391    0.0006
 000084   G  0.000686  0.084632  0.081754    0.0004    0.0038    0.0620    0.0140    0.0253    0.0404    0.0006
 000085   V  0.000588  0.089948  0.082734    0.0003    0.0026    0.0610    0.0150    0.0258    0.0417    0.0006
 000086   R  0.000398  0.102480  0.083404    0.0004    0.0029    0.0570    0.0170    0.0271    0.0442    0.0007
 000087   Y  0.000056  0.100280  0.083830    0.0005    0.0029    0.0560    0.0190    0.0267    0.0438    0.0007
 000088   Q  0.000043  0.092509  0.083445    0.0006    0.0026    0.0510    0.0190    0.0245    0.0418    0.0007
 000089   K  0.000022  0.083063  0.082448    0.0005    0.0025    0.0470    0.0180    0.0221    0.0394    0.0006
 000090   Q  0.000021  0.069911  0.081752    0.0003    0.0018    0.0470    0.0190    0.0199    0.0369    0.0004
 000091   L  0.000018  0.044192  0.080935    0.0004    0.0018    0.0460    0.0180    0.0154    0.0334    0.0003
 000092   W  0.000015  0.028891  0.080027    0.0002    0.0012    0.0460    0.0170    0.0128    0.0326    0.0002
 000093   Y  0.000011  0.020903  0.079700    0.0001    0.0007    0.0450    0.0150    0.0111    0.0324    0.0001
 000094   A  0.000010  0.013017  0.079041    0.0002    0.0013    0.0430    0.0130    0.0097    0.0322    0.0001
 000095   A  0.000009  0.009370  0.079616    0.0001    0.0008    0.0430    0.0130    0.0088    0.0326    0.0001
 000096   W  0.000003  0.006743  0.080922    0.0002    0.0007    0.0460    0.0140    0.0089    0.0336    0.0001
 000097   V  0.000002  0.005173  0.081868    0.0001    0.0004    0.0450    0.0130    0.0085    0.0340    0.0000
 000098   L  0.000001  0.004345  0.082056    0.0001    0.0008    0.0460    0.0120    0.0086    0.0342    0.0000
 000099   F  0.000001  0.004253  0.084034    0.0001    0.0004    0.0480    0.0110    0.0089    0.0353    0.0000
 000100   V  0.000001  0.004610  0.085882    0.0001    0.0004    0.0500    0.0100    0.0091    0.0360    0.0000
 000101   V  0.000001  0.004752  0.087596    0.0001    0.0004    0.0520    0.0090    0.0095    0.0369    0.0000
 000102   F  0.000002  0.006121  0.088663    0.0001    0.0006    0.0630    0.0130    0.0116    0.0387    0.0000
 000103   Y  0.000003  0.008857  0.089645    0.0001    0.0006    0.0810    0.0170    0.0150    0.0419    0.0000
 000104   L  0.013581  0.013147  0.089762    0.0002    0.0006    0.1000    0.0160    0.0212    0.0444    0.0000
 000105   P  0.029290  0.017935  0.089764    0.0001    0.0008    0.1360    0.0330    0.0306    0.0525    0.0001
 000106   F  0.045008  0.024439  0.089071    0.0001    0.0009    0.2960    0.1290    0.0610    0.1039    0.0001
 000107   L  0.058702  0.037030  0.089026    0.0002    0.0014    0.5160    0.1480    0.1023    0.1819    0.0001
 000108   V  0.092161  0.055748  0.088252    0.0002    0.0018    0.7150    0.1460    0.1442    0.2518    0.0001
 000109   K  0.131882  0.088647  0.087422    0.0004    0.0026    0.7420    0.1600    0.1609    0.2582    0.0002
 000110   I  0.184752  0.140281  0.085647    0.0006    0.0042    0.7950    0.1340    0.1875    0.2739    0.0003
 000111   G  0.245645  0.192867  0.081945    0.0009    0.0054    0.7560    0.1580    0.2001    0.2591    0.0004
 000112   G  0.346146  0.250820  0.079583    0.0029    0.0060    0.4120    0.1040    0.1696    0.1628    0.0005
 000113   G  0.431952  0.345812  0.078529    0.0094    0.0082    0.6340    0.1810    0.2383    0.2369    0.0007
 000114   I  0.514067  0.468459  0.078246    0.0316    0.0109    0.6700    0.1230    0.2825    0.2636    0.0008
 000115   L  0.593866  0.590950  0.078883    0.0935    0.0178    0.7420    0.1550    0.3398    0.2950    0.0010
 000116   G  0.689920  0.724472  0.079750    0.1060    0.0115    0.8420    0.1400    0.3957    0.3477    0.0014
 000117   G  0.767546  0.848331  0.081153    0.2483    0.0240    0.8270    0.1200    0.4526    0.3558    0.0016
 000118   S  0.880421  0.928444  0.082527    0.4116    0.0518    0.8510    0.0780    0.5206    0.3716    0.0019
 000119   H  0.859651  0.966482  0.083353    0.5473    0.0967    0.8790    0.0820    0.5582    0.3649    0.0021
 000120   G  0.987740  0.983883  0.086012    0.5941    0.0690    0.9320    0.0290    0.5945    0.3990    0.0023
 000121   D  0.999758  0.988852  0.088462    0.7458    0.1852    0.9580    0.0220    0.6463    0.3815    0.0027
