#RESNUM RES     VL-XT     VSL2B       VL3  IUPred-S  IUPred-L  PONDRFIT  FITERROR       MDP  MDPERROR   ANCHOR2
 000001   M  0.940968  0.791091  0.560184    0.9068    0.1914    0.9760    0.0160    0.6343    0.2919    0.3113
 000002   D  0.852742  0.744245  0.549964    0.8074    0.1671    0.9560    0.0240    0.5879    0.2759    0.3236
 000003   P  0.822745  0.741043  0.540359    0.7605    0.2328    0.9430    0.0280    0.5833    0.2475    0.3309
 000004   E  0.748952  0.704185  0.535621    0.6827    0.2783    0.9400    0.0270    0.5590    0.2224    0.3378
 000005   V  0.688056  0.653295  0.527973    0.6604    0.1942    0.9310    0.0230    0.5212    0.2379    0.3434
 000006   F  0.632891  0.589848  0.523625    0.6293    0.2436    0.8860    0.0250    0.4970    0.2086    0.3471
 000007   A  0.584992  0.538802  0.523388    0.5043    0.2715    0.8040    0.0940    0.4505    0.1783    0.3663
 000008   Q  0.551334  0.488713  0.525608    0.4651    0.3356    0.7880    0.0560    0.4381    0.1615    0.3841
 000009   A  0.525022  0.484347  0.523247    0.4282    0.3948    0.7390    0.1080    0.4285    0.1407    0.3933
 000010   R  0.504574  0.437257  0.519866    0.4203    0.4149    0.7150    0.1040    0.4153    0.1348    0.3967
 000011   L  0.458487  0.458287  0.522751    0.4116    0.3983    0.6910    0.0770    0.4030    0.1315    0.3971
 000012   R  0.422206  0.514302  0.530928    0.4458    0.3599    0.6550    0.0800    0.3995    0.1290    0.3999
 000013   M  0.422258  0.550367  0.538520    0.4078    0.3426    0.6780    0.0740    0.4002    0.1430    0.3934
 000014   D  0.446244  0.563022  0.543114    0.3005    0.2224    0.6630    0.0770    0.3659    0.1779    0.3924
 000015   Q  0.469992  0.583313  0.546353    0.2913    0.1399    0.6790    0.1010    0.3606    0.2046    0.3931
 000016   L  0.496279  0.595416  0.544970    0.2786    0.2164    0.6440    0.1150    0.3717    0.1836    0.3909
 000017   T  0.516664  0.580848  0.535612    0.2748    0.3426    0.5410    0.0990    0.3759    0.1448    0.3929
 000018   K  0.532895  0.561601  0.523639    0.3053    0.3087    0.4590    0.1200    0.3613    0.1363    0.3917
 000019   P  0.551656  0.541952  0.514714    0.2963    0.2752    0.4640    0.1520    0.3548    0.1420    0.3912
 000020   P  0.610816  0.507620  0.505705    0.2483    0.2328    0.4570    0.1750    0.3428    0.1631    0.3973
 000021   R  0.672665  0.469627  0.499681    0.2167    0.2364    0.4480    0.1850    0.3405    0.1779    0.4067
 000022   A  0.679516  0.434019  0.499236    0.2209    0.2436    0.4100    0.1700    0.3313    0.1761    0.4152
 000023   L  0.681275  0.421401  0.497386    0.2292    0.2129    0.4160    0.1630    0.3267    0.1799    0.4186
 000024   G  0.688435  0.402002  0.489949    0.1921    0.2258    0.4330    0.1550    0.3235    0.1852    0.4270
 000025   Y  0.672903  0.387131  0.483409    0.1566    0.1449    0.4540    0.1640    0.3027    0.2025    0.4309
 000026   L  0.638916  0.383565  0.478704    0.1240    0.1476    0.4340    0.1610    0.2880    0.1986    0.4301
 000027   E  0.620315  0.377180  0.474977    0.1266    0.2193    0.3830    0.1340    0.2877    0.1795    0.4307
 000028   E  0.609470  0.349701  0.468500    0.1266    0.2064    0.3810    0.0980    0.2789    0.1776    0.4250
 000029   V  0.615950  0.321401  0.465523    0.1205    0.1501    0.3690    0.0820    0.2628    0.1886    0.4203
 000030   A  0.621594  0.308932  0.462711    0.0991    0.1251    0.3770    0.0740    0.2553    0.1984    0.4169
 000031   L  0.635246  0.304487  0.460566    0.0490    0.1251    0.3670    0.0710    0.2468    0.2115    0.4151
 000032   R  0.643673  0.302299  0.463063    0.0502    0.1373    0.3360    0.0660    0.2450    0.2112    0.4126
 000033   L  0.652843  0.286347  0.462890    0.0701    0.1070    0.3170    0.0510    0.2389    0.2144    0.4098
 000034   A  0.671929  0.271484  0.463018    0.1205    0.1643    0.2870    0.0570    0.2526    0.2029    0.4010
 000035   A  0.658583  0.278897  0.460784    0.0677    0.1643    0.2710    0.0640    0.2401    0.2089    0.3917
 000036   L  0.634858  0.291567  0.458623    0.1088    0.2436    0.2370    0.0650    0.2527    0.1875    0.3818
 000037   Q  0.591109  0.352331  0.459529    0.1602    0.2951    0.2240    0.0680    0.2704    0.1634    0.3649
 000038   G  0.543065  0.378077  0.456495    0.1566    0.2164    0.2470    0.0690    0.2569    0.1572    0.3525
 000039   R  0.487585  0.417436  0.452290    0.1240    0.1476    0.3000    0.0760    0.2462    0.1621    0.3398
 000040   V  0.450591  0.444598  0.450979    0.1322    0.1501    0.3210    0.0620    0.2497    0.1569    0.3268
 000041   K  0.424094  0.463315  0.448331    0.1117    0.1501    0.3320    0.0840    0.2468    0.1601    0.3143
 000042   P  0.379925  0.450884  0.442725    0.1240    0.1942    0.3660    0.0890    0.2525    0.1441    0.3017
 000043   E  0.365636  0.438394  0.425974    0.0991    0.1643    0.4050    0.1030    0.2454    0.1515    0.2867
 000044   L  0.386758  0.401897  0.407036    0.1266    0.2541    0.4090    0.1090    0.2630    0.1260    0.2704
 000045   G  0.396369  0.365971  0.390414    0.1205    0.2988    0.3850    0.1140    0.2611    0.1173    0.2600
 000046   R  0.405794  0.331121  0.375747    0.1566    0.3249    0.3620    0.1180    0.2634    0.1020    0.2582
 000047   G  0.450056  0.298087  0.366181    0.2483    0.3356    0.3480    0.1160    0.2801    0.0870    0.2535
 000048   A  0.505751  0.260219  0.354715    0.2385    0.2609    0.3320    0.0970    0.2662    0.1083    0.2484
 000049   V  0.532413  0.233959  0.345919    0.1766    0.2292    0.3040    0.0910    0.2461    0.1295    0.2402
 000050   V  0.521304  0.228454  0.334486    0.1266    0.2470    0.2740    0.0690    0.2328    0.1334    0.2325
 000051   V  0.543252  0.230378  0.322631    0.1532    0.3117    0.2500    0.0570    0.2481    0.1329    0.2288
 000052   A  0.539177  0.239190  0.312468    0.1635    0.2470    0.2380    0.0530    0.2379    0.1304    0.2246
 000053   A  0.569839  0.254796  0.298448    0.1380    0.2164    0.2460    0.0560    0.2375    0.1443    0.2169
 000054   A  0.610320  0.264289  0.283509    0.0858    0.1759    0.2620    0.0560    0.2330    0.1691    0.2133
 000055   D  0.659281  0.282853  0.271058    0.1456    0.1643    0.2720    0.0620    0.2540    0.1758    0.2097
 000056   H  0.660748  0.300728  0.260842    0.1205    0.1942    0.2600    0.0600    0.2561    0.1770    0.2025
 000057   G  0.662301  0.305529  0.250700    0.0723    0.2034    0.2880    0.0940    0.2552    0.1851    0.1886
 000058   V  0.676675  0.326405  0.241350    0.0884    0.2224    0.3090    0.1190    0.2704    0.1853    0.1753
 000059   V  0.716174  0.362346  0.232950    0.1117    0.1881    0.2960    0.0910    0.2790    0.1986    0.1671
 000060   A  0.738189  0.384052  0.222958    0.1732    0.2645    0.2610    0.0820    0.3036    0.1924    0.1607
 000061   E  0.766391  0.388489  0.214024    0.1635    0.3286    0.2320    0.0780    0.3132    0.2042    0.1581
 000062   G  0.770835  0.385184  0.204496    0.2209    0.4051    0.2500    0.0450    0.3387    0.1971    0.1529
 000063   V  0.783602  0.384775  0.191939    0.2531    0.3948    0.2900    0.0720    0.3510    0.1953    0.1482
 000064   S  0.765506  0.378456  0.180641    0.2865    0.3599    0.2930    0.0790    0.3473    0.1873    0.1514
 000065   A  0.744369  0.381367  0.169162    0.2700    0.3117    0.2470    0.0800    0.3257    0.1882    0.1513
 000066   Y  0.707336  0.398652  0.157558    0.1766    0.3087    0.2200    0.0750    0.3019    0.1902    0.1541
 000067   P  0.669666  0.400755  0.147520    0.0991    0.1969    0.1820    0.0660    0.2581    0.1987    0.1586
 000068   Q  0.599612  0.398618  0.132883    0.1018    0.1349    0.1590    0.0630    0.2323    0.1846    0.1647
 000069   E  0.527704  0.374878  0.119549    0.0789    0.1914    0.1360    0.0550    0.2182    0.1617    0.1773
 000070   V  0.462577  0.311794  0.105838    0.0660    0.2503    0.1090    0.0340    0.2000    0.1409    0.1879
 000071   T  0.387914  0.251179  0.092823    0.0813    0.2783    0.0860    0.0260    0.1808    0.1183    0.2028
 000072   R  0.306406  0.210556  0.082808    0.0723    0.2292    0.0740    0.0260    0.1488    0.0921    0.2109
 000073   Q  0.253428  0.175922  0.070714    0.0723    0.2034    0.0720    0.0240    0.1295    0.0741    0.2188
 000074   M  0.195539  0.146388  0.065204    0.0832    0.1791    0.0710    0.0210    0.1125    0.0537    0.2281
 000075   V  0.149334  0.138057  0.061310    0.0607    0.1881    0.0650    0.0190    0.1002    0.0514    0.2244
 000076   L  0.098888  0.124819  0.057383    0.0405    0.2258    0.0610    0.0160    0.0918    0.0631    0.2244
 000077   N  0.080225  0.117455  0.052484    0.0723    0.2129    0.0610    0.0150    0.0906    0.0555    0.2188
 000078   F  0.063083  0.117880  0.047353    0.0607    0.1554    0.0690    0.0200    0.0776    0.0391    0.2168
 000079   L  0.041984  0.116888  0.043673    0.0308    0.0967    0.0700    0.0230    0.0593    0.0321    0.2138
 000080   R  0.029728  0.118232  0.039790    0.0200    0.0704    0.0640    0.0230    0.0505    0.0333    0.2070
 000081   G  0.017684  0.125802  0.036741    0.0173    0.0888    0.0580    0.0170    0.0513    0.0398    0.2002
 000082   G  0.006939  0.132978  0.034186    0.0128    0.0909    0.0680    0.0270    0.0519    0.0451    0.1922
 000083   A  0.004200  0.132928  0.032315    0.0094    0.0605    0.0770    0.0380    0.0473    0.0445    0.1923
 000084   A  0.001552  0.147810  0.032547    0.0102    0.0463    0.0760    0.0390    0.0471    0.0494    0.1948
 000085   I  0.001524  0.152361  0.033546    0.0087    0.0389    0.0720    0.0360    0.0455    0.0510    0.1984
 000086   N  0.002375  0.149547  0.034238    0.0121    0.0334    0.0650    0.0350    0.0438    0.0493    0.2126
 000087   Q  0.002321  0.135118  0.033897    0.0131    0.0364    0.0590    0.0290    0.0410    0.0438    0.2270
 000088   F  0.002174  0.121532  0.033279    0.0074    0.0214    0.0500    0.0160    0.0338    0.0404    0.2475
 000089   A  0.002137  0.095410  0.033246    0.0086    0.0433    0.0390    0.0080    0.0314    0.0308    0.2655
 000090   L  0.002073  0.074980  0.032740    0.0086    0.0463    0.0350    0.0070    0.0278    0.0247    0.2898
 000091   A  0.002020  0.063895  0.033329    0.0094    0.0454    0.0310    0.0060    0.0253    0.0215    0.3123
 000092   A  0.004484  0.054718  0.033746    0.0067    0.0306    0.0340    0.0060    0.0217    0.0182    0.3354
 000093   D  0.005745  0.048851  0.034750    0.0067    0.0214    0.0370    0.0080    0.0199    0.0169    0.3583
 000094   C  0.008454  0.047579  0.039743    0.0055    0.0253    0.0370    0.0080    0.0207    0.0171    0.3739
 000095   A  0.018303  0.046622  0.044683    0.0042    0.0334    0.0390    0.0080    0.0237    0.0169    0.3855
 000096   V  0.024114  0.043420  0.049429    0.0084    0.0380    0.0510    0.0130    0.0276    0.0173    0.3962
 000097   Y  0.042863  0.048796  0.054129    0.0090    0.0433    0.0740    0.0200    0.0363    0.0213    0.4032
 000098   V  0.063879  0.052233  0.062651    0.0053    0.0443    0.0860    0.0240    0.0419    0.0268    0.4088
 000099   L  0.076943  0.056732  0.071838    0.0124    0.0948    0.0950    0.0230    0.0559    0.0305    0.4133
 000100   D  0.085921  0.073788  0.086516    0.0194    0.1373    0.1030    0.0190    0.0699    0.0382    0.4181
 000101   V  0.098666  0.096981  0.100937    0.0395    0.1969    0.1360    0.0370    0.0947    0.0504    0.4188
 000102   G  0.128473  0.131214  0.118938    0.0607    0.1611    0.1770    0.0580    0.1097    0.0417    0.4206
 000103   V  0.151804  0.190061  0.140747    0.0789    0.1275    0.1790    0.0470    0.1212    0.0432    0.4254
 000104   V  0.174953  0.255190  0.162967    0.0490    0.1162    0.1890    0.0560    0.1307    0.0693    0.4314
 000105   G  0.241017  0.308940  0.184953    0.0542    0.1643    0.1990    0.0660    0.1612    0.0833    0.4287
 000106   E  0.310334  0.356546  0.206619    0.0660    0.1914    0.2080    0.0720    0.1886    0.0989    0.4204
 000107   L  0.360620  0.396109  0.228983    0.1060    0.1914    0.2570    0.0840    0.2185    0.1055    0.4146
 000108   P  0.425830  0.406934  0.251378    0.1635    0.2817    0.2420    0.0830    0.2533    0.1020    0.4127
 000109   D  0.492304  0.406078  0.275936    0.1698    0.3774    0.2730    0.0880    0.2865    0.1146    0.4131
 000110   H  0.558764  0.430955  0.301291    0.2602    0.4507    0.2760    0.0930    0.3295    0.1197    0.4135
 000111   P  0.605117  0.458814  0.326746    0.2786    0.4507    0.2770    0.1140    0.3451    0.1298    0.4186
 000112   G  0.653634  0.469888  0.352034    0.3578    0.4864    0.3290    0.1510    0.3828    0.1266    0.4236
 000113   L  0.679871  0.507435  0.379186    0.3717    0.5017    0.3470    0.1430    0.4014    0.1311    0.4274
 000114   L  0.693722  0.535625  0.406843    0.4203    0.4901    0.3220    0.1430    0.4103    0.1356    0.4332
 000115   K  0.691380  0.552429  0.434296    0.4918    0.5296    0.2890    0.1240    0.4258    0.1417    0.4260
 000116   R  0.724531  0.543077  0.459839    0.4420    0.5419    0.3140    0.1330    0.4276    0.1465    0.4199
 000117   K  0.754442  0.543285  0.485471    0.4078    0.5176    0.3270    0.1570    0.4251    0.1552    0.4146
 000118   V  0.783138  0.533144  0.511346    0.5173    0.6661    0.3380    0.1660    0.4729    0.1627    0.4098
 000119   R  0.808945  0.546465  0.538401    0.4918    0.5758    0.3450    0.1680    0.4614    0.1640    0.4076
 000120   P  0.830973  0.558672  0.565916    0.5043    0.5176    0.3500    0.1660    0.4603    0.1711    0.4065
 000121   G  0.857695  0.565160  0.592558    0.4825    0.5139    0.3580    0.1490    0.4629    0.1812    0.4062
 000122   T  0.900813  0.578191  0.615971    0.4333    0.5139    0.3600    0.1450    0.4644    0.2003    0.4091
 000123   A  0.913554  0.600333  0.637690    0.4458    0.5382    0.3570    0.1350    0.4759    0.2050    0.4129
 000124   N  0.925431  0.624130  0.660622    0.5412    0.6620    0.3510    0.1220    0.5173    0.2032    0.4163
 000125   L  0.919609  0.654020  0.678273    0.6124    0.7209    0.3710    0.1400    0.5462    0.1976    0.4212
 000126   A  0.911591  0.672858  0.695665    0.6255    0.7459    0.3840    0.1570    0.5567    0.1953    0.4249
 000127   Q  0.903526  0.698143  0.711861    0.5992    0.7459    0.3940    0.1460    0.5568    0.1950    0.4288
 000128   G  0.891574  0.737667  0.728508    0.6219    0.7036    0.4110    0.1370    0.5609    0.1894    0.4320
 000129   P  0.888195  0.763002  0.742517    0.6827    0.6906    0.4640    0.1280    0.5813    0.1776    0.4324
 000130   A  0.880622  0.786174  0.753269    0.6604    0.5807    0.5510    0.1590    0.5766    0.1709    0.4302
 000131   M  0.871132  0.805290  0.760500    0.5846    0.4979    0.6080    0.1590    0.5611    0.1836    0.4274
 000132   T  0.867164  0.826711  0.767328    0.5253    0.4979    0.6190    0.1560    0.5560    0.1928    0.4255
 000133   P  0.864059  0.839277  0.770385    0.4918    0.4864    0.5970    0.1490    0.5465    0.2024    0.4244
 000134   E  0.858300  0.850079  0.768120    0.5126    0.5456    0.5640    0.1390    0.5551    0.1942    0.4241
 000135   E  0.847122  0.852107  0.764256    0.5173    0.4901    0.5510    0.1220    0.5429    0.2003    0.4239
 000136   A  0.838250  0.851584  0.760393    0.5941    0.5419    0.5810    0.1290    0.5678    0.1791    0.4239
 000137   E  0.828245  0.846162  0.757850    0.5802    0.5807    0.5670    0.1360    0.5670    0.1746    0.4226
 000138   R  0.817588  0.845264  0.754901    0.5331    0.5665    0.5710    0.1350    0.5555    0.1794    0.4217
 000139   A  0.815295  0.832348  0.750342    0.5374    0.5296    0.5660    0.1250    0.5468    0.1807    0.4205
 000140   L  0.812162  0.828168  0.741822    0.5084    0.3910    0.5770    0.1190    0.5194    0.2043    0.4181
 000141   L  0.801112  0.837561  0.731330    0.4967    0.3910    0.5730    0.1240    0.5165    0.2039    0.4165
 000142   A  0.770550  0.828563  0.721671    0.4458    0.4476    0.5640    0.1220    0.5094    0.1941    0.4174
 000143   G  0.736807  0.828533  0.710517    0.4037    0.4292    0.5090    0.1140    0.4845    0.2014    0.4179
 000144   R  0.681178  0.822905  0.693987    0.3939    0.3599    0.5440    0.1000    0.4670    0.2028    0.4186
 000145   E  0.644172  0.824370  0.677562    0.3806    0.3529    0.5410    0.1340    0.4571    0.2009    0.4189
 000146   A  0.608752  0.816899  0.660575    0.3359    0.2575    0.5440    0.1190    0.4272    0.2199    0.4203
 000147   A  0.582843  0.809475  0.645699    0.3762    0.2094    0.5310    0.1090    0.4182    0.2199    0.4202
 000148   R  0.545687  0.799818  0.632308    0.2820    0.1643    0.5450    0.1170    0.3895    0.2374    0.4190
 000149   R  0.509789  0.802997  0.619681    0.1998    0.1373    0.6130    0.1170    0.3772    0.2590    0.4161
 000150   A  0.481074  0.792812  0.604647    0.1921    0.1611    0.6880    0.1280    0.3858    0.2588    0.4133
 000151   I  0.490389  0.768337  0.584335    0.2041    0.2470    0.6740    0.1270    0.3973    0.2301    0.4121
 000152   A  0.484945  0.757895  0.563181    0.2558    0.2817    0.6010    0.1340    0.3969    0.2003    0.4080
 000153   E  0.504640  0.749545  0.544345    0.2963    0.3117    0.6080    0.1240    0.4117    0.1836    0.3986
 000154   G  0.507086  0.737037  0.527170    0.2531    0.2164    0.6890    0.0850    0.4005    0.2159    0.3908
 000155   A  0.528026  0.723703  0.508723    0.2385    0.2129    0.7110    0.0870    0.4024    0.2193    0.3814
 000156   T  0.539887  0.691449  0.491390    0.1349    0.2034    0.7270    0.0850    0.3827    0.2393    0.3718
 000157   L  0.556976  0.652970  0.479115    0.1532    0.2503    0.7630    0.0670    0.3960    0.2286    0.3620
 000158   L  0.590369  0.650420  0.466205    0.1766    0.2951    0.8090    0.0530    0.4202    0.2273    0.3575
 000159   A  0.623762  0.647989  0.452824    0.1805    0.2609    0.7880    0.0600    0.4168    0.2293    0.3604
 000160   A  0.630742  0.633748  0.438990    0.1805    0.2258    0.7770    0.0640    0.4080    0.2320    0.3654
 000161   G  0.651222  0.629523  0.429526    0.1732    0.2258    0.6800    0.1090    0.3933    0.2169    0.3726
 000162   D  0.672361  0.624434  0.418684    0.2041    0.2884    0.5830    0.1540    0.3954    0.1884    0.3789
 000163   M  0.694585  0.603780  0.408246    0.2041    0.2399    0.6040    0.1440    0.3910    0.2003    0.3858
 000164   G  0.698315  0.597830  0.400285    0.1532    0.2292    0.6070    0.1350    0.3809    0.2138    0.3968
 000165   I  0.701757  0.592289  0.395234    0.1041    0.2002    0.6880    0.0980    0.3810    0.2419    0.4034
 000166   G  0.710647  0.587452  0.391937    0.1292    0.2002    0.6610    0.0980    0.3814    0.2329    0.4111
 000167   N  0.677588  0.581972  0.390045    0.1041    0.1251    0.6420    0.0810    0.3551    0.2432    0.4167
 000168   T  0.669278  0.562843  0.389026    0.1322    0.1251    0.6310    0.0710    0.3534    0.2320    0.4162
 000169   T  0.696114  0.545106  0.389143    0.1416    0.1823    0.6450    0.0500    0.3683    0.2242    0.4116
 000170   A  0.717736  0.530823  0.387979    0.1205    0.1424    0.6100    0.0660    0.3535    0.2344    0.4066
 000171   A  0.736247  0.522406  0.393177    0.1416    0.2002    0.5410    0.0890    0.3569    0.2150    0.3999
 000172   A  0.757967  0.528699  0.400476    0.0965    0.2364    0.4860    0.0970    0.3510    0.2221    0.3901
 000173   A  0.767030  0.512835  0.407949    0.1117    0.2399    0.4370    0.0930    0.3447    0.2177    0.3791
 000174   L  0.781098  0.507600  0.416235    0.1667    0.2503    0.3900    0.0970    0.3492    0.2085    0.3685
 000175   T  0.785709  0.479378  0.428295    0.1844    0.1914    0.3630    0.0940    0.3340    0.2151    0.3601
 000176   A  0.820246  0.470730  0.441791    0.2483    0.2224    0.3660    0.0940    0.3546    0.2109    0.3543
 000177   A  0.829556  0.478337  0.454276    0.1921    0.2224    0.3720    0.1010    0.3490    0.2236    0.3497
 000178   L  0.815363  0.476825  0.465093    0.1416    0.2129    0.3610    0.1060    0.3346    0.2313    0.3473
 000179   L  0.802055  0.452293  0.476360    0.1322    0.1969    0.3440    0.1110    0.3212    0.2324    0.3528
 000180   G  0.796416  0.460599  0.489019    0.1322    0.1969    0.3360    0.1140    0.3203    0.2330    0.3623
 000181   L  0.796125  0.485282  0.502450    0.1635    0.2292    0.3120    0.1020    0.3310    0.2267    0.3667
 000182   P  0.805886  0.521547  0.521498    0.1998    0.1969    0.2730    0.0760    0.3328    0.2362    0.3735
 000183   P  0.811116  0.523535  0.543819    0.2333    0.2258    0.2690    0.0670    0.3437    0.2318    0.3851
 000184   E  0.818351  0.542112  0.565957    0.2041    0.2817    0.2870    0.0780    0.3556    0.2332    0.4014
 000185   A  0.820830  0.552981  0.589018    0.2820    0.3840    0.3320    0.1180    0.3953    0.2083    0.4176
 000186   V  0.820221  0.559064  0.611254    0.2820    0.3704    0.3310    0.1280    0.3937    0.2135    0.4299
 000187   V  0.820730  0.580221  0.633933    0.3311    0.3286    0.3320    0.1400    0.3988    0.2161    0.4238
 000188   G  0.833126  0.619056  0.651027    0.3630    0.3599    0.3250    0.1360    0.4167    0.2174    0.4101
 000189   R  0.839258  0.636784  0.670002    0.3535    0.4409    0.3430    0.1300    0.4356    0.2136    0.3982
 000190   G  0.833826  0.654241  0.687968    0.4245    0.5254    0.3710    0.1270    0.4682    0.1963    0.3891
 000191   T  0.821441  0.664926  0.706642    0.4245    0.5296    0.4210    0.1340    0.4768    0.1896    0.3835
 000192   G  0.808582  0.682198  0.724617    0.5043    0.6576    0.4730    0.1520    0.5209    0.1691    0.3735
 000193   V  0.817519  0.706071  0.741800    0.4651    0.5665    0.4800    0.1540    0.5058    0.1821    0.3663
 000194   G  0.827050  0.728638  0.758721    0.4458    0.4582    0.4380    0.1410    0.4830    0.2077    0.3614
 000195   E  0.838941  0.740070  0.770717    0.4078    0.4051    0.4300    0.1170    0.4703    0.2268    0.3593
 000196   E  0.826693  0.742955  0.778962    0.3847    0.4369    0.4790    0.1470    0.4783    0.2207    0.3539
 000197   G  0.832070  0.743217  0.787746    0.4203    0.4725    0.5100    0.1940    0.4963    0.2102    0.3452
 000198   L  0.838261  0.735581  0.789702    0.4825    0.4619    0.5640    0.2180    0.5137    0.1987    0.3397
 000199   R  0.845580  0.733828  0.791542    0.4513    0.4330    0.5570    0.2120    0.5034    0.2096    0.3345
 000200   R  0.864087  0.725078  0.791986    0.3717    0.4330    0.5600    0.1920    0.4924    0.2254    0.3267
 000201   K  0.882594  0.712471  0.788808    0.3399    0.3566    0.5710    0.1790    0.4771    0.2447    0.3186
 000202   R  0.889354  0.695258  0.776027    0.3263    0.3566    0.5670    0.1750    0.4725    0.2447    0.3110
 000203   Q  0.898079  0.646980  0.760475    0.2531    0.3948    0.5640    0.1700    0.4595    0.2503    0.3080
 000204   A  0.908292  0.617724  0.746244    0.3359    0.4619    0.5780    0.1500    0.4837    0.2230    0.3060
 000205   V  0.937778  0.607170  0.731037    0.3668    0.4220    0.5560    0.1540    0.4816    0.2267    0.3047
 000206   A  0.924365  0.560416  0.711883    0.3578    0.4017    0.5560    0.1880    0.4668    0.2245    0.3057
 000207   R  0.880450  0.492159  0.691811    0.3096    0.4186    0.6060    0.1960    0.4512    0.2195    0.3090
 000208   A  0.839020  0.465941  0.672298    0.3053    0.3392    0.5690    0.1840    0.4198    0.2174    0.3168
 000209   L  0.816543  0.475417  0.654013    0.4116    0.4409    0.5120    0.1740    0.4428    0.1785    0.3256
 000210   A  0.801838  0.477565  0.634073    0.3146    0.3740    0.5030    0.1610    0.4118    0.1937    0.3353
 000211   R  0.775169  0.443868  0.614360    0.3263    0.3426    0.5090    0.1560    0.3995    0.1870    0.3461
 000212   L  0.751309  0.469833  0.594656    0.2531    0.3087    0.5460    0.1590    0.3882    0.1961    0.3584
 000213   H  0.728573  0.459713  0.573010    0.2167    0.3356    0.5370    0.1630    0.3796    0.1910    0.3687
 000214   P  0.703628  0.454753  0.550143    0.1698    0.2503    0.5720    0.1430    0.3585    0.2074    0.3725
 000215   G  0.707035  0.459123  0.526847    0.2041    0.2783    0.6550    0.1480    0.3840    0.2031    0.3691
 000216   M  0.741836  0.460078  0.503068    0.1766    0.3392    0.7070    0.1290    0.4040    0.2139    0.3649
 000217   G  0.773883  0.455113  0.479710    0.1958    0.2884    0.7370    0.1130    0.4084    0.2268    0.3543
 000218   P  0.782587  0.463817  0.457358    0.1958    0.3117    0.7250    0.1120    0.4131    0.2220    0.3451
 000219   L  0.783848  0.456502  0.436661    0.1349    0.2575    0.7320    0.1000    0.3942    0.2442    0.3315
 000220   E  0.793301  0.435843  0.414421    0.2209    0.2645    0.6970    0.1320    0.4020    0.2211    0.3172
 000221   V  0.793630  0.412579  0.393507    0.1602    0.2645    0.6720    0.1330    0.3839    0.2296    0.2976
 000222   A  0.787253  0.391809  0.371766    0.1041    0.1702    0.6180    0.1250    0.3452    0.2454    0.2797
 000223   A  0.773956  0.346504  0.348744    0.1266    0.2094    0.5300    0.1090    0.3311    0.2209    0.2549
 000224   E  0.746870  0.312397  0.325366    0.0607    0.1969    0.4670    0.0930    0.2972    0.2228    0.2323
 000225   V  0.716789  0.279384  0.302251    0.0387    0.0948    0.4320    0.0850    0.2603    0.2297    0.2117
 000226   G  0.696847  0.252834  0.280531    0.0376    0.0518    0.4130    0.0800    0.2420    0.2294    0.1936
 000227   G  0.628763  0.220759  0.260931    0.0231    0.0380    0.3910    0.0740    0.2169    0.2127    0.1736
 000228   L  0.562094  0.185792  0.239302    0.0109    0.0443    0.3470    0.0670    0.1918    0.1907    0.1574
 000229   E  0.491153  0.160316  0.223484    0.0042    0.0349    0.2910    0.0530    0.1635    0.1678    0.1425
 000230   L  0.425461  0.124984  0.206111    0.0094    0.0306    0.2440    0.0390    0.1391    0.1451    0.1290
 000231   V  0.360878  0.101416  0.188468    0.0084    0.0306    0.2030    0.0400    0.1174    0.1234    0.1116
 000232   A  0.319404  0.077861  0.177339    0.0070    0.0372    0.1640    0.0290    0.1009    0.1088    0.0996
 000233   I  0.277283  0.070558  0.171685    0.0102    0.0454    0.1330    0.0260    0.0894    0.0936    0.0881
 000234   A  0.232493  0.074474  0.166015    0.0094    0.0327    0.1120    0.0240    0.0768    0.0816    0.0818
 000235   G  0.179022  0.078888  0.158486    0.0084    0.0356    0.1070    0.0220    0.0681    0.0667    0.0759
 000236   I  0.170258  0.086919  0.152413    0.0075    0.0320    0.0990    0.0220    0.0659    0.0638    0.0726
 000237   Y  0.167312  0.111922  0.150253    0.0086    0.0218    0.0920    0.0170    0.0669    0.0647    0.0741
 000238   L  0.152651  0.131436  0.147832    0.0044    0.0141    0.0940    0.0220    0.0662    0.0655    0.0778
 000239   E  0.140467  0.150408  0.145106    0.0059    0.0235    0.0950    0.0260    0.0692    0.0635    0.0833
 000240   G  0.133782  0.168176  0.141477    0.0013    0.0202    0.0950    0.0320    0.0697    0.0667    0.0892
 000241   Y  0.112991  0.177170  0.138211    0.0052    0.0174    0.0970    0.0340    0.0683    0.0660    0.0983
 000242   E  0.101115  0.179518  0.132794    0.0081    0.0320    0.0900    0.0340    0.0685    0.0619    0.1152
 000243   A  0.100546  0.173559  0.127693    0.0044    0.0248    0.0870    0.0350    0.0651    0.0616    0.1334
 000244   G  0.149197  0.171552  0.123341    0.0118    0.0506    0.0810    0.0280    0.0773    0.0594    0.1527
 000245   L  0.204041  0.158641  0.119021    0.0084    0.0506    0.0870    0.0330    0.0848    0.0681    0.1734
 000246   P  0.202645  0.147842  0.115559    0.0086    0.0506    0.0670    0.0190    0.0794    0.0673    0.1942
 000247   L  0.211101  0.134893  0.112468    0.0144    0.0780    0.0690    0.0160    0.0846    0.0639    0.2098
 000248   V  0.202323  0.140872  0.109836    0.0304    0.0851    0.0580    0.0100    0.0862    0.0591    0.2184
 000249   L  0.192088  0.136992  0.107037    0.0464    0.0870    0.0480    0.0070    0.0851    0.0540    0.2245
 000250   D  0.181988  0.137594  0.103816    0.0218    0.0618    0.0430    0.0080    0.0745    0.0582    0.2291
 000251   G  0.172890  0.145116  0.102892    0.0116    0.0334    0.0460    0.0080    0.0682    0.0619    0.2263
 000252   F  0.158528  0.140743  0.100935    0.0218    0.0631    0.0490    0.0120    0.0722    0.0519    0.2244
 000253   P  0.094714  0.123595  0.099129    0.0081    0.0424    0.0480    0.0150    0.0528    0.0429    0.2193
 000254   V  0.030899  0.109411  0.098243    0.0118    0.0424    0.0550    0.0190    0.0415    0.0387    0.2122
 000255   T  0.015762  0.105795  0.097913    0.0084    0.0543    0.0570    0.0210    0.0403    0.0403    0.2078
 000256   A  0.002575  0.095796  0.098868    0.0157    0.0909    0.0600    0.0230    0.0441    0.0421    0.2021
 000257   G  0.002544  0.089925  0.099715    0.0160    0.0424    0.0640    0.0270    0.0359    0.0395    0.1967
 000258   A  0.002559  0.100647  0.104108    0.0336    0.0719    0.0660    0.0260    0.0457    0.0398    0.1942
 000259   L  0.002568  0.102855  0.109422    0.0308    0.1184    0.0640    0.0180    0.0532    0.0467    0.1909
 000260   L  0.002538  0.110063  0.116182    0.0621    0.1942    0.0640    0.0190    0.0721    0.0623    0.1906
 000261   A  0.002168  0.132074  0.124061    0.0607    0.1184    0.0690    0.0220    0.0638    0.0502    0.1934
 000262   W  0.001985  0.162776  0.131957    0.0621    0.0618    0.0840    0.0270    0.0621    0.0564    0.2006
 000263   K  0.001772  0.179996  0.138392    0.0771    0.0985    0.0940    0.0270    0.0753    0.0595    0.2070
 000264   M  0.001571  0.197962  0.144381    0.0336    0.0780    0.1170    0.0350    0.0713    0.0704    0.2135
 000265   A  0.001454  0.211992  0.151792    0.0514    0.1251    0.1430    0.0590    0.0888    0.0735    0.2208
 000266   P  0.001911  0.219864  0.159659    0.0514    0.0704    0.1660    0.0770    0.0849    0.0802    0.2297
 000267   G  0.003373  0.231661  0.168063    0.0660    0.0870    0.1960    0.0920    0.0973    0.0843    0.2332
 000268   L  0.004989  0.256444  0.185809    0.0376    0.0888    0.1950    0.0940    0.0971    0.0956    0.2386
 000269   R  0.022408  0.283359  0.203253    0.0478    0.1206    0.1770    0.0830    0.1085    0.0961    0.2454
 000270   D  0.038970  0.304691  0.223373    0.0832    0.2164    0.1620    0.0720    0.1342    0.0968    0.2577
 000271   H  0.053505  0.323562  0.243166    0.1532    0.2988    0.1770    0.0630    0.1677    0.1004    0.2676
 000272   L  0.068317  0.343755  0.262619    0.2122    0.3392    0.2190    0.0670    0.1970    0.1027    0.2709
 000273   F  0.079443  0.353306  0.280408    0.3263    0.4369    0.2230    0.0690    0.2364    0.1216    0.2766
 000274   A  0.096110  0.392723  0.295526    0.3146    0.4441    0.2640    0.0840    0.2518    0.1204    0.2823
 000275   G  0.114427  0.439192  0.307421    0.3535    0.5017    0.3140    0.0840    0.2872    0.1320    0.2927
 000276   H  0.136916  0.503601  0.318359    0.3762    0.4476    0.3720    0.0890    0.3061    0.1272    0.3078
 000277   L  0.160447  0.563804  0.326521    0.3668    0.4292    0.4250    0.1270    0.3242    0.1337    0.3160
 000278   S  0.168891  0.613231  0.336612    0.2786    0.3983    0.3980    0.1480    0.3094    0.1469    0.3337
 000279   R  0.173703  0.652493  0.351306    0.3939    0.3983    0.3960    0.1560    0.3358    0.1515    0.3482
 000280   E  0.217668  0.680049  0.364801    0.3668    0.3983    0.3300    0.1270    0.3321    0.1532    0.3624
 000281   P  0.253843  0.682409  0.379053    0.2657    0.2951    0.2750    0.0870    0.2954    0.1632    0.3674
 000282   G  0.284537  0.679446  0.391943    0.2748    0.2849    0.2550    0.0570    0.2965    0.1624    0.3666
 000283   H  0.308223  0.643019  0.405928    0.2657    0.4017    0.1930    0.0480    0.3019    0.1583    0.3704
 000284   R  0.329783  0.632153  0.419245    0.3578    0.4256    0.1770    0.0620    0.3204    0.1528    0.3713
 000285   H  0.334053  0.603089  0.431634    0.4245    0.3704    0.1760    0.0840    0.3180    0.1465    0.3731
 000286   Q  0.349697  0.582549  0.436704    0.3225    0.3840    0.1920    0.0880    0.3051    0.1388    0.3676
 000287   L  0.341309  0.559743  0.438554    0.2385    0.2849    0.2340    0.1030    0.2763    0.1380    0.3576
 000288   E  0.328557  0.539276  0.441438    0.3399    0.3840    0.2130    0.0980    0.3008    0.1248    0.3537
 000289   A  0.278725  0.505300  0.439837    0.2385    0.2918    0.1900    0.0880    0.2507    0.1335    0.3430
 000290   L  0.259823  0.483786  0.436599    0.2432    0.2609    0.1810    0.0860    0.2381    0.1317    0.3343
 000291   G  0.268521  0.419226  0.431378    0.1416    0.1583    0.1760    0.0760    0.1940    0.1396    0.3259
 000292   L  0.288249  0.377554  0.423434    0.0991    0.1298    0.1870    0.0850    0.1802    0.1408    0.3229
 000293   R  0.308794  0.404923  0.415482    0.0526    0.1476    0.1930    0.1010    0.1845    0.1507    0.3259
 000294   P  0.349328  0.406129  0.408990    0.0554    0.1399    0.1820    0.0990    0.1888    0.1537    0.3293
 000295   L  0.342150  0.394580  0.402054    0.0660    0.1528    0.1860    0.0730    0.1902    0.1453    0.3274
 000296   L  0.348184  0.385369  0.395465    0.0701    0.1424    0.1840    0.0760    0.1884    0.1434    0.3268
 000297   D  0.373197  0.342161  0.387742    0.0643    0.1115    0.1860    0.0760    0.1794    0.1445    0.3278
 000298   L  0.396413  0.347339  0.380383    0.1117    0.1184    0.1970    0.0770    0.1952    0.1359    0.3299
 000299   D  0.422394  0.370035  0.363380    0.0789    0.0618    0.1910    0.0800    0.1874    0.1566    0.3302
 000300   L  0.426069  0.357995  0.345969    0.0554    0.0618    0.2180    0.0750    0.1865    0.1560    0.3339
 000301   A  0.388731  0.358520  0.326885    0.0526    0.0780    0.2320    0.0610    0.1850    0.1431    0.3377
 000302   L  0.359564  0.356647  0.308943    0.0405    0.0967    0.2430    0.0530    0.1827    0.1346    0.3434
 000303   G  0.334038  0.363523  0.292132    0.0554    0.0967    0.2480    0.0580    0.1829    0.1260    0.3527
 000304   E  0.341913  0.375398  0.277893    0.0744    0.0555    0.2680    0.0530    0.1858    0.1322    0.3621
 000305   G  0.377641  0.372455  0.267966    0.0308    0.0433    0.2620    0.0490    0.1810    0.1477    0.3706
 000306   T  0.389704  0.356421  0.262550    0.0308    0.0605    0.2520    0.0410    0.1815    0.1430    0.3843
 000307   G  0.405252  0.330774  0.258008    0.0542    0.0835    0.2160    0.0500    0.1816    0.1324    0.3944
 000308   A  0.375320  0.312975  0.257002    0.0414    0.0618    0.1860    0.0570    0.1630    0.1304    0.4065
 000309   V  0.347558  0.282694  0.252744    0.0587    0.1028    0.1650    0.0550    0.1595    0.1100    0.4193
 000310   L  0.348614  0.253942  0.244052    0.0425    0.0483    0.1320    0.0420    0.1376    0.1200    0.4331
 000311   A  0.336909  0.238183  0.234829    0.0789    0.0483    0.1060    0.0320    0.1348    0.1103    0.4305
 000312   M  0.310068  0.217892  0.224918    0.0526    0.0618    0.0980    0.0290    0.1234    0.1029    0.4271
 000313   P  0.268814  0.201012  0.215716    0.0526    0.0799    0.0880    0.0270    0.1151    0.0885    0.4247
 000314   L  0.209853  0.193823  0.206197    0.0554    0.0646    0.0930    0.0320    0.1029    0.0755    0.4294
 000315   L  0.166864  0.186029  0.198374    0.0387    0.0605    0.1050    0.0390    0.0929    0.0700    0.4284
 000316   R  0.123065  0.189969  0.191745    0.0297    0.0281    0.1200    0.0390    0.0819    0.0737    0.4174
 000317   A  0.101255  0.196598  0.192457    0.0297    0.0281    0.1530    0.0400    0.0849    0.0767    0.4039
 000318   A  0.088558  0.200318  0.194987    0.0137    0.0334    0.1750    0.0480    0.0852    0.0829    0.3926
 000319   A  0.077704  0.189707  0.197506    0.0200    0.0327    0.2090    0.0590    0.0881    0.0862    0.3840
 000320   R  0.070930  0.178108  0.202375    0.0387    0.0518    0.2590    0.0730    0.0998    0.0903    0.3698
 000321   I  0.069197  0.170059  0.203147    0.0526    0.0555    0.3240    0.0870    0.1119    0.1043    0.3541
 000322   L  0.094912  0.159755  0.204133    0.0677    0.0690    0.3890    0.0930    0.1300    0.1170    0.3494
 000323   H  0.121738  0.163782  0.207374    0.0502    0.0909    0.5550    0.1250    0.1636    0.1707    0.3425
 000324   M  0.156713  0.174499  0.211154    0.0405    0.0719    0.6650    0.1740    0.1848    0.2106    0.3240
 000325   A  0.190598  0.194613  0.215225    0.0789    0.1184    0.6260    0.1520    0.2014    0.1837    0.3008
 000326   T  0.244626  0.222474  0.219621    0.1322    0.1643    0.6710    0.1030    0.2391    0.1844    0.2822
 000327   F  0.289469  0.296520  0.223935    0.1667    0.1424    0.6290    0.1510    0.2541    0.1658    0.2604
 000328   Q  0.352420  0.402753  0.230030    0.2432    0.1501    0.5740    0.1760    0.2871    0.1437    0.2415
 000329   E  0.440105  0.495821  0.236295    0.3263    0.1554    0.6090    0.1240    0.3378    0.1595    0.2216
 000330   A  0.528923  0.583098  0.243155    0.4149    0.1643    0.6350    0.1530    0.3877    0.1783    0.1930
 000331   G  0.597856  0.654995  0.250619    0.4556    0.1373    0.6410    0.1530    0.4145    0.2034    0.1839
 000332   V  0.685408  0.721674  0.258467    0.5941    0.2399    0.7030    0.1170    0.4906    0.2097    0.1738
 000333   S  0.910789  0.714545  0.266428    0.7147    0.3392    0.7980    0.0730    0.5796    0.2415    0.1606
 000334   R  0.932856  0.750954  0.273868    0.7458    0.2988    0.8650    0.0460    0.5990    0.2655    0.1458
 000335   G  0.855531  0.775737  0.280938    0.8242    0.3460    0.9200    0.0310    0.6203    0.2587    0.1367
