#RESNUM RES     VL-XT     VSL2B       VL3  IUPred-S  IUPred-L  PONDRFIT  FITERROR       MDP  MDPERROR   ANCHOR2
 000001   M  0.653024  0.511834  0.364731    0.2602    0.0033    0.8820    0.0450    0.4458    0.2811    0.2931
 000002   M  0.229218  0.456609  0.372656    0.1266    0.0031    0.8170    0.0530    0.3342    0.2624    0.2856
 000003   A  0.201414  0.434894  0.387634    0.0526    0.0042    0.8030    0.0640    0.3140    0.2697    0.2745
 000004   T  0.239981  0.408433  0.400308    0.0200    0.0039    0.7790    0.0700    0.3086    0.2648    0.2726
 000005   L  0.200883  0.400445  0.412117    0.0150    0.0037    0.8050    0.0580    0.3061    0.2757    0.2675
 000006   F  0.132965  0.400959  0.423502    0.0055    0.0035    0.7350    0.1200    0.2835    0.2631    0.2691
 000007   F  0.109837  0.415903  0.435491    0.0012    0.0039    0.6930    0.1180    0.2765    0.2568    0.2674
 000008   L  0.095164  0.411004  0.447141    0.0005    0.0037    0.6800    0.1650    0.2730    0.2561    0.2705
 000009   A  0.082505  0.406404  0.458835    0.0004    0.0044    0.7490    0.1780    0.2836    0.2772    0.2766
 000010   L  0.070772  0.441999  0.469658    0.0002    0.0058    0.7240    0.1770    0.2853    0.2757    0.2793
 000011   F  0.059944  0.471102  0.480549    0.0001    0.0054    0.7220    0.1520    0.2898    0.2809    0.2824
 000012   L  0.053113  0.473891  0.491684    0.0002    0.0047    0.5880    0.1710    0.2687    0.2524    0.2918
 000013   L  0.048179  0.505087  0.503060    0.0002    0.0053    0.5990    0.1910    0.2767    0.2612    0.3039
 000014   G  0.043843  0.460127  0.514474    0.0002    0.0064    0.6800    0.2280    0.2841    0.2757    0.3211
 000015   L  0.039538  0.458578  0.525483    0.0002    0.0059    0.7360    0.2230    0.2942    0.2915    0.3354
 000016   L  0.037726  0.483109  0.539582    0.0003    0.0081    0.7380    0.2050    0.3011    0.2962    0.3510
 000017   L  0.052857  0.532922  0.556829    0.0006    0.0146    0.7440    0.1910    0.3170    0.3022    0.3600
 000018   A  0.094076  0.581248  0.577511    0.0021    0.0151    0.7160    0.1760    0.3311    0.2989    0.3637
 000019   L  0.152515  0.573006  0.598661    0.0070    0.0281    0.6540    0.1660    0.3355    0.2777    0.3620
 000020   R  0.232340  0.626662  0.620030    0.0040    0.0364    0.5300    0.1490    0.3417    0.2625    0.3590
 000021   P  0.298369  0.651763  0.641562    0.0109    0.0749    0.4650    0.1760    0.3571    0.2524    0.3665
 000022   L  0.385689  0.681145  0.662928    0.0286    0.1731    0.5350    0.1890    0.4111    0.2434    0.3721
 000023   L  0.478281  0.737143  0.683393    0.0660    0.2364    0.5810    0.1890    0.4637    0.2404    0.3749
 000024   G  0.571451  0.771652  0.703521    0.1456    0.3087    0.6290    0.1630    0.5216    0.2222    0.3694
 000025   P  0.663780  0.816300  0.722850    0.1240    0.3149    0.6640    0.1320    0.5510    0.2462    0.3584
 000026   K  0.731957  0.848270  0.741378    0.1921    0.4087    0.7040    0.1060    0.6045    0.2283    0.3459
 000027   E  0.771814  0.871175  0.757565    0.3005    0.4119    0.6830    0.0880    0.6326    0.2055    0.3379
 000028   P  0.793484  0.888685  0.771172    0.4116    0.4186    0.6870    0.0790    0.6618    0.1840    0.3330
 000029   F  0.809276  0.900561  0.782969    0.3806    0.4330    0.7330    0.0890    0.6732    0.1954    0.3287
 000030   P  0.839045  0.910643  0.793809    0.4245    0.5382    0.6610    0.1010    0.6946    0.1712    0.3245
 000031   E  0.846838  0.918893  0.804003    0.4203    0.4619    0.6490    0.1050    0.6834    0.1898    0.3181
 000032   P  0.848648  0.927017  0.812912    0.3992    0.4476    0.5860    0.1230    0.6702    0.2034    0.3112
 000033   P  0.850926  0.933774  0.820400    0.4458    0.4582    0.5300    0.1270    0.6732    0.1998    0.3018
 000034   R  0.853853  0.938454  0.827088    0.5549    0.4582    0.5140    0.1210    0.6910    0.1873    0.2890
 000035   R  0.857654  0.943358  0.833145    0.4918    0.4476    0.4730    0.1170    0.6745    0.2067    0.2895
 000036   E  0.858691  0.949265  0.838425    0.4078    0.4292    0.4110    0.1010    0.6491    0.2356    0.2972
 000037   E  0.859920  0.950004  0.842643    0.4037    0.4441    0.4100    0.0940    0.6518    0.2351    0.3045
 000038   L  0.858140  0.958274  0.845024    0.3885    0.3599    0.4280    0.1010    0.6397    0.2508    0.3098
 000039   L  0.856206  0.962655  0.846221    0.3630    0.3426    0.4150    0.0930    0.6310    0.2609    0.3100
 000040   R  0.854134  0.964447  0.846909    0.4149    0.4330    0.4100    0.1050    0.6540    0.2377    0.3070
 000041   E  0.853769  0.966657  0.848413    0.3885    0.3215    0.4180    0.0980    0.6327    0.2613    0.3096
 000042   L  0.857644  0.974275  0.849761    0.3578    0.3215    0.4620    0.1000    0.6372    0.2632    0.3166
 000043   E  0.846587  0.975109  0.850426    0.2657    0.2988    0.4330    0.1310    0.6116    0.2869    0.3206
 000044   V  0.805964  0.971367  0.850245    0.2333    0.2817    0.4670    0.1400    0.6016    0.2876    0.3270
 000045   L  0.794278  0.974976  0.850075    0.2748    0.3053    0.4370    0.1330    0.6060    0.2769    0.3368
 000046   K  0.785597  0.977987  0.849647    0.2963    0.3117    0.4350    0.1280    0.6094    0.2713    0.3380
 000047   E  0.752189  0.978388  0.848971    0.2865    0.2951    0.4570    0.1290    0.6030    0.2708    0.3368
 000048   E  0.723879  0.977849  0.847910    0.2748    0.2715    0.4910    0.1180    0.5978    0.2724    0.3359
 000049   V  0.719122  0.977282  0.846488    0.3263    0.3215    0.5620    0.0990    0.6254    0.2475    0.3327
 000050   E  0.715113  0.975499  0.844951    0.3668    0.3182    0.5350    0.1140    0.6259    0.2409    0.3345
 000051   A  0.706395  0.974450  0.842969    0.3668    0.3053    0.6060    0.0810    0.6336    0.2398    0.3429
 000052   L  0.711690  0.971837  0.840632    0.2963    0.2783    0.6330    0.0840    0.6219    0.2590    0.3483
 000053   E  0.750529  0.969440  0.837399    0.3399    0.3215    0.6650    0.0910    0.6472    0.2421    0.3443
 000054   G  0.759128  0.965245  0.833905    0.3096    0.2399    0.6990    0.0870    0.6344    0.2677    0.3454
 000055   E  0.767354  0.960300  0.829594    0.3399    0.3215    0.6770    0.1100    0.6492    0.2405    0.3435
 000056   E  0.801629  0.953224  0.824965    0.3263    0.3286    0.6840    0.1090    0.6532    0.2432    0.3408
 000057   K  0.831695  0.946221  0.820247    0.3399    0.3426    0.7120    0.1070    0.6654    0.2390    0.3402
 000058   K  0.837575  0.939485  0.815670    0.2602    0.3215    0.7080    0.0990    0.6471    0.2613    0.3392
 000059   R  0.841469  0.928457  0.810467    0.2657    0.2328    0.6930    0.1030    0.6287    0.2771    0.3367
 000060   A  0.843469  0.917963  0.803284    0.3096    0.2258    0.6360    0.1180    0.6226    0.2659    0.3435
 000061   L  0.854065  0.900372  0.793584    0.2385    0.2258    0.6610    0.0990    0.6122    0.2786    0.3480
 000062   A  0.865657  0.879411  0.781350    0.1878    0.2575    0.6150    0.1240    0.5977    0.2796    0.3438
 000063   R  0.880371  0.855478  0.767132    0.2483    0.2470    0.5580    0.1580    0.5928    0.2651    0.3376
 000064   M  0.872337  0.826126  0.751894    0.2531    0.2224    0.6120    0.1360    0.5897    0.2617    0.3464
 000065   V  0.845808  0.791946  0.736207    0.1602    0.2503    0.5560    0.1480    0.5567    0.2653    0.3380
 000066   E  0.818363  0.760102  0.719486    0.1495    0.2680    0.5060    0.1390    0.5369    0.2535    0.3316
 000067   V  0.797572  0.719134  0.702531    0.1635    0.2292    0.4690    0.1310    0.5135    0.2463    0.3273
 000068   E  0.746238  0.675997  0.684471    0.1844    0.2645    0.4370    0.1470    0.4988    0.2178    0.3238
 000069   R  0.683469  0.653672  0.666607    0.1667    0.2541    0.4070    0.1520    0.4719    0.2084    0.3233
 000070   L  0.631550  0.661619  0.648116    0.2041    0.2988    0.3860    0.1460    0.4716    0.1833    0.3264
 000071   L  0.554173  0.632494  0.629372    0.2080    0.2129    0.3660    0.1260    0.4339    0.1810    0.3163
 000072   E  0.476854  0.586341  0.610650    0.2865    0.2817    0.3480    0.1240    0.4316    0.1345    0.3058
 000073   G  0.419804  0.600572  0.591648    0.1878    0.3356    0.3700    0.1440    0.4176    0.1446    0.2993
 000074   Y  0.382341  0.579840  0.572789    0.1998    0.2399    0.4120    0.1580    0.3978    0.1463    0.2935
 000075   R  0.356197  0.591669  0.553891    0.2432    0.3053    0.3980    0.1460    0.4080    0.1262    0.2807
 000076   P  0.299651  0.579784  0.535582    0.1878    0.3053    0.3660    0.1360    0.3790    0.1374    0.2878
 000077   P  0.273134  0.580653  0.517660    0.1998    0.2645    0.3270    0.1340    0.3604    0.1396    0.2946
 000078   A  0.268227  0.568207  0.499525    0.1921    0.2575    0.3230    0.1170    0.3514    0.1359    0.3025
 000079   P  0.257156  0.546642  0.481178    0.1635    0.1823    0.2770    0.0790    0.3179    0.1453    0.3122
 000080   R  0.252578  0.519213  0.462669    0.1088    0.1298    0.2430    0.0590    0.2860    0.1551    0.3204
 000081   P  0.236786  0.491013  0.442796    0.1060    0.1942    0.1800    0.0620    0.2752    0.1416    0.3393
 000082   F  0.214074  0.442934  0.421130    0.0935    0.2436    0.1470    0.0670    0.2604    0.1305    0.3635
 000083   R  0.185059  0.399333  0.398623    0.0965    0.1671    0.1240    0.0640    0.2284    0.1240    0.3840
 000084   P  0.143987  0.348711  0.376721    0.0771    0.1137    0.1100    0.0640    0.1950    0.1204    0.4159
 000085   W  0.127726  0.292349  0.355082    0.0813    0.1184    0.1100    0.0650    0.1808    0.1037    0.4168
 000086   P  0.111194  0.243485  0.333501    0.0554    0.0780    0.1030    0.0640    0.1541    0.1001    0.3821
 000087   V  0.086344  0.195591  0.312895    0.0316    0.0676    0.1070    0.0700    0.1335    0.0946    0.3523
 000088   A  0.048885  0.186665  0.292897    0.0157    0.0349    0.1100    0.0750    0.1148    0.0979    0.3233
 000089   L  0.034966  0.175472  0.273083    0.0226    0.0424    0.1230    0.0830    0.1118    0.0902    0.3010
 000090   V  0.023645  0.158713  0.253837    0.0109    0.0218    0.1290    0.0850    0.0997    0.0893    0.2882
 000091   L  0.017680  0.152029  0.236325    0.0131    0.0134    0.1300    0.0760    0.0938    0.0854    0.2748
 000092   G  0.017008  0.170208  0.221777    0.0070    0.0109    0.1110    0.0520    0.0897    0.0844    0.2713
 000093   A  0.017074  0.175491  0.209093    0.0083    0.0123    0.1070    0.0410    0.0882    0.0814    0.2715
 000094   V  0.017397  0.148906  0.198861    0.0086    0.0141    0.1050    0.0380    0.0821    0.0740    0.2711
 000095   V  0.017452  0.146757  0.190624    0.0040    0.0089    0.0920    0.0290    0.0765    0.0725    0.2763
 000096   L  0.019641  0.150405  0.185360    0.0097    0.0168    0.0890    0.0340    0.0784    0.0692    0.2828
 000097   L  0.024399  0.133087  0.184358    0.0044    0.0134    0.0940    0.0400    0.0756    0.0671    0.2947
 000098   G  0.017758  0.146084  0.186310    0.0094    0.0130    0.1020    0.0340    0.0790    0.0701    0.3175
 000099   V  0.016189  0.133453  0.191924    0.0116    0.0171    0.1230    0.0450    0.0822    0.0706    0.3388
 000100   G  0.016769  0.130698  0.200169    0.0102    0.0269    0.1540    0.0740    0.0898    0.0749    0.3575
 000101   L  0.017416  0.145060  0.211514    0.0231    0.0443    0.1780    0.0810    0.1032    0.0778    0.3730
 000102   W  0.018935  0.175726  0.224705    0.0425    0.0817    0.2090    0.0960    0.1254    0.0811    0.3952
 000103   R  0.023952  0.198569  0.237581    0.0414    0.0870    0.2110    0.1090    0.1333    0.0854    0.4174
 000104   Y  0.043412  0.219784  0.250759    0.0514    0.0676    0.2520    0.1180    0.1475    0.0942    0.4318
 000105   T  0.059748  0.269130  0.262625    0.0858    0.1137    0.2670    0.1040    0.1764    0.0913    0.4224
 000106   L  0.086718  0.288350  0.273999    0.0909    0.1731    0.3150    0.1290    0.2047    0.0929    0.4079
 000107   P  0.114905  0.299495  0.283582    0.1380    0.2328    0.3220    0.1450    0.2317    0.0794    0.3903
 000108   R  0.153113  0.343037  0.292541    0.1998    0.3215    0.3670    0.1480    0.2795    0.0775    0.3740
 000109   L  0.221787  0.388770  0.302699    0.1844    0.3286    0.4320    0.1250    0.3097    0.0866    0.3674
 000110   P  0.304000  0.436114  0.314902    0.2558    0.3774    0.4250    0.1200    0.3522    0.0658    0.3570
 000111   G  0.394321  0.493019  0.329562    0.2531    0.3599    0.4870    0.1360    0.3861    0.0849    0.3466
 000112   E  0.481192  0.544223  0.344857    0.3053    0.4541    0.4990    0.1570    0.4382    0.0851    0.3323
 000113   T  0.554161  0.555472  0.360689    0.3847    0.4864    0.5320    0.1710    0.4789    0.0788    0.3231
 000114   T  0.626553  0.574132  0.375947    0.3885    0.4940    0.5530    0.2040    0.5020    0.0932    0.3144
 000115   V  0.685805  0.580833  0.391040    0.4149    0.5707    0.5420    0.2220    0.5309    0.1010    0.2992
 000116   T  0.751457  0.578687  0.406046    0.4037    0.4652    0.4940    0.2030    0.5165    0.1205    0.2853
 000117   Q  0.806427  0.601106  0.419747    0.4825    0.5254    0.4340    0.1520    0.5448    0.1316    0.2733
 000118   R  0.837560  0.616872  0.430821    0.3939    0.5098    0.3810    0.1150    0.5283    0.1598    0.2659
 000119   Q  0.863271  0.614529  0.440358    0.3806    0.5176    0.3960    0.1160    0.5354    0.1666    0.2645
 000120   E  0.880005  0.612348  0.451044    0.4825    0.5807    0.3920    0.1030    0.5664    0.1589    0.2610
 000121   A  0.896762  0.616393  0.463156    0.4458    0.5254    0.4400    0.1060    0.5646    0.1604    0.2625
 000122   R  0.912493  0.612525  0.476394    0.4245    0.5055    0.4630    0.1320    0.5658    0.1656    0.2615
 000123   E  0.929704  0.615526  0.489046    0.4116    0.5098    0.4250    0.1340    0.5634    0.1768    0.2635
 000124   L  0.944692  0.620412  0.501110    0.3992    0.4940    0.4290    0.1170    0.5647    0.1836    0.2661
 000125   K  0.947939  0.628586  0.509987    0.3939    0.4901    0.3630    0.1120    0.5555    0.1954    0.2696
 000126   A  0.951470  0.625463  0.516865    0.4651    0.4864    0.3460    0.0900    0.5652    0.1913    0.2753
 000127   L  0.949462  0.635567  0.520403    0.4703    0.4831    0.3750    0.0990    0.5724    0.1853    0.2813
 000128   A  0.939338  0.636260  0.520444    0.3992    0.4901    0.3530    0.0860    0.5564    0.1936    0.2843
 000129   D  0.919025  0.629658  0.516898    0.4149    0.4220    0.3410    0.1110    0.5405    0.1922    0.2871
 000130   K  0.886334  0.631154  0.511032    0.4245    0.3392    0.3520    0.1260    0.5240    0.1900    0.2878
 000131   A  0.885081  0.622964  0.504076    0.3399    0.3019    0.3710    0.1440    0.5042    0.2020    0.2928
 000132   R  0.875011  0.613268  0.496241    0.2913    0.2292    0.4070    0.1430    0.4853    0.2151    0.2960
 000133   R  0.867349  0.614701  0.488190    0.2748    0.2470    0.4140    0.1310    0.4843    0.2117    0.3054
 000134   T  0.862828  0.593035  0.480197    0.1844    0.2224    0.4330    0.1110    0.4626    0.2286    0.3174
 000135   G  0.839508  0.582241  0.470453    0.2531    0.2817    0.4110    0.1220    0.4730    0.1979    0.3261
 000136   E  0.814060  0.566631  0.460798    0.2483    0.2609    0.3820    0.1070    0.4554    0.1946    0.3323
 000137   V  0.740971  0.557601  0.450893    0.2531    0.1969    0.3140    0.0750    0.4189    0.1879    0.3417
 000138   E  0.678070  0.532001  0.441409    0.2865    0.2849    0.2470    0.0690    0.4116    0.1556    0.3520
 000139   D  0.617411  0.502056  0.431833    0.2292    0.2258    0.2170    0.0690    0.3705    0.1563    0.3647
 000140   L  0.524807  0.477330  0.421823    0.2292    0.2193    0.1870    0.0550    0.3433    0.1353    0.3818
 000141   L  0.441759  0.420329  0.410052    0.1635    0.2002    0.1730    0.0380    0.3014    0.1235    0.3943
 000142   A  0.357861  0.412314  0.395500    0.1844    0.1373    0.1600    0.0400    0.2745    0.1160    0.4029
 000143   W  0.272392  0.379147  0.378743    0.1732    0.1583    0.1650    0.0500    0.2545    0.0958    0.4151
 000144   G  0.214037  0.346250  0.361702    0.1178    0.1759    0.1500    0.0450    0.2276    0.0940    0.4195
 000145   R  0.150332  0.350438  0.344289    0.1205    0.1424    0.1500    0.0420    0.2096    0.0979    0.4203
 000146   R  0.127750  0.368207  0.327014    0.1205    0.1206    0.1510    0.0370    0.2025    0.1038    0.4273
 000147   A  0.105168  0.349189  0.310155    0.0965    0.1229    0.1540    0.0400    0.1897    0.1012    0.4273
 000148   Y  0.097188  0.326509  0.296223    0.1178    0.1501    0.1750    0.0430    0.1938    0.0871    0.4230
 000149   E  0.089216  0.303027  0.284978    0.1178    0.0851    0.1640    0.0440    0.1740    0.0888    0.4257
 000150   L  0.113765  0.312662  0.275516    0.0884    0.0473    0.1780    0.0540    0.1692    0.0970    0.4244
 000151   Q  0.127321  0.315613  0.264699    0.0832    0.0835    0.1410    0.0410    0.1693    0.0893    0.4307
 000152   A  0.121677  0.315706  0.253082    0.0701    0.0888    0.1260    0.0460    0.1625    0.0901    0.4314
 000153   F  0.106553  0.330897  0.242553    0.0884    0.0631    0.1200    0.0370    0.1585    0.0958    0.4332
 000154   D  0.098391  0.317757  0.233142    0.0991    0.1092    0.1030    0.0350    0.1600    0.0853    0.4226
 000155   Q  0.098584  0.289591  0.226609    0.0542    0.1048    0.1030    0.0450    0.1462    0.0830    0.4115
 000156   A  0.096999  0.282626  0.221528    0.0554    0.1229    0.1180    0.0480    0.1495    0.0777    0.4018
 000157   A  0.091190  0.271608  0.217381    0.0587    0.1554    0.1290    0.0540    0.1540    0.0724    0.3884
 000158   E  0.088550  0.249631  0.213138    0.0744    0.1731    0.1480    0.0610    0.1577    0.0627    0.3718
 000159   A  0.052773  0.247512  0.210504    0.1416    0.2680    0.2010    0.0930    0.1869    0.0719    0.3592
 000160   Y  0.031324  0.264112  0.209336    0.1322    0.1942    0.2270    0.0880    0.1764    0.0761    0.3489
 000161   L  0.061493  0.273419  0.208558    0.1998    0.2849    0.2400    0.0860    0.2113    0.0738    0.3277
 000162   E  0.151373  0.297005  0.206214    0.1266    0.2503    0.2390    0.0850    0.2118    0.0584    0.3085
 000163   V  0.238960  0.360660  0.202702    0.1532    0.2094    0.2460    0.0870    0.2352    0.0637    0.2915
 000164   L  0.325435  0.418433  0.197321    0.1921    0.3019    0.2390    0.0880    0.2791    0.0795    0.2757
 000165   K  0.417624  0.427240  0.191562    0.1205    0.2817    0.2500    0.0940    0.2815    0.1116    0.2584
 000166   K  0.504489  0.484999  0.188349    0.1117    0.2094    0.2600    0.1080    0.2932    0.1492    0.2419
 000167   D  0.598083  0.551662  0.187405    0.1266    0.2364    0.2860    0.1220    0.3310    0.1795    0.2245
 000168   P  0.677082  0.526470  0.188320    0.0965    0.1823    0.2940    0.1360    0.3275    0.2069    0.2054
 000169   K  0.700209  0.526731  0.189951    0.0935    0.1137    0.2560    0.1170    0.3133    0.2243    0.1807
 000170   N  0.704738  0.516458  0.192784    0.0701    0.0835    0.1980    0.0650    0.2943    0.2353    0.1606
 000171   V  0.665415  0.447528  0.195448    0.0771    0.0799    0.1570    0.0600    0.2705    0.2158    0.1445
 000172   E  0.637985  0.350577  0.196399    0.0884    0.1048    0.1340    0.0590    0.2521    0.1932    0.1367
 000173   A  0.574540  0.282647  0.195312    0.0514    0.0967    0.1150    0.0380    0.2192    0.1756    0.1326
 000174   V  0.527949  0.224149  0.194494    0.0660    0.1399    0.0960    0.0230    0.2081    0.1528    0.1277
 000175   R  0.510933  0.180133  0.194737    0.1205    0.2002    0.0810    0.0180    0.2145    0.1393    0.1247
 000176   R  0.467474  0.158876  0.196951    0.1266    0.2364    0.0750    0.0160    0.2102    0.1258    0.1268
 000177   V  0.415953  0.141473  0.199122    0.1178    0.2541    0.0720    0.0180    0.2000    0.1127    0.1356
 000178   G  0.416911  0.112833  0.201017    0.1322    0.2541    0.0750    0.0190    0.1986    0.1139    0.1493
 000179   I  0.395751  0.119141  0.201857    0.1178    0.1969    0.0870    0.0240    0.1864    0.1027    0.1659
 000180   L  0.360036  0.115759  0.202345    0.1266    0.1942    0.1130    0.0330    0.1854    0.0860    0.1888
 000181   L  0.316587  0.127426  0.202913    0.1041    0.1184    0.1410    0.0430    0.1684    0.0733    0.2087
 000182   F  0.312496  0.146461  0.205009    0.1495    0.1007    0.1870    0.0780    0.1834    0.0664    0.2267
 000183   M  0.304541  0.186234  0.207667    0.0813    0.0581    0.2080    0.0900    0.1744    0.0832    0.2390
 000184   G  0.276144  0.217424  0.208701    0.0567    0.0749    0.2270    0.0990    0.1768    0.0815    0.2463
 000185   G  0.265816  0.252971  0.208606    0.0526    0.0676    0.2480    0.1030    0.1826    0.0885    0.2551
 000186   R  0.283183  0.308587  0.207213    0.0621    0.0605    0.2760    0.1090    0.1996    0.1025    0.2615
 000187   P  0.298974  0.333568  0.208716    0.0363    0.0662    0.2860    0.0940    0.2049    0.1152    0.2690
 000188   E  0.340681  0.337978  0.212170    0.0478    0.0985    0.2910    0.1020    0.2213    0.1140    0.2667
 000189   E  0.416706  0.346911  0.217458    0.0502    0.0851    0.2840    0.1170    0.2334    0.1322    0.2576
 000190   A  0.490213  0.322972  0.221511    0.0884    0.1476    0.2370    0.1140    0.2512    0.1295    0.2454
 000191   R  0.559305  0.273472  0.224788    0.1088    0.2470    0.1920    0.1010    0.2675    0.1405    0.2355
 000192   I  0.615212  0.241856  0.227718    0.1766    0.3392    0.1600    0.0930    0.2934    0.1550    0.2340
 000193   F  0.670601  0.220153  0.230934    0.2865    0.4087    0.1360    0.0640    0.3254    0.1750    0.2365
 000194   L  0.719087  0.210580  0.233451    0.3456    0.4186    0.1250    0.0510    0.3421    0.1932    0.2368
 000195   E  0.750933  0.212544  0.235638    0.3005    0.4330    0.1250    0.0440    0.3429    0.2051    0.2397
 000196   I  0.729696  0.231007  0.237386    0.2602    0.4330    0.1530    0.0710    0.3408    0.1933    0.2416
 000197   A  0.691208  0.264739  0.238039    0.3005    0.3631    0.1540    0.0780    0.3352    0.1713    0.2469
 000198   Q  0.626853  0.315191  0.237610    0.2700    0.2609    0.1370    0.0620    0.3079    0.1525    0.2572
 000199   G  0.570848  0.362554  0.236011    0.1844    0.1643    0.1520    0.0660    0.2783    0.1485    0.2739
 000200   A  0.536485  0.410222  0.233139    0.1178    0.1028    0.1410    0.0560    0.2570    0.1626    0.3002
 000201   D  0.467507  0.434755  0.229519    0.0935    0.1229    0.1210    0.0400    0.2449    0.1522    0.3282
 000202   P  0.368848  0.430880  0.225578    0.0607    0.1349    0.0990    0.0270    0.2200    0.1377    0.3512
 000203   E  0.277759  0.404688  0.223889    0.1117    0.1424    0.0950    0.0240    0.2093    0.1080    0.3641
 000204   A  0.204828  0.369799  0.225238    0.1766    0.1528    0.0950    0.0250    0.2041    0.0848    0.3731
 000205   A  0.187819  0.302030  0.229261    0.1805    0.1399    0.0880    0.0240    0.1879    0.0672    0.3829
 000206   E  0.179115  0.253609  0.233783    0.0991    0.1373    0.0790    0.0190    0.1637    0.0648    0.3997
 000207   G  0.162854  0.199411  0.238149    0.1060    0.2193    0.0750    0.0180    0.1667    0.0593    0.4168
 000208   W  0.141570  0.156062  0.242132    0.1380    0.2436    0.0720    0.0180    0.1656    0.0606    0.4308
 000209   L  0.111894  0.118405  0.246185    0.1456    0.2292    0.0670    0.0160    0.1531    0.0643    0.4321
 000210   F  0.095101  0.123292  0.249462    0.1416    0.1969    0.0620    0.0140    0.1446    0.0626    0.4256
 000211   L  0.101482  0.135271  0.251611    0.1532    0.2292    0.0550    0.0140    0.1543    0.0685    0.4044
 000212   G  0.107194  0.125770  0.252576    0.1060    0.2328    0.0500    0.0160    0.1458    0.0726    0.3838
 000213   N  0.099973  0.152165  0.252175    0.0884    0.1759    0.0500    0.0160    0.1365    0.0662    0.3699
 000214   L  0.091670  0.168936  0.251385    0.0858    0.1048    0.0520    0.0160    0.1258    0.0661    0.3630
 000215   Y  0.086525  0.182323  0.251078    0.0884    0.1028    0.0650    0.0200    0.1293    0.0659    0.3613
 000216   F  0.077193  0.197133  0.252159    0.0643    0.1007    0.0840    0.0270    0.1293    0.0701    0.3656
 000217   Q  0.063614  0.234064  0.253875    0.0464    0.0555    0.1120    0.0480    0.1276    0.0850    0.3582
 000218   E  0.037132  0.269607  0.255087    0.0376    0.0618    0.1430    0.0730    0.1340    0.0975    0.3640
 000219   G  0.030400  0.273797  0.256065    0.0387    0.0967    0.1510    0.0700    0.1411    0.0963    0.3663
 000220   R  0.026625  0.281892  0.259167    0.0701    0.0888    0.1420    0.0530    0.1447    0.0954    0.3761
 000221   M  0.024008  0.293587  0.266659    0.1041    0.0948    0.1400    0.0520    0.1539    0.0960    0.3911
 000222   Q  0.068581  0.286680  0.276923    0.0935    0.1554    0.1280    0.0550    0.1682    0.0848    0.4077
 000223   E  0.137768  0.270480  0.288042    0.0526    0.1323    0.1200    0.0540    0.1668    0.0844    0.4267
 000224   A  0.199792  0.281629  0.298445    0.0567    0.1251    0.1120    0.0420    0.1789    0.0891    0.4258
 000225   I  0.230090  0.284922  0.309033    0.0832    0.1823    0.0980    0.0260    0.1979    0.0860    0.4156
 000226   A  0.257315  0.273370  0.319363    0.1416    0.2752    0.0790    0.0180    0.2242    0.0848    0.4131
 000227   A  0.284541  0.301485  0.327431    0.2080    0.3356    0.0790    0.0220    0.2561    0.0893    0.4140
 000228   W  0.306655  0.319476  0.333203    0.2080    0.3215    0.0910    0.0270    0.2633    0.0877    0.4100
 000229   E  0.323021  0.333063  0.337264    0.1635    0.3249    0.0870    0.0260    0.2614    0.0990    0.4330
 000230   K  0.343255  0.352089  0.343383    0.1566    0.3182    0.1030    0.0340    0.2694    0.1004    0.4127
 000231   Y  0.318264  0.387717  0.351149    0.1878    0.2609    0.1330    0.0500    0.2732    0.0896    0.3937
 000232   L  0.269384  0.413379  0.359795    0.2292    0.3087    0.1780    0.0700    0.2931    0.0786    0.3769
 000233   E  0.221210  0.431376  0.369612    0.1698    0.2715    0.2210    0.0740    0.2808    0.0914    0.3613
 000234   A  0.208985  0.497154  0.380117    0.1602    0.1852    0.2670    0.0750    0.2831    0.1195    0.3444
 000235   G  0.240383  0.556587  0.390035    0.1602    0.1373    0.2710    0.0810    0.2926    0.1438    0.3346
 000236   G  0.239145  0.568044  0.398592    0.1805    0.1823    0.2590    0.0780    0.3046    0.1384    0.3316
 000237   E  0.278981  0.597638  0.407257    0.1532    0.1791    0.2350    0.0660    0.3085    0.1530    0.3346
 000238   A  0.348388  0.628526  0.417295    0.1602    0.1759    0.2410    0.0600    0.3286    0.1620    0.3383
 000239   K  0.414176  0.587289  0.428364    0.1921    0.2503    0.2330    0.0660    0.3509    0.1385    0.3418
 000240   E  0.477610  0.556410  0.440164    0.1456    0.2064    0.2270    0.0700    0.3422    0.1550    0.3580
 000241   R  0.541876  0.536867  0.453643    0.1495    0.2164    0.2190    0.0630    0.3528    0.1622    0.3723
 000242   V  0.606141  0.515582  0.467882    0.2041    0.2752    0.2110    0.0560    0.3800    0.1569    0.3861
 000243   E  0.654215  0.461883  0.481682    0.2963    0.3566    0.1970    0.0520    0.4080    0.1463    0.3973
 000244   A  0.661665  0.449481  0.494204    0.2531    0.3392    0.2150    0.0690    0.4020    0.1524    0.4076
 000245   L  0.703829  0.454636  0.504376    0.2913    0.3667    0.2160    0.0650    0.4228    0.1580    0.4164
 000246   I  0.733011  0.498428  0.512732    0.2820    0.3631    0.2020    0.0430    0.4319    0.1740    0.4159
 000247   A  0.727946  0.545760  0.519162    0.2786    0.3807    0.1900    0.0390    0.4404    0.1790    0.4074
 000248   M  0.679554  0.556426  0.525097    0.2657    0.3631    0.1970    0.0330    0.4311    0.1699    0.3990
 000249   A  0.643831  0.544017  0.530688    0.3146    0.3840    0.1970    0.0340    0.4357    0.1519    0.3857
 000250   K  0.607276  0.567854  0.536694    0.3146    0.3910    0.1950    0.0410    0.4354    0.1482    0.3726
 000251   A  0.570722  0.589313  0.543633    0.3005    0.3087    0.2110    0.0490    0.4207    0.1511    0.3624
 000252   Q  0.593980  0.624297  0.548316    0.3146    0.2292    0.2200    0.0520    0.4217    0.1713    0.3558
 000253   A  0.604523  0.638928  0.551287    0.3184    0.3087    0.2260    0.0570    0.4413    0.1617    0.3512
 000254   Q  0.612990  0.654243  0.552926    0.2385    0.2645    0.2230    0.0550    0.4244    0.1851    0.3469
 000255   G  0.595869  0.666456  0.554869    0.2786    0.2884    0.2230    0.0540    0.4345    0.1754    0.3454
 000256   G  0.557511  0.656262  0.557849    0.3005    0.2951    0.2230    0.0500    0.4317    0.1642    0.3458
 000257   K  0.541914  0.641453  0.560876    0.3762    0.3529    0.2260    0.0550    0.4499    0.1429    0.3471
 000258   D  0.522884  0.640257  0.567095    0.3053    0.3529    0.2390    0.0550    0.4379    0.1468    0.3510
 000259   G  0.493362  0.615881  0.574247    0.3053    0.3182    0.2420    0.0540    0.4248    0.1430    0.3529
 000260   R  0.465007  0.594700  0.582324    0.3096    0.3599    0.2480    0.0650    0.4265    0.1318    0.3589
 000261   S  0.393512  0.555509  0.588108    0.2167    0.3631    0.2470    0.0640    0.3939    0.1402    0.3700
 000262   V  0.373647  0.540230  0.590851    0.2700    0.3149    0.2440    0.0620    0.3889    0.1321    0.3783
 000263   Y  0.353783  0.537702  0.590134    0.2602    0.3149    0.2210    0.0550    0.3796    0.1376    0.3886
 000264   E  0.322543  0.511621  0.584524    0.2432    0.3426    0.1840    0.0460    0.3647    0.1412    0.3955
 000265   A  0.325782  0.468215  0.576346    0.2483    0.3529    0.1770    0.0480    0.3582    0.1326    0.4031
 000266   R  0.348178  0.453192  0.566975    0.2531    0.3529    0.1600    0.0460    0.3556    0.1312    0.4093
 000267   C  0.383894  0.441026  0.559672    0.2602    0.3529    0.1550    0.0490    0.3587    0.1285    0.4137
 000268   A  0.419928  0.381729  0.556029    0.2657    0.2951    0.1560    0.0490    0.3457    0.1266    0.4182
 000269   A  0.451070  0.362214  0.553248    0.2483    0.2752    0.1540    0.0500    0.3407    0.1326    0.4211
 000270   C  0.481819  0.339504  0.550616    0.1998    0.3087    0.1570    0.0520    0.3396    0.1406    0.4224
 000271   H  0.430495  0.357146  0.545701    0.1921    0.3087    0.1580    0.0500    0.3320    0.1332    0.4251
 000272   G  0.378975  0.393653  0.540118    0.2122    0.2328    0.1670    0.0530    0.3208    0.1291    0.4201
 000273   L  0.347199  0.453314  0.534518    0.2657    0.2918    0.1800    0.0610    0.3455    0.1182    0.4192
 000274   Q  0.331594  0.478374  0.531385    0.2748    0.3807    0.1880    0.0690    0.3642    0.1163    0.4117
 000275   G  0.301949  0.509481  0.531403    0.2700    0.3740    0.2020    0.0770    0.3648    0.1213    0.4058
 000276   E  0.248571  0.543639  0.535732    0.3053    0.4369    0.2110    0.0850    0.3802    0.1327    0.4000
 000277   G  0.220340  0.545620  0.542365    0.2913    0.3566    0.2360    0.0930    0.3653    0.1337    0.3956
 000278   G  0.235720  0.549929  0.551271    0.4203    0.3494    0.2810    0.1020    0.3980    0.1221    0.3921
 000279   V  0.248376  0.560830  0.561164    0.3885    0.3704    0.2930    0.1000    0.4037    0.1206    0.3918
 000280   G  0.317573  0.553733  0.570834    0.3578    0.3321    0.2870    0.0900    0.4032    0.1145    0.3908
 000281   P  0.377737  0.546790  0.578630    0.4556    0.4292    0.2860    0.1000    0.4457    0.0985    0.3925
 000282   R  0.452996  0.538272  0.582120    0.3762    0.4409    0.3040    0.1100    0.4491    0.0931    0.3930
 000283   L  0.509228  0.525394  0.583502    0.4116    0.4119    0.3130    0.1280    0.4591    0.0897    0.3979
 000284   K  0.572449  0.518525  0.583542    0.4781    0.4292    0.2900    0.1250    0.4786    0.0996    0.3981
 000285   G  0.637495  0.516554  0.583884    0.4420    0.4149    0.3060    0.1330    0.4834    0.1103    0.4035
 000286   N  0.684515  0.498539  0.582415    0.3847    0.4369    0.2880    0.1180    0.4792    0.1294    0.4094
 000287   P  0.690856  0.486162  0.577469    0.3806    0.3356    0.2930    0.1270    0.4606    0.1399    0.4174
 000288   I  0.690983  0.465858  0.570668    0.3992    0.2783    0.3480    0.1600    0.4588    0.1384    0.4233
 000289   L  0.678826  0.448028  0.563107    0.3225    0.2064    0.3550    0.1490    0.4290    0.1566    0.4289
 000290   K  0.686536  0.418801  0.556900    0.3184    0.2817    0.3780    0.1440    0.4400    0.1406    0.4302
 000291   V  0.678224  0.391031  0.551219    0.2531    0.2783    0.3930    0.1310    0.4241    0.1491    0.4326
 000292   P  0.668839  0.363358  0.544859    0.2333    0.2399    0.3600    0.1170    0.4016    0.1579    0.4319
 000293   E  0.674085  0.345671  0.541623    0.2333    0.2470    0.3740    0.1170    0.4026    0.1581    0.4286
 000294   A  0.678190  0.355047  0.542078    0.2913    0.3321    0.3610    0.1170    0.4267    0.1374    0.4238
 000295   V  0.687332  0.353137  0.548595    0.2963    0.3019    0.3360    0.1190    0.4205    0.1465    0.4218
 000296   R  0.708889  0.342514  0.557981    0.3096    0.3321    0.3270    0.1120    0.4296    0.1509    0.4209
 000297   E  0.737261  0.334282  0.568887    0.2748    0.2951    0.3360    0.1040    0.4244    0.1702    0.4211
 000298   I  0.771249  0.348456  0.577111    0.2786    0.2002    0.3650    0.1070    0.4234    0.1934    0.4191
 000299   V  0.788794  0.355835  0.579951    0.3146    0.3149    0.3660    0.1100    0.4534    0.1751    0.4180
 000300   L  0.799743  0.357632  0.580553    0.3005    0.3182    0.3580    0.1100    0.4525    0.1808    0.4160
 000301   Q  0.812635  0.378498  0.582259    0.3263    0.3249    0.3540    0.1010    0.4631    0.1795    0.4141
 000302   G  0.817630  0.407867  0.585170    0.2963    0.4119    0.3700    0.1010    0.4815    0.1736    0.4155
 000303   R  0.831933  0.404034  0.589182    0.2748    0.3948    0.3650    0.0980    0.4766    0.1845    0.4208
 000304   G  0.842962  0.412848  0.594694    0.2786    0.3910    0.3430    0.1000    0.4773    0.1899    0.4301
 000305   T  0.842278  0.437483  0.602076    0.3184    0.3494    0.3450    0.0950    0.4825    0.1867    0.4255
 000306   M  0.842854  0.450728  0.608890    0.3992    0.4292    0.3460    0.0920    0.5128    0.1682    0.4138
 000307   P  0.839214  0.463606  0.613773    0.3146    0.4087    0.3390    0.0960    0.4964    0.1817    0.4087
 000308   A  0.838673  0.492171  0.618363    0.3184    0.3182    0.3910    0.1070    0.4962    0.1855    0.4061
 000309   V  0.842294  0.520315  0.622418    0.3578    0.3321    0.3860    0.1250    0.5102    0.1795    0.4000
 000310   P  0.837249  0.535707  0.626421    0.3399    0.3910    0.3670    0.1420    0.5163    0.1754    0.3906
 000311   L  0.832581  0.546933  0.627090    0.3311    0.3807    0.3950    0.1550    0.5190    0.1735    0.3822
 000312   S  0.820078  0.578170  0.624935    0.3263    0.3053    0.3780    0.1460    0.5054    0.1857    0.3726
 000313   E  0.817453  0.579410  0.620297    0.2333    0.3053    0.4370    0.1380    0.4988    0.1977    0.3650
 000314   E  0.782363  0.550191  0.616368    0.1667    0.3117    0.4900    0.1370    0.4861    0.2005    0.3604
 000315   E  0.734951  0.536088  0.613210    0.1667    0.2470    0.5250    0.1530    0.4706    0.1999    0.3566
 000316   L  0.680982  0.505359  0.610367    0.1635    0.2292    0.5630    0.1730    0.4588    0.1938    0.3533
 000317   E  0.617822  0.452301  0.610433    0.1322    0.2399    0.7000    0.1290    0.4587    0.2085    0.3517
 000318   A  0.553767  0.415276  0.614683    0.1416    0.1852    0.6670    0.0810    0.4297    0.2038    0.3459
 000319   L  0.493034  0.425382  0.622700    0.2080    0.1881    0.6500    0.1020    0.4313    0.1814    0.3382
 000320   L  0.431373  0.432428  0.631393    0.3225    0.2292    0.6310    0.1020    0.4463    0.1479    0.3376
 000321   G  0.377920  0.459355  0.640502    0.3399    0.1643    0.6140    0.1880    0.4327    0.1636    0.3413
 000322   Y  0.321713  0.524274  0.650380    0.4781    0.2193    0.6060    0.1940    0.4667    0.1522    0.3414
 000323   L  0.245553  0.603211  0.662864    0.5126    0.1823    0.7200    0.1220    0.4877    0.2043    0.3415
 000324   G  0.237752  0.684849  0.674589    0.5412    0.1298    0.8090    0.0980    0.5129    0.2473    0.3423
 000325   S  0.259519  0.727872  0.685147    0.5667    0.0817    0.8340    0.0880    0.5259    0.2681    0.3399
 000326   L  0.312013  0.753886  0.689225    0.5941    0.0463    0.9230    0.0350    0.5531    0.2922    0.3386
