#RESNUM RES     VL-XT     VSL2B       VL3  IUPred-S  IUPred-L  PONDRFIT  FITERROR       MDP  MDPERROR   ANCHOR2
 000001   M  0.015731  0.554311  0.555485    0.6789    0.0870    0.7720    0.1430    0.3513    0.3026    0.4240
 000002   V  0.138248  0.527448  0.553391    0.6374    0.1373    0.7560    0.0620    0.3662    0.2554    0.4333
 000003   Y  0.141591  0.500359  0.551419    0.5900    0.1791    0.7710    0.0970    0.3637    0.2431    0.4252
 000004   V  0.151239  0.457053  0.544652    0.5514    0.1184    0.8740    0.0850    0.3588    0.2733    0.4198
 000005   I  0.203976  0.430433  0.537385    0.5084    0.1476    0.9390    0.0890    0.3715    0.2738    0.4166
 000006   G  0.272637  0.395199  0.528502    0.3668    0.1028    0.9390    0.1030    0.3460    0.2745    0.4167
 000007   M  0.325876  0.376420  0.521363    0.3311    0.1275    0.9410    0.1000    0.3503    0.2675    0.4203
 000008   G  0.389859  0.370353  0.516969    0.1958    0.1298    0.9250    0.1170    0.3352    0.2730    0.4123
 000009   A  0.448523  0.373158  0.518766    0.1635    0.0948    0.8940    0.1520    0.3289    0.2749    0.4079
 000010   R  0.505197  0.408142  0.525545    0.1117    0.1137    0.9180    0.0820    0.3427    0.2888    0.4056
 000011   G  0.565865  0.465902  0.537985    0.0502    0.1323    0.7700    0.0970    0.3307    0.2669    0.4047
 000012   R  0.642368  0.507775  0.546653    0.0587    0.0985    0.7520    0.1000    0.3433    0.2787    0.4035
 000013   E  0.703651  0.540466  0.557446    0.0909    0.1501    0.6930    0.1320    0.3630    0.2625    0.4062
 000014   G  0.734205  0.546209  0.565324    0.0935    0.2436    0.6590    0.1140    0.3794    0.2472    0.4086
 000015   L  0.754980  0.537850  0.573009    0.1380    0.2783    0.6420    0.0950    0.3919    0.2331    0.4098
 000016   S  0.776103  0.526304  0.578807    0.2255    0.3807    0.5170    0.1080    0.4042    0.1953    0.4083
 000017   L  0.787108  0.513571  0.588279    0.1998    0.3087    0.4400    0.0940    0.3749    0.2137    0.4024
 000018   K  0.802360  0.495583  0.589219    0.2432    0.2609    0.3860    0.0950    0.3647    0.2180    0.3933
 000019   A  0.815240  0.478141  0.592148    0.1878    0.1759    0.3580    0.0880    0.3359    0.2462    0.3915
 000020   L  0.809029  0.456622  0.591945    0.1698    0.2034    0.3120    0.0780    0.3251    0.2456    0.3880
 000021   R  0.794966  0.436660  0.590047    0.1266    0.2094    0.2910    0.0800    0.3098    0.2497    0.3810
 000022   R  0.776550  0.436950  0.588054    0.1322    0.2034    0.3140    0.0930    0.3105    0.2427    0.3756
 000023   L  0.755902  0.428049  0.585341    0.1416    0.2002    0.3240    0.1030    0.3083    0.2349    0.3708
 000024   E  0.736323  0.441992  0.582133    0.1322    0.1942    0.2680    0.0880    0.2954    0.2366    0.3634
 000025   E  0.667415  0.447233  0.580863    0.1292    0.1251    0.2520    0.0760    0.2701    0.2335    0.3611
 000026   A  0.600019  0.457184  0.588997    0.2122    0.1671    0.2370    0.0640    0.2789    0.2040    0.3617
 000027   E  0.531311  0.449667  0.593999    0.1416    0.1702    0.2150    0.0540    0.2513    0.2062    0.3641
 000028   V  0.469829  0.430295  0.597968    0.1958    0.1449    0.2110    0.0560    0.2419    0.1944    0.3742
 000029   L  0.449194  0.426166  0.598552    0.1998    0.1702    0.2040    0.0530    0.2415    0.1884    0.3862
 000030   I  0.441162  0.409888  0.594211    0.1456    0.2034    0.1920    0.0450    0.2320    0.1899    0.3928
 000031   G  0.433131  0.402909  0.591081    0.2483    0.2884    0.1840    0.0510    0.2595    0.1670    0.4023
 000032   G  0.411903  0.398741  0.591030    0.2602    0.3215    0.1920    0.0630    0.2640    0.1610    0.4184
 000033   R  0.386985  0.430812  0.591906    0.2786    0.3249    0.2120    0.0760    0.2722    0.1565    0.4313
 000034   R  0.380576  0.456000  0.597514    0.3939    0.4256    0.2460    0.1040    0.3170    0.1443    0.4137
 000035   H  0.371657  0.494461  0.605619    0.3992    0.4119    0.2660    0.1130    0.3238    0.1459    0.3942
 000036   L  0.369967  0.549566  0.618222    0.4037    0.3286    0.2750    0.1060    0.3212    0.1590    0.3837
 000037   A  0.368556  0.575366  0.628968    0.4333    0.3872    0.2790    0.1010    0.3406    0.1600    0.3794
 000038   H  0.343881  0.604206  0.637130    0.3630    0.3053    0.3020    0.1040    0.3197    0.1754    0.3740
 000039   F  0.302846  0.624246  0.641140    0.4556    0.3872    0.3240    0.0970    0.3490    0.1716    0.3769
 000040   P  0.313398  0.631231  0.639735    0.4513    0.4725    0.2860    0.0970    0.3590    0.1740    0.3828
 000041   D  0.333457  0.629953  0.634547    0.5331    0.6136    0.3020    0.1050    0.4019    0.1746    0.3879
 000042   H  0.358456  0.635296  0.626153    0.5296    0.5098    0.3350    0.1070    0.3946    0.1570    0.3931
 000043   P  0.415736  0.651271  0.623032    0.5514    0.5254    0.3670    0.1100    0.4185    0.1459    0.4039
 000044   G  0.485436  0.651755  0.616922    0.4781    0.4940    0.4060    0.1220    0.4193    0.1334    0.4192
 000045   E  0.549720  0.655452  0.612843    0.5008    0.4149    0.4010    0.1170    0.4204    0.1390    0.4330
 000046   K  0.613584  0.648842  0.601851    0.4703    0.3286    0.4190    0.0990    0.4133    0.1536    0.4228
 000047   V  0.670198  0.631653  0.591899    0.4825    0.4256    0.4550    0.1280    0.4442    0.1354    0.4172
 000048   P  0.733385  0.600174  0.577255    0.4282    0.3704    0.4360    0.1460    0.4281    0.1573    0.4159
 000049   V  0.748562  0.578172  0.564649    0.4333    0.3356    0.4550    0.1710    0.4251    0.1615    0.4137
 000050   Q  0.766518  0.542070  0.553458    0.4420    0.4652    0.4160    0.1750    0.4386    0.1487    0.4186
 000051   G  0.781578  0.490082  0.542742    0.3762    0.4051    0.4070    0.1880    0.4101    0.1649    0.4244
 000052   P  0.796637  0.455823  0.528501    0.3847    0.3910    0.3740    0.1720    0.4004    0.1720    0.4337
 000053   L  0.801439  0.402369  0.516331    0.3399    0.3019    0.3820    0.1520    0.3712    0.1884    0.4290
 000054   E  0.805484  0.390750  0.503341    0.3053    0.2715    0.3420    0.1130    0.3525    0.1993    0.4209
 000055   A  0.793992  0.370911  0.496321    0.2167    0.2849    0.3230    0.1040    0.3316    0.2074    0.4108
 000056   L  0.782325  0.363060  0.487660    0.2041    0.2752    0.2980    0.0920    0.3204    0.2078    0.4028
 000057   L  0.772683  0.347294  0.476260    0.2122    0.2752    0.2570    0.0870    0.3108    0.2065    0.3997
 000058   D  0.739179  0.334283  0.467608    0.2786    0.3426    0.2460    0.0730    0.3235    0.1835    0.4029
 000059   L  0.691716  0.379548  0.459446    0.2385    0.2436    0.2430    0.0860    0.2994    0.1807    0.4095
 000060   A  0.654860  0.415738  0.451285    0.3005    0.2884    0.2090    0.0740    0.3114    0.1631    0.4211
 000061   E  0.587296  0.432720  0.443626    0.2041    0.1702    0.2000    0.0730    0.2658    0.1733    0.4327
 000062   A  0.519327  0.454676  0.435325    0.1732    0.1092    0.1960    0.0720    0.2420    0.1751    0.4243
 000063   R  0.492897  0.474903  0.428310    0.0909    0.0765    0.1750    0.0720    0.2184    0.1930    0.4166
 000064   L  0.490664  0.479129  0.420929    0.0909    0.1251    0.1740    0.0660    0.2267    0.1838    0.4157
 000065   K  0.450805  0.483649  0.412927    0.0677    0.1184    0.1600    0.0530    0.2134    0.1836    0.4110
 000066   E  0.393597  0.500145  0.404074    0.0813    0.1449    0.1660    0.0530    0.2143    0.1706    0.4089
 000067   G  0.336904  0.488392  0.388936    0.1240    0.2436    0.1670    0.0550    0.2266    0.1422    0.4074
 000068   K  0.295662  0.457094  0.375481    0.1878    0.2470    0.1320    0.0320    0.2200    0.1262    0.4079
 000069   K  0.245894  0.433867  0.362204    0.2041    0.1399    0.1130    0.0260    0.1894    0.1299    0.4153
 000070   V  0.226738  0.402372  0.355090    0.2041    0.1373    0.1040    0.0200    0.1790    0.1233    0.4275
 000071   A  0.205838  0.364853  0.347067    0.1602    0.1611    0.0940    0.0180    0.1643    0.1158    0.4231
 000072   F  0.143859  0.327087  0.335944    0.0935    0.0888    0.0870    0.0150    0.1233    0.1229    0.4057
 000073   L  0.065929  0.303217  0.322631    0.1178    0.1092    0.0840    0.0160    0.1134    0.1176    0.3981
 000074   A  0.025611  0.274733  0.306048    0.0701    0.1092    0.0860    0.0210    0.0942    0.1176    0.3947
 000075   S  0.003690  0.267069  0.289305    0.1178    0.1671    0.1010    0.0340    0.1094    0.1094    0.3989
 000076   G  0.008405  0.254978  0.273307    0.1150    0.1162    0.1260    0.0590    0.1034    0.1014    0.4029
 000077   D  0.013041  0.236813  0.263452    0.1060    0.0662    0.1360    0.0680    0.0930    0.0990    0.4129
 000078   P  0.019150  0.230492  0.255907    0.0643    0.0704    0.1260    0.0650    0.0851    0.0975    0.4243
 000079   L  0.044742  0.215806  0.249756    0.0405    0.0690    0.1230    0.0690    0.0822    0.0921    0.4303
 000080   F  0.074870  0.214829  0.245577    0.0464    0.0349    0.1260    0.0680    0.0828    0.0908    0.4100
 000081   Y  0.132006  0.212917  0.240268    0.0723    0.0662    0.1320    0.0670    0.1026    0.0765    0.3806
 000082   G  0.181351  0.205448  0.236532    0.0490    0.0851    0.1340    0.0600    0.1092    0.0769    0.3534
 000083   I  0.221684  0.212814  0.236227    0.1041    0.1373    0.1270    0.0440    0.1339    0.0650    0.3248
 000084   G  0.278905  0.204757  0.234176    0.1732    0.2164    0.1190    0.0360    0.1654    0.0631    0.3045
 000085   K  0.321604  0.202476  0.231985    0.1698    0.1791    0.1230    0.0320    0.1659    0.0730    0.2864
 000086   R  0.380062  0.214398  0.226801    0.1805    0.1852    0.1370    0.0460    0.1828    0.0856    0.2692
 000087   V  0.458472  0.237857  0.224205    0.1117    0.2094    0.1630    0.0560    0.1967    0.1151    0.2585
 000088   L  0.521363  0.257378  0.220499    0.1018    0.1759    0.1930    0.0740    0.2082    0.1374    0.2550
 000089   E  0.564829  0.297092  0.218330    0.1018    0.1759    0.2330    0.0890    0.2287    0.1509    0.2498
 000090   R  0.584931  0.345464  0.216890    0.1349    0.2645    0.2800    0.0800    0.2682    0.1454    0.2466
 000091   F  0.624700  0.386506  0.216629    0.2385    0.3426    0.3270    0.0910    0.3199    0.1386    0.2489
 000092   P  0.669908  0.430577  0.215711    0.3225    0.3215    0.2810    0.0670    0.3375    0.1515    0.2563
 000093   E  0.696291  0.473648  0.216712    0.2913    0.3321    0.2820    0.0790    0.3460    0.1648    0.2580
 000094   A  0.732113  0.493272  0.216133    0.2786    0.4369    0.2530    0.0710    0.3656    0.1818    0.2613
 000095   E  0.739950  0.469644  0.212579    0.2963    0.4087    0.2310    0.0690    0.3577    0.1835    0.2649
 000096   V  0.691449  0.454181  0.203759    0.3146    0.3053    0.2150    0.0800    0.3301    0.1712    0.2697
 000097   H  0.672183  0.479501  0.195955    0.2913    0.2849    0.1970    0.0750    0.3209    0.1740    0.2805
 000098   P  0.681872  0.460369  0.190767    0.2748    0.3460    0.2120    0.0740    0.3291    0.1721    0.2846
 000099   A  0.687714  0.448793  0.185582    0.3311    0.3460    0.1990    0.0740    0.3354    0.1723    0.2817
 000100   P  0.599915  0.453006  0.182668    0.3096    0.3286    0.1270    0.0400    0.3030    0.1617    0.2823
 000101   T  0.521330  0.417700  0.174962    0.2209    0.2575    0.1080    0.0310    0.2542    0.1454    0.2792
 000102   A  0.437660  0.385617  0.170345    0.3146    0.3983    0.0940    0.0210    0.2716    0.1293    0.2702
 000103   F  0.352293  0.354996  0.170341    0.1878    0.2609    0.0850    0.0180    0.2068    0.1022    0.2642
 000104   Q  0.284051  0.324207  0.168582    0.2080    0.2575    0.0750    0.0180    0.1915    0.0864    0.2642
 000105   E  0.249350  0.279280  0.168207    0.1495    0.2988    0.0710    0.0170    0.1747    0.0849    0.2665
 000106   A  0.181140  0.250490  0.166231    0.1532    0.2575    0.0710    0.0170    0.1523    0.0686    0.2680
 000107   F  0.098671  0.211521  0.163787    0.2483    0.3182    0.0700    0.0160    0.1577    0.0896    0.2692
 000108   A  0.015966  0.190165  0.160290    0.2255    0.2064    0.0650    0.0120    0.1171    0.0816    0.2662
 000109   R  0.015037  0.180431  0.154619    0.1878    0.1007    0.0650    0.0130    0.0914    0.0681    0.2652
 000110   L  0.008734  0.185625  0.151471    0.1292    0.1184    0.0620    0.0160    0.0840    0.0636    0.2683
 000111   K  0.014934  0.188943  0.148209    0.0554    0.0605    0.0580    0.0160    0.0629    0.0653    0.2718
 000112   L  0.016312  0.197967  0.145792    0.0542    0.0581    0.0580    0.0130    0.0640    0.0672    0.2795
 000113   P  0.014936  0.193293  0.144026    0.0363    0.0704    0.0550    0.0150    0.0616    0.0672    0.2923
 000114   W  0.016322  0.195681  0.142886    0.0621    0.1275    0.0580    0.0200    0.0767    0.0650    0.3028
 000115   D  0.018248  0.195796  0.144704    0.0554    0.1399    0.0590    0.0170    0.0781    0.0665    0.3088
 000116   Q  0.017624  0.202305  0.145735    0.0502    0.0835    0.0640    0.0240    0.0696    0.0667    0.3115
 000117   A  0.017236  0.208356  0.147348    0.0723    0.1007    0.0620    0.0260    0.0768    0.0667    0.3131
 000118   R  0.016973  0.207105  0.146070    0.0701    0.1823    0.0580    0.0220    0.0891    0.0735    0.3168
 000119   F  0.018438  0.203600  0.143346    0.0884    0.1476    0.0620    0.0200    0.0866    0.0657    0.3254
 000120   F  0.012918  0.220821  0.141948    0.0991    0.1007    0.0640    0.0210    0.0829    0.0687    0.3344
 000121   S  0.020063  0.224222  0.138960    0.1088    0.1028    0.0750    0.0240    0.0884    0.0664    0.3427
 000122   L  0.020613  0.234244  0.134521    0.0643    0.1115    0.0830    0.0300    0.0857    0.0705    0.3525
 000123   H  0.020216  0.244226  0.131870    0.0677    0.1137    0.0850    0.0330    0.0884    0.0729    0.3617
 000124   G  0.020812  0.258142  0.128705    0.0607    0.0948    0.1000    0.0430    0.0891    0.0772    0.3681
 000125   R  0.021613  0.251123  0.125211    0.0607    0.1137    0.1440    0.0610    0.0985    0.0749    0.3736
 000126   P  0.027483  0.274359  0.129797    0.0554    0.1048    0.1760    0.0670    0.1063    0.0841    0.3858
 000127   L  0.083845  0.274873  0.131971    0.0274    0.1162    0.2150    0.0910    0.1196    0.0848    0.3985
 000128   G  0.110198  0.284261  0.135434    0.0327    0.0851    0.2110    0.0990    0.1205    0.0859    0.4132
 000129   G  0.159469  0.293430  0.138649    0.0414    0.0888    0.2200    0.1040    0.1338    0.0857    0.4271
 000130   V  0.227111  0.294692  0.143812    0.0455    0.1137    0.2150    0.0820    0.1493    0.0852    0.4310
 000131   L  0.290102  0.289770  0.147265    0.0909    0.1399    0.1890    0.0530    0.1666    0.0793    0.4213
 000132   L  0.376564  0.294009  0.149454    0.0567    0.0835    0.1830    0.0320    0.1655    0.1156    0.4166
 000133   E  0.449188  0.290589  0.150331    0.0643    0.1424    0.1720    0.0330    0.1865    0.1279    0.4159
 000134   L  0.523428  0.280924  0.149213    0.0395    0.1449    0.1940    0.0320    0.1971    0.1546    0.4162
 000135   S  0.590213  0.281528  0.152086    0.0395    0.1671    0.1830    0.0370    0.2102    0.1754    0.4173
 000136   L  0.614682  0.269193  0.155069    0.0455    0.1852    0.1980    0.0440    0.2188    0.1802    0.4166
 000137   S  0.671555  0.272919  0.160326    0.0441    0.1643    0.2210    0.0510    0.2290    0.2004    0.4232
 000138   P  0.714074  0.278441  0.166301    0.0884    0.2470    0.2240    0.0600    0.2587    0.2027    0.4268
 000139   L  0.730699  0.294718  0.173779    0.0858    0.2752    0.2380    0.0540    0.2708    0.2069    0.4320
 000140   S  0.768029  0.321670  0.185679    0.0858    0.2399    0.2180    0.0560    0.2723    0.2215    0.4299
 000141   V  0.782564  0.346894  0.196294    0.1566    0.3087    0.2420    0.0730    0.3061    0.2110    0.4264
 000142   V  0.806145  0.390962  0.212347    0.1958    0.2884    0.2560    0.0790    0.3229    0.2130    0.4247
 000143   Y  0.830634  0.422244  0.226698    0.2865    0.3356    0.2490    0.0780    0.3540    0.2097    0.4239
 000144   T  0.841582  0.441865  0.236331    0.1878    0.3149    0.2510    0.0710    0.3395    0.2254    0.4281
 000145   D  0.839136  0.435025  0.249369    0.2602    0.3631    0.2560    0.0730    0.3589    0.2116    0.4255
 000146   P  0.838229  0.443598  0.260637    0.2432    0.2849    0.2440    0.0690    0.3424    0.2182    0.4249
 000147   E  0.827802  0.428148  0.269012    0.3184    0.2783    0.2550    0.0710    0.3513    0.2063    0.4244
 000148   H  0.816968  0.417212  0.277880    0.2531    0.2951    0.2300    0.0540    0.3355    0.2087    0.4279
 000149   T  0.793411  0.434330  0.293620    0.1635    0.2292    0.2020    0.0560    0.3038    0.2207    0.4275
 000150   P  0.776121  0.412832  0.309455    0.2602    0.3117    0.1760    0.0480    0.3228    0.1997    0.4293
 000151   A  0.748879  0.397429  0.321689    0.2255    0.2436    0.1650    0.0490    0.2966    0.2003    0.4294
 000152   G  0.729986  0.386704  0.334979    0.3053    0.3215    0.1630    0.0510    0.3178    0.1821    0.4270
 000153   I  0.713871  0.366048  0.344584    0.3146    0.3631    0.1660    0.0540    0.3206    0.1746    0.4239
 000154   A  0.667120  0.347661  0.354393    0.4149    0.4476    0.1720    0.0470    0.3415    0.1589    0.4250
 000155   R  0.627539  0.325717  0.367845    0.3847    0.4017    0.1630    0.0390    0.3170    0.1498    0.4200
 000156   A  0.616171  0.302895  0.381949    0.3578    0.3948    0.1640    0.0420    0.3060    0.1487    0.4235
 000157   L  0.573255  0.289540  0.393097    0.3053    0.2951    0.1650    0.0430    0.2713    0.1411    0.4270
 000158   L  0.528280  0.310037  0.404369    0.2913    0.2503    0.1660    0.0450    0.2576    0.1336    0.4265
 000159   E  0.476002  0.337532  0.416986    0.2385    0.2609    0.1730    0.0460    0.2476    0.1257    0.4238
 000160   M  0.470452  0.365372  0.430399    0.2122    0.2436    0.1820    0.0510    0.2456    0.1318    0.4233
 000161   G  0.473289  0.421768  0.443566    0.1998    0.1424    0.1980    0.0570    0.2392    0.1541    0.4157
 000162   V  0.491305  0.452817  0.457668    0.2122    0.1671    0.2130    0.0640    0.2560    0.1563    0.4107
 000163   D  0.550053  0.458306  0.474735    0.1495    0.1791    0.2220    0.0740    0.2599    0.1779    0.4088
 000164   A  0.595611  0.446506  0.491840    0.2292    0.2849    0.2180    0.0800    0.2956    0.1642    0.4060
 000165   R  0.615707  0.465727  0.501997    0.2657    0.3249    0.2200    0.0930    0.3153    0.1630    0.4011
 000166   A  0.645146  0.477060  0.510250    0.2963    0.3494    0.2170    0.0920    0.3308    0.1668    0.4038
 000167   H  0.682805  0.492095  0.520229    0.3263    0.3704    0.2160    0.0810    0.3480    0.1736    0.4040
 000168   V  0.687502  0.513857  0.530401    0.4037    0.3807    0.2220    0.0760    0.3680    0.1695    0.3992
 000169   A  0.661909  0.542820  0.539479    0.4513    0.4541    0.2220    0.0670    0.3886    0.1619    0.3973
 000170   E  0.628806  0.582519  0.549667    0.3668    0.4369    0.2400    0.0610    0.3759    0.1628    0.3920
 000171   R  0.588869  0.630688  0.556421    0.3806    0.3631    0.3140    0.0680    0.3796    0.1542    0.3863
 000172   L  0.581693  0.671863  0.563642    0.3806    0.3356    0.3720    0.0900    0.3903    0.1578    0.3900
 000173   G  0.581914  0.676766  0.569070    0.3578    0.4087    0.3750    0.0950    0.4000    0.1532    0.3925
 000174   E  0.582011  0.668769  0.577438    0.3225    0.3182    0.3490    0.1000    0.3735    0.1725    0.3949
 000175   E  0.604957  0.681513  0.590060    0.3578    0.3426    0.3320    0.1030    0.3865    0.1741    0.4018
 000176   D  0.627619  0.673047  0.596496    0.3005    0.3667    0.3320    0.0970    0.3833    0.1821    0.4066
 000177   E  0.683241  0.656134  0.603110    0.3225    0.3286    0.3310    0.1050    0.3870    0.1904    0.4062
 000178   R  0.736044  0.642924  0.612733    0.3263    0.3019    0.3380    0.1180    0.3908    0.2028    0.4034
 000179   V  0.778510  0.620067  0.619044    0.3146    0.3872    0.3240    0.1190    0.4041    0.2032    0.4092
 000180   R  0.824299  0.601800  0.620104    0.3146    0.4369    0.3130    0.1230    0.4151    0.2103    0.4153
 000181   S  0.821678  0.565165  0.620571    0.3096    0.4087    0.3140    0.1180    0.4033    0.2102    0.4284
 000182   F  0.792356  0.563865  0.623256    0.3399    0.3117    0.3590    0.1380    0.3944    0.2043    0.4294
 000183   A  0.769210  0.543642  0.620915    0.3939    0.3149    0.3730    0.1450    0.3991    0.1892    0.4252
 000184   G  0.714768  0.555555  0.619918    0.3184    0.3215    0.3610    0.1380    0.3786    0.1870    0.4203
 000185   L  0.676805  0.579173  0.624010    0.2385    0.3356    0.3380    0.1280    0.3613    0.1968    0.4171
 000186   K  0.637053  0.577877  0.623716    0.2432    0.3321    0.3300    0.1230    0.3533    0.1902    0.4202
 000187   E  0.609570  0.583742  0.621359    0.2657    0.2541    0.3520    0.1360    0.3442    0.1910    0.4203
 000188   V  0.594736  0.585461  0.617664    0.2531    0.1643    0.3800    0.1370    0.3295    0.2059    0.4206
 000189   A  0.589159  0.581996  0.621580    0.2041    0.1070    0.4000    0.1280    0.3137    0.2254    0.4161
 000190   E  0.588363  0.571692  0.623773    0.2080    0.0985    0.4280    0.1310    0.3158    0.2259    0.4160
 000191   E  0.606973  0.560787  0.626942    0.1698    0.1137    0.4390    0.1010    0.3151    0.2309    0.4133
 000192   R  0.625061  0.557428  0.629691    0.1150    0.0967    0.4760    0.0890    0.3116    0.2489    0.4145
 000193   F  0.676431  0.547219  0.628716    0.1805    0.1702    0.4660    0.1060    0.3400    0.2271    0.4100
 000194   L  0.707306  0.547708  0.625276    0.1766    0.1942    0.3620    0.0950    0.3314    0.2303    0.4121
 000195   D  0.743514  0.546912  0.621565    0.1698    0.2164    0.2720    0.1040    0.3248    0.2419    0.4170
 000196   P  0.763964  0.539939  0.623366    0.2385    0.2129    0.2440    0.0960    0.3333    0.2394    0.4195
 000197   N  0.750545  0.539948  0.624401    0.2786    0.2470    0.2390    0.0780    0.3425    0.2269    0.4187
 000198   V  0.689310  0.542068  0.623338    0.1878    0.2609    0.2570    0.0690    0.3228    0.2233    0.4164
 000199   L  0.616521  0.529815  0.622446    0.2820    0.3149    0.2450    0.0690    0.3314    0.1895    0.4104
 000200   I  0.543732  0.527892  0.624988    0.3399    0.2609    0.2240    0.0730    0.3160    0.1845    0.4143
 000201   L  0.473868  0.540312  0.624937    0.3184    0.2503    0.2240    0.0730    0.3012    0.1828    0.4166
 000202   E  0.401376  0.556507  0.619551    0.2292    0.1399    0.2380    0.0800    0.2608    0.2050    0.4236
 000203   A  0.373019  0.587802  0.614053    0.2558    0.0799    0.2470    0.0890    0.2573    0.2166    0.4257
 000204   K  0.341452  0.585278  0.605908    0.2483    0.1702    0.2480    0.0970    0.2655    0.1973    0.4277
 000205   G  0.283523  0.578844  0.597299    0.2333    0.2575    0.2430    0.0980    0.2660    0.1869    0.4202
 000206   P  0.287889  0.561939  0.591566    0.2483    0.2575    0.2360    0.0970    0.2652    0.1809    0.4097
 000207   L  0.338141  0.552541  0.588082    0.2209    0.2034    0.2460    0.1010    0.2601    0.1844    0.4025
 000208   P  0.386549  0.537081  0.583792    0.2292    0.1115    0.2300    0.0850    0.2490    0.1973    0.3975
 000209   P  0.408268  0.511569  0.580081    0.2657    0.1731    0.2070    0.0780    0.2610    0.1812    0.3950
 000210   R  0.425009  0.521955  0.578713    0.2432    0.2609    0.2020    0.0720    0.2755    0.1740    0.3976
 000211   L  0.441749  0.487144  0.579706    0.3146    0.3426    0.2000    0.0650    0.2977    0.1571    0.3873
 000212   G  0.427679  0.469920  0.579640    0.4037    0.3910    0.1970    0.0640    0.3149    0.1496    0.3830
 000213   F  0.408044  0.491519  0.579582    0.3885    0.4051    0.2350    0.0820    0.3214    0.1427    0.3742
 000214   F  0.418259  0.497266  0.578375    0.3847    0.4292    0.2300    0.0780    0.3265    0.1440    0.3719
 000215   P  0.378211  0.534620  0.575819    0.4203    0.4256    0.2110    0.0650    0.3283    0.1517    0.3804
 000216   D  0.327146  0.564760  0.561339    0.4149    0.4256    0.2590    0.0730    0.3319    0.1460    0.3974
 000217   E  0.279345  0.570076  0.547441    0.3847    0.3182    0.3060    0.0930    0.3098    0.1477    0.4159
 000218   A  0.291692  0.563132  0.532465    0.4703    0.3117    0.3790    0.1140    0.3360    0.1370    0.4298
 000219   F  0.319739  0.560990  0.517402    0.3578    0.2951    0.3730    0.0930    0.3178    0.1318    0.4213
 000220   E  0.377764  0.554517  0.498952    0.2385    0.2609    0.3500    0.0900    0.2970    0.1421    0.4049
 000221   Q  0.442424  0.533229  0.479190    0.2558    0.2609    0.4230    0.1240    0.3193    0.1322    0.3892
 000222   R  0.512054  0.531120  0.457509    0.3311    0.3599    0.4760    0.1500    0.3684    0.1066    0.3660
 000223   M  0.580903  0.526284  0.436153    0.3146    0.2884    0.5220    0.1610    0.3720    0.1319    0.3535
 000224   P  0.658834  0.526552  0.419288    0.4116    0.3872    0.4640    0.1800    0.4081    0.1159    0.3316
 000225   K  0.740396  0.526572  0.405659    0.4149    0.4149    0.4280    0.1850    0.4208    0.1377    0.3081
 000226   K  0.842659  0.522174  0.392715    0.3806    0.3087    0.3660    0.1720    0.4034    0.1906    0.2930
 000227   G  0.907701  0.502704  0.380077    0.2865    0.2715    0.3470    0.1570    0.3860    0.2274    0.2842
 000228   L  0.950475  0.469141  0.367140    0.1998    0.1823    0.3460    0.1340    0.3579    0.2644    0.2755
 000229   I  0.912268  0.438061  0.353645    0.1998    0.2064    0.3070    0.1230    0.3440    0.2493    0.2630
 000230   T  0.847617  0.398155  0.338841    0.2122    0.2364    0.2760    0.1010    0.3285    0.2233    0.2572
 000231   K  0.783230  0.373223  0.320803    0.2080    0.1528    0.2200    0.0860    0.2895    0.2168    0.2534
 000232   R  0.685264  0.332930  0.303548    0.1266    0.1476    0.1940    0.0760    0.2477    0.1956    0.2556
 000233   E  0.600934  0.301604  0.290653    0.0789    0.0985    0.1620    0.0750    0.2071    0.1832    0.2644
 000234   V  0.518143  0.265415  0.278891    0.1018    0.1424    0.1390    0.0700    0.1945    0.1479    0.2723
 000235   R  0.434697  0.226017  0.265689    0.0455    0.1424    0.1170    0.0480    0.1610    0.1327    0.2877
 000236   L  0.354210  0.201201  0.251039    0.0554    0.1554    0.0990    0.0280    0.1443    0.1071    0.3103
 000237   L  0.251560  0.167909  0.233815    0.0677    0.1611    0.0920    0.0230    0.1234    0.0776    0.3326
 000238   A  0.204075  0.168753  0.216118    0.0660    0.1092    0.0920    0.0210    0.1067    0.0673    0.3523
 000239   L  0.160751  0.169457  0.198483    0.1088    0.1092    0.0960    0.0180    0.1074    0.0502    0.3732
 000240   G  0.116292  0.151259  0.181030    0.1178    0.1092    0.0980    0.0190    0.0987    0.0415    0.3978
 000241   L  0.106304  0.157948  0.163769    0.0643    0.1070    0.1210    0.0250    0.0927    0.0434    0.4259
 000242   L  0.083989  0.162721  0.144752    0.0405    0.0631    0.1290    0.0290    0.0799    0.0505    0.4143
 000243   G  0.062243  0.171365  0.128262    0.0455    0.0676    0.1390    0.0420    0.0810    0.0509    0.3960
 000244   L  0.038797  0.173758  0.109495    0.0200    0.0506    0.1500    0.0340    0.0722    0.0607    0.3826
 000245   P  0.018782  0.180897  0.096614    0.0350    0.0780    0.1320    0.0300    0.0742    0.0576    0.3718
 000246   P  0.025882  0.174976  0.088445    0.0286    0.0888    0.1330    0.0300    0.0752    0.0552    0.3643
 000247   D  0.028819  0.175408  0.087573    0.0490    0.1399    0.1100    0.0270    0.0839    0.0524    0.3582
 000248   G  0.036416  0.163616  0.085633    0.0858    0.2034    0.0890    0.0260    0.0963    0.0575    0.3573
 000249   V  0.070217  0.156297  0.085841    0.1041    0.1671    0.0670    0.0160    0.0941    0.0422    0.3568
 000250   L  0.099333  0.157500  0.085164    0.1602    0.2399    0.0530    0.0130    0.1183    0.0630    0.3583
 000251   W  0.149455  0.161991  0.083113    0.1060    0.1501    0.0550    0.0180    0.1038    0.0417    0.3660
 000252   D  0.170048  0.174421  0.081678    0.1667    0.2328    0.0650    0.0190    0.1349    0.0593    0.3923
 000253   I  0.173623  0.183997  0.081138    0.1667    0.2783    0.0980    0.0300    0.1502    0.0656    0.4210
 000254   G  0.170724  0.190304  0.080809    0.1766    0.2470    0.0950    0.0260    0.1466    0.0585    0.4229
 000255   A  0.168386  0.196855  0.080055    0.2333    0.3149    0.1000    0.0370    0.1689    0.0805    0.4000
 000256   G  0.160628  0.219219  0.077714    0.1766    0.2064    0.1030    0.0400    0.1443    0.0531    0.3747
 000257   T  0.152940  0.259115  0.075981    0.1380    0.1554    0.1180    0.0380    0.1372    0.0571    0.3505
 000258   G  0.183640  0.282982  0.074812    0.0909    0.1702    0.1270    0.0440    0.1424    0.0703    0.3243
 000259   S  0.193836  0.321859  0.075955    0.0771    0.1007    0.1540    0.0500    0.1413    0.0871    0.3028
 000260   V  0.201122  0.346401  0.076728    0.1322    0.1449    0.1480    0.0440    0.1622    0.0858    0.2898
 000261   G  0.232899  0.339304  0.077753    0.1532    0.2292    0.1330    0.0380    0.1814    0.0854    0.2794
 000262   I  0.268587  0.300275  0.078624    0.2167    0.2503    0.1280    0.0500    0.1941    0.0797    0.2727
 000263   E  0.340326  0.295145  0.080095    0.2167    0.1554    0.0800    0.0230    0.1812    0.1006    0.2787
 000264   A  0.388852  0.252218  0.081539    0.2558    0.2129    0.0710    0.0200    0.1968    0.1101    0.2873
 000265   A  0.440103  0.198020  0.082086    0.1635    0.1476    0.0600    0.0170    0.1682    0.1254    0.2953
 000266   R  0.495984  0.179202  0.082933    0.1732    0.1852    0.0520    0.0170    0.1809    0.1447    0.3021
 000267   L  0.504486  0.156994  0.083520    0.1240    0.1791    0.0500    0.0160    0.1692    0.1506    0.3181
 000268   A  0.539804  0.142133  0.083906    0.1292    0.1791    0.0490    0.0130    0.1732    0.1636    0.3324
 000269   P  0.515436  0.141811  0.084766    0.1292    0.2034    0.0600    0.0210    0.1749    0.1535    0.3470
 000270   W  0.476826  0.152710  0.086193    0.1292    0.2164    0.0700    0.0240    0.1742    0.1381    0.3596
 000271   G  0.442781  0.158165  0.088450    0.2041    0.2849    0.0740    0.0230    0.1940    0.1272    0.3565
 000272   E  0.373186  0.173278  0.091765    0.2122    0.1914    0.0890    0.0290    0.1731    0.0963    0.3534
 000273   V  0.318986  0.204983  0.095669    0.3005    0.3149    0.1330    0.0500    0.2120    0.0910    0.3619
 000274   Y  0.271603  0.226506  0.099228    0.1998    0.3053    0.1480    0.0470    0.1918    0.0719    0.3698
 000275   A  0.218802  0.264696  0.102472    0.2531    0.2364    0.1860    0.0570    0.1931    0.0570    0.3835
 000276   V  0.148082  0.356790  0.109438    0.2786    0.1969    0.2050    0.0850    0.1975    0.0839    0.3947
 000277   E  0.144637  0.427286  0.113924    0.2167    0.2164    0.2190    0.0910    0.2041    0.1017    0.4091
 000278   K  0.196079  0.449609  0.117351    0.2292    0.3117    0.2230    0.1010    0.2350    0.1061    0.4173
 000279   N  0.222447  0.507298  0.122025    0.2602    0.3087    0.2170    0.0950    0.2525    0.1207    0.4257
 000280   P  0.261742  0.520084  0.133039    0.2432    0.2752    0.1880    0.0710    0.2480    0.1237    0.4295
 000281   E  0.317241  0.461277  0.145018    0.2865    0.3667    0.1470    0.0420    0.2632    0.1161    0.4202
 000282   S  0.344468  0.430328  0.159262    0.2748    0.2575    0.1130    0.0310    0.2366    0.1099    0.4091
 000283   W  0.370580  0.399664  0.169106    0.2531    0.2436    0.0880    0.0270    0.2259    0.1113    0.3939
 000284   P  0.369087  0.342745  0.173901    0.2333    0.2817    0.0790    0.0290    0.2176    0.1033    0.4005
 000285   H  0.371051  0.302434  0.176954    0.3359    0.2645    0.0850    0.0310    0.2266    0.1020    0.4077
 000286   I  0.302990  0.294566  0.178668    0.3359    0.3087    0.0930    0.0340    0.2225    0.0919    0.4168
 000287   V  0.220075  0.265748  0.180133    0.3053    0.2918    0.0930    0.0400    0.1960    0.0790    0.4270
 000288   E  0.179090  0.241001  0.180574    0.2963    0.2849    0.1060    0.0530    0.1845    0.0731    0.4289
 000289   N  0.131559  0.243318  0.187898    0.2209    0.2034    0.1110    0.0520    0.1517    0.0566    0.4207
 000290   A  0.083753  0.242776  0.193311    0.2292    0.1373    0.0940    0.0310    0.1313    0.0702    0.4184
 000291   R  0.064980  0.216614  0.199538    0.1532    0.1162    0.0810    0.0160    0.1054    0.0656    0.4136
 000292   R  0.051640  0.208796  0.210702    0.1060    0.1048    0.0780    0.0170    0.0915    0.0709    0.4147
 000293   F  0.111675  0.212806  0.226122    0.1088    0.1162    0.0790    0.0200    0.1047    0.0675    0.4230
 000294   G  0.173207  0.201124  0.241639    0.1698    0.1611    0.0770    0.0150    0.1303    0.0640    0.4203
 000295   A  0.189443  0.187031  0.250122    0.1635    0.1611    0.0790    0.0210    0.1301    0.0656    0.4289
 000296   F  0.205685  0.194901  0.258247    0.1416    0.1702    0.0840    0.0230    0.1327    0.0694    0.4324
 000297   N  0.225312  0.187087  0.266373    0.2333    0.2292    0.0840    0.0290    0.1598    0.0734    0.4332
 000298   L  0.231232  0.204070  0.272081    0.3096    0.2164    0.0860    0.0320    0.1745    0.0832    0.4324
 000299   H  0.220579  0.233444  0.281468    0.2700    0.2002    0.0800    0.0250    0.1674    0.0810    0.4310
 000300   L  0.216730  0.248098  0.288527    0.1844    0.1881    0.0810    0.0230    0.1530    0.0805    0.4302
 000301   V  0.206454  0.298281  0.298057    0.2041    0.1449    0.0860    0.0230    0.1567    0.0912    0.4168
 000302   K  0.148275  0.364710  0.309874    0.2167    0.1702    0.1060    0.0260    0.1677    0.1046    0.4056
 000303   G  0.094063  0.422368  0.319638    0.1532    0.1501    0.1500    0.0300    0.1616    0.1277    0.3927
 000304   E  0.083724  0.460800  0.331050    0.2531    0.2783    0.1980    0.0280    0.2123    0.1282    0.3755
 000305   A  0.070973  0.477762  0.346075    0.2122    0.2817    0.2510    0.0490    0.2157    0.1368    0.3653
 000306   P  0.057730  0.493834  0.363451    0.2700    0.2817    0.2750    0.0730    0.2297    0.1435    0.3590
 000307   E  0.061756  0.500494  0.378861    0.3668    0.3182    0.2420    0.0680    0.2482    0.1497    0.3543
 000308   A  0.073257  0.549164  0.395868    0.3263    0.2034    0.2330    0.0700    0.2308    0.1650    0.3557
 000309   L  0.120460  0.550450  0.411502    0.3399    0.2193    0.2340    0.0540    0.2440    0.1566    0.3574
 000310   K  0.165649  0.525311  0.422942    0.2483    0.2129    0.2150    0.0540    0.2278    0.1479    0.3555
 000311   G  0.181982  0.507334  0.426612    0.2483    0.2951    0.2430    0.0890    0.2459    0.1339    0.3590
 000312   L  0.224923  0.463404  0.426697    0.3053    0.3631    0.2580    0.1100    0.2692    0.1116    0.3643
 000313   P  0.247835  0.409149  0.422913    0.3053    0.3631    0.2290    0.1040    0.2590    0.1028    0.3659
 000314   A  0.274618  0.374804  0.419773    0.3096    0.3599    0.2160    0.0880    0.2558    0.0973    0.3649
 000315   P  0.347910  0.350423  0.420623    0.2913    0.3631    0.1990    0.0710    0.2587    0.0984    0.3634
 000316   H  0.417974  0.334208  0.420891    0.3184    0.3053    0.2040    0.0760    0.2632    0.1018    0.3601
 000317   A  0.490404  0.345104  0.422778    0.3096    0.2918    0.2240    0.0810    0.2768    0.1123    0.3437
 000318   V  0.524536  0.359445  0.425894    0.2041    0.2918    0.2380    0.0640    0.2696    0.1312    0.3281
 000319   F  0.559528  0.363753  0.427371    0.2483    0.2224    0.2600    0.0610    0.2756    0.1386    0.3130
 000320   V  0.624289  0.396343  0.422371    0.3491    0.2224    0.2700    0.0530    0.3103    0.1469    0.2858
 000321   G  0.652732  0.423364  0.417467    0.2558    0.2224    0.2780    0.0540    0.3055    0.1618    0.2659
 000322   G  0.697412  0.441738  0.412440    0.1698    0.1554    0.3280    0.0690    0.2987    0.1959    0.2473
 000323   S  0.746138  0.465261  0.401328    0.2483    0.2328    0.3810    0.0800    0.3455    0.1832    0.2272
 000324   G  0.743705  0.468319  0.386815    0.1495    0.1323    0.4220    0.0660    0.3192    0.2165    0.2102
 000325   G  0.743731  0.474205  0.372302    0.1805    0.1528    0.4780    0.0830    0.3381    0.2093    0.1952
 000326   E  0.748273  0.485797  0.365517    0.0884    0.1092    0.5010    0.0940    0.3221    0.2388    0.1825
 000327   L  0.753787  0.482525  0.360068    0.0832    0.0618    0.4770    0.1090    0.3097    0.2484    0.1687
 000328   E  0.758440  0.478495  0.354618    0.0813    0.0734    0.4470    0.1300    0.3065    0.2453    0.1612
 000329   E  0.763814  0.430218  0.350170    0.0621    0.1323    0.4010    0.1250    0.2982    0.2348    0.1531
 000330   I  0.769065  0.372573  0.341609    0.1041    0.2193    0.3310    0.1150    0.2993    0.2134    0.1456
 000331   L  0.778749  0.309581  0.334828    0.1766    0.2884    0.2470    0.0750    0.3000    0.2036    0.1477
 000332   R  0.782262  0.265591  0.325459    0.1698    0.2849    0.1760    0.0550    0.2797    0.2152    0.1481
 000333   V  0.765496  0.248647  0.312829    0.1635    0.2064    0.1520    0.0530    0.2560    0.2178    0.1481
 000334   S  0.753546  0.262550  0.300851    0.1602    0.1501    0.1510    0.0480    0.2462    0.2185    0.1543
 000335   L  0.677950  0.266548  0.286814    0.0935    0.1028    0.1640    0.0510    0.2175    0.2044    0.1579
 000336   K  0.595362  0.282188  0.269543    0.0567    0.0851    0.2040    0.0820    0.2039    0.1823    0.1600
 000337   A  0.512339  0.302456  0.250429    0.0327    0.0646    0.2340    0.1140    0.1910    0.1644    0.1607
 000338   L  0.443809  0.309599  0.227413    0.0455    0.0605    0.2130    0.0840    0.1788    0.1430    0.1628
 000339   R  0.370467  0.305687  0.204859    0.0308    0.0592    0.1920    0.0650    0.1597    0.1262    0.1600
 000340   P  0.295826  0.284050  0.184300    0.0121    0.0313    0.1690    0.0430    0.1320    0.1144    0.1591
 000341   G  0.215880  0.264301  0.167280    0.0259    0.0662    0.1660    0.0580    0.1231    0.0867    0.1559
 000342   G  0.163463  0.224017  0.151580    0.0226    0.1184    0.1450    0.0530    0.1122    0.0656    0.1508
 000343   R  0.110787  0.181115  0.138403    0.0252    0.0734    0.1320    0.0480    0.0871    0.0549    0.1457
 000344   L  0.112639  0.137699  0.127499    0.0441    0.0704    0.1210    0.0470    0.0810    0.0397    0.1406
 000345   V  0.136879  0.116961  0.120002    0.0218    0.0592    0.1010    0.0380    0.0726    0.0445    0.1310
 000346   V  0.131571  0.093875  0.112361    0.0212    0.0851    0.0800    0.0280    0.0686    0.0391    0.1230
 000347   A  0.109863  0.087505  0.107135    0.0157    0.0483    0.0640    0.0210    0.0542    0.0379    0.1189
 000348   A  0.095161  0.086247  0.102080    0.0157    0.0592    0.0590    0.0210    0.0525    0.0338    0.1156
 000349   I  0.083552  0.080789  0.095337    0.0160    0.0518    0.0530    0.0140    0.0475    0.0309    0.1129
 000350   T  0.079168  0.087693  0.089895    0.0167    0.0313    0.0480    0.0160    0.0438    0.0322    0.1213
 000351   L  0.071310  0.091200  0.085446    0.0067    0.0258    0.0450    0.0150    0.0400    0.0342    0.1275
 000352   E  0.056048  0.091568  0.081573    0.0029    0.0258    0.0420    0.0140    0.0363    0.0335    0.1352
 000353   N  0.039988  0.087930  0.077259    0.0033    0.0281    0.0380    0.0120    0.0328    0.0316    0.1407
 000354   L  0.006998  0.086158  0.074780    0.0033    0.0287    0.0400    0.0120    0.0275    0.0338    0.1469
 000355   L  0.006948  0.083682  0.072503    0.0074    0.0281    0.0430    0.0120    0.0281    0.0320    0.1525
 000356   A  0.012320  0.086475  0.070692    0.0116    0.0518    0.0420    0.0110    0.0341    0.0301    0.1588
 000357   A  0.013399  0.095082  0.070321    0.0090    0.0463    0.0510    0.0130    0.0358    0.0323    0.1683
 000358   Y  0.015852  0.107953  0.066894    0.0160    0.0618    0.0630    0.0210    0.0442    0.0338    0.1774
 000359   G  0.015799  0.121567  0.063213    0.0097    0.0749    0.0610    0.0170    0.0472    0.0390    0.1862
 000360   F  0.015595  0.144522  0.060755    0.0268    0.0690    0.0860    0.0280    0.0570    0.0434    0.1950
 000361   L  0.015545  0.180380  0.058296    0.0252    0.0676    0.1080    0.0400    0.0661    0.0564    0.1917
 000362   K  0.015358  0.194161  0.056385    0.0259    0.0734    0.1160    0.0460    0.0708    0.0613    0.1871
 000363   G  0.016561  0.226870  0.054091    0.0245    0.0704    0.1630    0.0500    0.0835    0.0773    0.1811
 000364   T  0.014370  0.246497  0.053004    0.0121    0.0531    0.1830    0.0500    0.0848    0.0894    0.1767
 000365   G  0.009190  0.253643  0.052672    0.0279    0.0870    0.1970    0.0490    0.0958    0.0906    0.1677
 000366   L  0.009434  0.247881  0.054059    0.0405    0.1399    0.2130    0.0540    0.1085    0.0902    0.1616
 000367   P  0.012327  0.276792  0.057263    0.0514    0.1115    0.1860    0.0610    0.1063    0.0910    0.1577
 000368   L  0.021494  0.297628  0.058896    0.0701    0.0870    0.2020    0.0620    0.1131    0.0965    0.1478
 000369   E  0.039857  0.295355  0.061902    0.0771    0.1702    0.1730    0.0640    0.1259    0.0883    0.1376
 000370   G  0.058199  0.296459  0.064753    0.0464    0.1070    0.1570    0.0610    0.1108    0.0872    0.1301
 000371   F  0.070351  0.292486  0.067377    0.1117    0.1611    0.1500    0.0520    0.1310    0.0769    0.1240
 000372   Q  0.082604  0.264744  0.070747    0.1178    0.2364    0.1350    0.0520    0.1394    0.0748    0.1180
 000373   V  0.095296  0.232238  0.072341    0.0935    0.1554    0.1340    0.0420    0.1184    0.0545    0.1141
 000374   Q  0.116151  0.235831  0.075520    0.0965    0.1643    0.1100    0.0310    0.1205    0.0547    0.1140
 000375   A  0.139408  0.226919  0.078200    0.0542    0.1554    0.0930    0.0230    0.1116    0.0588    0.1186
 000376   S  0.147367  0.215579  0.081242    0.0587    0.0967    0.0730    0.0130    0.0985    0.0558    0.1280
 000377   R  0.151030  0.223750  0.088961    0.1178    0.1671    0.0680    0.0180    0.1213    0.0538    0.1354
 000378   V  0.194799  0.226852  0.095263    0.0567    0.1184    0.0640    0.0170    0.1102    0.0659    0.1425
 000379   V  0.222764  0.219297  0.102490    0.1178    0.1914    0.0590    0.0170    0.1351    0.0646    0.1542
 000380   P  0.264997  0.225336  0.109976    0.0884    0.1914    0.0570    0.0170    0.1378    0.0780    0.1678
 000381   L  0.290230  0.234936  0.118003    0.0935    0.2193    0.0630    0.0130    0.1501    0.0851    0.1785
 000382   A  0.304403  0.220484  0.124758    0.1698    0.2258    0.0740    0.0250    0.1657    0.0774    0.1915
 000383   R  0.304824  0.224623  0.127989    0.1958    0.2292    0.0760    0.0240    0.1717    0.0769    0.2031
 000384   Y  0.298364  0.223342  0.132534    0.1878    0.2164    0.0890    0.0340    0.1691    0.0708    0.2137
 000385   H  0.310417  0.240593  0.139416    0.1844    0.1399    0.0890    0.0300    0.1607    0.0768    0.2231
 000386   R  0.327242  0.253844  0.143687    0.1532    0.1373    0.0920    0.0280    0.1607    0.0837    0.2234
 000387   L  0.316032  0.278333  0.149142    0.1018    0.0909    0.0900    0.0230    0.1461    0.0954    0.2206
 000388   E  0.320775  0.303910  0.153001    0.0832    0.0985    0.0930    0.0270    0.1499    0.1027    0.2187
 000389   A  0.318831  0.300410  0.156418    0.0909    0.1476    0.1080    0.0470    0.1609    0.0934    0.2166
 000390   Q  0.310822  0.293233  0.160341    0.1456    0.2224    0.1230    0.0550    0.1824    0.0772    0.2169
 000391   N  0.313525  0.265958  0.164545    0.1292    0.1942    0.1410    0.0600    0.1739    0.0725    0.2197
 000392   P  0.324764  0.231092  0.169060    0.2041    0.2436    0.1660    0.0920    0.1949    0.0607    0.2246
 000393   I  0.344337  0.199532  0.173923    0.2432    0.2715    0.1840    0.1010    0.2071    0.0658    0.2250
 000394   T  0.350910  0.180169  0.179794    0.2080    0.2470    0.2710    0.1090    0.2095    0.0670    0.2344
 000395   L  0.357755  0.176531  0.184595    0.3359    0.3182    0.2940    0.0880    0.2471    0.0778    0.2422
 000396   L  0.345256  0.225013  0.188797    0.3668    0.2817    0.2560    0.0990    0.2458    0.0702    0.2489
 000397   A  0.341209  0.308740  0.190308    0.4078    0.2541    0.2780    0.1150    0.2649    0.0753    0.2553
 000398   V  0.351939  0.430490  0.190009    0.5296    0.3321    0.3490    0.1310    0.3322    0.1076    0.2635
 000399   T  0.380565  0.557282  0.192241    0.5623    0.2849    0.4160    0.0910    0.3669    0.1380    0.2718
 000400   K  0.346955  0.686101  0.195324    0.6412    0.3053    0.4870    0.0930    0.4111    0.1808    0.2797
 000401   E  0.424971  0.770195  0.198454    0.6756    0.2609    0.6530    0.0820    0.4640    0.2189    0.2866
 000402   G  0.573323  0.737753  0.202115    0.7111    0.1969    0.7420    0.0760    0.4935    0.2408    0.2894
 000403   A  0.537541  0.827476  0.204544    0.7192    0.1137    0.8620    0.0530    0.5099    0.2942    0.2920
