#RESNUM RES     VL-XT     VSL2B       VL3  IUPred-S  IUPred-L  PONDRFIT  FITERROR       MDP  MDPERROR   ANCHOR2
 000001   M  0.673511  0.949707  0.122724    0.6944    0.0194    0.9880    0.0100    0.5541    0.3765    0.0031
 000002   G  0.775453  0.938979  0.120306    0.6035    0.0109    0.9630    0.0200    0.5487    0.3767    0.0026
 000003   E  0.740748  0.907756  0.118316    0.4282    0.0078    0.9640    0.0240    0.5082    0.3721    0.0022
 000004   A  0.830760  0.842614  0.116805    0.2748    0.0052    0.9370    0.0380    0.4818    0.3792    0.0017
 000005   F  0.614344  0.736533  0.115730    0.1322    0.0054    0.9310    0.0400    0.4033    0.3532    0.0014
 000006   R  0.543831  0.594627  0.114247    0.0441    0.0066    0.9310    0.0560    0.3534    0.3419    0.0012
 000007   K  0.469958  0.457825  0.112160    0.0218    0.0053    0.8960    0.0590    0.3085    0.3178    0.0009
 000008   A  0.398740  0.341168  0.110254    0.0141    0.0044    0.8040    0.0790    0.2604    0.2798    0.0006
 000009   E  0.312567  0.232721  0.107834    0.0042    0.0039    0.6080    0.0630    0.1935    0.2108    0.0004
 000010   A  0.227089  0.154050  0.105183    0.0009    0.0036    0.4930    0.1430    0.1464    0.1682    0.0003
 000011   A  0.139979  0.117305  0.103074    0.0005    0.0032    0.4980    0.0830    0.1266    0.1684    0.0002
 000012   I  0.084446  0.076961  0.101431    0.0004    0.0037    0.4230    0.0650    0.0980    0.1441    0.0001
 000013   Y  0.056899  0.045098  0.100123    0.0003    0.0032    0.3890    0.0670    0.0825    0.1351    0.0001
 000014   L  0.037985  0.032821  0.098874    0.0002    0.0023    0.3600    0.0670    0.0723    0.1268    0.0001
 000015   F  0.033688  0.029042  0.097520    0.0002    0.0018    0.2390    0.0650    0.0507    0.0851    0.0000
 000016   A  0.021424  0.024871  0.096444    0.0003    0.0022    0.1530    0.0550    0.0335    0.0583    0.0000
 000017   G  0.010362  0.022511  0.093940    0.0002    0.0015    0.1120    0.0450    0.0244    0.0480    0.0000
 000018   L  0.004239  0.022325  0.090624    0.0001    0.0014    0.1030    0.0390    0.0218    0.0456    0.0000
 000019   L  0.000280  0.021222  0.087663    0.0001    0.0018    0.0800    0.0250    0.0172    0.0402    0.0000
 000020   V  0.000376  0.021474  0.084604    0.0001    0.0015    0.0610    0.0170    0.0140    0.0359    0.0000
 000021   V  0.000721  0.027475  0.082093    0.0001    0.0012    0.0520    0.0170    0.0136    0.0338    0.0000
 000022   L  0.003931  0.033790  0.080547    0.0001    0.0010    0.0510    0.0180    0.0149    0.0329    0.0000
 000023   G  0.007819  0.036455  0.078637    0.0001    0.0015    0.0500    0.0190    0.0160    0.0317    0.0000
 000024   A  0.009252  0.040382  0.076376    0.0001    0.0022    0.0520    0.0190    0.0173    0.0311    0.0000
 000025   V  0.009503  0.046379  0.074953    0.0002    0.0023    0.0530    0.0180    0.0186    0.0312    0.0000
 000026   Y  0.009754  0.053653  0.073147    0.0004    0.0034    0.0550    0.0180    0.0204    0.0313    0.0000
 000027   V  0.010220  0.064974  0.071206    0.0003    0.0027    0.0600    0.0220    0.0230    0.0330    0.0000
 000028   L  0.011027  0.092706  0.069335    0.0003    0.0017    0.0660    0.0220    0.0286    0.0387    0.0001
 000029   G  0.012650  0.110491  0.067672    0.0003    0.0017    0.0680    0.0240    0.0321    0.0428    0.0001
 000030   E  0.014049  0.115468  0.066491    0.0002    0.0024    0.0720    0.0230    0.0341    0.0441    0.0001
 000031   A  0.013545  0.114731  0.065666    0.0002    0.0032    0.0770    0.0220    0.0349    0.0443    0.0001
 000032   L  0.010699  0.117519  0.064564    0.0003    0.0042    0.0830    0.0190    0.0360    0.0459    0.0001
 000033   V  0.011458  0.110510  0.064058    0.0005    0.0057    0.0820    0.0170    0.0350    0.0435    0.0001
 000034   Q  0.013987  0.118820  0.063290    0.0005    0.0057    0.0790    0.0190    0.0363    0.0448    0.0002
 000035   G  0.016978  0.135894  0.062043    0.0006    0.0066    0.0860    0.0180    0.0411    0.0498    0.0002
 000036   V  0.017149  0.156089  0.060849    0.0010    0.0066    0.1110    0.0290    0.0486    0.0586    0.0003
 000037   G  0.016471  0.172976  0.060001    0.0034    0.0080    0.1370    0.0460    0.0563    0.0669    0.0003
 000038   L  0.014766  0.192669  0.059412    0.0033    0.0080    0.1610    0.0530    0.0633    0.0767    0.0004
 000039   F  0.013056  0.227163  0.058709    0.0061    0.0073    0.1840    0.0510    0.0729    0.0901    0.0004
 000040   L  0.010500  0.266837  0.058961    0.0028    0.0052    0.2040    0.0560    0.0816    0.1056    0.0005
 000041   G  0.009565  0.292842  0.059121    0.0007    0.0035    0.2360    0.0720    0.0905    0.1193    0.0005
 000042   G  0.007439  0.320510  0.059257    0.0006    0.0042    0.2550    0.0860    0.0979    0.1304    0.0005
 000043   G  0.004716  0.321861  0.059163    0.0006    0.0059    0.2390    0.0850    0.0954    0.1282    0.0005
 000044   G  0.001525  0.300003  0.058548    0.0012    0.0059    0.2220    0.0860    0.0885    0.1194    0.0005
 000045   S  0.000954  0.269402  0.058119    0.0012    0.0042    0.1700    0.0660    0.0743    0.1026    0.0004
 000046   K  0.000991  0.238227  0.057722    0.0007    0.0031    0.1080    0.0360    0.0585    0.0861    0.0003
 000047   V  0.001171  0.190412  0.057364    0.0007    0.0036    0.0690    0.0220    0.0441    0.0678    0.0002
 000048   A  0.001329  0.152794  0.057284    0.0004    0.0025    0.0490    0.0170    0.0344    0.0548    0.0001
 000049   V  0.004555  0.115677  0.058020    0.0007    0.0031    0.0420    0.0160    0.0277    0.0423    0.0001
 000050   F  0.006239  0.082207  0.060483    0.0007    0.0039    0.0420    0.0140    0.0225    0.0328    0.0001
 000051   L  0.007057  0.059037  0.062905    0.0010    0.0047    0.0410    0.0100    0.0187    0.0280    0.0001
 000052   L  0.007334  0.049252  0.065613    0.0008    0.0050    0.0380    0.0090    0.0167    0.0270    0.0001
 000053   D  0.008324  0.046505  0.069361    0.0007    0.0036    0.0340    0.0070    0.0155    0.0277    0.0001
 000054   R  0.009092  0.044872  0.073382    0.0007    0.0025    0.0340    0.0060    0.0152    0.0290    0.0001
 000055   V  0.009490  0.041537  0.076771    0.0004    0.0018    0.0360    0.0060    0.0148    0.0300    0.0001
 000056   L  0.011721  0.040466  0.079506    0.0002    0.0019    0.0390    0.0060    0.0156    0.0308    0.0001
 000057   L  0.013980  0.039719  0.080833    0.0001    0.0013    0.0470    0.0090    0.0170    0.0317    0.0001
 000058   A  0.014238  0.041270  0.081938    0.0002    0.0013    0.0540    0.0100    0.0185    0.0328    0.0001
 000059   L  0.020903  0.042421  0.084222    0.0002    0.0015    0.0590    0.0110    0.0207    0.0336    0.0001
 000060   M  0.033401  0.044342  0.086818    0.0002    0.0013    0.0610    0.0120    0.0233    0.0341    0.0002
 000061   M  0.049619  0.048548  0.089334    0.0003    0.0017    0.0570    0.0130    0.0262    0.0348    0.0003
 000062   A  0.068834  0.048926  0.091886    0.0002    0.0025    0.0530    0.0150    0.0290    0.0367    0.0003
 000063   E  0.088270  0.046617  0.094458    0.0003    0.0038    0.0470    0.0160    0.0311    0.0398    0.0003
 000064   I  0.114313  0.045622  0.096860    0.0003    0.0036    0.0450    0.0150    0.0347    0.0458    0.0003
 000065   L  0.134933  0.048758  0.099414    0.0003    0.0036    0.0440    0.0170    0.0385    0.0513    0.0005
 000066   Y  0.194603  0.047598  0.101457    0.0005    0.0035    0.0460    0.0200    0.0486    0.0689    0.0007
 000067   T  0.259400  0.052316  0.102994    0.0009    0.0047    0.0540    0.0250    0.0619    0.0893    0.0009
 000068   L  0.286605  0.057612  0.104634    0.0008    0.0050    0.0720    0.0290    0.0703    0.0977    0.0010
 000069   V  0.303577  0.065260  0.106246    0.0010    0.0062    0.0920    0.0380    0.0780    0.1026    0.0011
 000070   R  0.298710  0.080338  0.107695    0.0012    0.0102    0.1060    0.0360    0.0828    0.0998    0.0014
 000071   F  0.290139  0.115181  0.108790    0.0029    0.0075    0.1220    0.0290    0.0896    0.0971    0.0017
 000072   A  0.284561  0.173495  0.111119    0.0066    0.0064    0.1400    0.0360    0.1019    0.0985    0.0022
 000073   R  0.271819  0.213758  0.113462    0.0035    0.0055    0.1660    0.0550    0.1100    0.1019    0.0027
 000074   E  0.260307  0.253234  0.115766    0.0009    0.0036    0.1920    0.0720    0.1183    0.1086    0.0030
 000075   G  0.212288  0.281706  0.118691    0.0012    0.0051    0.2000    0.0760    0.1167    0.1073    0.0029
 000076   Q  0.160415  0.268291  0.120442    0.0012    0.0051    0.2130    0.1000    0.1081    0.1014    0.0025
 000077   L  0.142113  0.236342  0.122892    0.0040    0.0048    0.2100    0.1050    0.0995    0.0925    0.0020
 000078   Q  0.145160  0.213094  0.125348    0.0010    0.0040    0.1640    0.0810    0.0879    0.0824    0.0016
 000079   V  0.155415  0.174566  0.127175    0.0013    0.0056    0.1360    0.0670    0.0788    0.0731    0.0012
 000080   E  0.171081  0.131710  0.128245    0.0028    0.0056    0.1070    0.0490    0.0696    0.0677    0.0011
 000081   P  0.158058  0.108539  0.127829    0.0031    0.0055    0.0810    0.0350    0.0593    0.0624    0.0007
 000082   F  0.145329  0.076701  0.127299    0.0049    0.0088    0.0720    0.0290    0.0513    0.0572    0.0005
 000083   L  0.134529  0.051616  0.126066    0.0070    0.0066    0.0600    0.0200    0.0433    0.0551    0.0003
 000084   V  0.121629  0.041933  0.123469    0.0074    0.0047    0.0470    0.0130    0.0371    0.0527    0.0002
 000085   I  0.106249  0.037962  0.121577    0.0028    0.0034    0.0410    0.0110    0.0319    0.0506    0.0001
 000086   G  0.109291  0.035561  0.119739    0.0009    0.0026    0.0380    0.0100    0.0311    0.0513    0.0001
 000087   L  0.077595  0.035618  0.118803    0.0006    0.0027    0.0390    0.0120    0.0259    0.0461    0.0001
 000088   I  0.056274  0.036971  0.118908    0.0007    0.0033    0.0420    0.0130    0.0231    0.0442    0.0001
 000089   A  0.031319  0.037838  0.119288    0.0007    0.0035    0.0430    0.0150    0.0195    0.0440    0.0001
 000090   G  0.032429  0.041003  0.118352    0.0009    0.0046    0.0450    0.0150    0.0207    0.0435    0.0001
 000091   V  0.031993  0.047756  0.116420    0.0010    0.0031    0.0440    0.0160    0.0214    0.0431    0.0001
 000092   R  0.032569  0.052874  0.115245    0.0008    0.0027    0.0430    0.0160    0.0220    0.0429    0.0001
 000093   R  0.031844  0.054776  0.113934    0.0008    0.0042    0.0420    0.0140    0.0222    0.0423    0.0001
 000094   I  0.031612  0.062382  0.112331    0.0027    0.0038    0.0430    0.0140    0.0239    0.0420    0.0001
 000095   L  0.012118  0.072903  0.110470    0.0055    0.0049    0.0470    0.0150    0.0238    0.0434    0.0002
 000096   V  0.011364  0.076074  0.109460    0.0049    0.0047    0.0560    0.0160    0.0255    0.0439    0.0002
 000097   V  0.016066  0.096767  0.109458    0.0049    0.0047    0.0630    0.0210    0.0309    0.0468    0.0003
 000098   T  0.022177  0.117897  0.110648    0.0037    0.0046    0.0710    0.0240    0.0365    0.0510    0.0005
 000099   A  0.024794  0.141763  0.112778    0.0084    0.0068    0.0870    0.0280    0.0448    0.0562    0.0006
 000100   E  0.024755  0.168822  0.113317    0.0049    0.0084    0.1060    0.0330    0.0522    0.0648    0.0008
 000101   G  0.024537  0.213955  0.112993    0.0042    0.0096    0.1500    0.0430    0.0671    0.0813    0.0009
 000102   L  0.025972  0.249725  0.112779    0.0087    0.0146    0.2030    0.0500    0.0836    0.0969    0.0011
 000103   Q  0.026994  0.297919  0.111766    0.0121    0.0080    0.2040    0.0490    0.0916    0.1104    0.0013
 000104   K  0.027683  0.334110  0.109733    0.0124    0.0079    0.2280    0.0490    0.1017    0.1240    0.0017
 000105   F  0.028348  0.357630  0.107381    0.0097    0.0105    0.2560    0.0520    0.1104    0.1349    0.0020
 000106   S  0.052246  0.371760  0.104353    0.0212    0.0111    0.2640    0.0560    0.1201    0.1358    0.0024
 000107   F  0.044691  0.371612  0.102653    0.0286    0.0104    0.2870    0.0590    0.1237    0.1394    0.0024
 000108   S  0.039794  0.375344  0.099982    0.0274    0.0130    0.2740    0.0600    0.1216    0.1387    0.0023
 000109   L  0.039629  0.362534  0.097307    0.0099    0.0133    0.2480    0.0590    0.1123    0.1335    0.0020
 000110   Q  0.038732  0.356673  0.095106    0.0099    0.0099    0.2120    0.0490    0.1044    0.1274    0.0020
 000111   D  0.038362  0.350412  0.093654    0.0099    0.0064    0.1650    0.0450    0.0949    0.1214    0.0020
 000112   P  0.039045  0.318643  0.092593    0.0042    0.0046    0.1100    0.0250    0.0793    0.1089    0.0018
 000113   G  0.039391  0.275562  0.091534    0.0053    0.0046    0.0870    0.0210    0.0686    0.0937    0.0013
 000114   F  0.043060  0.232437  0.090774    0.0015    0.0046    0.0710    0.0200    0.0587    0.0794    0.0009
 000115   Q  0.015776  0.187114  0.089936    0.0007    0.0033    0.0530    0.0220    0.0433    0.0672    0.0006
 000116   A  0.018367  0.137594  0.088972    0.0026    0.0044    0.0510    0.0250    0.0357    0.0514    0.0005
 000117   V  0.019611  0.117404  0.088670    0.0007    0.0034    0.0490    0.0250    0.0317    0.0462    0.0003
 000118   L  0.019878  0.096651  0.088049    0.0012    0.0037    0.0480    0.0230    0.0283    0.0409    0.0003
 000119   A  0.019636  0.085186  0.087716    0.0006    0.0039    0.0410    0.0160    0.0250    0.0385    0.0002
 000120   E  0.018065  0.078458  0.087014    0.0006    0.0039    0.0390    0.0150    0.0234    0.0371    0.0002
 000121   L  0.015485  0.069216  0.086597    0.0007    0.0035    0.0420    0.0140    0.0218    0.0358    0.0001
 000122   L  0.013587  0.059974  0.086745    0.0003    0.0023    0.0480    0.0150    0.0206    0.0352    0.0001
 000123   L  0.008311  0.055312  0.086160    0.0002    0.0017    0.0510    0.0140    0.0195    0.0355    0.0001
 000124   L  0.019392  0.051145  0.085770    0.0001    0.0013    0.0570    0.0140    0.0215    0.0345    0.0001
 000125   S  0.029243  0.045066  0.085937    0.0002    0.0021    0.0660    0.0180    0.0237    0.0345    0.0001
 000126   L  0.038861  0.038233  0.086495    0.0001    0.0014    0.0770    0.0200    0.0259    0.0361    0.0002
 000127   M  0.048064  0.034517  0.085759    0.0001    0.0012    0.0990    0.0260    0.0304    0.0405    0.0002
 000128   V  0.067793  0.029466  0.084778    0.0001    0.0016    0.0910    0.0320    0.0316    0.0399    0.0002
 000129   L  0.086286  0.027868  0.082706    0.0001    0.0024    0.1480    0.0570    0.0441    0.0547    0.0002
 000130   T  0.110056  0.028694  0.079281    0.0001    0.0021    0.1780    0.0800    0.0532    0.0654    0.0003
 000131   L  0.134803  0.029877  0.077839    0.0001    0.0019    0.6300    0.1650    0.1327    0.2218    0.0003
 000132   A  0.164897  0.030462  0.077698    0.0001    0.0023    0.2680    0.1020    0.0776    0.0981    0.0004
 000133   W  0.175780  0.035053  0.077297    0.0002    0.0026    0.3830    0.1970    0.0994    0.1355    0.0004
 000134   A  0.176858  0.051625  0.076861    0.0005    0.0031    0.3540    0.1190    0.0976    0.1243    0.0004
 000135   Y  0.221512  0.083612  0.077438    0.0013    0.0036    0.4590    0.1560    0.1282    0.1604    0.0005
 000136   R  0.258152  0.134873  0.078540    0.0026    0.0028    0.4640    0.1470    0.1437    0.1632    0.0005
 000137   L  0.345236  0.226376  0.080338    0.0090    0.0035    0.5500    0.1640    0.1890    0.1977    0.0005
 000138   V  0.130477  0.334713  0.081820    0.0200    0.0034    0.5480    0.1640    0.1728    0.1955    0.0005
 000139   R  0.504231  0.482244  0.084195    0.0526    0.0039    0.6100    0.1490    0.2755    0.2473    0.0005
 000140   G  0.419589  0.553264  0.086423    0.1532    0.0050    0.7150    0.1120    0.3077    0.2593    0.0005
 000141   V  0.961661  0.643609  0.088358    0.1878    0.0034    0.8300    0.1030    0.4378    0.3751    0.0005
