#RESNUM RES     VL-XT     VSL2B       VL3  IUPred-S  IUPred-L  PONDRFIT  FITERROR       MDP  MDPERROR   ANCHOR2
 000001   M  0.998419  0.951970  0.206506    0.6174    0.0047    0.9920    0.0080    0.5942    0.3976    0.0059
 000002   H  0.993912  0.912380  0.205356    0.4458    0.0036    0.9770    0.0180    0.5555    0.3951    0.0046
 000003   G  0.981667  0.858210  0.204391    0.2913    0.0028    0.9720    0.0220    0.5176    0.3983    0.0035
 000004   A  0.978493  0.742661  0.202190    0.1349    0.0023    0.9590    0.0230    0.4695    0.4031    0.0027
 000005   E  0.606077  0.588200  0.200003    0.0502    0.0025    0.9510    0.0260    0.3664    0.3438    0.0021
 000006   H  0.502254  0.424382  0.198286    0.0157    0.0026    0.9290    0.0520    0.3123    0.3228    0.0016
 000007   L  0.396879  0.285331  0.196030    0.0081    0.0035    0.7060    0.0940    0.2332    0.2441    0.0009
 000008   L  0.291007  0.168379  0.193764    0.0038    0.0031    0.5980    0.1350    0.1773    0.2043    0.0006
 000009   E  0.188494  0.096675  0.192389    0.0028    0.0031    0.4360    0.1150    0.1212    0.1514    0.0004
 000010   I  0.102954  0.061006  0.191123    0.0007    0.0032    0.3440    0.1480    0.0853    0.1243    0.0003
 000011   F  0.054629  0.046585  0.190001    0.0004    0.0025    0.5840    0.1460    0.1147    0.2082    0.0002
 000012   Y  0.041552  0.032187  0.189935    0.0005    0.0020    0.5170    0.1300    0.0989    0.1872    0.0002
 000013   L  0.032108  0.026638  0.188864    0.0003    0.0012    0.5170    0.1600    0.0961    0.1882    0.0002
 000014   L  0.024059  0.022674  0.187867    0.0001    0.0012    0.4830    0.1970    0.0885    0.1776    0.0001
 000015   L  0.016970  0.020498  0.186896    0.0001    0.0014    0.2460    0.1180    0.0475    0.1039    0.0001
 000016   A  0.011925  0.021291  0.184460    0.0001    0.0008    0.1940    0.1120    0.0380    0.0909    0.0001
 000017   A  0.008739  0.023980  0.180369    0.0001    0.0009    0.1260    0.0690    0.0266    0.0766    0.0001
 000018   Q  0.002567  0.025825  0.176011    0.0001    0.0014    0.0690    0.0200    0.0165    0.0695    0.0002
 000019   V  0.000202  0.028880  0.169652    0.0002    0.0023    0.0520    0.0160    0.0140    0.0664    0.0002
 000020   M  0.000283  0.035376  0.164552    0.0001    0.0015    0.0440    0.0130    0.0135    0.0642    0.0002
 000021   A  0.000752  0.044105  0.159550    0.0003    0.0017    0.0400    0.0110    0.0145    0.0621    0.0002
 000022   F  0.001296  0.052337  0.155936    0.0003    0.0018    0.0430    0.0110    0.0164    0.0608    0.0002
 000023   I  0.001662  0.064400  0.152976    0.0003    0.0026    0.0470    0.0130    0.0193    0.0600    0.0002
 000024   F  0.002018  0.071001  0.151328    0.0003    0.0040    0.0520    0.0150    0.0216    0.0597    0.0002
 000025   K  0.002398  0.080526  0.150213    0.0006    0.0042    0.0520    0.0150    0.0233    0.0599    0.0003
 000026   R  0.002776  0.090086  0.149213    0.0015    0.0042    0.0580    0.0160    0.0262    0.0604    0.0003
 000027   L  0.003005  0.094402  0.148821    0.0009    0.0042    0.0630    0.0160    0.0276    0.0609    0.0003
 000028   N  0.003151  0.093301  0.147606    0.0007    0.0048    0.0580    0.0150    0.0267    0.0602    0.0003
 000029   Q  0.003970  0.098485  0.144611    0.0005    0.0036    0.0560    0.0130    0.0270    0.0599    0.0003
 000030   P  0.005807  0.107147  0.142913    0.0008    0.0035    0.0620    0.0120    0.0299    0.0604    0.0003
 000031   V  0.029103  0.104393  0.141353    0.0007    0.0032    0.0730    0.0130    0.0351    0.0574    0.0002
 000032   V  0.059750  0.103050  0.141430    0.0005    0.0036    0.0770    0.0170    0.0406    0.0558    0.0002
 000033   I  0.079807  0.106699  0.141349    0.0006    0.0060    0.0820    0.0190    0.0459    0.0561    0.0001
 000034   G  0.122631  0.108300  0.142222    0.0013    0.0079    0.0820    0.0220    0.0538    0.0595    0.0002
 000035   E  0.146948  0.102219  0.144204    0.0070    0.0090    0.0770    0.0220    0.0570    0.0618    0.0002
 000036   V  0.161596  0.098363  0.146353    0.0049    0.0062    0.0750    0.0240    0.0577    0.0659    0.0002
 000037   L  0.164310  0.095207  0.147757    0.0013    0.0062    0.0760    0.0270    0.0571    0.0673    0.0001
 000038   A  0.176669  0.087977  0.149785    0.0013    0.0064    0.0800    0.0300    0.0587    0.0702    0.0001
 000039   G  0.194343  0.092290  0.153101    0.0013    0.0046    0.0870    0.0310    0.0633    0.0752    0.0001
 000040   V  0.242044  0.090888  0.155639    0.0006    0.0045    0.0960    0.0310    0.0723    0.0879    0.0001
 000041   L  0.273648  0.091391  0.155589    0.0003    0.0044    0.1120    0.0390    0.0804    0.0969    0.0001
 000042   V  0.264111  0.104041  0.155736    0.0006    0.0059    0.1340    0.0620    0.0847    0.0942    0.0002
 000043   G  0.280162  0.123165  0.154002    0.0010    0.0087    0.1300    0.0630    0.0905    0.0978    0.0002
 000044   P  0.317619  0.131036  0.153072    0.0042    0.0087    0.1280    0.0590    0.0982    0.1080    0.0003
 000045   A  0.356487  0.140931  0.153110    0.0055    0.0061    0.1300    0.0570    0.1065    0.1202    0.0003
 000046   L  0.405125  0.147822  0.153381    0.0010    0.0061    0.1460    0.0620    0.1177    0.1364    0.0003
 000047   L  0.467321  0.145536  0.154974    0.0009    0.0053    0.1570    0.0690    0.1293    0.1569    0.0003
 000048   G  0.522796  0.155781  0.156959    0.0042    0.0054    0.1660    0.0750    0.1424    0.1749    0.0004
 000049   L  0.530625  0.158192  0.159246    0.0024    0.0053    0.1900    0.0790    0.1477    0.1780    0.0004
 000050   V  0.546330  0.163143  0.160826    0.0007    0.0059    0.2240    0.0680    0.1567    0.1842    0.0004
 000051   H  0.603960  0.177351  0.162894    0.0009    0.0056    0.2460    0.0530    0.1722    0.2037    0.0006
 000052   E  0.604692  0.205041  0.164773    0.0035    0.0076    0.2330    0.0520    0.1756    0.2026    0.0007
 000053   G  0.602526  0.205260  0.166989    0.0029    0.0091    0.2510    0.0610    0.1784    0.2022    0.0007
 000054   E  0.608745  0.205961  0.168996    0.0029    0.0067    0.2480    0.0640    0.1788    0.2046    0.0006
 000055   I  0.591126  0.211498  0.170666    0.0010    0.0040    0.2710    0.0850    0.1797    0.2006    0.0005
 000056   L  0.559527  0.207721  0.172358    0.0008    0.0033    0.2540    0.0790    0.1708    0.1899    0.0005
 000057   E  0.527928  0.177704  0.174787    0.0008    0.0033    0.2450    0.0740    0.1591    0.1795    0.0005
 000058   F  0.504127  0.153336  0.176286    0.0009    0.0030    0.2450    0.0780    0.1510    0.1725    0.0004
 000059   L  0.443385  0.131175  0.178831    0.0005    0.0025    0.2170    0.0600    0.1324    0.1529    0.0004
 000060   A  0.419691  0.097762  0.181130    0.0005    0.0026    0.1860    0.0450    0.1177    0.1456    0.0003
 000061   E  0.375479  0.073562  0.181928    0.0006    0.0035    0.1710    0.0540    0.1041    0.1329    0.0003
 000062   L  0.334392  0.060576  0.182396    0.0004    0.0025    0.1570    0.0580    0.0924    0.1213    0.0002
 000063   G  0.293305  0.048361  0.181007    0.0003    0.0025    0.1490    0.0520    0.0822    0.1103    0.0002
 000064   A  0.260549  0.038552  0.179618    0.0002    0.0026    0.1420    0.0480    0.0740    0.1020    0.0002
 000065   V  0.229701  0.035894  0.177243    0.0002    0.0024    0.1280    0.0330    0.0660    0.0933    0.0002
 000066   F  0.199235  0.030586  0.173944    0.0003    0.0025    0.1230    0.0260    0.0592    0.0859    0.0002
 000067   L  0.152678  0.027772  0.169918    0.0006    0.0035    0.1130    0.0240    0.0496    0.0754    0.0002
 000068   L  0.135482  0.029525  0.166109    0.0002    0.0034    0.1020    0.0240    0.0450    0.0707    0.0002
 000069   F  0.091128  0.033537  0.162798    0.0005    0.0036    0.0910    0.0240    0.0367    0.0636    0.0003
 000070   M  0.075819  0.041689  0.158070    0.0009    0.0036    0.0860    0.0260    0.0347    0.0602    0.0004
 000071   V  0.057099  0.049564  0.153235    0.0006    0.0036    0.0820    0.0240    0.0322    0.0576    0.0004
 000072   G  0.045413  0.065222  0.150605    0.0003    0.0025    0.0810    0.0220    0.0324    0.0570    0.0005
 000073   L  0.068600  0.085046  0.147858    0.0004    0.0035    0.0880    0.0260    0.0410    0.0569    0.0006
 000074   E  0.067274  0.103526  0.146806    0.0002    0.0035    0.0910    0.0250    0.0442    0.0582    0.0008
 000075   T  0.065564  0.128441  0.144795    0.0003    0.0044    0.1070    0.0340    0.0510    0.0618    0.0009
 000076   R  0.084297  0.160581  0.142216    0.0004    0.0050    0.1160    0.0380    0.0610    0.0669    0.0009
 000077   L  0.110962  0.187743  0.139858    0.0009    0.0050    0.1260    0.0380    0.0718    0.0731    0.0009
 000078   K  0.137546  0.195742  0.138003    0.0013    0.0051    0.1260    0.0460    0.0777    0.0760    0.0009
 000079   D  0.154162  0.200659  0.136148    0.0012    0.0054    0.1200    0.0490    0.0803    0.0780    0.0008
 000080   I  0.181031  0.188755  0.133862    0.0013    0.0073    0.1310    0.0550    0.0849    0.0791    0.0006
 000081   L  0.174881  0.166016  0.132366    0.0009    0.0064    0.1320    0.0530    0.0801    0.0748    0.0005
 000082   A  0.151597  0.143041  0.131415    0.0013    0.0061    0.1240    0.0500    0.0710    0.0673    0.0005
 000083   V  0.140207  0.139820  0.131186    0.0007    0.0061    0.1040    0.0380    0.0652    0.0642    0.0004
 000084   G  0.129312  0.131322  0.131160    0.0008    0.0064    0.0840    0.0320    0.0586    0.0609    0.0004
 000085   K  0.101986  0.122051  0.130084    0.0007    0.0052    0.0690    0.0270    0.0498    0.0565    0.0003
 000086   E  0.075097  0.113891  0.127933    0.0004    0.0035    0.0620    0.0240    0.0425    0.0534    0.0003
 000087   A  0.048308  0.101193  0.125703    0.0003    0.0039    0.0590    0.0210    0.0354    0.0507    0.0002
 000088   F  0.031650  0.078406  0.122803    0.0004    0.0036    0.0630    0.0210    0.0294    0.0478    0.0002
 000089   L  0.004655  0.066977  0.120494    0.0005    0.0025    0.0620    0.0200    0.0228    0.0488    0.0002
 000090   V  0.003631  0.057029  0.118527    0.0002    0.0024    0.0620    0.0190    0.0209    0.0476    0.0001
 000091   A  0.002541  0.048053  0.117659    0.0002    0.0035    0.0610    0.0180    0.0191    0.0468    0.0002
 000092   V  0.002264  0.042553  0.116991    0.0004    0.0035    0.0580    0.0190    0.0178    0.0462    0.0002
 000093   L  0.001470  0.042905  0.116352    0.0006    0.0028    0.0550    0.0180    0.0172    0.0460    0.0002
 000094   G  0.001055  0.042080  0.115530    0.0006    0.0027    0.0510    0.0170    0.0163    0.0455    0.0002
 000095   V  0.000941  0.045115  0.115546    0.0003    0.0027    0.0470    0.0150    0.0160    0.0454    0.0002
 000096   A  0.000838  0.050728  0.115465    0.0002    0.0019    0.0420    0.0120    0.0159    0.0456    0.0002
 000097   L  0.000420  0.055224  0.116017    0.0002    0.0019    0.0400    0.0120    0.0162    0.0461    0.0002
 000098   P  0.000914  0.059802  0.115947    0.0001    0.0014    0.0390    0.0130    0.0168    0.0464    0.0003
 000099   F  0.001659  0.067786  0.116013    0.0003    0.0022    0.0420    0.0120    0.0190    0.0470    0.0003
 000100   L  0.002455  0.067842  0.116130    0.0003    0.0020    0.0440    0.0120    0.0194    0.0470    0.0004
 000101   G  0.003833  0.068699  0.116014    0.0004    0.0029    0.0410    0.0110    0.0194    0.0467    0.0005
 000102   G  0.005777  0.067572  0.116909    0.0003    0.0035    0.0410    0.0110    0.0196    0.0466    0.0006
 000103   Y  0.006894  0.070907  0.118189    0.0005    0.0033    0.0430    0.0110    0.0208    0.0473    0.0007
 000104   L  0.007086  0.071280  0.118697    0.0009    0.0050    0.0460    0.0130    0.0217    0.0472    0.0008
 000105   Y  0.006995  0.081350  0.118175    0.0005    0.0045    0.0500    0.0160    0.0238    0.0484    0.0010
 000106   G  0.007607  0.102412  0.118721    0.0010    0.0044    0.0530    0.0150    0.0280    0.0518    0.0012
 000107   L  0.008166  0.119463  0.119206    0.0010    0.0034    0.0610    0.0190    0.0322    0.0554    0.0014
 000108   E  0.008341  0.124847  0.118390    0.0010    0.0034    0.0550    0.0160    0.0321    0.0562    0.0016
 000109   I  0.008002  0.126439  0.117996    0.0005    0.0031    0.0540    0.0160    0.0320    0.0566    0.0015
 000110   G  0.010655  0.128762  0.117000    0.0005    0.0048    0.0480    0.0140    0.0322    0.0563    0.0019
 000111   F  0.015919  0.121513  0.117201    0.0009    0.0059    0.0480    0.0140    0.0321    0.0539    0.0023
 000112   E  0.028319  0.115520  0.117297    0.0010    0.0043    0.0430    0.0130    0.0319    0.0518    0.0027
 000113   T  0.044044  0.116894  0.116357    0.0008    0.0033    0.0410    0.0130    0.0343    0.0513    0.0028
 000114   L  0.062589  0.112022  0.115176    0.0008    0.0039    0.0400    0.0120    0.0366    0.0498    0.0025
 000115   P  0.062689  0.104786  0.112633    0.0010    0.0059    0.0380    0.0100    0.0354    0.0476    0.0023
 000116   A  0.062302  0.090220  0.110575    0.0026    0.0082    0.0370    0.0100    0.0334    0.0440    0.0020
 000117   L  0.061977  0.086969  0.110095    0.0027    0.0061    0.0370    0.0100    0.0325    0.0437    0.0018
 000118   F  0.065182  0.086794  0.109933    0.0070    0.0089    0.0400    0.0100    0.0347    0.0424    0.0016
 000119   L  0.062187  0.088972  0.109543    0.0026    0.0054    0.0450    0.0120    0.0341    0.0437    0.0015
 000120   G  0.055713  0.098753  0.109378    0.0070    0.0087    0.0440    0.0110    0.0357    0.0436    0.0014
 000121   T  0.042923  0.101579  0.108462    0.0028    0.0073    0.0470    0.0120    0.0337    0.0450    0.0012
 000122   A  0.027341  0.099056  0.106192    0.0083    0.0127    0.0550    0.0140    0.0337    0.0430    0.0009
 000123   L  0.010172  0.098729  0.104667    0.0053    0.0081    0.0670    0.0160    0.0315    0.0462    0.0007
 000124   V  0.010894  0.117033  0.103174    0.0052    0.0054    0.0720    0.0170    0.0350    0.0501    0.0007
 000125   A  0.030878  0.134015  0.101921    0.0069    0.0076    0.0790    0.0190    0.0430    0.0512    0.0007
 000126   T  0.057010  0.148190  0.100087    0.0015    0.0075    0.0810    0.0200    0.0492    0.0540    0.0007
 000127   S  0.064750  0.160626  0.098913    0.0031    0.0061    0.0860    0.0190    0.0534    0.0570    0.0008
 000128   V  0.081958  0.165271  0.097613    0.0084    0.0087    0.0860    0.0210    0.0584    0.0566    0.0007
 000129   G  0.096750  0.155711  0.097629    0.0082    0.0100    0.0870    0.0240    0.0595    0.0546    0.0008
 000130   I  0.148947  0.147148  0.097985    0.0179    0.0100    0.0800    0.0260    0.0673    0.0575    0.0008
 000131   T  0.213451  0.149004  0.097536    0.0086    0.0101    0.0740    0.0280    0.0758    0.0748    0.0009
 000132   A  0.289488  0.143251  0.097744    0.0035    0.0095    0.0700    0.0260    0.0859    0.0981    0.0010
 000133   R  0.342083  0.143523  0.096859    0.0055    0.0136    0.0800    0.0320    0.0974    0.1138    0.0012
 000134   V  0.354864  0.157683  0.095402    0.0099    0.0138    0.0900    0.0340    0.1044    0.1176    0.0014
 000135   L  0.358260  0.165156  0.095170    0.0268    0.0227    0.1000    0.0370    0.1122    0.1148    0.0018
 000136   Q  0.366325  0.175397  0.094896    0.0173    0.0294    0.1150    0.0420    0.1172    0.1181    0.0024
 000137   E  0.377446  0.207646  0.094741    0.0173    0.0133    0.1150    0.0330    0.1218    0.1266    0.0031
 000138   L  0.391600  0.244479  0.094011    0.0167    0.0080    0.1330    0.0330    0.1324    0.1355    0.0035
 000139   G  0.368348  0.243421  0.094162    0.0137    0.0075    0.1480    0.0400    0.1302    0.1290    0.0041
 000140   V  0.332467  0.241215  0.093553    0.0069    0.0075    0.1550    0.0400    0.1238    0.1200    0.0042
 000141   L  0.279493  0.242117  0.093526    0.0070    0.0100    0.1540    0.0380    0.1154    0.1063    0.0048
 000142   S  0.259785  0.229940  0.092916    0.0070    0.0080    0.1460    0.0510    0.1084    0.0997    0.0050
 000143   R  0.249280  0.202002  0.092140    0.0070    0.0069    0.1450    0.0730    0.1017    0.0929    0.0051
 000144   P  0.231571  0.202308  0.090278    0.0053    0.0047    0.1220    0.0690    0.0943    0.0887    0.0047
 000145   Y  0.224568  0.188324  0.088756    0.0055    0.0065    0.1150    0.0680    0.0901    0.0842    0.0036
 000146   S  0.207648  0.164686  0.088149    0.0053    0.0101    0.1020    0.0590    0.0816    0.0755    0.0027
 000147   R  0.188422  0.141534  0.087263    0.0061    0.0073    0.1000    0.0560    0.0739    0.0678    0.0019
 000148   I  0.169573  0.124076  0.085305    0.0061    0.0048    0.1020    0.0530    0.0677    0.0616    0.0013
 000149   I  0.146588  0.097293  0.083577    0.0075    0.0066    0.1010    0.0490    0.0599    0.0529    0.0010
 000150   L  0.123721  0.082773  0.082781    0.0033    0.0048    0.0880    0.0340    0.0504    0.0468    0.0008
 000151   G  0.090031  0.082033  0.081734    0.0070    0.0044    0.0760    0.0280    0.0432    0.0389    0.0007
 000152   A  0.067488  0.072215  0.081034    0.0078    0.0047    0.0730    0.0260    0.0376    0.0347    0.0005
 000153   A  0.055201  0.062508  0.082573    0.0029    0.0035    0.0740    0.0240    0.0330    0.0348    0.0004
 000154   V  0.042831  0.060859  0.083499    0.0010    0.0030    0.0700    0.0200    0.0296    0.0346    0.0003
 000155   I  0.030616  0.063593  0.083821    0.0005    0.0020    0.0720    0.0170    0.0281    0.0359    0.0002
 000156   D  0.020489  0.059508  0.084742    0.0006    0.0022    0.0720    0.0120    0.0257    0.0364    0.0002
 000157   D  0.010450  0.056496  0.086330    0.0004    0.0023    0.0720    0.0080    0.0236    0.0377    0.0002
 000158   V  0.014693  0.054041  0.086546    0.0003    0.0023    0.0690    0.0110    0.0233    0.0366    0.0002
 000159   L  0.023135  0.047463  0.087212    0.0005    0.0025    0.0680    0.0130    0.0237    0.0356    0.0002
 000160   G  0.034158  0.039774  0.087745    0.0008    0.0032    0.0680    0.0150    0.0244    0.0348    0.0001
 000161   L  0.051570  0.032762  0.087572    0.0008    0.0047    0.0690    0.0180    0.0266    0.0350    0.0001
 000162   I  0.072377  0.029933  0.088350    0.0006    0.0050    0.0720    0.0190    0.0300    0.0375    0.0001
 000163   V  0.120904  0.030655  0.089632    0.0009    0.0058    0.0830    0.0260    0.0401    0.0476    0.0001
 000164   L  0.137468  0.035403  0.091183    0.0012    0.0068    0.0950    0.0380    0.0460    0.0524    0.0001
 000165   A  0.161963  0.046553  0.092907    0.0029    0.0068    0.1040    0.0390    0.0537    0.0587    0.0002
 000166   V  0.198294  0.061442  0.094815    0.0074    0.0120    0.1010    0.0300    0.0634    0.0663    0.0003
 000167   V  0.211112  0.082727  0.097992    0.0028    0.0079    0.1190    0.0240    0.0706    0.0725    0.0003
 000168   N  0.235523  0.123784  0.100085    0.0028    0.0074    0.1530    0.0290    0.0870    0.0830    0.0005
 000169   G  0.291053  0.171994  0.101446    0.0026    0.0087    0.1970    0.0370    0.1119    0.1046    0.0008
 000170   V  0.336099  0.241245  0.102815    0.0061    0.0082    0.2440    0.0390    0.1393    0.1268    0.0010
 000171   A  0.378895  0.306329  0.104039    0.0035    0.0088    0.2910    0.0560    0.1647    0.1504    0.0013
 000172   E  0.387020  0.350658  0.105400    0.0028    0.0138    0.3170    0.0820    0.1786    0.1611    0.0019
 000173   T  0.422340  0.387882  0.106839    0.0075    0.0148    0.3450    0.0910    0.1963    0.1763    0.0025
 000174   G  0.464089  0.408135  0.108431    0.0124    0.0125    0.3480    0.0970    0.2076    0.1879    0.0025
 000175   Q  0.487217  0.374677  0.111336    0.0118    0.0136    0.3510    0.1060    0.2063    0.1880    0.0022
 000176   V  0.514280  0.325615  0.113468    0.0069    0.0101    0.3310    0.1090    0.1979    0.1884    0.0018
 000177   E  0.510459  0.287216  0.115315    0.0067    0.0153    0.2650    0.0910    0.1808    0.1775    0.0015
 000178   V  0.468531  0.221857  0.116668    0.0055    0.0153    0.2080    0.0710    0.1532    0.1577    0.0011
 000179   G  0.406745  0.161937  0.119073    0.0055    0.0095    0.1660    0.0720    0.1249    0.1355    0.0008
 000180   A  0.343636  0.122423  0.121607    0.0026    0.0061    0.1440    0.0630    0.1031    0.1153    0.0006
 000181   I  0.287483  0.092178  0.123505    0.0028    0.0061    0.1310    0.0550    0.0866    0.0977    0.0004
 000182   T  0.235751  0.066989  0.124991    0.0013    0.0070    0.1180    0.0470    0.0715    0.0828    0.0003
 000183   R  0.169398  0.052442  0.126569    0.0007    0.0046    0.1170    0.0400    0.0573    0.0670    0.0002
 000184   L  0.109185  0.039287  0.126662    0.0007    0.0039    0.1330    0.0430    0.0476    0.0598    0.0002
 000185   I  0.059085  0.031106  0.128236    0.0004    0.0031    0.1470    0.0450    0.0402    0.0614    0.0001
 000186   V  0.028452  0.026118  0.130354    0.0003    0.0019    0.1540    0.0360    0.0351    0.0653    0.0001
 000187   L  0.003216  0.024787  0.131605    0.0003    0.0018    0.1620    0.0310    0.0320    0.0703    0.0001
 000188   S  0.002134  0.023627  0.131694    0.0002    0.0017    0.1510    0.0330    0.0298    0.0677    0.0001
 000189   V  0.001500  0.020619  0.133371    0.0002    0.0024    0.1350    0.0420    0.0266    0.0646    0.0001
 000190   V  0.000946  0.021498  0.133923    0.0002    0.0017    0.1240    0.0470    0.0247    0.0625    0.0001
 000191   F  0.000583  0.025103  0.134457    0.0002    0.0013    0.1140    0.0410    0.0235    0.0606    0.0001
 000192   V  0.000433  0.027371  0.135665    0.0002    0.0017    0.0960    0.0330    0.0210    0.0579    0.0001
 000193   G  0.000455  0.030400  0.135942    0.0001    0.0016    0.0830    0.0250    0.0193    0.0560    0.0001
 000194   L  0.000843  0.032334  0.135551    0.0001    0.0011    0.0740    0.0210    0.0181    0.0548    0.0001
 000195   A  0.001848  0.033639  0.135498    0.0002    0.0017    0.0670    0.0250    0.0174    0.0539    0.0002
 000196   V  0.002726  0.031998  0.136047    0.0002    0.0019    0.0660    0.0250    0.0171    0.0539    0.0002
 000197   F  0.004431  0.035679  0.136523    0.0003    0.0027    0.0680    0.0250    0.0185    0.0539    0.0003
 000198   L  0.006889  0.041124  0.136153    0.0003    0.0039    0.0760    0.0290    0.0213    0.0540    0.0003
 000199   S  0.010480  0.048055  0.136749    0.0003    0.0028    0.0750    0.0270    0.0228    0.0539    0.0005
 000200   T  0.014758  0.058667  0.138309    0.0006    0.0040    0.0780    0.0250    0.0260    0.0542    0.0006
 000201   L  0.025863  0.067963  0.139870    0.0005    0.0040    0.0800    0.0200    0.0297    0.0543    0.0007
 000202   I  0.033115  0.083212  0.142215    0.0009    0.0060    0.0830    0.0190    0.0344    0.0552    0.0008
 000203   A  0.043183  0.102879  0.144240    0.0009    0.0079    0.0880    0.0230    0.0406    0.0571    0.0011
 000204   R  0.052638  0.134912  0.145480    0.0008    0.0090    0.1020    0.0230    0.0499    0.0621    0.0016
 000205   L  0.067638  0.166703  0.146014    0.0028    0.0089    0.1270    0.0260    0.0622    0.0690    0.0022
 000206   P  0.073906  0.209173  0.146540    0.0055    0.0104    0.1440    0.0340    0.0738    0.0787    0.0032
 000207   L  0.079520  0.236609  0.146837    0.0042    0.0090    0.1880    0.0510    0.0862    0.0907    0.0040
 000208   E  0.084002  0.287224  0.147635    0.0094    0.0127    0.1960    0.0580    0.0982    0.1025    0.0051
 000209   R  0.092929  0.313273  0.149163    0.0087    0.0130    0.2450    0.0750    0.1121    0.1157    0.0056
 000210   L  0.092011  0.324781  0.150032    0.0069    0.0105    0.2760    0.0900    0.1184    0.1246    0.0052
 000211   P  0.095635  0.328298  0.150623    0.0026    0.0067    0.2590    0.0840    0.1154    0.1239    0.0054
 000212   V  0.104871  0.325010  0.150690    0.0044    0.0097    0.2280    0.0720    0.1120    0.1172    0.0051
 000213   G  0.104442  0.297036  0.151194    0.0055    0.0109    0.1960    0.0630    0.1024    0.1056    0.0052
 000214   S  0.106041  0.271677  0.152410    0.0078    0.0138    0.1510    0.0510    0.0916    0.0939    0.0043
 000215   P  0.101773  0.244283  0.153806    0.0035    0.0108    0.1030    0.0320    0.0773    0.0865    0.0034
 000216   L  0.110132  0.216452  0.154122    0.0087    0.0148    0.0930    0.0270    0.0738    0.0777    0.0025
 000217   G  0.134188  0.190306  0.153825    0.0055    0.0102    0.0790    0.0240    0.0699    0.0747    0.0019
 000218   F  0.143024  0.168604  0.154630    0.0090    0.0104    0.0810    0.0230    0.0687    0.0707    0.0015
 000219   A  0.150548  0.154589  0.155630    0.0061    0.0080    0.0870    0.0240    0.0678    0.0706    0.0011
 000220   L  0.157391  0.143984  0.154390    0.0026    0.0068    0.1010    0.0330    0.0686    0.0709    0.0009
 000221   A  0.142824  0.133805  0.154011    0.0052    0.0100    0.1060    0.0370    0.0663    0.0666    0.0008
 000222   L  0.134791  0.138746  0.153783    0.0026    0.0060    0.1090    0.0420    0.0652    0.0676    0.0007
 000223   G  0.128386  0.145532  0.153646    0.0061    0.0079    0.1120    0.0430    0.0666    0.0668    0.0007
 000224   V  0.129205  0.144468  0.154285    0.0024    0.0057    0.1120    0.0460    0.0656    0.0681    0.0006
 000225   G  0.207344  0.151143  0.155202    0.0024    0.0050    0.1160    0.0480    0.0804    0.0814    0.0006
 000226   M  0.272028  0.160283  0.155211    0.0007    0.0050    0.1300    0.0500    0.0946    0.0979    0.0005
 000227   A  0.353113  0.163957  0.154914    0.0010    0.0048    0.1420    0.0570    0.1108    0.1209    0.0006
 000228   A  0.342739  0.175183  0.153797    0.0013    0.0038    0.1420    0.0610    0.1109    0.1185    0.0005
 000229   L  0.332365  0.176892  0.153221    0.0022    0.0056    0.1470    0.0570    0.1107    0.1151    0.0005
 000230   A  0.334592  0.177313  0.153352    0.0012    0.0056    0.1410    0.0580    0.1100    0.1159    0.0005
 000231   A  0.346645  0.176635  0.154530    0.0040    0.0052    0.1420    0.0590    0.1125    0.1190    0.0005
 000232   S  0.348013  0.179173  0.155646    0.0040    0.0044    0.1520    0.0540    0.1146    0.1198    0.0005
 000233   I  0.348948  0.164185  0.156338    0.0040    0.0059    0.1570    0.0440    0.1133    0.1193    0.0005
 000234   G  0.256902  0.150436  0.157234    0.0013    0.0059    0.1460    0.0410    0.0935    0.0940    0.0005
 000235   L  0.164224  0.144079  0.158862    0.0038    0.0066    0.1540    0.0330    0.0788    0.0758    0.0005
 000236   A  0.067383  0.140628  0.161640    0.0040    0.0048    0.1620    0.0290    0.0631    0.0735    0.0006
 000237   P  0.064512  0.120301  0.164690    0.0040    0.0041    0.1640    0.0330    0.0595    0.0729    0.0007
 000238   I  0.061620  0.112682  0.168873    0.0026    0.0046    0.1650    0.0460    0.0578    0.0739    0.0007
 000239   V  0.099386  0.108412  0.171524    0.0010    0.0057    0.1590    0.0590    0.0622    0.0727    0.0009
 000240   G  0.124008  0.103532  0.174776    0.0035    0.0061    0.1670    0.0690    0.0674    0.0751    0.0012
 000241   A  0.145036  0.099652  0.178092    0.0066    0.0070    0.1800    0.0860    0.0731    0.0787    0.0014
 000242   F  0.189155  0.094618  0.180988    0.0040    0.0090    0.2170    0.1050    0.0857    0.0910    0.0018
 000243   L  0.228162  0.099170  0.183706    0.0037    0.0090    0.2140    0.0990    0.0924    0.0970    0.0025
 000244   G  0.292614  0.114410  0.184603    0.0102    0.0096    0.1820    0.0660    0.1014    0.1055    0.0038
 000245   G  0.368670  0.138378  0.184927    0.0102    0.0097    0.1650    0.0620    0.1152    0.1253    0.0048
 000246   M  0.450338  0.150246  0.186248    0.0094    0.0097    0.1920    0.0610    0.1352    0.1510    0.0062
 000247   L  0.529761  0.179201  0.188038    0.0124    0.0134    0.2460    0.0580    0.1635    0.1766    0.0070
 000248   L  0.551597  0.230282  0.190706    0.0042    0.0127    0.2830    0.0610    0.1803    0.1871    0.0085
 000249   S  0.596812  0.283085  0.192619    0.0109    0.0300    0.2860    0.0600    0.2011    0.1983    0.0119
 000250   E  0.647409  0.343636  0.194652    0.0259    0.0248    0.2890    0.0630    0.2218    0.2154    0.0154
 000251   V  0.682870  0.406481  0.197927    0.0316    0.0125    0.3170    0.0850    0.2418    0.2331    0.0156
 000252   R  0.727119  0.445994  0.201008    0.0200    0.0125    0.3680    0.1250    0.2623    0.2536    0.0174
 000253   E  0.733071  0.438626  0.205206    0.0179    0.0133    0.3810    0.1390    0.2640    0.2553    0.0176
 000254   K  0.725268  0.436297  0.209024    0.0297    0.0269    0.3700    0.1470    0.2647    0.2475    0.0141
 000255   Y  0.717036  0.391558  0.211669    0.0131    0.0275    0.3700    0.1510    0.2532    0.2444    0.0111
 000256   R  0.712811  0.341224  0.212743    0.0157    0.0136    0.3420    0.1470    0.2375    0.2406    0.0101
 000257   L  0.716677  0.325143  0.214542    0.0231    0.0105    0.2890    0.1250    0.2275    0.2386    0.0086
 000258   E  0.669470  0.297001  0.217469    0.0200    0.0141    0.2240    0.0960    0.2040    0.2220    0.0079
 000259   E  0.589433  0.250182  0.219511    0.0212    0.0313    0.1770    0.0710    0.1781    0.1925    0.0062
 000260   P  0.506079  0.221227  0.221441    0.0144    0.0160    0.1470    0.0550    0.1508    0.1698    0.0043
 000261   I  0.426474  0.199126  0.223965    0.0144    0.0081    0.1360    0.0470    0.1307    0.1469    0.0026
 000262   F  0.370812  0.149228  0.226583    0.0137    0.0070    0.1360    0.0450    0.1128    0.1306    0.0020
 000263   A  0.321728  0.125155  0.229180    0.0069    0.0060    0.1350    0.0460    0.0991    0.1194    0.0015
 000264   I  0.271930  0.115082  0.230775    0.0018    0.0047    0.1480    0.0500    0.0903    0.1094    0.0012
 000265   E  0.200539  0.104162  0.232620    0.0010    0.0036    0.1660    0.0510    0.0792    0.0985    0.0012
 000266   S  0.130313  0.083521  0.234063    0.0026    0.0048    0.1810    0.0530    0.0671    0.0942    0.0010
 000267   F  0.098762  0.071364  0.235156    0.0009    0.0037    0.1860    0.0480    0.0601    0.0955    0.0008
 000268   L  0.099779  0.058089  0.235785    0.0031    0.0051    0.1720    0.0380    0.0564    0.0940    0.0007
 000269   A  0.108005  0.048407  0.235060    0.0008    0.0035    0.1520    0.0290    0.0521    0.0927    0.0006
 000270   P  0.111736  0.043086  0.233553    0.0008    0.0035    0.1330    0.0290    0.0487    0.0910    0.0005
 000271   I  0.102569  0.040007  0.231241    0.0003    0.0023    0.1220    0.0270    0.0445    0.0894    0.0005
 000272   F  0.077724  0.036236  0.229649    0.0007    0.0032    0.1110    0.0290    0.0382    0.0877    0.0006
 000273   F  0.050199  0.032995  0.226717    0.0007    0.0041    0.1020    0.0310    0.0317    0.0867    0.0006
 000274   A  0.043849  0.037384  0.223383    0.0008    0.0035    0.0930    0.0300    0.0297    0.0849    0.0007
 000275   M  0.045535  0.042809  0.222330    0.0010    0.0044    0.0860    0.0320    0.0300    0.0837    0.0008
 000276   V  0.042146  0.047271  0.221771    0.0005    0.0040    0.0790    0.0340    0.0288    0.0834    0.0007
 000277   G  0.037760  0.061133  0.218345    0.0004    0.0044    0.0810    0.0380    0.0308    0.0820    0.0009
 000278   V  0.028605  0.092229  0.214707    0.0007    0.0049    0.0910    0.0450    0.0363    0.0819    0.0011
 000279   R  0.021680  0.140500  0.210755    0.0022    0.0052    0.1080    0.0540    0.0463    0.0856    0.0014
 000280   L  0.058637  0.174647  0.206605    0.0010    0.0044    0.1380    0.0580    0.0627    0.0876    0.0016
 000281   E  0.103995  0.211650  0.201903    0.0005    0.0032    0.1680    0.0620    0.0812    0.0933    0.0019
 000282   L  0.134370  0.237303  0.197280    0.0005    0.0039    0.1890    0.0580    0.0941    0.0988    0.0021
 000283   S  0.163422  0.237997  0.192933    0.0005    0.0059    0.1790    0.0580    0.0978    0.0979    0.0023
 000284   A  0.187205  0.220430  0.187540    0.0007    0.0095    0.1810    0.0650    0.0999    0.0953    0.0024
 000285   L  0.211530  0.214071  0.182718    0.0008    0.0083    0.1710    0.0630    0.1009    0.0959    0.0026
 000286   A  0.228778  0.205726  0.178559    0.0013    0.0074    0.1650    0.0630    0.1014    0.0966    0.0028
 000287   S  0.261882  0.186836  0.175943    0.0013    0.0108    0.1350    0.0460    0.0994    0.0989    0.0030
 000288   P  0.331997  0.175658  0.173181    0.0007    0.0081    0.0980    0.0330    0.1024    0.1172    0.0031
 000289   V  0.358431  0.155825  0.168812    0.0015    0.0075    0.0900    0.0320    0.1022    0.1240    0.0028
 000290   V  0.376886  0.132058  0.165185    0.0008    0.0065    0.0940    0.0360    0.1017    0.1291    0.0024
 000291   L  0.403606  0.106786  0.161102    0.0008    0.0064    0.1090    0.0420    0.1044    0.1373    0.0022
 000292   V  0.438907  0.097088  0.155766    0.0006    0.0044    0.1110    0.0480    0.1087    0.1494    0.0019
 000293   A  0.456544  0.080370  0.148904    0.0006    0.0061    0.1120    0.0550    0.1092    0.1557    0.0017
 000294   G  0.465531  0.066054  0.142409    0.0004    0.0061    0.1130    0.0600    0.1086    0.1595    0.0015
 000295   T  0.465694  0.056428  0.136528    0.0005    0.0054    0.1220    0.0650    0.1083    0.1600    0.0013
 000296   V  0.432168  0.049686  0.131090    0.0009    0.0056    0.1210    0.0630    0.1016    0.1487    0.0010
 000297   V  0.359328  0.039715  0.126312    0.0008    0.0064    0.1210    0.0660    0.0879    0.1244    0.0008
 000298   T  0.286806  0.037088  0.121316    0.0005    0.0064    0.1180    0.0630    0.0748    0.1005    0.0007
 000299   V  0.223236  0.041300  0.115729    0.0004    0.0039    0.1120    0.0540    0.0635    0.0803    0.0005
 000300   I  0.165982  0.045782  0.110735    0.0007    0.0038    0.1070    0.0440    0.0540    0.0633    0.0005
 000301   A  0.100073  0.046120  0.107053    0.0007    0.0048    0.1040    0.0380    0.0426    0.0490    0.0005
 000302   I  0.056782  0.049916  0.103509    0.0008    0.0058    0.1040    0.0320    0.0363    0.0446    0.0005
 000303   L  0.022449  0.061008  0.099387    0.0018    0.0055    0.0960    0.0260    0.0311    0.0434    0.0006
 000304   G  0.005109  0.066307  0.096938    0.0021    0.0066    0.0900    0.0250    0.0283    0.0440    0.0007
 000305   K  0.005010  0.069663  0.095696    0.0007    0.0067    0.0850    0.0250    0.0278    0.0434    0.0009
 000306   V  0.005204  0.082191  0.094129    0.0007    0.0064    0.0830    0.0240    0.0296    0.0443    0.0010
 000307   L  0.005379  0.091624  0.092223    0.0013    0.0064    0.0870    0.0230    0.0320    0.0457    0.0014
 000308   G  0.004961  0.101464  0.092648    0.0037    0.0085    0.0890    0.0240    0.0347    0.0472    0.0019
 000309   G  0.005219  0.113961  0.094852    0.0013    0.0080    0.1080    0.0260    0.0393    0.0531    0.0024
 000310   F  0.005725  0.128018  0.096331    0.0040    0.0092    0.1260    0.0270    0.0455    0.0585    0.0034
 000311   L  0.006186  0.141306  0.097738    0.0097    0.0095    0.1450    0.0310    0.0519    0.0637    0.0045
 000312   G  0.006146  0.162045  0.100172    0.0094    0.0123    0.1540    0.0390    0.0574    0.0697    0.0053
 000313   A  0.006629  0.182448  0.102689    0.0109    0.0141    0.2180    0.0650    0.0721    0.0875    0.0064
 000314   L  0.008984  0.206723  0.104296    0.0259    0.0240    0.2410    0.0730    0.0844    0.0937    0.0070
 000315   T  0.010704  0.217541  0.105270    0.0128    0.0148    0.2510    0.0820    0.0845    0.1011    0.0077
 000316   Q  0.014432  0.235684  0.108933    0.0128    0.0148    0.2570    0.0870    0.0891    0.1056    0.0073
 000317   G  0.098708  0.253338  0.115376    0.0131    0.0181    0.2320    0.0530    0.1025    0.0955    0.0073
 000318   V  0.198323  0.262073  0.117165    0.0279    0.0248    0.2140    0.0570    0.1211    0.0934    0.0070
 000319   R  0.295109  0.259747  0.119102    0.0226    0.0300    0.2110    0.0620    0.1363    0.1084    0.0068
 000320   S  0.384259  0.267646  0.120202    0.0157    0.0306    0.1950    0.0610    0.1489    0.1318    0.0066
 000321   A  0.486533  0.260868  0.121448    0.0441    0.0690    0.1770    0.0550    0.1729    0.1506    0.0063
 000322   L  0.579083  0.250079  0.122288    0.0789    0.1449    0.1460    0.0390    0.1999    0.1697    0.0062
 000323   T  0.652497  0.250089  0.121918    0.0771    0.0888    0.1260    0.0300    0.1992    0.2027    0.0068
 000324   V  0.707610  0.267160  0.122478    0.1205    0.1162    0.1330    0.0420    0.2241    0.2147    0.0065
 000325   G  0.774063  0.280244  0.122985    0.1349    0.1184    0.1660    0.0550    0.2456    0.2346    0.0067
 000326   V  0.771679  0.290295  0.123456    0.1322    0.0531    0.2120    0.0720    0.2433    0.2399    0.0066
 000327   G  0.714801  0.301970  0.123489    0.0771    0.0294    0.2420    0.0500    0.2276    0.2295    0.0069
 000328   M  0.666383  0.311839  0.122984    0.0414    0.0235    0.2730    0.0590    0.2193    0.2201    0.0069
 000329   A  0.625603  0.305040  0.122697    0.0425    0.0306    0.2830    0.0730    0.2144    0.2056    0.0067
 000330   P  0.544586  0.309432  0.122629    0.0304    0.0171    0.2340    0.0460    0.1893    0.1835    0.0066
 000331   R  0.481499  0.302340  0.123819    0.0218    0.0171    0.2340    0.0330    0.1761    0.1655    0.0059
 000332   G  0.436173  0.281763  0.125540    0.0141    0.0127    0.2420    0.0510    0.1645    0.1532    0.0052
 000333   E  0.420687  0.251621  0.127931    0.0304    0.0214    0.2410    0.0550    0.1608    0.1413    0.0044
 000334   V  0.376675  0.214440  0.130458    0.0131    0.0157    0.2330    0.0610    0.1421    0.1299    0.0033
 000335   G  0.319471  0.169109  0.132831    0.0252    0.0253    0.2230    0.0640    0.1270    0.1070    0.0028
 000336   L  0.331901  0.129983  0.134915    0.0167    0.0202    0.1880    0.0540    0.1144    0.1094    0.0023
 000337   I  0.363886  0.108619  0.137429    0.0304    0.0205    0.1440    0.0460    0.1113    0.1157    0.0021
 000338   V  0.397751  0.096646  0.140134    0.0218    0.0227    0.1160    0.0330    0.1091    0.1288    0.0019
 000339   A  0.425737  0.093486  0.141838    0.0137    0.0349    0.0950    0.0230    0.1105    0.1390    0.0020
 000340   A  0.436328  0.105394  0.143029    0.0194    0.0531    0.0830    0.0250    0.1162    0.1401    0.0022
 000341   L  0.443940  0.121808  0.145293    0.0179    0.0494    0.0880    0.0300    0.1202    0.1426    0.0025
 000342   G  0.432373  0.149639  0.148736    0.0212    0.0253    0.1050    0.0340    0.1223    0.1400    0.0033
 000343   L  0.435683  0.200867  0.150124    0.0268    0.0202    0.1400    0.0420    0.1372    0.1410    0.0044
 000344   K  0.429390  0.259108  0.151853    0.0090    0.0102    0.1670    0.0520    0.1459    0.1477    0.0060
 000345   A  0.397017  0.311351  0.153261    0.0124    0.0104    0.2120    0.0780    0.1572    0.1454    0.0082
 000346   G  0.335110  0.348349  0.155701    0.0062    0.0073    0.2500    0.0910    0.1578    0.1425    0.0109
 000347   A  0.267553  0.383911  0.154100    0.0062    0.0067    0.2680    0.0940    0.1554    0.1425    0.0144
 000348   V  0.224877  0.380237  0.149617    0.0061    0.0083    0.2600    0.1020    0.1466    0.1369    0.0190
 000349   N  0.190111  0.358947  0.149452    0.0044    0.0082    0.2230    0.1010    0.1308    0.1261    0.0249
 000350   E  0.161304  0.323882  0.149288    0.0042    0.0070    0.1730    0.0880    0.1115    0.1119    0.0306
 000351   E  0.159267  0.277955  0.151212    0.0028    0.0054    0.1490    0.0710    0.0991    0.0991    0.0342
 000352   E  0.134694  0.215053  0.153192    0.0029    0.0079    0.1280    0.0650    0.0815    0.0812    0.0356
 000353   Y  0.120904  0.152114  0.155749    0.0009    0.0083    0.1170    0.0640    0.0666    0.0689    0.0349
 000354   A  0.106188  0.098949  0.159420    0.0033    0.0083    0.1030    0.0600    0.0533    0.0621    0.0369
 000355   I  0.088135  0.057879  0.163698    0.0035    0.0056    0.0940    0.0540    0.0416    0.0618    0.0380
 000356   V  0.073880  0.035009  0.167146    0.0026    0.0056    0.0800    0.0440    0.0329    0.0627    0.0432
 000357   L  0.066751  0.023709  0.170312    0.0009    0.0061    0.0670    0.0330    0.0275    0.0642    0.0467
 000358   F  0.060209  0.019353  0.172761    0.0009    0.0047    0.0630    0.0290    0.0247    0.0654    0.0514
 000359   M  0.050688  0.017074  0.175641    0.0035    0.0053    0.0600    0.0250    0.0227    0.0661    0.0543
 000360   V  0.022466  0.014967  0.178647    0.0010    0.0038    0.0570    0.0200    0.0166    0.0688    0.0536
 000361   V  0.016778  0.016424  0.180355    0.0008    0.0036    0.0580    0.0180    0.0159    0.0697    0.0540
 000362   F  0.011712  0.019735  0.180678    0.0004    0.0037    0.0600    0.0150    0.0158    0.0701    0.0572
 000363   T  0.002887  0.024885  0.180881    0.0003    0.0025    0.0630    0.0170    0.0157    0.0710    0.0633
 000364   T  0.001571  0.033234  0.180684    0.0007    0.0025    0.0680    0.0190    0.0177    0.0709    0.0657
 000365   L  0.000234  0.041857  0.179778    0.0005    0.0025    0.0740    0.0210    0.0198    0.0707    0.0600
 000366   F  0.000104  0.047816  0.179220    0.0006    0.0027    0.0800    0.0240    0.0219    0.0708    0.0550
 000367   A  0.000270  0.058538  0.180452    0.0007    0.0037    0.0940    0.0280    0.0261    0.0721    0.0498
 000368   P  0.001481  0.066361  0.183030    0.0008    0.0053    0.1380    0.0640    0.0353    0.0780    0.0468
 000369   F  0.018596  0.071113  0.185066    0.0026    0.0080    0.3310    0.2030    0.0718    0.1235    0.0437
 000370   A  0.034082  0.076914  0.187881    0.0042    0.0104    0.6500    0.1820    0.1293    0.2297    0.0419
 000371   L  0.057083  0.084153  0.191385    0.0082    0.0163    0.9560    0.0400    0.1869    0.3366    0.0425
 000372   K  0.096852  0.090494  0.190174    0.0182    0.0205    0.9770    0.0270    0.2005    0.3394    0.0438
 000373   P  0.185170  0.099863  0.188099    0.0387    0.0341    0.9750    0.0370    0.2222    0.3301    0.0448
 000374   L  0.267946  0.107078  0.187538    0.0297    0.0313    0.9670    0.0540    0.2338    0.3264    0.0438
 000375   I  0.344412  0.122407  0.186612    0.0226    0.0327    0.9340    0.1090    0.2427    0.3159    0.0462
 000376   A  0.437000  0.150711  0.186911    0.0414    0.0618    0.8990    0.1370    0.2650    0.3006    0.0567
 000377   W  0.545740  0.209283  0.186655    0.0884    0.1162    0.6400    0.1310    0.2666    0.2165    0.0716
 000378   T  0.639210  0.293968  0.187632    0.1416    0.1275    0.7090    0.2160    0.3186    0.2384    0.0850
 000379   E  0.734760  0.404298  0.188622    0.1566    0.0851    0.7180    0.2000    0.3499    0.2647    0.0955
 000380   R  0.822850  0.531464  0.189847    0.3005    0.1671    0.7070    0.1790    0.4214    0.2542    0.1029
 000381   E  0.894179  0.675026  0.191189    0.3847    0.1881    0.7600    0.1770    0.4836    0.2781    0.1102
 000382   R  0.916870  0.791523  0.191624    0.5331    0.2918    0.7540    0.1300    0.5479    0.2679    0.1150
 000383   A  0.999426  0.882774  0.192237    0.5900    0.2680    0.8020    0.0830    0.5904    0.3055    0.1192
 000384   A  0.999964  0.911603  0.192644    0.6079    0.1881    0.8610    0.0610    0.5948    0.3323    0.1247
 000385   K  0.999902  0.934736  0.193186    0.7388    0.3117    0.9010    0.0450    0.6477    0.3158    0.1365
 000386   E  0.999122  0.910952  0.191565    0.8650    0.4864    0.9320    0.0190    0.6989    0.2943    0.1493
