#RESNUM RES     VL-XT     VSL2B       VL3  IUPred-S  IUPred-L  PONDRFIT  FITERROR       MDP  MDPERROR   ANCHOR2
 000001   M  0.284122  0.849745  0.053837    0.3359    0.0024    0.9850    0.0050    0.4095    0.3738    0.0002
 000002   S  0.368094  0.764284  0.055788    0.1495    0.0019    0.9410    0.0190    0.3708    0.3569    0.0002
 000003   Y  0.396857  0.690519  0.057955    0.0832    0.0026    0.9210    0.0380    0.3490    0.3467    0.0002
 000004   L  0.362704  0.552641  0.058327    0.0259    0.0024    0.8310    0.0790    0.2957    0.3088    0.0001
 000005   L  0.292589  0.412412  0.059185    0.0167    0.0020    0.7400    0.1220    0.2440    0.2651    0.0001
 000006   T  0.284456  0.280117  0.059276    0.0062    0.0026    0.7730    0.1000    0.2244    0.2683    0.0001
 000007   S  0.249103  0.190343  0.059375    0.0012    0.0024    0.7020    0.0880    0.1909    0.2428    0.0001
 000008   A  0.210865  0.120628  0.060077    0.0008    0.0021    0.5600    0.0790    0.1490    0.1935    0.0001
 000009   L  0.172524  0.077600  0.061983    0.0004    0.0027    0.4300    0.1070    0.1139    0.1487    0.0001
 000010   L  0.136117  0.051916  0.062599    0.0002    0.0034    0.3680    0.1000    0.0932    0.1269    0.0001
 000011   F  0.112338  0.047487  0.063065    0.0001    0.0041    0.4600    0.1000    0.1040    0.1593    0.0001
 000012   A  0.090978  0.047639  0.063634    0.0002    0.0050    0.4170    0.0990    0.0935    0.1440    0.0001
 000013   L  0.072607  0.048811  0.064862    0.0002    0.0044    0.3710    0.0930    0.0828    0.1274    0.0001
 000014   G  0.039331  0.052623  0.064540    0.0003    0.0042    0.2590    0.0830    0.0593    0.0885    0.0002
 000015   V  0.015961  0.060243  0.063669    0.0005    0.0042    0.1890    0.0780    0.0450    0.0656    0.0002
 000016   Y  0.010525  0.062099  0.062854    0.0005    0.0045    0.1390    0.0540    0.0361    0.0498    0.0002
 000017   G  0.004781  0.066245  0.064045    0.0002    0.0029    0.1000    0.0290    0.0290    0.0402    0.0003
 000018   V  0.004902  0.072543  0.064798    0.0002    0.0021    0.0890    0.0230    0.0282    0.0388    0.0003
 000019   L  0.004517  0.076302  0.064946    0.0001    0.0025    0.0740    0.0170    0.0263    0.0366    0.0004
 000020   T  0.006405  0.071572  0.064878    0.0001    0.0023    0.0580    0.0130    0.0231    0.0331    0.0005
 000021   R  0.007367  0.073295  0.063827    0.0002    0.0035    0.0500    0.0120    0.0224    0.0320    0.0005
 000022   R  0.008752  0.068003  0.063669    0.0002    0.0037    0.0460    0.0120    0.0212    0.0304    0.0005
 000023   T  0.009812  0.059568  0.064173    0.0003    0.0036    0.0450    0.0120    0.0196    0.0287    0.0004
 000024   A  0.010778  0.051754  0.065846    0.0003    0.0036    0.0400    0.0110    0.0177    0.0274    0.0003
 000025   I  0.011994  0.048961  0.066999    0.0003    0.0038    0.0390    0.0100    0.0173    0.0272    0.0002
 000026   L  0.013208  0.041105  0.070135    0.0002    0.0044    0.0400    0.0110    0.0165    0.0273    0.0001
 000027   V  0.012911  0.037766  0.072219    0.0004    0.0050    0.0420    0.0110    0.0163    0.0278    0.0001
 000028   F  0.012199  0.038657  0.075229    0.0003    0.0054    0.0470    0.0120    0.0172    0.0293    0.0001
 000029   L  0.010536  0.040983  0.078420    0.0004    0.0050    0.0470    0.0120    0.0173    0.0307    0.0001
 000030   S  0.009873  0.046274  0.081100    0.0008    0.0070    0.0430    0.0110    0.0178    0.0314    0.0001
 000031   I  0.008416  0.054446  0.082257    0.0004    0.0048    0.0430    0.0100    0.0185    0.0331    0.0001
 000032   E  0.007463  0.070087  0.084289    0.0004    0.0037    0.0400    0.0090    0.0203    0.0361    0.0001
 000033   L  0.006877  0.087553  0.086118    0.0002    0.0036    0.0430    0.0100    0.0236    0.0400    0.0001
 000034   M  0.006124  0.109603  0.088060    0.0002    0.0023    0.0470    0.0100    0.0275    0.0459    0.0001
 000035   L  0.006998  0.135175  0.090713    0.0002    0.0023    0.0510    0.0100    0.0327    0.0530    0.0001
 000036   N  0.009756  0.142685  0.092723    0.0002    0.0034    0.0560    0.0100    0.0353    0.0550    0.0001
 000037   A  0.010885  0.152818  0.094849    0.0003    0.0039    0.0570    0.0110    0.0374    0.0580    0.0001
 000038   A  0.019310  0.157720  0.096400    0.0004    0.0037    0.0600    0.0140    0.0402    0.0588    0.0001
 000039   N  0.019479  0.158341  0.097496    0.0006    0.0054    0.0620    0.0150    0.0409    0.0588    0.0001
 000040   L  0.020827  0.143385  0.097757    0.0007    0.0054    0.0670    0.0190    0.0395    0.0547    0.0002
 000041   S  0.021595  0.150233  0.098760    0.0006    0.0056    0.0680    0.0220    0.0410    0.0567    0.0002
 000042   L  0.022951  0.139386  0.100134    0.0007    0.0083    0.0810    0.0270    0.0420    0.0541    0.0002
 000043   V  0.024237  0.130424  0.101736    0.0007    0.0076    0.0860    0.0240    0.0415    0.0526    0.0002
 000044   G  0.023031  0.123033  0.103085    0.0013    0.0084    0.0840    0.0170    0.0400    0.0510    0.0003
 000045   F  0.019532  0.127194  0.105459    0.0029    0.0086    0.0920    0.0170    0.0417    0.0532    0.0003
 000046   A  0.018530  0.127301  0.108047    0.0035    0.0107    0.0910    0.0230    0.0418    0.0534    0.0004
 000047   R  0.010391  0.130071  0.110478    0.0022    0.0070    0.0830    0.0220    0.0388    0.0557    0.0005
 000048   A  0.010188  0.150596  0.112614    0.0022    0.0068    0.0890    0.0250    0.0431    0.0613    0.0006
 000049   Y  0.009374  0.167661  0.115502    0.0009    0.0061    0.0860    0.0210    0.0450    0.0664    0.0008
 000050   G  0.009374  0.179719  0.119123    0.0007    0.0040    0.0820    0.0190    0.0459    0.0703    0.0009
 000051   L  0.008403  0.196879  0.122459    0.0009    0.0048    0.0790    0.0170    0.0483    0.0755    0.0011
 000052   D  0.028469  0.199808  0.125371    0.0005    0.0038    0.0710    0.0160    0.0507    0.0747    0.0012
 000053   G  0.074858  0.180655  0.126575    0.0007    0.0045    0.0700    0.0160    0.0550    0.0671    0.0013
 000054   Q  0.105597  0.153228  0.126687    0.0007    0.0050    0.0630    0.0160    0.0546    0.0619    0.0012
 000055   V  0.136639  0.128846  0.126287    0.0006    0.0044    0.0580    0.0190    0.0547    0.0616    0.0011
 000056   A  0.160509  0.093699  0.127128    0.0009    0.0073    0.0520    0.0190    0.0525    0.0628    0.0010
 000057   A  0.184626  0.078306  0.126734    0.0009    0.0065    0.0480    0.0160    0.0530    0.0687    0.0010
 000058   L  0.208606  0.069774  0.126162    0.0010    0.0056    0.0490    0.0150    0.0556    0.0754    0.0009
 000059   M  0.239097  0.066049  0.124752    0.0009    0.0049    0.0540    0.0150    0.0608    0.0843    0.0010
 000060   V  0.252214  0.064458  0.122339    0.0022    0.0066    0.0590    0.0180    0.0641    0.0875    0.0009
 000061   I  0.236892  0.069773  0.120025    0.0009    0.0048    0.0650    0.0220    0.0629    0.0825    0.0009
 000062   A  0.196110  0.075716  0.118825    0.0034    0.0066    0.0750    0.0280    0.0595    0.0691    0.0010
 000063   V  0.170932  0.080001  0.117675    0.0009    0.0046    0.0870    0.0330    0.0572    0.0631    0.0010
 000064   A  0.142614  0.094492  0.116458    0.0009    0.0034    0.0950    0.0340    0.0560    0.0577    0.0012
 000065   A  0.118623  0.105541  0.114707    0.0006    0.0025    0.1010    0.0350    0.0547    0.0549    0.0013
 000066   A  0.094553  0.106915  0.113375    0.0006    0.0028    0.1010    0.0320    0.0510    0.0521    0.0014
 000067   E  0.070355  0.108496  0.112938    0.0005    0.0023    0.1010    0.0300    0.0472    0.0512    0.0016
 000068   V  0.040214  0.110189  0.112756    0.0006    0.0017    0.1030    0.0310    0.0427    0.0526    0.0015
 000069   A  0.044665  0.099182  0.113568    0.0006    0.0024    0.1050    0.0300    0.0419    0.0510    0.0015
 000070   V  0.063566  0.082792  0.114324    0.0004    0.0028    0.1010    0.0320    0.0417    0.0485    0.0015
 000071   G  0.082289  0.072830  0.114939    0.0006    0.0038    0.0950    0.0280    0.0425    0.0480    0.0018
 000072   L  0.101011  0.060583  0.115931    0.0013    0.0059    0.0900    0.0250    0.0432    0.0488    0.0021
 000073   G  0.119269  0.049613  0.115824    0.0026    0.0066    0.0890    0.0280    0.0444    0.0514    0.0025
 000074   L  0.125144  0.044080  0.116038    0.0066    0.0094    0.1030    0.0370    0.0480    0.0529    0.0030
 000075   I  0.134904  0.047757  0.116091    0.0084    0.0093    0.1160    0.0440    0.0528    0.0558    0.0038
 000076   V  0.142827  0.054807  0.117583    0.0124    0.0082    0.1320    0.0520    0.0583    0.0587    0.0051
 000077   A  0.152375  0.063050  0.118895    0.0137    0.0101    0.1600    0.0490    0.0666    0.0644    0.0067
 000078   I  0.151245  0.079714  0.121411    0.0070    0.0096    0.2440    0.0500    0.0820    0.0852    0.0091
 000079   F  0.146496  0.102720  0.124009    0.0131    0.0089    0.3540    0.0690    0.1041    0.1167    0.0147
 000080   R  0.173055  0.146796  0.127782    0.0212    0.0105    0.4510    0.1090    0.1338    0.1475    0.0224
 000081   H  0.205318  0.198028  0.127966    0.0179    0.0184    0.5510    0.1630    0.1651    0.1809    0.0334
 000082   R  0.286974  0.273411  0.128327    0.0194    0.0108    0.5690    0.1590    0.1933    0.1934    0.0459
 000083   E  0.388584  0.349968  0.128942    0.0455    0.0194    0.6400    0.1590    0.2406    0.2210    0.0594
 000084   S  0.473892  0.423986  0.130247    0.0231    0.0191    0.6530    0.1450    0.2655    0.2438    0.0693
 000085   T  0.551341  0.494779  0.132250    0.0405    0.0356    0.6760    0.1690    0.2998    0.2608    0.0776
 000086   A  0.620229  0.552972  0.134426    0.0813    0.0631    0.6750    0.1310    0.3321    0.2657    0.0800
 000087   V  0.692946  0.605544  0.135512    0.1635    0.0929    0.7470    0.1980    0.3837    0.2804    0.0821
 000088   D  0.766124  0.666173  0.136324    0.2432    0.1048    0.7950    0.1020    0.4293    0.2970    0.0880
 000089   D  0.824178  0.726326  0.136549    0.4037    0.1942    0.8110    0.1010    0.4933    0.2857    0.0883
 000090   L  0.872202  0.772162  0.136864    0.5667    0.3426    0.8300    0.1050    0.5640    0.2710    0.0779
 000091   S  0.860809  0.814099  0.138132    0.6219    0.3182    0.8580    0.0660    0.5788    0.2819    0.0747
 000092   E  0.845381  0.829846  0.139372    0.6557    0.2918    0.8850    0.0550    0.5847    0.2909    0.0696
 000093   L  0.989447  0.873544  0.140950    0.7034    0.2575    0.8960    0.0530    0.6200    0.3278    0.0638
 000094   R  0.950508  0.868927  0.142886    0.7232    0.1791    0.9290    0.0240    0.6084    0.3420    0.0605
 000095   G  0.827861  0.888857  0.145193    0.7605    0.1476    0.9040    0.0610    0.5881    0.3336    0.0591
