#RESNUM RES     VL-XT     VSL2B       VL3  IUPred-S  IUPred-L  PONDRFIT  FITERROR       MDP  MDPERROR   ANCHOR2
 000001   M  0.344156  0.775911  0.672484    0.8595    0.3426    0.9540    0.0280    0.6581    0.2381    0.3573
 000002   A  0.218665  0.775233  0.674212    0.8283    0.2609    0.9680    0.0110    0.6208    0.2833    0.3740
 000003   L  0.407358  0.775280  0.677172    0.7817    0.2680    0.9500    0.0220    0.6433    0.2339    0.3864
 000004   T  0.533252  0.773077  0.680040    0.6827    0.3087    0.9290    0.0310    0.6512    0.1937    0.3980
 000005   I  0.390629  0.769695  0.681855    0.6219    0.3460    0.9290    0.0330    0.6232    0.2038    0.4086
 000006   R  0.410040  0.775512  0.683609    0.5762    0.2951    0.9360    0.0340    0.6128    0.2159    0.4203
 000007   N  0.476416  0.772556  0.686163    0.5296    0.2988    0.9370    0.0380    0.6168    0.2082    0.4262
 000008   K  0.515091  0.781774  0.690155    0.4245    0.3053    0.9560    0.0330    0.6122    0.2206    0.4080
 000009   E  0.540274  0.791344  0.695253    0.3578    0.2575    0.9600    0.0230    0.6004    0.2433    0.3877
 000010   V  0.580382  0.790059  0.700125    0.3053    0.2609    0.9160    0.0670    0.5921    0.2408    0.3732
 000011   E  0.623621  0.791116  0.703585    0.1958    0.2884    0.9270    0.0300    0.5882    0.2628    0.3584
 000012   R  0.673612  0.799392  0.706102    0.1958    0.3087    0.9200    0.0240    0.6006    0.2605    0.3475
 000013   L  0.728902  0.807101  0.708023    0.2167    0.3426    0.9060    0.0220    0.6182    0.2503    0.3424
 000014   A  0.775675  0.814283  0.710131    0.2700    0.4017    0.8710    0.0300    0.6405    0.2239    0.3384
 000015   E  0.811154  0.810989  0.712378    0.2700    0.4017    0.8310    0.0400    0.6395    0.2213    0.3349
 000016   E  0.813514  0.797144  0.715684    0.3578    0.4831    0.8120    0.0440    0.6633    0.1785    0.3380
 000017   V  0.825901  0.791417  0.718931    0.3762    0.4831    0.7820    0.0650    0.6629    0.1708    0.3443
 000018   A  0.839905  0.803214  0.721619    0.3630    0.4087    0.7090    0.1030    0.6409    0.1863    0.3520
 000019   R  0.852073  0.796022  0.723673    0.3456    0.4017    0.7140    0.1120    0.6388    0.1938    0.3565
 000020   L  0.849243  0.782525  0.725533    0.2700    0.3807    0.6970    0.1000    0.6176    0.2144    0.3640
 000021   A  0.846168  0.805772  0.727154    0.3225    0.4256    0.6170    0.1310    0.6240    0.1929    0.3657
 000022   G  0.851576  0.800296  0.726366    0.3053    0.3494    0.6020    0.1230    0.6058    0.2117    0.3664
 000023   E  0.858435  0.801000  0.724309    0.2913    0.3667    0.6190    0.1090    0.6101    0.2130    0.3661
 000024   T  0.873538  0.806011  0.720344    0.2865    0.4149    0.6250    0.1200    0.6211    0.2091    0.3666
 000025   K  0.886227  0.808540  0.715270    0.3096    0.4186    0.6210    0.1420    0.6265    0.2050    0.3726
 000026   T  0.887839  0.804661  0.708956    0.2865    0.3460    0.6060    0.1430    0.6067    0.2233    0.3784
 000027   E  0.887783  0.791773  0.703034    0.2700    0.3249    0.6440    0.1490    0.6035    0.2297    0.3814
 000028   A  0.900847  0.758609  0.698839    0.2531    0.3910    0.6540    0.1640    0.6094    0.2206    0.3832
 000029   V  0.918556  0.750205  0.695831    0.2602    0.3426    0.6320    0.1560    0.5999    0.2295    0.3794
 000030   R  0.936426  0.743469  0.691804    0.2700    0.3631    0.6160    0.1560    0.6035    0.2264    0.3808
 000031   K  0.949065  0.709276  0.686302    0.2602    0.4119    0.6360    0.1820    0.6088    0.2209    0.3838
 000032   A  0.958196  0.700340  0.679751    0.2865    0.4186    0.6820    0.1890    0.6209    0.2160    0.3871
 000033   L  0.959120  0.700489  0.673364    0.2602    0.3983    0.6830    0.1990    0.6124    0.2260    0.3863
 000034   E  0.964437  0.713044  0.667565    0.2602    0.3983    0.6110    0.1950    0.6024    0.2260    0.3762
 000035   M  0.977541  0.696274  0.661849    0.2333    0.2951    0.6280    0.1950    0.5820    0.2523    0.3694
 000036   R  0.990198  0.702457  0.656269    0.2385    0.3149    0.6210    0.2030    0.5872    0.2508    0.3570
 000037   L  0.995491  0.683164  0.651654    0.1602    0.2849    0.6700    0.1990    0.5742    0.2768    0.3520
 000038   R  0.992784  0.701138  0.648745    0.1766    0.2224    0.6360    0.2190    0.5630    0.2834    0.3391
 000039   E  0.989930  0.703902  0.647018    0.1844    0.1731    0.6330    0.1960    0.5552    0.2913    0.3331
 000040   L  0.975440  0.692647  0.645576    0.1878    0.2129    0.6810    0.1820    0.5660    0.2802    0.3332
 000041   Q  0.962974  0.699269  0.645188    0.1416    0.1528    0.6380    0.1750    0.5399    0.2982    0.3253
 000042   R  0.923698  0.695687  0.646815    0.1322    0.1137    0.5800    0.1680    0.5154    0.2969    0.3241
 000043   K  0.846592  0.691462  0.649675    0.0991    0.1298    0.5120    0.1340    0.4881    0.2817    0.3306
 000044   R  0.803240  0.685874  0.652076    0.1018    0.1914    0.4510    0.1530    0.4808    0.2594    0.3409
 000045   S  0.724290  0.682553  0.652862    0.1041    0.1914    0.4050    0.1690    0.4600    0.2444    0.3577
 000046   F  0.656602  0.668869  0.651733    0.1178    0.1554    0.3920    0.1500    0.4403    0.2350    0.3702
 000047   D  0.591817  0.654851  0.650057    0.1349    0.0985    0.3620    0.1280    0.4154    0.2329    0.3787
 000048   R  0.527634  0.634435  0.650343    0.1416    0.1671    0.3620    0.1300    0.4138    0.2063    0.3850
 000049   V  0.457853  0.619472  0.653041    0.0858    0.1823    0.3520    0.1070    0.3918    0.2096    0.4025
 000050   I  0.386878  0.592573  0.655909    0.1060    0.1184    0.3340    0.1010    0.3656    0.2105    0.4130
 000051   R  0.356966  0.547107  0.657884    0.1667    0.1969    0.3310    0.1070    0.3761    0.1765    0.4198
 000052   F  0.354700  0.555615  0.659718    0.1060    0.2224    0.3320    0.1070    0.3718    0.1878    0.4301
 000053   L  0.351568  0.580181  0.664726    0.1416    0.2436    0.2980    0.0820    0.3799    0.1845    0.4255
 000054   E  0.399267  0.592224  0.672265    0.1732    0.1914    0.2750    0.0800    0.3840    0.1915    0.4335
 000055   E  0.435424  0.608131  0.683345    0.1921    0.1501    0.2760    0.0860    0.3908    0.2023    0.4303
 000056   E  0.470102  0.570671  0.697106    0.1349    0.1501    0.2660    0.0940    0.3814    0.2125    0.4296
 000057   V  0.509261  0.591534  0.712551    0.1456    0.2193    0.2570    0.1070    0.4059    0.2097    0.4336
 000058   W  0.505255  0.573947  0.727467    0.1456    0.2129    0.2510    0.1120    0.4027    0.2123    0.4272
 000059   P  0.541802  0.599483  0.740352    0.1380    0.1671    0.2220    0.1060    0.4015    0.2346    0.4240
 000060   Q  0.570571  0.634660  0.751889    0.1998    0.2193    0.2390    0.1160    0.4359    0.2232    0.4240
 000061   I  0.607640  0.623700  0.763479    0.1958    0.2849    0.2400    0.1120    0.4526    0.2195    0.4184
 000062   P  0.611821  0.621667  0.775632    0.2209    0.3087    0.2290    0.1000    0.4613    0.2168    0.4161
 000063   P  0.600769  0.659118  0.788918    0.2748    0.3983    0.2470    0.1070    0.4949    0.2015    0.4212
 000064   E  0.587940  0.689332  0.802159    0.3578    0.4725    0.2780    0.1170    0.5313    0.1823    0.4233
 000065   L  0.599115  0.689222  0.815068    0.3717    0.4685    0.3360    0.1160    0.5467    0.1713    0.4191
 000066   L  0.601803  0.722279  0.827628    0.3847    0.4685    0.3750    0.1280    0.5634    0.1697    0.4275
 000067   G  0.602042  0.745694  0.840407    0.3992    0.3910    0.4130    0.1320    0.5653    0.1782    0.4188
 000068   K  0.569230  0.783754  0.851923    0.4879    0.3840    0.4870    0.1280    0.5939    0.1683    0.3971
 000069   G  0.559062  0.797684  0.860448    0.5374    0.4940    0.5370    0.1260    0.6310    0.1426    0.3865
 000070   L  0.547219  0.810116  0.866254    0.4556    0.3872    0.5730    0.1220    0.6065    0.1753    0.3791
 000071   S  0.535485  0.826461  0.870131    0.4556    0.3910    0.5720    0.1340    0.6084    0.1795    0.3716
 000072   K  0.523104  0.828789  0.872710    0.4556    0.4582    0.5850    0.1390    0.6205    0.1690    0.3630
 000073   E  0.565506  0.829177  0.873854    0.4333    0.4330    0.5640    0.1460    0.6166    0.1751    0.3586
 000074   E  0.585331  0.829822  0.874346    0.3806    0.4087    0.5700    0.1820    0.6082    0.1886    0.3569
 000075   E  0.608498  0.827546  0.875858    0.3939    0.3321    0.6540    0.1260    0.6152    0.2015    0.3596
 000076   E  0.690226  0.815755  0.879110    0.4651    0.3667    0.7220    0.1020    0.6564    0.1830    0.3668
 000077   E  0.747233  0.796172  0.884598    0.4703    0.4149    0.8170    0.0900    0.6884    0.1791    0.3822
 000078   I  0.750747  0.788463  0.891270    0.5008    0.3910    0.7900    0.1400    0.6854    0.1775    0.4061
 000079   L  0.730042  0.781859  0.897325    0.5623    0.3840    0.8520    0.0850    0.7013    0.1772    0.4256
 000080   G  0.735568  0.808117  0.902258    0.5992    0.3566    0.8410    0.1240    0.7072    0.1833    0.4321
 000081   Y  0.772676  0.835248  0.908202    0.7079    0.4186    0.8590    0.0880    0.7502    0.1613    0.4243
 000082   G  0.749755  0.865171  0.915201    0.7418    0.3948    0.8100    0.1150    0.7462    0.1685    0.4196
 000083   K  0.325687  0.884751  0.923265    0.8001    0.3807    0.9130    0.0390    0.7046    0.2521    0.4145
 000084   E  0.562762  0.898031  0.930009    0.8242    0.3426    0.9220    0.0370    0.7465    0.2199    0.4077
 000085   G  0.841172  0.913722  0.935595    0.8488    0.2988    0.8900    0.0510    0.7880    0.2213    0.4007
 000086   Y  0.775427  0.925721  0.938227    0.8713    0.2503    0.9400    0.0400    0.7836    0.2452    0.3959
