#RESNUM RES     VL-XT     VSL2B       VL3  IUPred-S  IUPred-L  PONDRFIT  FITERROR       MDP  MDPERROR   ANCHOR2
 000001   M  0.853841  0.681218  0.352603    0.7388    0.0294    0.9390    0.0390    0.5404    0.3196    0.3042
 000002   S  0.535207  0.636381  0.351280    0.6827    0.0181    0.8710    0.0370    0.4572    0.2782    0.2675
 000003   P  0.143674  0.603927  0.346572    0.5667    0.0253    0.8250    0.0780    0.3608    0.2820    0.2376
 000004   F  0.358129  0.522922  0.343013    0.4333    0.0372    0.8140    0.0710    0.3608    0.2386    0.2042
 000005   A  0.341971  0.448929  0.340715    0.3717    0.0581    0.8500    0.1340    0.3451    0.2412    0.1783
 000006   R  0.277436  0.366369  0.333119    0.3225    0.0592    0.9030    0.1030    0.3214    0.2618    0.1610
 000007   W  0.249290  0.279738  0.326435    0.2913    0.0765    0.8820    0.1360    0.2965    0.2566    0.1390
 000008   F  0.262736  0.218027  0.319784    0.2122    0.1048    0.8590    0.1330    0.2762    0.2513    0.1134
 000009   Q  0.257717  0.206774  0.313513    0.1805    0.1028    0.8460    0.1370    0.2656    0.2505    0.0924
 000010   A  0.260033  0.219153  0.308536    0.1532    0.1323    0.7380    0.1810    0.2505    0.2105    0.0773
 000011   R  0.269843  0.207018  0.303440    0.0991    0.0929    0.7940    0.1320    0.2439    0.2424    0.0667
 000012   V  0.301258  0.231493  0.296969    0.1322    0.0676    0.7080    0.1440    0.2400    0.2110    0.0602
 000013   L  0.339441  0.295453  0.296416    0.0744    0.0372    0.6300    0.1370    0.2295    0.2011    0.0592
 000014   R  0.422741  0.370776  0.298944    0.0336    0.0327    0.6710    0.1000    0.2551    0.2290    0.0596
 000015   K  0.485204  0.424983  0.299220    0.0350    0.0424    0.6840    0.0980    0.2786    0.2394    0.0658
 000016   E  0.545838  0.481564  0.300864    0.0441    0.0494    0.6700    0.0980    0.2985    0.2448    0.0715
 000017   A  0.607604  0.507970  0.299171    0.0286    0.0568    0.5980    0.0950    0.2999    0.2449    0.0748
 000018   G  0.663300  0.499025  0.302057    0.0502    0.1115    0.5320    0.1040    0.3093    0.2299    0.0785
 000019   E  0.709897  0.489297  0.306155    0.1018    0.1092    0.4420    0.1110    0.3088    0.2214    0.0854
 000020   A  0.746044  0.478171  0.315093    0.1060    0.0618    0.3950    0.1280    0.2979    0.2365    0.0916
 000021   E  0.784617  0.431247  0.323269    0.0677    0.0765    0.3180    0.1160    0.2797    0.2475    0.0978
 000022   L  0.823963  0.393807  0.329127    0.0414    0.0799    0.2720    0.0940    0.2685    0.2630    0.1011
 000023   L  0.823206  0.370333  0.334521    0.0677    0.1251    0.2300    0.0720    0.2694    0.2531    0.1038
 000024   L  0.817416  0.332731  0.335378    0.1205    0.1969    0.2180    0.0650    0.2810    0.2346    0.1020
 000025   E  0.812470  0.315284  0.328400    0.1349    0.1275    0.2060    0.0750    0.2661    0.2397    0.0996
 000026   V  0.805481  0.331552  0.323743    0.1416    0.0817    0.2370    0.0630    0.2663    0.2411    0.0932
 000027   R  0.796489  0.341187  0.317618    0.0744    0.0799    0.2400    0.0570    0.2554    0.2476    0.0898
 000028   E  0.765732  0.333684  0.309582    0.0554    0.0967    0.2060    0.0540    0.2429    0.2394    0.0925
 000029   E  0.740745  0.340988  0.301632    0.0567    0.0967    0.2320    0.0980    0.2446    0.2295    0.0920
 000030   F  0.722374  0.356678  0.295408    0.0526    0.0473    0.2740    0.1290    0.2421    0.2315    0.0895
 000031   L  0.703230  0.353974  0.286002    0.0677    0.0334    0.2560    0.1000    0.2357    0.2253    0.0850
 000032   Q  0.633737  0.353601  0.279995    0.0327    0.0253    0.2430    0.0860    0.2147    0.2117    0.0814
 000033   G  0.582220  0.354362  0.276119    0.0350    0.0364    0.2150    0.0800    0.2038    0.1948    0.0808
 000034   Q  0.540207  0.326484  0.273836    0.0490    0.0364    0.1980    0.0620    0.1917    0.1784    0.0798
 000035   G  0.459673  0.281487  0.267441    0.0701    0.0364    0.2050    0.0610    0.1754    0.1482    0.0808
 000036   L  0.378362  0.241468  0.262793    0.0336    0.0356    0.1950    0.0530    0.1474    0.1312    0.0801
 000037   V  0.326185  0.215950  0.261643    0.0308    0.0581    0.1640    0.0390    0.1325    0.1140    0.0812
 000038   H  0.281589  0.209408  0.259753    0.0387    0.0483    0.1440    0.0310    0.1203    0.1047    0.0838
 000039   G  0.228831  0.216962  0.257813    0.0336    0.0248    0.1390    0.0290    0.1072    0.1023    0.0801
 000040   G  0.165396  0.192821  0.256406    0.0245    0.0231    0.1410    0.0340    0.0911    0.0955    0.0779
 000041   I  0.156957  0.179171  0.254795    0.0252    0.0494    0.1430    0.0420    0.0922    0.0886    0.0762
 000042   L  0.136163  0.175582  0.254287    0.0464    0.0719    0.1350    0.0410    0.0941    0.0801    0.0789
 000043   A  0.105864  0.189899  0.255304    0.0464    0.0424    0.1420    0.0400    0.0877    0.0871    0.0815
 000044   A  0.127287  0.194837  0.251925    0.0363    0.0463    0.1430    0.0360    0.0913    0.0871    0.0812
 000045   L  0.172409  0.199260  0.245155    0.0200    0.0454    0.1350    0.0240    0.0953    0.0903    0.0815
 000046   L  0.178249  0.213328  0.240572    0.0226    0.0253    0.1190    0.0210    0.0930    0.0946    0.0837
 000047   D  0.164202  0.237722  0.238981    0.0425    0.0443    0.1240    0.0270    0.1021    0.0898    0.0881
 000048   S  0.154393  0.253236  0.238315    0.0376    0.0592    0.1390    0.0330    0.1072    0.0903    0.0896
 000049   A  0.162854  0.277484  0.229633    0.0336    0.0568    0.1790    0.0380    0.1182    0.0952    0.0879
 000050   L  0.169691  0.310814  0.221724    0.0259    0.0341    0.2330    0.0630    0.1289    0.1109    0.0889
 000051   G  0.214508  0.346156  0.210455    0.0252    0.0218    0.2480    0.0760    0.1426    0.1229    0.0876
 000052   Q  0.259325  0.361794  0.196287    0.0286    0.0443    0.2780    0.0850    0.1619    0.1262    0.0846
 000053   A  0.309560  0.372126  0.188615    0.0308    0.0646    0.3030    0.0850    0.1799    0.1319    0.0838
 000054   V  0.301366  0.380548  0.178858    0.0405    0.0851    0.3190    0.0850    0.1878    0.1289    0.0823
 000055   E  0.324159  0.371095  0.172471    0.0395    0.0581    0.3260    0.0960    0.1865    0.1359    0.0841
 000056   S  0.347520  0.376002  0.171402    0.0789    0.1007    0.3460    0.0960    0.2082    0.1267    0.0847
 000057   L  0.369187  0.354164  0.169644    0.0813    0.1092    0.3640    0.0910    0.2129    0.1272    0.0833
 000058   G  0.414660  0.340770  0.170287    0.0723    0.1007    0.3430    0.0840    0.2119    0.1345    0.0794
 000059   A  0.471176  0.327825  0.172727    0.0441    0.0568    0.3370    0.0860    0.2062    0.1591    0.0776
 000060   K  0.480211  0.338566  0.175438    0.0554    0.0380    0.2880    0.0920    0.2001    0.1598    0.0760
 000061   V  0.503611  0.314059  0.174816    0.0587    0.0676    0.2760    0.0790    0.2033    0.1570    0.0741
 000062   V  0.511215  0.293881  0.176419    0.0336    0.0835    0.2360    0.0710    0.1931    0.1586    0.0766
 000063   T  0.554711  0.281357  0.177032    0.0327    0.0494    0.2160    0.0740    0.1891    0.1766    0.0849
 000064   A  0.600476  0.280342  0.176682    0.0502    0.0605    0.1970    0.0600    0.1980    0.1871    0.0859
 000065   E  0.643333  0.252168  0.175961    0.0526    0.1048    0.1620    0.0320    0.2024    0.1963    0.0881
 000066   L  0.678665  0.235410  0.177866    0.0464    0.0967    0.1390    0.0310    0.1993    0.2118    0.0887
 000067   S  0.681305  0.246845  0.178716    0.0490    0.0605    0.1200    0.0370    0.1930    0.2180    0.0898
 000068   V  0.655430  0.246423  0.181197    0.0965    0.0618    0.1120    0.0350    0.1954    0.2037    0.0881
 000069   S  0.641952  0.242174  0.186244    0.0607    0.0349    0.1090    0.0330    0.1815    0.2070    0.0897
 000070   Y  0.578131  0.248938  0.195230    0.0478    0.0349    0.1060    0.0250    0.1693    0.1875    0.0891
 000071   L  0.511770  0.254573  0.201620    0.0279    0.0334    0.1050    0.0300    0.1554    0.1697    0.0883
 000072   R  0.434925  0.246638  0.208324    0.0376    0.0543    0.1020    0.0300    0.1458    0.1412    0.0891
 000073   P  0.355604  0.240658  0.210055    0.0587    0.0454    0.0990    0.0320    0.1332    0.1164    0.0864
 000074   V  0.285382  0.248879  0.212361    0.0567    0.0258    0.0970    0.0300    0.1190    0.1051    0.0805
 000075   R  0.225568  0.226574  0.215408    0.0387    0.0205    0.0930    0.0220    0.1007    0.0957    0.0789
 000076   E  0.187977  0.207837  0.222912    0.0218    0.0202    0.0950    0.0340    0.0888    0.0924    0.0750
 000077   G  0.155894  0.185595  0.230453    0.0268    0.0433    0.0940    0.0370    0.0842    0.0835    0.0733
 000078   V  0.117509  0.159532  0.228232    0.0274    0.0433    0.0890    0.0370    0.0728    0.0784    0.0736
 000079   L  0.099773  0.123038  0.222384    0.0514    0.0690    0.0830    0.0330    0.0711    0.0670    0.0767
 000080   L  0.083695  0.122505  0.226484    0.0502    0.0734    0.0690    0.0190    0.0664    0.0700    0.0790
 000081   A  0.080567  0.125438  0.227778    0.0858    0.0749    0.0580    0.0110    0.0708    0.0684    0.0869
 000082   R  0.077275  0.128162  0.229602    0.1456    0.0749    0.0570    0.0120    0.0805    0.0699    0.0972
 000083   G  0.073934  0.126586  0.231347    0.0858    0.0817    0.0560    0.0150    0.0707    0.0702    0.1073
 000084   W  0.066460  0.127401  0.231674    0.0405    0.0543    0.0580    0.0200    0.0578    0.0769    0.1244
 000085   V  0.038143  0.145179  0.233726    0.0643    0.0719    0.0620    0.0240    0.0635    0.0778    0.1392
 000086   V  0.021792  0.173569  0.234659    0.0514    0.0734    0.0720    0.0310    0.0653    0.0843    0.1561
 000087   H  0.005440  0.202532  0.234522    0.0387    0.0734    0.0830    0.0410    0.0672    0.0924    0.1799
 000088   P  0.006862  0.233615  0.233228    0.0387    0.0592    0.0860    0.0380    0.0707    0.0987    0.1938
 000089   G  0.008517  0.255854  0.232128    0.0607    0.0543    0.0890    0.0330    0.0781    0.1010    0.2005
 000090   R  0.009236  0.278512  0.235814    0.0832    0.0531    0.0920    0.0270    0.0860    0.1053    0.2063
 000091   H  0.054489  0.286802  0.240398    0.0789    0.1007    0.0930    0.0290    0.1023    0.0966    0.2103
 000092   L  0.098492  0.300924  0.246853    0.0514    0.1206    0.1060    0.0410    0.1129    0.0978    0.1977
 000093   L  0.149962  0.318700  0.253170    0.0542    0.1251    0.1210    0.0510    0.1282    0.0982    0.1826
 000094   H  0.182439  0.354404  0.258942    0.0526    0.1206    0.1390    0.0580    0.1415    0.1073    0.1706
 000095   A  0.205351  0.378627  0.264040    0.1117    0.1399    0.1460    0.0510    0.1636    0.1013    0.1474
 000096   A  0.222831  0.417602  0.266265    0.1635    0.1759    0.1700    0.0690    0.1916    0.0993    0.1291
 000097   G  0.226403  0.409006  0.268442    0.1635    0.1424    0.1870    0.0740    0.1880    0.0995    0.1116
 000098   E  0.231909  0.417475  0.270970    0.1349    0.1137    0.1890    0.0730    0.1812    0.1105    0.0950
 000099   A  0.234814  0.406304  0.274397    0.0567    0.0948    0.1890    0.0830    0.1637    0.1245    0.0850
 000100   L  0.214841  0.391233  0.276447    0.0455    0.0929    0.1480    0.0530    0.1488    0.1247    0.0799
 000101   L  0.203189  0.358681  0.275198    0.0502    0.0605    0.1080    0.0320    0.1301    0.1227    0.0748
 000102   E  0.188718  0.362345  0.276630    0.0478    0.0281    0.0860    0.0250    0.1189    0.1313    0.0701
 000103   G  0.195285  0.349104  0.274284    0.0554    0.0281    0.0860    0.0280    0.1190    0.1267    0.0707
 000104   K  0.216122  0.313970  0.276366    0.0526    0.0483    0.0900    0.0330    0.1201    0.1168    0.0708
 000105   R  0.216949  0.265032  0.277960    0.0286    0.0281    0.0940    0.0390    0.1055    0.1152    0.0693
 000106   V  0.227172  0.223054  0.278210    0.0363    0.0341    0.0950    0.0360    0.1026    0.1080    0.0696
 000107   A  0.229486  0.177314  0.273816    0.0252    0.0405    0.1010    0.0360    0.0956    0.1036    0.0718
 000108   F  0.240953  0.157725  0.268812    0.0245    0.0320    0.2480    0.0710    0.1171    0.1102    0.0736
 000109   A  0.224449  0.168427  0.270345    0.0308    0.0227    0.3730    0.0900    0.1365    0.1333    0.0764
 000110   K  0.210450  0.191804  0.275121    0.0526    0.0214    0.4540    0.1260    0.1550    0.1507    0.0788
 000111   G  0.183716  0.217084  0.275917    0.1240    0.0300    0.5050    0.1080    0.1766    0.1546    0.0765
 000112   V  0.147489  0.267096  0.281413    0.2432    0.0463    0.4590    0.1480    0.1938    0.1351    0.0739
 000113   F  0.104524  0.336702  0.286298    0.2865    0.0306    0.4840    0.1280    0.2070    0.1568    0.0737
 000114   Y  0.178621  0.436736  0.292397    0.3311    0.0218    0.6430    0.0950    0.2685    0.2008    0.0711
 000115   R  0.094607  0.527390  0.298137    0.3717    0.0151    0.7640    0.0790    0.2954    0.2575    0.0695
 000116   V  0.028362  0.574109  0.302938    0.4203    0.0109    0.7340    0.1160    0.2946    0.2703    0.0686
 000117   G  0.010071  0.601489  0.306390    0.5331    0.0143    0.7630    0.0770    0.3204    0.2917    0.0693
