#RESNUM RES     VL-XT     VSL2B       VL3  IUPred-S  IUPred-L  PONDRFIT  FITERROR       MDP  MDPERROR   ANCHOR2
 000001   M  0.604619  0.831810  0.373355    0.6442    0.0341    0.9540    0.0410    0.5115    0.3088    0.1366
 000002   R  0.662672  0.758984  0.376228    0.4825    0.0227    0.9110    0.0480    0.4730    0.2949    0.1315
 000003   R  0.575320  0.724678  0.382207    0.3263    0.0248    0.8700    0.0680    0.4203    0.2846    0.1326
 000004   H  0.515710  0.664222  0.389969    0.1766    0.0356    0.8230    0.0500    0.3692    0.2779    0.1349
 000005   G  0.520184  0.569470  0.399556    0.1117    0.0287    0.7720    0.0560    0.3337    0.2674    0.1347
 000006   F  0.491251  0.457567  0.406862    0.0884    0.0214    0.6950    0.0820    0.2923    0.2440    0.1350
 000007   S  0.430685  0.371345  0.416879    0.0395    0.0231    0.5480    0.0880    0.2355    0.2124    0.1386
 000008   L  0.383684  0.316385  0.423720    0.0131    0.0300    0.4400    0.0850    0.1971    0.1919    0.1432
 000009   L  0.343428  0.289863  0.429991    0.0079    0.0389    0.3970    0.0460    0.1794    0.1817    0.1500
 000010   E  0.297878  0.291582  0.436403    0.0062    0.0294    0.3180    0.0870    0.1572    0.1736    0.1570
 000011   L  0.239061  0.279364  0.441395    0.0042    0.0235    0.4750    0.1220    0.1703    0.1968    0.1637
 000012   L  0.191136  0.303314  0.448561    0.0029    0.0184    0.4230    0.1280    0.1565    0.1923    0.1711
 000013   L  0.149058  0.301383  0.454376    0.0010    0.0138    0.3800    0.1140    0.1408    0.1902    0.1818
 000014   A  0.106807  0.331110  0.459791    0.0007    0.0107    0.3550    0.1160    0.1341    0.1947    0.1874
 000015   S  0.072331  0.328841  0.466427    0.0005    0.0081    0.3850    0.1550    0.1325    0.2043    0.1908
 000016   V  0.065679  0.330214  0.471861    0.0003    0.0073    0.4070    0.1700    0.1351    0.2101    0.1962
 000017   L  0.051423  0.313798  0.474721    0.0005    0.0083    0.4060    0.1830    0.1300    0.2108    0.2038
 000018   M  0.042764  0.337079  0.478992    0.0004    0.0088    0.3660    0.1750    0.1259    0.2095    0.2080
 000019   G  0.040497  0.330067  0.484200    0.0004    0.0125    0.3100    0.1490    0.1155    0.2038    0.2008
 000020   S  0.071575  0.354844  0.491739    0.0008    0.0184    0.2600    0.1290    0.1176    0.2009    0.1935
 000021   L  0.087853  0.344817  0.498906    0.0008    0.0168    0.2250    0.1120    0.1125    0.1992    0.1858
 000022   L  0.094505  0.339910  0.507257    0.0026    0.0218    0.1900    0.0900    0.1082    0.1994    0.1792
 000023   L  0.147093  0.345320  0.519507    0.0067    0.0372    0.1760    0.0800    0.1187    0.1980    0.1700
 000024   V  0.208008  0.358024  0.532062    0.0094    0.0380    0.1780    0.0850    0.1319    0.2012    0.1625
 000025   V  0.285084  0.352911  0.542444    0.0141    0.0443    0.1910    0.0980    0.1478    0.2029    0.1573
 000026   L  0.354669  0.374138  0.549905    0.0070    0.0506    0.2080    0.1010    0.1658    0.2109    0.1529
 000027   A  0.415526  0.415079  0.555101    0.0116    0.0749    0.2100    0.0990    0.1879    0.2170    0.1519
 000028   L  0.450020  0.478132  0.557357    0.0286    0.1323    0.2670    0.1300    0.2261    0.2133    0.1511
 000029   E  0.476219  0.530917  0.562069    0.0350    0.1528    0.2640    0.1170    0.2432    0.2201    0.1528
 000030   N  0.504451  0.560521  0.567588    0.0387    0.1323    0.3400    0.1670    0.2627    0.2285    0.1587
 000031   S  0.539770  0.584199  0.576351    0.0350    0.1275    0.4250    0.1720    0.2852    0.2401    0.1621
 000032   S  0.532203  0.623763  0.583501    0.0514    0.1914    0.4850    0.1460    0.3139    0.2343    0.1652
 000033   A  0.510552  0.652151  0.589070    0.0909    0.2609    0.5450    0.1260    0.3433    0.2218    0.1661
 000034   T  0.490456  0.688577  0.594309    0.1532    0.2645    0.6080    0.1290    0.3674    0.2176    0.1707
 000035   L  0.481596  0.722052  0.597829    0.2122    0.2951    0.6730    0.1060    0.3974    0.2135    0.1715
 000036   R  0.457496  0.735010  0.600124    0.1958    0.3704    0.6370    0.1070    0.3992    0.2062    0.1722
 000037   E  0.448251  0.735669  0.601156    0.2558    0.4652    0.5840    0.1050    0.4148    0.1804    0.1746
 000038   R  0.430633  0.736520  0.596976    0.2963    0.4149    0.5530    0.1150    0.4053    0.1737    0.1745
 000039   E  0.424140  0.724409  0.593948    0.4116    0.4979    0.5060    0.1280    0.4273    0.1457    0.1722
 000040   R  0.418906  0.701760  0.592251    0.3053    0.3983    0.5120    0.1350    0.3893    0.1642    0.1663
 000041   A  0.409981  0.690596  0.591185    0.3053    0.4017    0.4360    0.1020    0.3739    0.1623    0.1629
 000042   R  0.403520  0.669967  0.589903    0.2167    0.3704    0.4040    0.0860    0.3442    0.1782    0.1638
 000043   G  0.388272  0.646234  0.587204    0.2209    0.3840    0.3930    0.1220    0.3388    0.1720    0.1658
 000044   R  0.363820  0.624517  0.583056    0.2333    0.3529    0.4180    0.1500    0.3321    0.1669    0.1716
 000045   L  0.366820  0.618612  0.578568    0.2292    0.2680    0.4220    0.1740    0.3174    0.1744    0.1755
 000046   A  0.352178  0.578980  0.569521    0.2748    0.3117    0.4000    0.1850    0.3196    0.1524    0.1828
 000047   D  0.343719  0.561091  0.562788    0.2080    0.3117    0.3690    0.1910    0.2989    0.1601    0.1904
 000048   E  0.336924  0.545178  0.552669    0.1698    0.3087    0.3160    0.1970    0.2794    0.1647    0.1937
 000049   L  0.346407  0.521748  0.542654    0.1698    0.2364    0.3160    0.2160    0.2651    0.1643    0.1983
 000050   S  0.357451  0.487920  0.532134    0.1667    0.1449    0.3180    0.2300    0.2459    0.1706    0.2069
 000051   L  0.354115  0.439531  0.516248    0.1205    0.1583    0.3170    0.2370    0.2315    0.1655    0.2193
 000052   T  0.346259  0.418072  0.500438    0.1041    0.1323    0.3040    0.2300    0.2175    0.1656    0.2335
 000053   A  0.339015  0.383637  0.483062    0.1117    0.1373    0.3020    0.2160    0.2123    0.1541    0.2449
 000054   T  0.334773  0.376259  0.462410    0.0723    0.0835    0.3080    0.2120    0.1958    0.1650    0.2584
 000055   V  0.324912  0.376861  0.442144    0.0789    0.0851    0.3050    0.2080    0.1951    0.1573    0.2712
 000056   L  0.325407  0.327680  0.422547    0.0813    0.0835    0.3160    0.2060    0.1889    0.1479    0.2810
 000057   A  0.317128  0.297813  0.406756    0.0965    0.1070    0.3100    0.1830    0.1880    0.1331    0.2917
 000058   R  0.292653  0.278301  0.390617    0.0526    0.0985    0.3320    0.1720    0.1757    0.1391    0.3037
 000059   E  0.261836  0.263927  0.375626    0.0502    0.0909    0.3250    0.1370    0.1653    0.1339    0.3206
 000060   L  0.237928  0.249798  0.360769    0.0884    0.1206    0.3430    0.0990    0.1732    0.1182    0.3321
 000061   Y  0.211542  0.251764  0.347229    0.0858    0.0799    0.3520    0.0890    0.1635    0.1241    0.3389
 000062   T  0.216477  0.231646  0.331548    0.1150    0.0909    0.3320    0.0850    0.1643    0.1089    0.3469
 000063   V  0.240275  0.209740  0.315849    0.0660    0.0531    0.3140    0.1040    0.1473    0.1186    0.3546
 000064   G  0.302022  0.212208  0.303405    0.0514    0.0646    0.2560    0.0830    0.1478    0.1156    0.3698
 000065   Y  0.364891  0.210952  0.287719    0.0297    0.0734    0.2620    0.0730    0.1568    0.1275    0.3858
 000066   R  0.441220  0.197038  0.272872    0.0441    0.1070    0.2400    0.0570    0.1716    0.1346    0.3998
 000067   L  0.520768  0.192865  0.259000    0.0858    0.1583    0.2520    0.0660    0.2016    0.1432    0.4205
 000068   T  0.610385  0.202264  0.250296    0.1041    0.1881    0.2240    0.0530    0.2216    0.1670    0.4332
 000069   G  0.703827  0.231033  0.244408    0.1041    0.1914    0.2050    0.0440    0.2393    0.1990    0.4286
 000070   Q  0.797088  0.260731  0.237870    0.0965    0.1914    0.1930    0.0530    0.2564    0.2333    0.4260
 000071   A  0.867618  0.297957  0.234588    0.1416    0.2609    0.2230    0.0810    0.2985    0.2448    0.4130
 000072   L  0.853206  0.333642  0.230333    0.2122    0.2817    0.2550    0.0880    0.3226    0.2268    0.4027
 000073   V  0.775751  0.390540  0.229662    0.2080    0.2752    0.2860    0.0820    0.3226    0.1980    0.4013
 000074   L  0.682655  0.447729  0.223924    0.2167    0.3356    0.3440    0.0900    0.3378    0.1626    0.4110
 000075   S  0.583548  0.506664  0.223629    0.2122    0.2436    0.4130    0.1210    0.3265    0.1509    0.4308
 000076   P  0.481313  0.539277  0.220792    0.2963    0.2258    0.4170    0.1110    0.3267    0.1289    0.4169
 000077   S  0.375317  0.551595  0.221566    0.2385    0.1643    0.3690    0.0860    0.2831    0.1341    0.4107
 000078   S  0.273027  0.534997  0.224478    0.2531    0.1611    0.2900    0.0590    0.2521    0.1231    0.4062
 000079   Q  0.166741  0.566865  0.233515    0.1958    0.1643    0.2360    0.0600    0.2217    0.1452    0.3940
 000080   G  0.085015  0.505195  0.242577    0.1266    0.1424    0.2310    0.0600    0.1818    0.1442    0.3917
 000081   D  0.113509  0.456078  0.247224    0.1380    0.1399    0.2210    0.0520    0.1780    0.1232    0.3924
 000082   G  0.183771  0.389916  0.256922    0.1416    0.1349    0.2130    0.0570    0.1771    0.0966    0.3854
 000083   V  0.219857  0.318141  0.262425    0.2080    0.2094    0.2160    0.0820    0.1952    0.0592    0.3894
 000084   Q  0.253235  0.243439  0.268328    0.2483    0.2849    0.2350    0.0990    0.2109    0.0477    0.3958
 000085   G  0.308677  0.182701  0.273400    0.3491    0.2680    0.2410    0.1020    0.2249    0.0691    0.4144
 000086   W  0.368693  0.148957  0.278279    0.3668    0.1914    0.2670    0.1430    0.2239    0.0939    0.4216
 000087   F  0.427168  0.135454  0.282763    0.2657    0.1611    0.2480    0.1420    0.2063    0.1057    0.4278
 000088   L  0.485701  0.110782  0.287149    0.1602    0.1791    0.2100    0.1060    0.1909    0.1317    0.4156
 000089   C  0.531021  0.119031  0.294642    0.1566    0.1759    0.1730    0.0770    0.1926    0.1485    0.3834
 000090   E  0.519995  0.131268  0.300937    0.1698    0.1476    0.1620    0.0650    0.1885    0.1463    0.3742
 000091   A  0.526999  0.156690  0.306081    0.1732    0.1476    0.1710    0.0580    0.1958    0.1454    0.3642
 000092   G  0.568178  0.210272  0.314619    0.1380    0.1528    0.1730    0.0580    0.2070    0.1586    0.3524
 000093   M  0.622745  0.272606  0.326393    0.1322    0.1092    0.1850    0.0540    0.2203    0.1813    0.3462
 000094   E  0.656078  0.342023  0.338185    0.1958    0.1501    0.2040    0.0630    0.2580    0.1781    0.3323
 000095   E  0.681202  0.393718  0.348821    0.1532    0.1476    0.2480    0.0930    0.2707    0.1912    0.3175
 000096   I  0.714451  0.438100  0.358104    0.1456    0.1583    0.3000    0.1240    0.2927    0.2013    0.2987
 000097   C  0.744603  0.481824  0.369255    0.1921    0.2436    0.2940    0.1320    0.3261    0.1945    0.2786
 000098   G  0.763320  0.492293  0.380091    0.2657    0.2609    0.2730    0.1210    0.3426    0.1907    0.2830
 000099   E  0.781854  0.507782  0.386761    0.3225    0.3566    0.2680    0.1100    0.3728    0.1823    0.2964
 000100   S  0.792341  0.506281  0.387934    0.3225    0.3740    0.2680    0.0790    0.3773    0.1843    0.3129
 000101   M  0.801826  0.509319  0.388441    0.3184    0.3667    0.2380    0.0720    0.3724    0.1933    0.3227
 000102   G  0.798348  0.494795  0.391921    0.2963    0.4051    0.1900    0.0440    0.3641    0.2012    0.3238
 000103   E  0.795721  0.486982  0.395211    0.2820    0.4051    0.1560    0.0380    0.3543    0.2087    0.3246
 000104   V  0.785197  0.486326  0.397632    0.3184    0.4087    0.1470    0.0400    0.3577    0.2038    0.3205
 000105   R  0.768032  0.490275  0.399702    0.2963    0.3215    0.1560    0.0500    0.3387    0.2027    0.3171
 000106   G  0.725446  0.487689  0.399898    0.2531    0.3053    0.1630    0.0490    0.3224    0.1942    0.3226
 000107   T  0.651371  0.483822  0.403867    0.2700    0.3087    0.1360    0.0310    0.3083    0.1774    0.3298
 000108   G  0.572459  0.471168  0.408850    0.3762    0.3910    0.1270    0.0310    0.3229    0.1514    0.3478
 000109   Y  0.493237  0.434369  0.406071    0.3311    0.3631    0.1310    0.0410    0.2921    0.1331    0.3583
 000110   E  0.415019  0.405852  0.397003    0.3146    0.2645    0.1330    0.0380    0.2555    0.1202    0.3688
 000111   V  0.345919  0.382842  0.387433    0.2786    0.2609    0.1360    0.0380    0.2341    0.1084    0.3719
 000112   N  0.260800  0.346489  0.380460    0.1878    0.2951    0.1240    0.0320    0.2023    0.1087    0.3705
 000113   Q  0.187044  0.310654  0.375622    0.1878    0.3117    0.1250    0.0290    0.1870    0.1083    0.3769
 000114   G  0.114713  0.298329  0.374308    0.1698    0.2951    0.1190    0.0290    0.1662    0.1171    0.3846
 000115   A  0.069028  0.251875  0.374069    0.2292    0.2783    0.1150    0.0310    0.1572    0.1193    0.3941
 000116   L  0.057909  0.227997  0.375282    0.2432    0.2541    0.1110    0.0320    0.1490    0.1205    0.3972
 000117   R  0.050349  0.239405  0.377710    0.1602    0.2884    0.1130    0.0370    0.1419    0.1266    0.3914
 000118   W  0.044046  0.262046  0.380574    0.1349    0.2094    0.1340    0.0410    0.1307    0.1248    0.3887
 000119   G  0.043280  0.269975  0.381193    0.1566    0.2399    0.1480    0.0400    0.1430    0.1241    0.3693
 000120   A  0.033299  0.268456  0.376072    0.1766    0.3321    0.1620    0.0510    0.1621    0.1309    0.3516
 000121   C  0.034346  0.285813  0.371349    0.1844    0.3215    0.1740    0.0640    0.1666    0.1278    0.3306
 000122   K  0.036025  0.312260  0.367500    0.2333    0.4186    0.1780    0.0760    0.1963    0.1412    0.3197
 000123   G  0.040091  0.323014  0.360540    0.2432    0.3529    0.2010    0.0950    0.1934    0.1266    0.3140
 000124   E  0.042528  0.342488  0.353138    0.2602    0.2817    0.2060    0.1060    0.1888    0.1198    0.3109
 000125   G  0.109943  0.349155  0.346275    0.2122    0.2817    0.2010    0.1070    0.1923    0.1029    0.3108
 000126   C  0.170563  0.349418  0.337414    0.1805    0.3117    0.2060    0.0930    0.2030    0.0939    0.3125
 000127   A  0.231395  0.357085  0.331327    0.2255    0.3983    0.1910    0.0790    0.2338    0.0946    0.3239
 000128   P  0.302933  0.375213  0.323176    0.2255    0.4186    0.2100    0.0740    0.2555    0.0920    0.3374
 000129   L  0.390528  0.375018  0.311601    0.2865    0.4476    0.2520    0.0740    0.2919    0.0846    0.3485
 000130   P  0.480683  0.390013  0.299921    0.3005    0.4541    0.2050    0.0560    0.3051    0.1083    0.3628
 000131   N  0.555221  0.392442  0.295174    0.2657    0.4220    0.2140    0.0610    0.3082    0.1238    0.3752
 000132   N  0.617361  0.397079  0.297700    0.3992    0.5342    0.2100    0.0670    0.3596    0.1450    0.3919
 000133   P  0.692278  0.389130  0.294155    0.3456    0.5055    0.1850    0.0580    0.3530    0.1690    0.4067
 000134   V  0.699229  0.392460  0.287150    0.3578    0.4087    0.2050    0.0690    0.3438    0.1611    0.4190
 000135   L  0.699252  0.387245  0.280324    0.3184    0.3872    0.1950    0.0600    0.3311    0.1649    0.4287
 000136   G  0.697807  0.388059  0.278115    0.2531    0.3286    0.1600    0.0430    0.3046    0.1763    0.4302
 000137   G  0.692231  0.376258  0.274437    0.3491    0.3840    0.1460    0.0490    0.3245    0.1715    0.4329
 000138   D  0.675826  0.355992  0.267925    0.3263    0.3249    0.1380    0.0480    0.3035    0.1688    0.4330
 000139   E  0.661370  0.332780  0.258837    0.2820    0.2258    0.1210    0.0370    0.2705    0.1738    0.4323
 000140   V  0.655991  0.290053  0.254497    0.2820    0.3117    0.1190    0.0330    0.2765    0.1686    0.4332
 000141   Q  0.615568  0.267856  0.253954    0.1958    0.2817    0.1090    0.0290    0.2449    0.1635    0.4301
 000142   V  0.560315  0.243321  0.252439    0.2080    0.2715    0.0940    0.0240    0.2295    0.1476    0.4255
 000143   E  0.510653  0.220566  0.250800    0.2167    0.2752    0.0890    0.0230    0.2187    0.1331    0.4250
 000144   A  0.475542  0.201496  0.246534    0.1958    0.1671    0.0810    0.0200    0.1869    0.1283    0.4253
 000145   F  0.443895  0.186439  0.242899    0.2531    0.2129    0.0800    0.0210    0.1961    0.1159    0.4193
 000146   R  0.372512  0.163900  0.238185    0.2333    0.2783    0.0770    0.0200    0.1874    0.1000    0.4183
 000147   V  0.301040  0.159981  0.233409    0.2292    0.2817    0.0770    0.0210    0.1749    0.0851    0.4124
 000148   A  0.226737  0.151578  0.228035    0.2255    0.2541    0.0850    0.0240    0.1572    0.0696    0.4094
 000149   Y  0.159646  0.159463  0.221558    0.2167    0.2436    0.1050    0.0310    0.1474    0.0601    0.4085
 000150   L  0.131430  0.167650  0.218244    0.1732    0.2034    0.1200    0.0370    0.1325    0.0507    0.4090
 000151   E  0.110476  0.199797  0.220704    0.2333    0.2034    0.1380    0.0460    0.1475    0.0578    0.4140
 000152   G  0.100339  0.231154  0.222985    0.1958    0.2034    0.1700    0.0590    0.1501    0.0573    0.4163
 000153   G  0.099013  0.250486  0.225404    0.1805    0.1942    0.2010    0.0720    0.1543    0.0604    0.4191
 000154   T  0.104573  0.271934  0.228824    0.1805    0.1759    0.2630    0.0970    0.1660    0.0691    0.4168
 000155   W  0.137753  0.287194  0.231685    0.1322    0.2292    0.2800    0.0880    0.1778    0.0727    0.4167
 000156   K  0.176084  0.299570  0.237979    0.1878    0.3392    0.2010    0.0840    0.2007    0.0720    0.4315
 000157   R  0.249739  0.309044  0.243139    0.2122    0.3426    0.1830    0.0820    0.2161    0.0678    0.4271
 000158   Q  0.337813  0.314135  0.242380    0.2748    0.3774    0.1780    0.0750    0.2470    0.0768    0.4183
 000159   A  0.418717  0.316502  0.240081    0.2963    0.4017    0.1770    0.0680    0.2684    0.0936    0.4124
 000160   Q  0.503485  0.309934  0.243075    0.3263    0.5211    0.1780    0.0690    0.3065    0.1327    0.4068
 000161   A  0.572254  0.333284  0.257257    0.3847    0.6043    0.1800    0.0720    0.3458    0.1607    0.4052
 000162   V  0.637976  0.365484  0.270117    0.3992    0.5139    0.1910    0.0650    0.3513    0.1545    0.4060
 000163   N  0.703173  0.409795  0.274975    0.3992    0.5098    0.2220    0.0680    0.3739    0.1642    0.4038
 000164   L  0.759235  0.464188  0.276154    0.3263    0.4831    0.2880    0.0860    0.3868    0.1730    0.4025
 000165   R  0.806911  0.509993  0.283007    0.3225    0.4051    0.3050    0.0750    0.3916    0.1874    0.3947
 000166   P  0.802353  0.532495  0.284523    0.3717    0.4652    0.2900    0.0610    0.4103    0.1841    0.3910
 000167   E  0.755973  0.535248  0.289168    0.3146    0.4017    0.3410    0.0530    0.3915    0.1696    0.3959
 000168   G  0.721518  0.542876  0.297637    0.2865    0.3215    0.4420    0.0700    0.3857    0.1645    0.4017
 000169   A  0.709636  0.557898  0.309406    0.2209    0.2503    0.4790    0.1180    0.3696    0.1839    0.4084
 000170   S  0.684689  0.544266  0.322155    0.1844    0.2094    0.4240    0.1570    0.3412    0.1864    0.4176
 000171   P  0.692333  0.524146  0.333807    0.1349    0.1823    0.4000    0.1540    0.3222    0.1994    0.4293
 000172   K  0.680174  0.478143  0.344608    0.1150    0.2034    0.4380    0.1460    0.3191    0.1938    0.4286
 000173   V  0.658273  0.420878  0.357446    0.1416    0.2034    0.3740    0.1170    0.2997    0.1763    0.4178
 000174   S  0.665138  0.380420  0.371500    0.1349    0.2224    0.3040    0.0860    0.2844    0.1772    0.4059
 000175   A  0.690454  0.327357  0.386807    0.1495    0.2328    0.2560    0.0670    0.2759    0.1848    0.3957
 000176   L  0.742071  0.306946  0.403190    0.1698    0.2328    0.2110    0.0330    0.2771    0.2045    0.3834
 000177   A  0.797755  0.286021  0.416279    0.1018    0.2064    0.1970    0.0330    0.2648    0.2387    0.3766
 000178   L  0.814109  0.296856  0.433051    0.1018    0.1914    0.2180    0.0510    0.2703    0.2451    0.3714
 000179   Y  0.755311  0.295213  0.450273    0.1018    0.1671    0.2340    0.0690    0.2589    0.2303    0.3715
 000180   L  0.661075  0.323867  0.466861    0.1292    0.2164    0.2380    0.0780    0.2614    0.1940    0.3741
 000181   L  0.580518  0.348611  0.485354    0.1060    0.1942    0.2330    0.0750    0.2437    0.1846    0.3810
 000182   A  0.520966  0.367583  0.500508    0.1060    0.1048    0.2240    0.0590    0.2206    0.1900    0.3913
 000183   S  0.462665  0.420319  0.515837    0.0832    0.1162    0.2530    0.0730    0.2225    0.1891    0.3982
 000184   V  0.403645  0.440011  0.530915    0.0723    0.1791    0.3080    0.0750    0.2338    0.1799    0.4046
 000185   P  0.344624  0.467902  0.547283    0.0744    0.1791    0.3520    0.0830    0.2363    0.1848    0.4107
 000186   V  0.303926  0.554000  0.560516    0.1041    0.2002    0.4250    0.0910    0.2646    0.1952    0.4167
 000187   R  0.293677  0.572970  0.571083    0.1456    0.2783    0.4570    0.0960    0.2912    0.1855    0.4219
 000188   G  0.396358  0.587815  0.582785    0.1698    0.2328    0.4720    0.1040    0.3099    0.1876    0.4249
 000189   G  0.499746  0.614465  0.600396    0.2385    0.3019    0.4820    0.1150    0.3560    0.1730    0.4262
 000190   A  0.598798  0.637892  0.620263    0.2385    0.3019    0.4720    0.1370    0.3748    0.1884    0.4258
 000191   P  0.694830  0.652448  0.635190    0.2963    0.3983    0.4790    0.1370    0.4201    0.1803    0.4243
 000192   A  0.756511  0.662165  0.637750    0.2786    0.4979    0.5330    0.1350    0.4546    0.1856    0.4209
 000193   F  0.825203  0.670582  0.634008    0.3456    0.5296    0.5080    0.1310    0.4799    0.1829    0.4170
 000194   T  0.895824  0.676304  0.628055    0.3717    0.4582    0.4740    0.0870    0.4794    0.2026    0.4169
 000195   P  0.942478  0.683376  0.623354    0.4420    0.5296    0.4800    0.0850    0.5129    0.1967    0.4160
 000196   G  0.965324  0.682074  0.617881    0.3456    0.4979    0.5150    0.1170    0.5010    0.2185    0.4149
 000197   S  0.958623  0.666341  0.615845    0.4245    0.5620    0.4820    0.1290    0.5156    0.2003    0.4129
 000198   T  0.913247  0.654646  0.612581    0.4149    0.4864    0.5300    0.1410    0.4999    0.1897    0.4107
 000199   L  0.892074  0.659908  0.609595    0.4149    0.4186    0.5950    0.1330    0.4967    0.1907    0.4084
 000200   S  0.894942  0.664940  0.603614    0.3578    0.4330    0.5620    0.1040    0.4855    0.1995    0.4081
 000201   Y  0.904106  0.670887  0.595805    0.3311    0.3872    0.5570    0.1050    0.4751    0.2130    0.4076
 000202   P  0.906978  0.685619  0.588183    0.3263    0.3872    0.4650    0.0950    0.4618    0.2192    0.4072
 000203   P  0.907865  0.666769  0.578934    0.2963    0.4119    0.4510    0.0900    0.4556    0.2205    0.4070
 000204   G  0.909606  0.634312  0.568793    0.4149    0.4766    0.4420    0.0950    0.4796    0.1925    0.4068
 000205   L  0.915638  0.613351  0.561205    0.4149    0.4940    0.4090    0.1020    0.4745    0.1956    0.4042
 000206   T  0.925873  0.586783  0.551554    0.3668    0.4766    0.3900    0.1030    0.4577    0.2073    0.4036
 000207   S  0.969546  0.574730  0.548495    0.3992    0.4979    0.3830    0.0970    0.4708    0.2157    0.4057
 000208   S  0.984695  0.575716  0.545456    0.3992    0.4979    0.3610    0.0950    0.4697    0.2235    0.4068
 000209   L  0.968771  0.569336  0.535656    0.4078    0.4864    0.3470    0.0860    0.4633    0.2195    0.4080
 000210   L  0.943452  0.570278  0.523991    0.4918    0.4864    0.3310    0.0930    0.4705    0.2069    0.4117
 000211   E  0.922011  0.581580  0.515842    0.4918    0.4864    0.3150    0.0910    0.4662    0.2031    0.4147
 000212   L  0.900626  0.580951  0.505647    0.5008    0.5533    0.3670    0.1050    0.4838    0.1836    0.4180
 000213   P  0.845351  0.578503  0.493509    0.4703    0.5382    0.3470    0.1150    0.4631    0.1730    0.4224
 000214   G  0.774227  0.574879  0.480890    0.4149    0.5055    0.3170    0.1180    0.4310    0.1632    0.4259
 000215   A  0.691672  0.573989  0.468945    0.4245    0.4330    0.2930    0.1170    0.4027    0.1476    0.4285
 000216   P  0.621969  0.577007  0.457386    0.5043    0.4119    0.2800    0.1180    0.3991    0.1355    0.4288
 000217   N  0.566908  0.555932  0.443469    0.4333    0.3149    0.3010    0.1160    0.3621    0.1273    0.4276
 000218   D  0.487241  0.540022  0.431380    0.3491    0.2575    0.3200    0.1040    0.3256    0.1214    0.4255
 000219   G  0.458031  0.509890  0.415388    0.2657    0.2715    0.3030    0.0840    0.3014    0.1178    0.4242
 000220   R  0.400975  0.465212  0.398544    0.2602    0.3494    0.2570    0.0660    0.2888    0.1011    0.4227
 000221   L  0.347677  0.417364  0.381712    0.3399    0.4507    0.2300    0.0490    0.2976    0.0946    0.4209
 000222   R  0.326368  0.362633  0.369253    0.3359    0.4476    0.2000    0.0570    0.2787    0.0962    0.4188
 000223   A  0.330321  0.332000  0.358579    0.4333    0.4476    0.2110    0.0620    0.2924    0.0983    0.4152
 000224   E  0.333203  0.347330  0.353991    0.4116    0.3910    0.2320    0.0580    0.2859    0.0821    0.4097
 000225   K  0.322412  0.329301  0.354593    0.3311    0.3910    0.2860    0.0850    0.2766    0.0672    0.4047
 000226   L  0.302381  0.280529  0.356359    0.3399    0.4119    0.3260    0.1110    0.2767    0.0727    0.3977
 000227   W  0.318004  0.262969  0.356495    0.3096    0.3631    0.5050    0.1230    0.2931    0.0962    0.3932
 000228   I  0.289724  0.237582  0.356643    0.3491    0.3321    0.4500    0.1040    0.2764    0.0881    0.3884
 000229   V  0.305381  0.252426  0.354244    0.3806    0.2884    0.4230    0.1840    0.2750    0.0827    0.3868
 000230   Q  0.337404  0.301839  0.345995    0.4203    0.2609    0.3760    0.2050    0.2827    0.0768    0.3886
 000231   T  0.379703  0.343803  0.339378    0.4651    0.2292    0.3560    0.1580    0.2957    0.0895    0.3908
 000232   P  0.414166  0.410738  0.334933    0.5762    0.2884    0.4550    0.1670    0.3574    0.1070    0.3922
 000233   N  0.432395  0.482885  0.330423    0.6219    0.2575    0.5850    0.1650    0.3966    0.1406    0.3929
 000234   L  0.613513  0.588136  0.329678    0.6870    0.2645    0.6430    0.1920    0.4661    0.1713    0.3927
 000235   A  0.682391  0.634477  0.328532    0.7147    0.1969    0.6350    0.1630    0.4773    0.2037    0.3927
 000236   R  0.698389  0.662881  0.324352    0.7501    0.1554    0.8340    0.0990    0.5167    0.2506    0.3941
