#RESNUM RES     VL-XT     VSL2B       VL3  IUPred-S  IUPred-L  PONDRFIT  FITERROR       MDP  MDPERROR   ANCHOR2
 000001   M  0.645028  0.818111  0.668996    0.8391    0.2064    0.9570    0.0260    0.5776    0.2649    0.3347
 000002   K  0.499971  0.817517  0.672186    0.7869    0.2988    0.9350    0.0360    0.5564    0.2408    0.3206
 000003   I  0.530011  0.810291  0.672959    0.7540    0.2129    0.8990    0.0740    0.5344    0.2517    0.3140
 000004   R  0.524544  0.802926  0.674461    0.7458    0.1229    0.8620    0.0910    0.5097    0.2717    0.3088
 000005   D  0.554352  0.784490  0.674018    0.6412    0.1528    0.8540    0.0500    0.4978    0.2526    0.3084
 000006   L  0.534110  0.769374  0.670669    0.5253    0.0888    0.8430    0.0330    0.4602    0.2691    0.3080
 000007   L  0.514551  0.766444  0.669291    0.4879    0.1206    0.8470    0.0870    0.4561    0.2620    0.2995
 000008   K  0.489088  0.746738  0.669548    0.3535    0.0734    0.8890    0.0540    0.4254    0.2920    0.2898
 000009   A  0.472348  0.758409  0.671164    0.3146    0.0454    0.9040    0.0600    0.4158    0.3087    0.2892
 000010   R  0.443814  0.749093  0.672290    0.1921    0.0719    0.8820    0.0860    0.3899    0.3148    0.2941
 000011   R  0.395687  0.730245  0.670330    0.1018    0.1048    0.9200    0.0530    0.3754    0.3311    0.3055
 000012   G  0.356474  0.745974  0.670341    0.1532    0.1251    0.8350    0.0770    0.3693    0.3044    0.3228
 000013   P  0.315087  0.761932  0.667821    0.1805    0.1323    0.7230    0.1310    0.3521    0.2841    0.3461
 000014   L  0.278257  0.750126  0.664239    0.2385    0.2292    0.7100    0.1160    0.3676    0.2566    0.3669
 000015   F  0.288583  0.727389  0.658075    0.2531    0.2436    0.6790    0.0930    0.3653    0.2410    0.3856
 000016   S  0.314344  0.670380  0.652626    0.2700    0.2399    0.5950    0.0900    0.3483    0.2146    0.3948
 000017   F  0.358853  0.679701  0.655544    0.3359    0.3286    0.6260    0.1030    0.3881    0.1915    0.4042
 000018   E  0.353647  0.640032  0.654053    0.4078    0.4186    0.5380    0.0980    0.3931    0.1595    0.4093
 000019   F  0.353903  0.644348  0.646118    0.4245    0.3983    0.5520    0.1110    0.3955    0.1590    0.4159
 000020   F  0.362616  0.627657  0.639858    0.4703    0.3494    0.5470    0.1140    0.3928    0.1574    0.4105
 000021   P  0.369652  0.669036  0.632038    0.4458    0.2541    0.4960    0.1120    0.3725    0.1780    0.3981
 000022   P  0.436849  0.700046  0.621689    0.3847    0.2541    0.5230    0.1320    0.3831    0.1810    0.3845
 000023   K  0.490077  0.726934  0.616410    0.3005    0.2609    0.5680    0.1660    0.3911    0.1957    0.3656
 000024   D  0.524790  0.741223  0.606484    0.2558    0.1583    0.6180    0.1430    0.3831    0.2311    0.3522
 000025   P  0.533567  0.738200  0.599442    0.3399    0.2364    0.6370    0.1480    0.4141    0.2001    0.3408
 000026   E  0.543061  0.728382  0.594442    0.3456    0.3460    0.5700    0.1830    0.4222    0.1691    0.3301
 000027   G  0.594154  0.714085  0.587211    0.3578    0.2680    0.5040    0.1900    0.4063    0.1797    0.3251
 000028   E  0.653295  0.689081  0.573475    0.4600    0.3704    0.4240    0.1780    0.4328    0.1521    0.3193
 000029   E  0.721757  0.657039  0.558670    0.3762    0.3321    0.4140    0.1740    0.4168    0.1730    0.3178
 000030   A  0.792464  0.625282  0.545438    0.4420    0.3321    0.3710    0.1640    0.4271    0.1822    0.3185
 000031   L  0.793628  0.579680  0.533603    0.4967    0.4292    0.3270    0.1450    0.4378    0.1692    0.3244
 000032   F  0.785199  0.537008  0.517278    0.3847    0.4256    0.3010    0.1220    0.4055    0.1760    0.3296
 000033   R  0.755062  0.459744  0.498219    0.3359    0.3704    0.2830    0.1050    0.3674    0.1751    0.3301
 000034   T  0.744997  0.476378  0.479949    0.3668    0.2680    0.2830    0.0930    0.3565    0.1798    0.3355
 000035   L  0.687950  0.453680  0.460373    0.3359    0.1969    0.2450    0.0860    0.3199    0.1799    0.3416
 000036   E  0.606973  0.451588  0.442098    0.2385    0.1702    0.2030    0.0870    0.2784    0.1750    0.3465
 000037   E  0.522962  0.431726  0.425820    0.1698    0.1028    0.1950    0.1000    0.2371    0.1730    0.3525
 000038   L  0.440640  0.428692  0.409236    0.1667    0.1070    0.2050    0.1070    0.2246    0.1527    0.3587
 000039   K  0.371195  0.401515  0.390208    0.1018    0.0592    0.2080    0.1130    0.1903    0.1542    0.3657
 000040   A  0.308292  0.356543  0.369666    0.0965    0.0581    0.2230    0.1280    0.1737    0.1364    0.3727
 000041   F  0.254911  0.317751  0.349977    0.0677    0.0568    0.2160    0.1110    0.1521    0.1274    0.3788
 000042   R  0.225445  0.268275  0.333124    0.1088    0.0749    0.1790    0.0690    0.1427    0.1048    0.3828
 000043   P  0.170828  0.220283  0.314748    0.1416    0.1399    0.1500    0.0450    0.1370    0.0815    0.3956
 000044   A  0.146296  0.201521  0.298983    0.1205    0.1449    0.1430    0.0410    0.1260    0.0782    0.4103
 000045   F  0.154694  0.189877  0.283152    0.1150    0.1449    0.1410    0.0460    0.1243    0.0722    0.4206
 000046   V  0.163296  0.191297  0.270051    0.1667    0.2094    0.1430    0.0560    0.1456    0.0611    0.4252
 000047   S  0.169385  0.184976  0.258043    0.1566    0.2129    0.1460    0.0560    0.1450    0.0573    0.4278
 000048   I  0.173898  0.202041  0.244798    0.1456    0.2002    0.1800    0.0630    0.1504    0.0509    0.4311
 000049   T  0.153845  0.219480  0.232982    0.2292    0.2783    0.2260    0.0530    0.1845    0.0533    0.4318
 000050   Y  0.126971  0.245421  0.224871    0.2432    0.2164    0.2930    0.0770    0.1875    0.0625    0.4303
 000051   G  0.092140  0.298738  0.218709    0.2700    0.2164    0.3050    0.0740    0.1971    0.0808    0.4289
 000052   A  0.127715  0.354416  0.211917    0.2786    0.2164    0.3100    0.0790    0.2145    0.0819    0.4273
 000053   M  0.157710  0.402847  0.204741    0.2558    0.2002    0.3310    0.0850    0.2246    0.0909    0.4285
 000054   G  0.170882  0.431455  0.193769    0.1495    0.1852    0.3560    0.0910    0.2156    0.1112    0.4191
 000055   S  0.212015  0.437094  0.186719    0.1416    0.2034    0.3560    0.0930    0.2249    0.1089    0.4071
 000056   T  0.234947  0.453903  0.178642    0.2041    0.2258    0.3070    0.0780    0.2376    0.0969    0.3957
 000057   R  0.246249  0.444739  0.167702    0.2700    0.3053    0.3030    0.0900    0.2616    0.0879    0.3835
 000058   E  0.262308  0.433628  0.160968    0.1878    0.3053    0.2470    0.0850    0.2394    0.0926    0.3733
 000059   R  0.279386  0.419802  0.167653    0.2700    0.3149    0.2080    0.0700    0.2487    0.0849    0.3610
 000060   S  0.313932  0.401303  0.169848    0.2602    0.3053    0.1550    0.0420    0.2393    0.0900    0.3531
 000061   V  0.290396  0.345954  0.170052    0.2700    0.3182    0.1170    0.0340    0.2236    0.0863    0.3477
 000062   A  0.266641  0.293022  0.171677    0.2657    0.3286    0.1040    0.0360    0.2097    0.0816    0.3410
 000063   W  0.244915  0.262580  0.174227    0.2122    0.3840    0.1220    0.0560    0.2044    0.0866    0.3304
 000064   A  0.190237  0.237799  0.176803    0.2558    0.3392    0.1370    0.0620    0.1933    0.0714    0.3163
 000065   Q  0.166969  0.207865  0.177038    0.2820    0.3087    0.1390    0.0510    0.1841    0.0683    0.3081
 000066   R  0.149517  0.197415  0.177981    0.2122    0.3149    0.1540    0.0640    0.1714    0.0629    0.3059
 000067   I  0.144642  0.191469  0.179277    0.1844    0.2258    0.1620    0.0730    0.1515    0.0391    0.3108
 000068   Q  0.150583  0.197399  0.179969    0.1921    0.2436    0.1620    0.0690    0.1575    0.0423    0.3231
 000069   S  0.141028  0.215954  0.185242    0.1205    0.1731    0.1460    0.0470    0.1328    0.0441    0.3396
 000070   L  0.207019  0.235293  0.191837    0.1240    0.1554    0.1480    0.0440    0.1449    0.0496    0.3581
 000071   G  0.246827  0.248159  0.196959    0.0832    0.1583    0.1420    0.0420    0.1464    0.0673    0.3747
 000072   L  0.276924  0.246591  0.201519    0.1088    0.2258    0.1380    0.0430    0.1660    0.0679    0.3914
 000073   N  0.302723  0.255417  0.211343    0.1349    0.2503    0.1340    0.0390    0.1795    0.0719    0.4058
 000074   P  0.321110  0.242186  0.218318    0.2080    0.3494    0.1430    0.0490    0.2105    0.0787    0.4234
 000075   L  0.329355  0.222916  0.224431    0.2432    0.3704    0.1460    0.0560    0.2187    0.0828    0.4281
 000076   A  0.367116  0.224811  0.235051    0.2255    0.3704    0.1300    0.0400    0.2197    0.0937    0.4162
 000077   H  0.399135  0.234568  0.247617    0.2255    0.3117    0.1320    0.0350    0.2172    0.0918    0.4087
 000078   L  0.414763  0.249912  0.260936    0.3225    0.3667    0.1380    0.0330    0.2486    0.0996    0.4093
 000079   T  0.372345  0.272824  0.276995    0.2531    0.3631    0.1540    0.0310    0.2358    0.0866    0.4136
 000080   V  0.383236  0.310541  0.293755    0.2255    0.3019    0.1910    0.0400    0.2354    0.0789    0.4230
 000081   A  0.370442  0.356881  0.309497    0.3146    0.2951    0.2090    0.0530    0.2577    0.0732    0.4323
 000082   G  0.369275  0.395014  0.318633    0.2483    0.2951    0.2360    0.0710    0.2573    0.0788    0.4268
 000083   Q  0.410082  0.409914  0.329704    0.2602    0.3631    0.2660    0.1030    0.2848    0.0821    0.4211
 000084   S  0.459928  0.427645  0.345991    0.2657    0.2399    0.2690    0.1130    0.2770    0.1021    0.4160
 000085   R  0.491066  0.439352  0.362080    0.2255    0.1554    0.2900    0.1270    0.2669    0.1315    0.4139
 000086   K  0.516176  0.457474  0.379785    0.2167    0.2328    0.3100    0.1410    0.2888    0.1273    0.4155
 000087   E  0.564004  0.455912  0.395096    0.1878    0.2575    0.2940    0.1340    0.2932    0.1429    0.4169
 000088   V  0.612969  0.451329  0.412402    0.1844    0.2541    0.2860    0.1210    0.2980    0.1585    0.4203
 000089   A  0.639172  0.419988  0.428152    0.2602    0.2645    0.2710    0.1100    0.3091    0.1534    0.4247
 000090   E  0.702897  0.374424  0.439946    0.2657    0.2645    0.2630    0.1010    0.3117    0.1733    0.4278
 000091   V  0.762583  0.336533  0.452836    0.2700    0.3392    0.2280    0.0850    0.3227    0.1927    0.4324
 000092   L  0.771013  0.329392  0.466433    0.3053    0.2849    0.2010    0.0660    0.3153    0.2020    0.4316
 000093   H  0.770199  0.316573  0.476119    0.3053    0.2034    0.2030    0.0590    0.2997    0.2127    0.4299
 000094   R  0.745560  0.332539  0.490192    0.2385    0.1702    0.2150    0.0540    0.2836    0.2153    0.4320
 000095   F  0.717354  0.362407  0.504097    0.1805    0.1115    0.2100    0.0470    0.2637    0.2259    0.4307
 000096   V  0.688512  0.351555  0.517319    0.1766    0.1115    0.1960    0.0490    0.2540    0.2226    0.4325
 000097   E  0.635625  0.359062  0.531092    0.1240    0.1162    0.1920    0.0490    0.2378    0.2194    0.4247
 000098   S  0.570755  0.407202  0.544370    0.1088    0.1137    0.1990    0.0480    0.2332    0.2129    0.4201
 000099   G  0.511012  0.425687  0.552792    0.1602    0.1852    0.2010    0.0550    0.2472    0.1864    0.4146
 000100   V  0.482072  0.408658  0.555755    0.1921    0.2364    0.1920    0.0520    0.2518    0.1720    0.4102
 000101   E  0.457442  0.405332  0.564654    0.2080    0.2193    0.1780    0.0430    0.2447    0.1732    0.4084
 000102   N  0.459784  0.406576  0.579092    0.2963    0.2884    0.1740    0.0500    0.2708    0.1631    0.4070
 000103   L  0.458127  0.403463  0.588442    0.3491    0.3807    0.1780    0.0620    0.2949    0.1574    0.4066
 000104   L  0.427719  0.378412  0.593245    0.3491    0.3740    0.1730    0.0630    0.2837    0.1583    0.4055
 000105   A  0.390271  0.403283  0.599815    0.3630    0.3117    0.1880    0.0610    0.2760    0.1585    0.4025
 000106   L  0.375226  0.468676  0.611233    0.4379    0.3149    0.2060    0.0780    0.3005    0.1625    0.3963
 000107   R  0.375964  0.509703  0.616154    0.4333    0.3807    0.2100    0.0920    0.3182    0.1621    0.3955
 000108   G  0.373244  0.526449  0.619761    0.3456    0.3948    0.2190    0.0940    0.3098    0.1653    0.3960
 000109   D  0.341267  0.565682  0.621166    0.3225    0.4051    0.2320    0.0990    0.3111    0.1718    0.3961
 000110   P  0.303654  0.596898  0.624012    0.3456    0.4292    0.2490    0.1040    0.3207    0.1761    0.3990
 000111   P  0.248078  0.606643  0.627588    0.4078    0.5139    0.2630    0.1050    0.3399    0.1840    0.4022
 000112   R  0.215435  0.629253  0.631571    0.4282    0.5017    0.2580    0.0940    0.3388    0.1942    0.4024
 000113   G  0.216792  0.648247  0.635587    0.4282    0.3774    0.2380    0.0740    0.3181    0.2009    0.4049
 000114   E  0.212289  0.653773  0.632529    0.4918    0.4541    0.2240    0.0830    0.3393    0.2044    0.4123
 000115   R  0.213305  0.644872  0.628614    0.4651    0.4476    0.2260    0.1000    0.3328    0.2005    0.4195
 000116   V  0.212787  0.635290  0.622957    0.4749    0.4441    0.2060    0.0990    0.3288    0.2015    0.4322
 000117   F  0.209684  0.603882  0.613977    0.4651    0.4979    0.2240    0.1250    0.3335    0.1929    0.4168
 000118   R  0.204736  0.572028  0.601193    0.4513    0.5176    0.2300    0.1160    0.3292    0.1865    0.4086
 000119   P  0.211721  0.549229  0.589598    0.4149    0.4256    0.2230    0.1220    0.3041    0.1750    0.3998
 000120   H  0.209262  0.541169  0.579130    0.4116    0.3494    0.2140    0.1130    0.2876    0.1732    0.3896
 000121   P  0.201240  0.511150  0.566587    0.3263    0.2951    0.2280    0.1330    0.2602    0.1668    0.3844
 000122   E  0.200041  0.493432  0.562719    0.2531    0.1881    0.2350    0.1410    0.2283    0.1757    0.3778
 000123   G  0.199126  0.486313  0.564640    0.2531    0.1251    0.2380    0.1460    0.2170    0.1843    0.3667
 000124   F  0.201073  0.475439  0.566489    0.1998    0.1206    0.2420    0.1520    0.2065    0.1874    0.3577
 000125   R  0.219993  0.445805  0.565823    0.1532    0.1206    0.2260    0.1490    0.1942    0.1871    0.3583
 000126   Y  0.225856  0.450841  0.565531    0.1532    0.1229    0.2460    0.1500    0.1997    0.1861    0.3558
 000127   A  0.227186  0.468151  0.567313    0.2209    0.1070    0.2250    0.1380    0.2081    0.1861    0.3611
 000128   A  0.218545  0.449436  0.563672    0.2913    0.1881    0.2030    0.1230    0.2250    0.1690    0.3667
 000129   E  0.211198  0.414447  0.561186    0.2385    0.2002    0.1910    0.1150    0.2092    0.1670    0.3702
 000130   L  0.209845  0.425071  0.568356    0.2167    0.1759    0.1850    0.1080    0.2020    0.1757    0.3731
 000131   V  0.208183  0.438950  0.568906    0.2333    0.1184    0.1720    0.0930    0.1951    0.1858    0.3802
 000132   A  0.220093  0.426616  0.566222    0.1958    0.1007    0.1860    0.0940    0.1883    0.1864    0.3869
 000133   L  0.234094  0.426587  0.559915    0.1456    0.0618    0.2060    0.1090    0.1791    0.1936    0.3937
 000134   I  0.230289  0.460664  0.560642    0.1456    0.0618    0.2230    0.1230    0.1868    0.1980    0.4052
 000135   R  0.233346  0.471745  0.555859    0.1698    0.1206    0.2530    0.1360    0.2082    0.1836    0.4184
 000136   E  0.238361  0.470111  0.556784    0.1766    0.1048    0.2650    0.1390    0.2091    0.1848    0.4268
 000137   R  0.264350  0.481013  0.554560    0.2531    0.1449    0.2870    0.1410    0.2384    0.1687    0.4304
 000138   Y  0.297625  0.481538  0.556826    0.2483    0.1070    0.3370    0.1480    0.2453    0.1747    0.4251
 000139   G  0.324762  0.489237  0.558459    0.2483    0.1476    0.2860    0.1230    0.2493    0.1686    0.4182
 000140   D  0.359750  0.496228  0.565006    0.1732    0.1476    0.2800    0.1180    0.2427    0.1812    0.4117
 000141   R  0.410240  0.503326  0.565641    0.2558    0.2224    0.2460    0.1220    0.2729    0.1639    0.4016
 000142   V  0.460107  0.498353  0.561349    0.3184    0.2951    0.2680    0.1250    0.3067    0.1454    0.3958
 000143   S  0.509974  0.492487  0.548242    0.3399    0.3529    0.2730    0.1110    0.3280    0.1369    0.3930
 000144   V  0.569547  0.493818  0.539441    0.3885    0.4476    0.2910    0.1030    0.3651    0.1301    0.3926
 000145   G  0.638380  0.499260  0.533646    0.4749    0.5419    0.3110    0.1010    0.4109    0.1328    0.3959
 000146   G  0.690647  0.507941  0.522732    0.4967    0.5577    0.3840    0.1110    0.4395    0.1258    0.4008
 000147   A  0.736089  0.528547  0.510313    0.4825    0.5419    0.4580    0.1330    0.4578    0.1244    0.4032
 000148   A  0.791914  0.565637  0.499258    0.5084    0.4507    0.5380    0.1370    0.4758    0.1379    0.4038
 000149   Y  0.832239  0.609458  0.489615    0.5762    0.5620    0.5960    0.1490    0.5294    0.1338    0.3999
 000150   P  0.845642  0.656745  0.479428    0.4967    0.5296    0.6100    0.1510    0.5230    0.1484    0.3959
 000151   E  0.850025  0.695580  0.468802    0.4918    0.5296    0.6610    0.1530    0.5381    0.1551    0.3901
 000152   G  0.851431  0.749491  0.459595    0.4749    0.4441    0.7320    0.1600    0.5420    0.1807    0.3864
 000153   H  0.842458  0.785433  0.444265    0.5412    0.5098    0.7570    0.1640    0.5727    0.1701    0.3798
 000154   P  0.828220  0.795999  0.424163    0.4703    0.5211    0.7420    0.1670    0.5596    0.1775    0.3675
 000155   E  0.782852  0.791463  0.408779    0.5229    0.4801    0.7440    0.1650    0.5535    0.1696    0.3565
 000156   S  0.777485  0.803389  0.391063    0.5229    0.4725    0.7500    0.1490    0.5544    0.1753    0.3470
 000157   E  0.766854  0.763204  0.372125    0.4245    0.4441    0.7440    0.1430    0.5237    0.1844    0.3372
 000158   S  0.756748  0.769895  0.355518    0.4458    0.4685    0.6710    0.1320    0.5186    0.1719    0.3271
 000159   L  0.749306  0.748023  0.342925    0.4333    0.4256    0.5680    0.1080    0.4874    0.1687    0.3167
 000160   E  0.742958  0.701835  0.328544    0.4967    0.5296    0.4610    0.1450    0.4887    0.1518    0.3040
 000161   A  0.736464  0.617189  0.309077    0.3885    0.4685    0.4260    0.1290    0.4394    0.1530    0.2933
 000162   D  0.716998  0.543462  0.296797    0.3992    0.4582    0.3860    0.1270    0.4173    0.1433    0.2853
 000163   L  0.692780  0.462796  0.281740    0.3630    0.3740    0.3790    0.1150    0.3787    0.1387    0.2760
 000164   R  0.667071  0.397548  0.267569    0.3630    0.3774    0.3250    0.1090    0.3550    0.1344    0.2693
 000165   H  0.597778  0.355947  0.252189    0.2483    0.2436    0.3100    0.0910    0.2926    0.1313    0.2683
 000166   F  0.539107  0.350794  0.241905    0.2385    0.2034    0.3030    0.0880    0.2725    0.1190    0.2653
 000167   K  0.454390  0.344100  0.227514    0.1532    0.1323    0.2640    0.0730    0.2247    0.1171    0.2601
 000168   A  0.367931  0.338371  0.212535    0.1205    0.1323    0.2380    0.0810    0.1995    0.1000    0.2560
 000169   K  0.280607  0.326199  0.197120    0.0701    0.1424    0.1780    0.0720    0.1663    0.0909    0.2568
 000170   V  0.196425  0.310834  0.180830    0.1150    0.1449    0.1390    0.0560    0.1510    0.0707    0.2607
 000171   E  0.134617  0.270041  0.159167    0.1150    0.0749    0.1160    0.0330    0.1184    0.0669    0.2713
 000172   A  0.077564  0.236247  0.141106    0.0744    0.0463    0.0920    0.0180    0.0877    0.0670    0.2840
 000173   G  0.052424  0.193076  0.126724    0.0363    0.0473    0.0800    0.0110    0.0681    0.0590    0.2996
 000174   L  0.032148  0.149452  0.120358    0.0297    0.0851    0.0710    0.0120    0.0612    0.0479    0.3155
 000175   D  0.003247  0.114369  0.112501    0.0304    0.0734    0.0700    0.0180    0.0485    0.0445    0.3300
 000176   F  0.000914  0.093404  0.105699    0.0297    0.0719    0.0650    0.0170    0.0434    0.0401    0.3393
 000177   A  0.000281  0.077463  0.101494    0.0405    0.0835    0.0540    0.0130    0.0425    0.0371    0.3481
 000178   I  0.000246  0.071892  0.098437    0.0425    0.0424    0.0460    0.0110    0.0339    0.0343    0.3583
 000179   T  0.000212  0.071260  0.094647    0.0279    0.0518    0.0410    0.0110    0.0320    0.0341    0.3720
 000180   Q  0.000513  0.074322  0.092332    0.0137    0.0263    0.0360    0.0100    0.0252    0.0360    0.3810
 000181   L  0.000971  0.071686  0.089560    0.0245    0.0248    0.0350    0.0110    0.0262    0.0337    0.3900
 000182   F  0.002335  0.073075  0.087527    0.0094    0.0248    0.0340    0.0090    0.0240    0.0347    0.3926
 000183   F  0.008940  0.069057  0.086524    0.0066    0.0294    0.0380    0.0100    0.0252    0.0328    0.3895
 000184   N  0.015559  0.074391  0.088728    0.0069    0.0244    0.0400    0.0120    0.0269    0.0336    0.3790
 000185   N  0.023273  0.078328  0.090031    0.0118    0.0389    0.0440    0.0130    0.0326    0.0318    0.3688
 000186   A  0.030135  0.077726  0.089624    0.0083    0.0356    0.0470    0.0150    0.0331    0.0316    0.3608
 000187   H  0.037130  0.080305  0.090724    0.0160    0.0592    0.0470    0.0150    0.0400    0.0294    0.3565
 000188   Y  0.044184  0.097516  0.093877    0.0212    0.0719    0.0530    0.0140    0.0479    0.0313    0.3485
 000189   F  0.052860  0.119901  0.096617    0.0297    0.0719    0.0580    0.0120    0.0553    0.0337    0.3417
 000190   G  0.061263  0.152412  0.100834    0.0286    0.0676    0.0640    0.0200    0.0622    0.0424    0.3229
 000191   F  0.067549  0.184930  0.105883    0.0118    0.0356    0.0830    0.0310    0.0639    0.0582    0.3045
 000192   L  0.070194  0.219380  0.111902    0.0259    0.0704    0.1040    0.0360    0.0816    0.0629    0.2772
 000193   E  0.073144  0.225992  0.115982    0.0259    0.0780    0.1370    0.0550    0.0900    0.0657    0.2532
 000194   R  0.075156  0.231177  0.121534    0.0587    0.0929    0.1900    0.0800    0.1081    0.0657    0.2305
 000195   A  0.076682  0.227270  0.126981    0.0336    0.1007    0.2210    0.0770    0.1098    0.0746    0.2100
 000196   R  0.086817  0.208631  0.132086    0.0173    0.0948    0.2360    0.0840    0.1073    0.0776    0.1952
 000197   R  0.093882  0.196787  0.136890    0.0297    0.0676    0.2150    0.0740    0.1006    0.0706    0.1808
 000198   A  0.147136  0.216278  0.141108    0.0297    0.0518    0.2010    0.0800    0.1077    0.0735    0.1662
 000199   G  0.225934  0.205079  0.144637    0.0327    0.1028    0.1900    0.0810    0.1261    0.0706    0.1597
 000200   I  0.320343  0.188340  0.146477    0.0478    0.1298    0.1740    0.0700    0.1434    0.0852    0.1547
 000201   G  0.413164  0.194529  0.148853    0.0587    0.1373    0.1410    0.0570    0.1574    0.1135    0.1554
 000202   I  0.506678  0.176820  0.150054    0.0660    0.2292    0.1220    0.0430    0.1835    0.1445    0.1585
 000203   P  0.592403  0.149509  0.151102    0.1266    0.2193    0.0960    0.0380    0.1972    0.1715    0.1685
 000204   I  0.679509  0.148228  0.152320    0.1178    0.2064    0.0830    0.0340    0.2058    0.2055    0.1752
 000205   L  0.755820  0.144645  0.153521    0.0660    0.2193    0.0810    0.0400    0.2111    0.2390    0.1846
 000206   P  0.749422  0.138481  0.154646    0.0884    0.1759    0.0730    0.0340    0.2042    0.2364    0.1946
 000207   G  0.699567  0.146715  0.155454    0.0965    0.1759    0.0800    0.0400    0.1997    0.2161    0.2006
 000208   I  0.630727  0.158557  0.158736    0.0567    0.1759    0.0750    0.0290    0.1828    0.1955    0.2065
 000209   M  0.548560  0.155791  0.162323    0.0789    0.1184    0.0630    0.0160    0.1609    0.1675    0.2179
 000210   P  0.456421  0.180206  0.167962    0.0789    0.1229    0.0640    0.0120    0.1504    0.1343    0.2238
 000211   V  0.365874  0.197872  0.173558    0.0909    0.2064    0.0670    0.0140    0.1547    0.1010    0.2293
 000212   T  0.285475  0.209676  0.176899    0.0935    0.1449    0.0700    0.0170    0.1339    0.0779    0.2387
 000213   S  0.203520  0.219110  0.180277    0.1698    0.1611    0.0690    0.0180    0.1370    0.0568    0.2432
 000214   Y  0.120910  0.238583  0.182699    0.0965    0.1399    0.0720    0.0210    0.1113    0.0632    0.2471
 000215   R  0.129447  0.228493  0.184197    0.1178    0.1852    0.0710    0.0240    0.1220    0.0603    0.2562
 000216   Q  0.133845  0.220244  0.184958    0.1998    0.2575    0.0700    0.0240    0.1468    0.0683    0.2646
 000217   L  0.131798  0.219536  0.187680    0.1495    0.1501    0.0700    0.0230    0.1201    0.0562    0.2737
 000218   R  0.127501  0.218423  0.190748    0.1566    0.1731    0.0700    0.0230    0.1243    0.0573    0.2837
 000219   R  0.130588  0.195885  0.191461    0.1566    0.2503    0.0740    0.0240    0.1346    0.0640    0.2931
 000220   F  0.129569  0.198624  0.193212    0.2167    0.3117    0.0840    0.0290    0.1567    0.0783    0.2988
 000221   T  0.122381  0.193621  0.194447    0.1921    0.2064    0.0900    0.0240    0.1341    0.0546    0.3029
 000222   E  0.110899  0.194831  0.195485    0.3053    0.1969    0.1100    0.0300    0.1530    0.0734    0.3056
 000223   V  0.136524  0.194343  0.196710    0.2209    0.1643    0.1210    0.0430    0.1395    0.0481    0.3055
 000224   C  0.157134  0.197063  0.197317    0.1602    0.1611    0.1250    0.0480    0.1334    0.0413    0.3119
 000225   G  0.175915  0.189981  0.197665    0.2167    0.1671    0.1310    0.0510    0.1469    0.0424    0.3145
 000226   A  0.187636  0.208089  0.199281    0.2122    0.1852    0.1360    0.0560    0.1548    0.0418    0.3162
 000227   S  0.245595  0.216521  0.201025    0.1380    0.1731    0.1420    0.0600    0.1525    0.0514    0.3185
 000228   I  0.310387  0.214352  0.202447    0.2122    0.2541    0.1460    0.0630    0.1895    0.0605    0.3191
 000229   P  0.361625  0.233919  0.204438    0.2041    0.2645    0.1390    0.0580    0.2006    0.0763    0.3252
 000230   G  0.416288  0.269719  0.209442    0.2080    0.2783    0.1500    0.0550    0.2203    0.0908    0.3282
 000231   P  0.499491  0.292239  0.213722    0.2913    0.3983    0.1670    0.0530    0.2747    0.1167    0.3329
 000232   L  0.541452  0.325736  0.222455    0.2963    0.4119    0.1780    0.0460    0.2923    0.1261    0.3403
 000233   L  0.573481  0.355323  0.233160    0.3005    0.3983    0.2000    0.0500    0.3045    0.1290    0.3477
 000234   A  0.624346  0.409189  0.247367    0.4078    0.4409    0.2250    0.0660    0.3512    0.1389    0.3524
 000235   K  0.682272  0.439985  0.258550    0.4556    0.4369    0.2490    0.0800    0.3774    0.1511    0.3542
 000236   L  0.691503  0.479315  0.264019    0.4149    0.3566    0.2860    0.0910    0.3713    0.1501    0.3587
 000237   E  0.692653  0.496465  0.264798    0.3885    0.4017    0.2910    0.0950    0.3784    0.1494    0.3653
 000238   R  0.710841  0.520290  0.265431    0.3005    0.3149    0.2950    0.0980    0.3570    0.1679    0.3710
 000239   H  0.728753  0.529998  0.263701    0.4037    0.4051    0.2880    0.0940    0.3926    0.1631    0.3760
 000240   Q  0.727634  0.518371  0.262251    0.2820    0.3087    0.2860    0.0930    0.3538    0.1765    0.3730
 000241   D  0.731247  0.533764  0.259262    0.2820    0.3215    0.2900    0.1010    0.3598    0.1783    0.3734
 000242   D  0.743933  0.546299  0.257703    0.1878    0.3019    0.2670    0.0950    0.3412    0.2007    0.3689
 000243   P  0.742728  0.524037  0.257117    0.2748    0.3494    0.2430    0.0920    0.3556    0.1859    0.3659
 000244   K  0.725783  0.485427  0.255472    0.3535    0.3599    0.2340    0.0860    0.3597    0.1716    0.3638
 000245   A  0.718375  0.430516  0.253690    0.3491    0.3840    0.2410    0.0730    0.3538    0.1646    0.3652
 000246   V  0.726714  0.384787  0.250683    0.2820    0.3983    0.2330    0.0610    0.3375    0.1727    0.3644
 000247   L  0.729423  0.332106  0.249046    0.3535    0.4087    0.2240    0.0510    0.3412    0.1721    0.3621
 000248   E  0.730516  0.298161  0.245863    0.3535    0.3599    0.2220    0.0690    0.3274    0.1745    0.3549
 000249   I  0.732769  0.258921  0.241451    0.3005    0.3740    0.2170    0.0710    0.3139    0.1812    0.3501
 000250   G  0.734230  0.241203  0.239744    0.2700    0.2849    0.2360    0.0790    0.2944    0.1841    0.3493
 000251   V  0.736688  0.233310  0.236959    0.2786    0.1914    0.2570    0.0910    0.2828    0.1913    0.3544
 000252   E  0.733716  0.224625  0.233867    0.1921    0.1942    0.2600    0.0980    0.2674    0.1964    0.3644
 000253   H  0.750545  0.207768  0.231518    0.1266    0.1554    0.2730    0.1090    0.2522    0.2146    0.3780
 000254   A  0.764081  0.207233  0.227176    0.1150    0.1349    0.2850    0.1260    0.2511    0.2232    0.3866
 000255   V  0.762458  0.221086  0.229178    0.1018    0.0909    0.2650    0.1070    0.2403    0.2292    0.3935
 000256   R  0.764042  0.231536  0.230331    0.1240    0.1162    0.2530    0.0980    0.2481    0.2235    0.3988
 000257   Q  0.765000  0.248715  0.230030    0.1150    0.1671    0.2290    0.0970    0.2541    0.2195    0.4061
 000258   V  0.751637  0.274121  0.229361    0.1844    0.1731    0.1980    0.0990    0.2636    0.2074    0.4154
 000259   A  0.729794  0.283707  0.229084    0.1698    0.1643    0.1650    0.0820    0.2521    0.2049    0.4258
 000260   E  0.708134  0.277995  0.229077    0.1805    0.1501    0.1630    0.0730    0.2466    0.1979    0.4298
 000261   L  0.687948  0.292497  0.229634    0.1878    0.0888    0.1670    0.0780    0.2373    0.1982    0.4145
 000262   L  0.656069  0.297096  0.229240    0.1698    0.1399    0.1590    0.0870    0.2370    0.1822    0.4031
 000263   E  0.589846  0.275827  0.224088    0.1041    0.0780    0.1590    0.0890    0.2011    0.1749    0.3980
 000264   A  0.534852  0.268505  0.220383    0.1041    0.0817    0.1660    0.0940    0.1925    0.1552    0.3911
 000265   G  0.485104  0.261499  0.214288    0.0771    0.0985    0.1500    0.0770    0.1787    0.1412    0.3836
 000266   V  0.437797  0.224078  0.208485    0.1205    0.1449    0.1440    0.0740    0.1785    0.1125    0.3759
 000267   E  0.401890  0.201552  0.210365    0.1240    0.1671    0.1240    0.0460    0.1697    0.1007    0.3657
 000268   G  0.387564  0.193929  0.219663    0.1205    0.1349    0.1280    0.0450    0.1608    0.0995    0.3546
 000269   V  0.376051  0.176678  0.227646    0.1878    0.2034    0.1320    0.0450    0.1794    0.0855    0.3442
 000270   H  0.317495  0.168245  0.237080    0.1844    0.2328    0.1220    0.0270    0.1709    0.0733    0.3307
 000271   F  0.304642  0.177811  0.245420    0.1805    0.1881    0.1350    0.0340    0.1644    0.0684    0.3268
 000272   Y  0.328452  0.211459  0.256577    0.2483    0.2064    0.1420    0.0390    0.1894    0.0712    0.3277
 000273   T  0.341143  0.252220  0.265157    0.2820    0.2094    0.1500    0.0410    0.2058    0.0741    0.3304
 000274   L  0.310554  0.298770  0.273951    0.2122    0.2129    0.1680    0.0500    0.2005    0.0689    0.3292
 000275   N  0.278010  0.347067  0.287127    0.1766    0.2436    0.1770    0.0590    0.2037    0.0775    0.3329
 000276   K  0.250310  0.374870  0.302021    0.1878    0.1702    0.1920    0.0700    0.1959    0.0885    0.3356
 000277   S  0.220543  0.388360  0.324001    0.2657    0.2364    0.2160    0.0890    0.2211    0.0825    0.3357
 000278   P  0.238627  0.382687  0.349681    0.1921    0.1528    0.2340    0.0890    0.2001    0.1006    0.3381
 000279   A  0.302834  0.371993  0.375619    0.1958    0.1528    0.3090    0.1300    0.2222    0.1046    0.3415
 000280   T  0.323081  0.349047  0.403361    0.2041    0.2436    0.3420    0.1380    0.2436    0.0950    0.3483
 000281   R  0.353952  0.341077  0.430886    0.1998    0.2129    0.3580    0.1430    0.2443    0.1096    0.3581
 000282   M  0.408131  0.330090  0.440907    0.3184    0.3182    0.3670    0.1570    0.2902    0.0872    0.3606
 000283   V  0.461111  0.318402  0.451947    0.3668    0.4119    0.3420    0.1650    0.3168    0.0925    0.3664
 000284   L  0.551062  0.325508  0.462953    0.3630    0.4087    0.3420    0.1570    0.3317    0.1099    0.3713
 000285   E  0.639379  0.341910  0.476752    0.4420    0.5296    0.3410    0.1770    0.3823    0.1314    0.3827
 000286   R  0.727608  0.366590  0.486421    0.4513    0.5055    0.4220    0.2060    0.4122    0.1399    0.3906
 000287   L  0.766532  0.373970  0.496507    0.4749    0.4901    0.6820    0.1660    0.4645    0.1572    0.3971
 000288   G  0.799527  0.415961  0.506664    0.5126    0.4766    0.7470    0.0790    0.4919    0.1664    0.4065
 000289   L  0.846646  0.490812  0.517498    0.5253    0.4256    0.7350    0.0740    0.5040    0.1722    0.4138
 000290   R  0.879088  0.571216  0.528764    0.6035    0.4476    0.7140    0.1110    0.5359    0.1649    0.4253
 000291   P  0.892542  0.662876  0.539864    0.6374    0.4087    0.7950    0.0980    0.5661    0.1821    0.4334
 000292   A  0.945326  0.726994  0.546703    0.6789    0.3872    0.8070    0.0990    0.5908    0.2008    0.4294
 000293   S  0.980502  0.753759  0.558381    0.7501    0.4119    0.8180    0.0810    0.6191    0.2050    0.4221
 000294   G  0.988600  0.797013  0.572463    0.8424    0.4901    0.8400    0.0780    0.6598    0.1955    0.4178
 000295   Q  0.999247  0.795852  0.585024    0.9208    0.6269    0.8430    0.0810    0.6977    0.1776    0.4138
 000296   P  0.996005  0.811341  0.596997    0.9369    0.5707    0.8840    0.0660    0.6998    0.1904    0.4151
