#RESNUM RES     VL-XT     VSL2B       VL3  IUPred-S  IUPred-L  PONDRFIT  FITERROR       MDP  MDPERROR   ANCHOR2
 000001   M  0.452362  0.884239  0.840318    0.6079    0.1184    0.9600    0.0210    0.6438    0.2916    0.2672
 000002   V  0.514439  0.869188  0.833873    0.5623    0.1554    0.9460    0.0300    0.6469    0.2708    0.2440
 000003   V  0.289931  0.866894  0.820870    0.5173    0.1048    0.9570    0.0290    0.5928    0.3150    0.2219
 000004   T  0.298322  0.837476  0.808775    0.4781    0.1349    0.9320    0.0360    0.5817    0.2974    0.2047
 000005   C  0.362144  0.812228  0.798797    0.3806    0.1759    0.9060    0.0750    0.5726    0.2763    0.1922
 000006   P  0.361039  0.785645  0.791940    0.3311    0.2364    0.9280    0.0600    0.5723    0.2695    0.1928
 000007   K  0.387392  0.767725  0.785764    0.2820    0.2918    0.9410    0.0410    0.5759    0.2635    0.1795
 000008   C  0.436133  0.750958  0.779762    0.2483    0.3392    0.9200    0.0390    0.5791    0.2495    0.1703
 000009   G  0.492429  0.736078  0.773610    0.2167    0.3599    0.9070    0.0320    0.5809    0.2438    0.1828
 000010   A  0.564252  0.746559  0.769244    0.1878    0.3872    0.8540    0.0750    0.5849    0.2345    0.1951
 000011   K  0.616384  0.772013  0.765025    0.1495    0.3426    0.8960    0.0480    0.5903    0.2625    0.2006
 000012   N  0.691373  0.774027  0.759642    0.1667    0.3910    0.8940    0.0290    0.6128    0.2520    0.2089
 000013   R  0.754505  0.748290  0.752719    0.1566    0.3872    0.8950    0.0420    0.6157    0.2571    0.2268
 000014   L  0.778684  0.746419  0.745370    0.2080    0.3356    0.8760    0.0710    0.6150    0.2493    0.2490
 000015   G  0.831603  0.749180  0.739708    0.1635    0.3286    0.8600    0.0720    0.6121    0.2665    0.2557
 000016   T  0.848597  0.745211  0.732027    0.2167    0.4220    0.8420    0.0590    0.6344    0.2346    0.2623
 000017   P  0.873508  0.730427  0.723198    0.2041    0.2951    0.8270    0.0500    0.6089    0.2607    0.2569
 000018   P  0.885542  0.717641  0.711481    0.1766    0.2988    0.7940    0.0680    0.5973    0.2631    0.2383
 000019   P  0.886733  0.698709  0.700519    0.2167    0.4220    0.7150    0.0820    0.6066    0.2212    0.2197
 000020   G  0.902141  0.673435  0.690006    0.2167    0.4441    0.5730    0.1460    0.5833    0.2141    0.1919
 000021   Q  0.901572  0.658593  0.679364    0.2483    0.3948    0.4730    0.1760    0.5593    0.2132    0.1642
 000022   V  0.903138  0.619217  0.667019    0.2657    0.4186    0.4530    0.1720    0.5544    0.2044    0.1433
 000023   P  0.895467  0.586808  0.652044    0.2080    0.3392    0.3560    0.1800    0.5062    0.2305    0.1208
 000024   V  0.832213  0.535156  0.634969    0.2255    0.2817    0.2790    0.1510    0.4648    0.2214    0.1063
 000025   C  0.735143  0.485975  0.616745    0.2255    0.2988    0.2170    0.1160    0.4299    0.1981    0.0924
 000026   G  0.634361  0.459075  0.598098    0.1732    0.3053    0.1840    0.1030    0.3924    0.1845    0.0964
 000027   A  0.534000  0.401163  0.579707    0.1292    0.2715    0.1830    0.0880    0.3497    0.1694    0.1006
 000028   C  0.428680  0.358087  0.561349    0.1322    0.2609    0.1880    0.0690    0.3215    0.1459    0.1053
 000029   K  0.323949  0.347262  0.545398    0.1018    0.2470    0.1810    0.0540    0.2911    0.1407    0.1299
 000030   T  0.218112  0.371298  0.530976    0.1060    0.2258    0.1790    0.0440    0.2718    0.1404    0.1619
 000031   P  0.114747  0.312437  0.519101    0.1266    0.2292    0.1890    0.0470    0.2484    0.1379    0.1996
 000032   L  0.061140  0.314320  0.507204    0.1178    0.1373    0.2190    0.0560    0.2262    0.1493    0.2497
 000033   P  0.029556  0.324157  0.495859    0.1532    0.1643    0.2380    0.0610    0.2341    0.1471    0.3056
 000034   W  0.033358  0.356134  0.485298    0.0858    0.1528    0.2870    0.0650    0.2334    0.1580    0.3771
 000035   V  0.050177  0.358907  0.474943    0.0965    0.2129    0.2710    0.0760    0.2441    0.1458    0.4172
 000036   V  0.113385  0.361036  0.464434    0.1998    0.2609    0.2580    0.0900    0.2762    0.1122    0.4115
 000037   E  0.185892  0.349577  0.452696    0.2167    0.2328    0.2460    0.0840    0.2806    0.0921    0.3991
 000038   A  0.241416  0.358573  0.441439    0.1732    0.2609    0.2280    0.0750    0.2840    0.0895    0.3854
 000039   D  0.305552  0.371549  0.431000    0.2748    0.3392    0.1990    0.0690    0.3202    0.0732    0.3727
 000040   E  0.349049  0.385497  0.421153    0.2786    0.3599    0.1620    0.0630    0.3261    0.0849    0.3871
 000041   K  0.421093  0.406312  0.409704    0.2432    0.2783    0.1310    0.0530    0.3150    0.1071    0.4059
 000042   G  0.502181  0.429546  0.397648    0.2432    0.2680    0.1170    0.0490    0.3263    0.1296    0.4175
 000043   F  0.576317  0.410033  0.385854    0.2167    0.2715    0.1140    0.0470    0.3290    0.1490    0.4298
 000044   A  0.578527  0.397983  0.374910    0.1958    0.1914    0.1100    0.0550    0.3081    0.1587    0.4200
 000045   Q  0.538317  0.367171  0.363637    0.1698    0.2783    0.1090    0.0650    0.3044    0.1409    0.3979
 000046   E  0.493971  0.331133  0.350253    0.1602    0.2364    0.1220    0.0750    0.2823    0.1255    0.4033
 000047   V  0.438125  0.287474  0.336601    0.2333    0.2002    0.1220    0.0700    0.2697    0.1008    0.4208
 000048   A  0.373861  0.253413  0.322117    0.1380    0.1702    0.1220    0.0710    0.2300    0.0943    0.4229
 000049   G  0.330146  0.213707  0.308196    0.1041    0.2129    0.1030    0.0500    0.2119    0.0884    0.4014
 000050   A  0.247597  0.179203  0.293407    0.0744    0.1349    0.0860    0.0320    0.1692    0.0804    0.3778
 000051   P  0.159343  0.155488  0.278061    0.0789    0.0704    0.0860    0.0280    0.1381    0.0720    0.3401
 000052   L  0.078193  0.122835  0.263068    0.0514    0.0719    0.1030    0.0310    0.1151    0.0700    0.3131
 000053   T  0.054123  0.102690  0.249863    0.0274    0.0817    0.1070    0.0330    0.1039    0.0709    0.2985
 000054   L  0.030053  0.085407  0.239760    0.0490    0.0817    0.1030    0.0350    0.0981    0.0678    0.2886
 000055   V  0.000773  0.071776  0.231743    0.0744    0.0929    0.0920    0.0330    0.0939    0.0690    0.2915
 000056   D  0.000806  0.053890  0.224832    0.0395    0.0581    0.0880    0.0310    0.0775    0.0708    0.2981
 000057   F  0.000797  0.050668  0.217593    0.0327    0.0372    0.0800    0.0280    0.0699    0.0701    0.3112
 000058   F  0.000766  0.046878  0.210463    0.0297    0.0543    0.0670    0.0210    0.0682    0.0670    0.3387
 000059   A  0.000699  0.041535  0.203115    0.0245    0.0719    0.0570    0.0190    0.0665    0.0652    0.3794
 000060   P  0.002610  0.038333  0.195606    0.0252    0.0424    0.0520    0.0190    0.0593    0.0629    0.4229
 000061   W  0.004369  0.045870  0.188534    0.0363    0.0320    0.0590    0.0250    0.0611    0.0594    0.3977
 000062   C  0.006854  0.047607  0.181731    0.0173    0.0300    0.0610    0.0270    0.0575    0.0584    0.3280
 000063   G  0.008481  0.049848  0.176667    0.0179    0.0494    0.0620    0.0290    0.0608    0.0552    0.2835
 000064   P  0.016148  0.059606  0.172208    0.0200    0.0294    0.0660    0.0310    0.0605    0.0534    0.2471
 000065   C  0.026581  0.072019  0.167836    0.0387    0.0398    0.0740    0.0330    0.0698    0.0472    0.2170
 000066   R  0.037025  0.070706  0.163921    0.0350    0.0568    0.0780    0.0300    0.0736    0.0434    0.2082
 000067   L  0.044316  0.084758  0.162218    0.0252    0.0568    0.0980    0.0360    0.0786    0.0446    0.2019
 000068   V  0.071426  0.114438  0.163402    0.0414    0.1028    0.1120    0.0510    0.1009    0.0379    0.1954
 000069   S  0.104257  0.139426  0.165191    0.0789    0.1528    0.1370    0.0560    0.1296    0.0294    0.1934
 000070   P  0.160003  0.170298  0.167478    0.0909    0.1759    0.1710    0.0620    0.1559    0.0295    0.1946
 000071   I  0.202558  0.232879  0.168624    0.0587    0.1528    0.2370    0.0770    0.1755    0.0606    0.1969
 000072   L  0.258618  0.285482  0.170086    0.0991    0.1611    0.2680    0.0880    0.2070    0.0678    0.2029
 000073   E  0.329512  0.322090  0.170634    0.1635    0.2541    0.2240    0.0600    0.2439    0.0656    0.2172
 000074   E  0.399803  0.357916  0.171310    0.1060    0.1942    0.2480    0.0730    0.2462    0.1033    0.2251
 000075   L  0.472905  0.390935  0.170686    0.0909    0.1298    0.2930    0.1000    0.2580    0.1397    0.2354
 000076   A  0.542362  0.363564  0.170926    0.1117    0.2129    0.2480    0.0630    0.2748    0.1423    0.2435
 000077   R  0.592282  0.355885  0.174346    0.0813    0.1611    0.2020    0.0620    0.2612    0.1693    0.2441
 000078   D  0.645240  0.355131  0.181785    0.1380    0.2328    0.1670    0.0690    0.2867    0.1749    0.2450
 000079   H  0.674985  0.339225  0.191079    0.1380    0.2328    0.1520    0.0690    0.2881    0.1852    0.2437
 000080   A  0.716976  0.320680  0.201455    0.1380    0.2470    0.1330    0.0610    0.2929    0.2002    0.2387
 000081   G  0.725239  0.325037  0.212849    0.0789    0.2328    0.1150    0.0470    0.2817    0.2139    0.2354
 000082   R  0.712622  0.335063  0.224044    0.1322    0.3117    0.1000    0.0350    0.3026    0.2023    0.2311
 000083   L  0.697828  0.313798  0.234186    0.2041    0.4051    0.0920    0.0250    0.3244    0.1927    0.2284
 000084   K  0.648180  0.316081  0.241402    0.1998    0.3983    0.0980    0.0220    0.3169    0.1750    0.2273
 000085   V  0.602707  0.321297  0.246367    0.2167    0.3182    0.1080    0.0290    0.3023    0.1522    0.2259
 000086   V  0.570579  0.330823  0.249041    0.3053    0.3667    0.1150    0.0340    0.3228    0.1369    0.2250
 000087   K  0.531157  0.330995  0.250590    0.2558    0.3631    0.1190    0.0320    0.3084    0.1260    0.2248
 000088   V  0.480576  0.328225  0.251918    0.2385    0.3631    0.1310    0.0390    0.2989    0.1096    0.2243
 000089   N  0.430395  0.337562  0.252673    0.1958    0.2609    0.1370    0.0420    0.2690    0.0948    0.2237
 000090   V  0.423528  0.360499  0.254629    0.2041    0.2645    0.1450    0.0420    0.2753    0.0930    0.2283
 000091   D  0.400726  0.363095  0.258460    0.1635    0.2328    0.1360    0.0370    0.2590    0.0966    0.2370
 000092   E  0.401233  0.367603  0.263963    0.1667    0.2258    0.1260    0.0330    0.2585    0.0995    0.2461
 000093   H  0.440786  0.367149  0.270012    0.1240    0.2258    0.1210    0.0320    0.2582    0.1177    0.2572
 000094   P  0.465301  0.346246  0.274598    0.1844    0.2399    0.1130    0.0340    0.2707    0.1131    0.2663
 000095   G  0.476093  0.338657  0.279647    0.1805    0.2645    0.1140    0.0380    0.2755    0.1151    0.2755
 000096   L  0.471604  0.325230  0.287244    0.1732    0.3356    0.1100    0.0410    0.2838    0.1170    0.2840
 000097   A  0.450820  0.317734  0.295902    0.2558    0.3215    0.0990    0.0350    0.2901    0.1044    0.2934
 000098   A  0.427602  0.318651  0.304135    0.2558    0.2645    0.0910    0.0250    0.2769    0.1003    0.3036
 000099   R  0.383794  0.308817  0.309822    0.2558    0.2541    0.0940    0.0210    0.2676    0.0891    0.3143
 000100   Y  0.363434  0.285690  0.314537    0.1878    0.1554    0.0960    0.0210    0.2339    0.0941    0.3317
 000101   G  0.312841  0.260716  0.316851    0.1921    0.2034    0.0940    0.0190    0.2300    0.0775    0.3506
 000102   V  0.260607  0.231202  0.319320    0.1178    0.1881    0.0980    0.0230    0.2026    0.0776    0.3661
 000103   R  0.228606  0.210205  0.323064    0.1150    0.1823    0.1040    0.0250    0.1939    0.0737    0.3779
 000104   S  0.196604  0.204189  0.329604    0.1041    0.1611    0.1100    0.0290    0.1842    0.0755    0.3909
 000105   V  0.176360  0.201390  0.338869    0.0909    0.1611    0.1090    0.0270    0.1797    0.0806    0.4044
 000106   P  0.161617  0.194428  0.351330    0.0771    0.1162    0.1050    0.0200    0.1676    0.0906    0.4168
 000107   T  0.148986  0.189517  0.365621    0.1416    0.1476    0.1220    0.0410    0.1859    0.0828    0.4304
 000108   L  0.134714  0.184352  0.376977    0.1117    0.1791    0.1360    0.0630    0.1872    0.0886    0.4264
 000109   V  0.113259  0.177432  0.383834    0.1150    0.1298    0.1460    0.0700    0.1775    0.0948    0.4169
 000110   L  0.098890  0.192475  0.388383    0.1240    0.0929    0.1530    0.0670    0.1750    0.1012    0.4091
 000111   F  0.079799  0.195924  0.391499    0.1041    0.1554    0.1730    0.0800    0.1833    0.1011    0.4116
 000112   R  0.059588  0.197326  0.394166    0.0643    0.1323    0.1750    0.0760    0.1705    0.1124    0.4214
 000113   R  0.046907  0.187595  0.397459    0.1018    0.1759    0.1800    0.0730    0.1817    0.1089    0.4258
 000114   G  0.032052  0.202216  0.403643    0.0832    0.2002    0.1870    0.0670    0.1847    0.1170    0.4240
 000115   A  0.039450  0.203920  0.415176    0.0832    0.1969    0.2010    0.0720    0.1899    0.1191    0.4253
 000116   P  0.057975  0.226860  0.431638    0.1416    0.2470    0.2090    0.0780    0.2190    0.1141    0.4305
 000117   V  0.083372  0.260848  0.451804    0.1205    0.1671    0.2170    0.0830    0.2167    0.1202    0.4294
 000118   A  0.165282  0.289846  0.472664    0.1117    0.1028    0.2170    0.0790    0.2266    0.1271    0.4208
 000119   T  0.205382  0.316988  0.492054    0.1178    0.1583    0.2400    0.0830    0.2551    0.1231    0.4144
 000120   W  0.244845  0.342076  0.511167    0.1088    0.2193    0.2370    0.0890    0.2771    0.1247    0.4015
 000121   V  0.287600  0.371595  0.528411    0.1566    0.2817    0.2210    0.0940    0.3079    0.1185    0.3853
 000122   G  0.318192  0.395308  0.543849    0.2333    0.2988    0.2400    0.0980    0.3382    0.1066    0.3712
 000123   A  0.381639  0.406938  0.558038    0.2292    0.2951    0.2770    0.1030    0.3580    0.1080    0.3644
 000124   S  0.445693  0.443015  0.573330    0.1667    0.3249    0.2950    0.1110    0.3747    0.1299    0.3521
 000125   P  0.499821  0.446754  0.587969    0.1495    0.2364    0.3410    0.1240    0.3769    0.1513    0.3359
 000126   R  0.554060  0.475288  0.600326    0.1921    0.1881    0.4230    0.1410    0.4056    0.1623    0.3233
 000127   R  0.581134  0.510085  0.608128    0.1205    0.1759    0.5710    0.1700    0.4278    0.2005    0.3164
 000128   V  0.643183  0.524628  0.614885    0.1266    0.2328    0.6510    0.1550    0.4655    0.2085    0.3090
 000129   L  0.688756  0.553450  0.619565    0.1416    0.2541    0.6670    0.1510    0.4874    0.2116    0.3002
 000130   E  0.744925  0.562787  0.623890    0.1380    0.2364    0.6220    0.1480    0.4881    0.2213    0.2843
 000131   E  0.814049  0.570116  0.628578    0.2255    0.3019    0.8160    0.0910    0.5593    0.2285    0.2782
 000132   R  0.852498  0.578409  0.635439    0.3359    0.3460    0.8230    0.0930    0.5952    0.2038    0.2767
 000133   L  0.890075  0.598264  0.643938    0.3762    0.3215    0.7900    0.0760    0.6032    0.2040    0.2792
 000134   R  0.921328  0.614806  0.651688    0.4458    0.3321    0.7680    0.0460    0.6223    0.1945    0.2746
 000135   P  0.951015  0.655102  0.658652    0.4918    0.3087    0.8110    0.1140    0.6461    0.2074    0.2740
 000136   Y  0.939945  0.694947  0.663498    0.5126    0.2503    0.8390    0.0890    0.6501    0.2238    0.2759
 000137   L  0.993536  0.748211  0.667118    0.5667    0.2258    0.8660    0.0690    0.6779    0.2439    0.2759
 000138   E  0.944564  0.775440  0.668549    0.6219    0.2002    0.8910    0.0620    0.6836    0.2441    0.2709
 000139   G  0.993317  0.766873  0.671488    0.7192    0.2609    0.8800    0.0670    0.7153    0.2293    0.2673
 000140   R  0.893601  0.748758  0.672579    0.8311    0.3631    0.9190    0.0300    0.7380    0.1873    0.2659
