#RESNUM RES     VL-XT     VSL2B       VL3  IUPred-S  IUPred-L  PONDRFIT  FITERROR       MDP  MDPERROR   ANCHOR2
 000001   M  0.958784  0.911912  0.879456    0.9141    0.3740    0.9830    0.0110    0.8370    0.2097    0.5481
 000002   E  0.653038  0.909781  0.877474    0.8457    0.3948    0.9850    0.0050    0.7776    0.1988    0.5413
 000003   A  0.516339  0.906295  0.873083    0.8311    0.3948    0.9830    0.0120    0.7508    0.2165    0.5400
 000004   R  0.528266  0.897612  0.867363    0.7869    0.3249    0.9710    0.0160    0.7294    0.2285    0.5430
 000005   T  0.518108  0.891650  0.861684    0.7388    0.3566    0.9620    0.0150    0.7215    0.2166    0.5539
 000006   R  0.443875  0.869868  0.857500    0.6374    0.4017    0.9730    0.0140    0.6972    0.2185    0.5624
 000007   I  0.445225  0.855824  0.854867    0.6079    0.4149    0.9610    0.0260    0.6899    0.2123    0.5768
 000008   L  0.463624  0.831305  0.853289    0.5711    0.4766    0.9610    0.0270    0.6928    0.1962    0.5871
 000009   A  0.486775  0.807655  0.851294    0.5296    0.4901    0.9550    0.0290    0.6867    0.1902    0.5825
 000010   R  0.519087  0.788910  0.849269    0.5173    0.4864    0.9030    0.0750    0.6774    0.1733    0.5719
 000011   V  0.584191  0.816392  0.846264    0.4879    0.4409    0.9640    0.0230    0.6900    0.1957    0.5691
 000012   Q  0.651251  0.837116  0.843366    0.4967    0.3948    0.9370    0.0390    0.6934    0.1968    0.5689
 000013   R  0.712988  0.832935  0.840731    0.4420    0.4119    0.9130    0.0550    0.6923    0.1968    0.5805
 000014   A  0.774236  0.842529  0.839003    0.3992    0.4441    0.8810    0.0600    0.6967    0.1975    0.5929
 000015   L  0.842969  0.856121  0.837186    0.4282    0.4652    0.8770    0.0600    0.7179    0.1924    0.5985
 000016   K  0.872308  0.855913  0.834407    0.4203    0.4831    0.8550    0.0530    0.7201    0.1910    0.5949
 000017   E  0.875667  0.853769  0.830864    0.4282    0.5017    0.8500    0.0440    0.7234    0.1844    0.5944
 000018   R  0.869229  0.857178  0.827466    0.5253    0.6227    0.8560    0.0330    0.7597    0.1349    0.5983
 000019   P  0.867328  0.864213  0.824670    0.5900    0.7459    0.8240    0.0670    0.7861    0.0964    0.6089
 000020   K  0.846812  0.863719  0.822415    0.6079    0.6851    0.8160    0.0760    0.7737    0.0940    0.6233
 000021   A  0.828994  0.865573  0.820201    0.6412    0.7080    0.8070    0.0700    0.7785    0.0780    0.6462
 000022   L  0.821494  0.869813  0.817876    0.6219    0.7916    0.8180    0.0530    0.7901    0.0787    0.6663
 000023   L  0.816620  0.867891  0.815271    0.6124    0.7916    0.7860    0.0650    0.7816    0.0802    0.6764
 000024   P  0.803465  0.874365  0.812147    0.6174    0.8313    0.6910    0.0860    0.7715    0.0886    0.6772
 000025   E  0.782563  0.878268  0.807999    0.6334    0.7881    0.7010    0.0880    0.7652    0.0785    0.6740
 000026   H  0.770572  0.876943  0.803123    0.7232    0.8681    0.7170    0.1040    0.7932    0.0631    0.6789
 000027   P  0.762392  0.876544  0.797955    0.6650    0.8013    0.6830    0.1400    0.7644    0.0725    0.6801
 000028   H  0.719439  0.875202  0.793605    0.6650    0.7036    0.6660    0.1510    0.7372    0.0752    0.6808
 000029   T  0.680068  0.875713  0.789479    0.6124    0.6227    0.6630    0.1410    0.7071    0.0949    0.6791
 000030   P  0.647062  0.874693  0.784835    0.5296    0.5758    0.6480    0.1450    0.6766    0.1186    0.6780
 000031   L  0.628964  0.867635  0.779565    0.4703    0.5707    0.6300    0.1560    0.6578    0.1312    0.6745
 000032   H  0.583577  0.867883  0.773834    0.4781    0.5098    0.6050    0.1600    0.6364    0.1398    0.6658
 000033   E  0.554316  0.862400  0.768215    0.5374    0.6043    0.5800    0.1490    0.6511    0.1210    0.6524
 000034   D  0.521408  0.858031  0.763537    0.5374    0.7080    0.5720    0.1590    0.6601    0.1253    0.6493
 000035   P  0.533463  0.844162  0.760055    0.5296    0.6851    0.5170    0.1340    0.6450    0.1269    0.6511
 000036   V  0.545546  0.834295  0.757396    0.5412    0.6755    0.4850    0.1000    0.6398    0.1262    0.6514
 000037   D  0.569503  0.824761  0.753994    0.5331    0.6322    0.4900    0.0990    0.6340    0.1196    0.6453
 000038   L  0.580872  0.830804  0.749091    0.5126    0.6089    0.5320    0.0970    0.6358    0.1158    0.6463
 000039   L  0.584262  0.824177  0.743120    0.4879    0.5665    0.5030    0.0820    0.6182    0.1239    0.6378
 000040   L  0.550733  0.830515  0.737037    0.4918    0.5620    0.5840    0.0940    0.6261    0.1181    0.6261
 000041   R  0.535414  0.821814  0.731895    0.4420    0.5211    0.6140    0.0850    0.6111    0.1300    0.6060
 000042   R  0.523485  0.836449  0.728296    0.5229    0.5176    0.6460    0.0980    0.6291    0.1211    0.5905
 000043   L  0.549601  0.842436  0.725859    0.5043    0.5419    0.6420    0.0980    0.6343    0.1186    0.5902
 000044   Q  0.551530  0.837755  0.724266    0.4333    0.5176    0.6210    0.1160    0.6143    0.1342    0.5858
 000045   E  0.565795  0.844142  0.722729    0.4651    0.5211    0.6580    0.0980    0.6295    0.1281    0.5746
 000046   N  0.586857  0.853714  0.721023    0.4282    0.5017    0.6940    0.0930    0.6309    0.1423    0.5680
 000047   G  0.609939  0.853836  0.718663    0.5008    0.5456    0.6870    0.0750    0.6527    0.1172    0.5623
 000048   A  0.638760  0.847903  0.716503    0.5043    0.5296    0.7440    0.0670    0.6635    0.1205    0.5568
 000049   E  0.691146  0.849993  0.715042    0.5331    0.5854    0.7190    0.0650    0.6823    0.1019    0.5439
 000050   A  0.749394  0.846166  0.714046    0.5802    0.5419    0.7310    0.0600    0.6938    0.1034    0.5425
 000051   T  0.792977  0.842147  0.713111    0.6124    0.5992    0.7700    0.0620    0.7216    0.0903    0.5468
 000052   R  0.797826  0.837384  0.711907    0.5514    0.6227    0.7750    0.0720    0.7160    0.1006    0.5563
 000053   L  0.807026  0.843812  0.711095    0.5296    0.6227    0.8260    0.0660    0.7233    0.1153    0.5684
 000054   P  0.803770  0.850609  0.710414    0.6124    0.6269    0.7790    0.0980    0.7305    0.0887    0.5635
 000055   R  0.798483  0.852434  0.710736    0.5900    0.5807    0.7980    0.1000    0.7217    0.1050    0.5666
 000056   E  0.795771  0.850994  0.712848    0.5173    0.5807    0.7780    0.1070    0.7059    0.1195    0.5777
 000057   E  0.787343  0.858821  0.716935    0.4918    0.5665    0.7560    0.1140    0.6962    0.1274    0.5845
 000058   A  0.776806  0.859199  0.721893    0.4967    0.4801    0.7060    0.1070    0.6735    0.1398    0.5937
 000059   K  0.774240  0.858392  0.726623    0.5173    0.5419    0.5990    0.1160    0.6696    0.1254    0.6023
 000060   A  0.762672  0.860657  0.731488    0.4513    0.5296    0.5470    0.1250    0.6471    0.1462    0.6163
 000061   F  0.757655  0.859178  0.736708    0.5043    0.5296    0.5510    0.1210    0.6564    0.1343    0.6221
 000062   A  0.742135  0.866116  0.742141    0.5043    0.4940    0.4710    0.1030    0.6366    0.1529    0.6192
 000063   Q  0.677341  0.873422  0.747574    0.4918    0.3983    0.4410    0.0850    0.6050    0.1732    0.6169
 000064   R  0.589251  0.872661  0.752187    0.5412    0.4725    0.4320    0.0920    0.6100    0.1554    0.6116
 000065   L  0.509743  0.876698  0.755764    0.4458    0.4409    0.4620    0.0740    0.5818    0.1709    0.6135
 000066   A  0.430759  0.870197  0.758227    0.4600    0.4582    0.4670    0.0670    0.5740    0.1733    0.6058
 000067   E  0.362160  0.879140  0.759998    0.4420    0.3704    0.4860    0.0950    0.5500    0.1982    0.5954
 000068   G  0.304260  0.872791  0.761255    0.4420    0.3872    0.5590    0.0920    0.5543    0.2030    0.5876
 000069   L  0.254779  0.870337  0.761937    0.4037    0.4220    0.5460    0.0990    0.5431    0.2130    0.5792
 000070   P  0.217025  0.857976  0.762374    0.4333    0.4369    0.4550    0.0790    0.5270    0.2172    0.5684
 000071   G  0.199753  0.859341  0.764059    0.4749    0.3872    0.4770    0.0900    0.5271    0.2230    0.5556
 000072   A  0.231755  0.850741  0.765222    0.5583    0.4864    0.4930    0.0970    0.5643    0.2017    0.5464
 000073   A  0.302404  0.832314  0.765834    0.5084    0.5456    0.5310    0.0810    0.5809    0.1751    0.5376
 000074   F  0.372464  0.836264  0.765167    0.4825    0.5665    0.5290    0.0760    0.5920    0.1604    0.5284
 000075   G  0.426901  0.820957  0.762752    0.5126    0.4901    0.5600    0.0790    0.5956    0.1452    0.5171
 000076   K  0.495370  0.811271  0.758634    0.5992    0.6089    0.5820    0.0740    0.6425    0.1082    0.5064
 000077   T  0.546245  0.821392  0.752855    0.5473    0.6576    0.6530    0.0710    0.6631    0.1003    0.5025
 000078   L  0.609525  0.816950  0.748178    0.5549    0.5419    0.6790    0.0950    0.6584    0.1002    0.4979
 000079   P  0.668208  0.813753  0.745504    0.5667    0.5758    0.6740    0.1040    0.6740    0.0874    0.4934
 000080   Q  0.706993  0.806588  0.745063    0.5374    0.7120    0.7180    0.1030    0.7043    0.0819    0.4873
 000081   D  0.750186  0.795443  0.746785    0.5331    0.6851    0.7230    0.1130    0.7056    0.0839    0.4861
 000082   L  0.777472  0.799847  0.749241    0.5514    0.6991    0.7190    0.1240    0.7160    0.0809    0.4823
 000083   R  0.806516  0.794854  0.751964    0.5900    0.6948    0.7280    0.1210    0.7276    0.0723    0.4757
 000084   P  0.849104  0.803839  0.753510    0.6293    0.7595    0.7340    0.1380    0.7548    0.0677    0.4736
 000085   P  0.869711  0.800073  0.754233    0.6604    0.7916    0.7130    0.1240    0.7648    0.0667    0.4723
 000086   L  0.885117  0.798751  0.752874    0.6756    0.7916    0.7010    0.1280    0.7675    0.0688    0.4749
 000087   P  0.889485  0.792339  0.749897    0.6174    0.7163    0.6440    0.1480    0.7349    0.0911    0.4760
 000088   E  0.889164  0.789157  0.745025    0.6079    0.7036    0.6530    0.1460    0.7312    0.0919    0.4741
 000089   L  0.877555  0.781705  0.739361    0.6124    0.6620    0.6580    0.1220    0.7218    0.0892    0.4721
 000090   P  0.862494  0.774926  0.733093    0.5900    0.5854    0.5690    0.1470    0.6858    0.1114    0.4674
 000091   P  0.838683  0.760800  0.726933    0.4879    0.4901    0.5790    0.1440    0.6473    0.1358    0.4623
 000092   E  0.804259  0.748474  0.719950    0.4379    0.3740    0.6320    0.1670    0.6194    0.1603    0.4588
 000093   E  0.795861  0.725280  0.711107    0.4600    0.4186    0.5740    0.1540    0.6142    0.1404    0.4566
 000094   A  0.781569  0.682444  0.699994    0.3992    0.3599    0.5560    0.1640    0.5798    0.1567    0.4578
 000095   P  0.750646  0.660878  0.686845    0.3535    0.3053    0.4820    0.1520    0.5399    0.1702    0.4570
 000096   L  0.731578  0.647524  0.671823    0.2602    0.2884    0.4350    0.1660    0.5058    0.1876    0.4559
 000097   G  0.700299  0.612511  0.655028    0.3096    0.3704    0.3380    0.1620    0.4976    0.1613    0.4529
 000098   V  0.669598  0.561016  0.636948    0.3053    0.3460    0.3060    0.1360    0.4708    0.1557    0.4517
 000099   S  0.587368  0.524260  0.618595    0.2865    0.3321    0.2620    0.1250    0.4351    0.1458    0.4507
 000100   W  0.513259  0.465977  0.600250    0.3762    0.3426    0.2520    0.1150    0.4250    0.1150    0.4487
 000101   A  0.448515  0.403193  0.581991    0.3491    0.2884    0.2230    0.0870    0.3823    0.1155    0.4452
 000102   L  0.360559  0.360802  0.562196    0.2558    0.1914    0.2220    0.0770    0.3254    0.1239    0.4430
 000103   F  0.295596  0.376981  0.541729    0.2080    0.1791    0.2430    0.0720    0.3074    0.1227    0.4391
 000104   A  0.252464  0.376992  0.520697    0.1240    0.1702    0.2530    0.0730    0.2828    0.1324    0.4347
 000105   V  0.200956  0.389712  0.500268    0.1416    0.2034    0.2980    0.0920    0.2890    0.1236    0.4315
 000106   A  0.153537  0.413815  0.480961    0.1240    0.1914    0.3750    0.1260    0.2898    0.1384    0.4293
 000107   E  0.177915  0.412927  0.463585    0.1878    0.2645    0.4070    0.1510    0.3189    0.1137    0.4259
 000108   T  0.247436  0.404985  0.449440    0.1878    0.2541    0.4730    0.1880    0.3361    0.1102    0.4226
 000109   G  0.319292  0.442588  0.435934    0.2483    0.3149    0.4190    0.1850    0.3634    0.0733    0.4214
 000110   S  0.399488  0.470929  0.420990    0.2333    0.2884    0.3760    0.1720    0.3648    0.0805    0.4216
 000111   V  0.483249  0.492149  0.402981    0.3146    0.3983    0.4380    0.1730    0.4215    0.0597    0.4221
 000112   A  0.553966  0.523781  0.381573    0.2963    0.3529    0.4710    0.1710    0.4299    0.0931    0.4222
 000113   L  0.624591  0.526364  0.358385    0.3535    0.3529    0.5910    0.1290    0.4678    0.1165    0.4221
 000114   S  0.676937  0.541319  0.333992    0.3359    0.4864    0.5920    0.1420    0.4944    0.1265    0.4216
 000115   S  0.722464  0.586849  0.310130    0.2602    0.5456    0.5780    0.1400    0.5005    0.1626    0.4189
 000116   E  0.692203  0.613489  0.287432    0.3535    0.6482    0.5780    0.1470    0.5288    0.1525    0.4141
 000117   D  0.628699  0.593126  0.267240    0.4149    0.6906    0.5890    0.1520    0.5307    0.1445    0.4098
 000118   G  0.565195  0.615492  0.249221    0.3939    0.5707    0.5840    0.1480    0.4965    0.1315    0.4063
 000119   R  0.546666  0.618191  0.232093    0.3939    0.4831    0.5630    0.1860    0.4728    0.1285    0.4013
 000120   K  0.529220  0.574625  0.214595    0.3053    0.3774    0.5530    0.1830    0.4257    0.1357    0.3921
 000121   A  0.500800  0.552225  0.196204    0.2483    0.3117    0.4680    0.1400    0.3795    0.1340    0.3786
 000122   H  0.456936  0.475631  0.177363    0.2255    0.3910    0.3240    0.1080    0.3417    0.1114    0.3675
 000123   L  0.387426  0.400991  0.159335    0.1844    0.3840    0.2540    0.0950    0.2950    0.1000    0.3605
 000124   L  0.327092  0.320351  0.143810    0.2786    0.4725    0.2090    0.0970    0.2920    0.1029    0.3571
 000125   P  0.281461  0.260648  0.131158    0.2483    0.4652    0.1680    0.0730    0.2592    0.1063    0.3583
 000126   P  0.273291  0.220653  0.122562    0.2558    0.3983    0.1380    0.0640    0.2348    0.0920    0.3615
 000127   T  0.265546  0.197684  0.117657    0.2385    0.2951    0.1340    0.0610    0.2081    0.0653    0.3668
 000128   H  0.203217  0.170803  0.116722    0.1667    0.2817    0.1190    0.0380    0.1763    0.0560    0.3718
 000129   L  0.164188  0.145169  0.117915    0.1150    0.2884    0.1200    0.0410    0.1584    0.0607    0.3788
 000130   V  0.138927  0.135080  0.119910    0.1266    0.2224    0.1190    0.0410    0.1437    0.0359    0.3880
 000131   F  0.129201  0.146114  0.121180    0.1322    0.1611    0.1050    0.0300    0.1324    0.0179    0.3975
 000132   V  0.150180  0.147301  0.121127    0.1088    0.1942    0.0910    0.0260    0.1354    0.0334    0.4108
 000133   E  0.169323  0.154752  0.120831    0.0677    0.1671    0.0940    0.0220    0.1290    0.0383    0.4230
 000134   A  0.182051  0.162596  0.121026    0.1240    0.1643    0.1000    0.0290    0.1423    0.0290    0.4330
 000135   N  0.204490  0.158523  0.121770    0.1698    0.2364    0.1010    0.0310    0.1653    0.0461    0.4256
 000136   R  0.234278  0.152480  0.122730    0.0858    0.2193    0.1060    0.0420    0.1534    0.0558    0.4205
 000137   V  0.261623  0.142146  0.124794    0.0744    0.1323    0.1040    0.0430    0.1398    0.0588    0.4175
 000138   Y  0.298337  0.146379  0.127347    0.0813    0.1298    0.0900    0.0300    0.1455    0.0721    0.4170
 000139   G  0.317523  0.150165  0.129240    0.0455    0.1323    0.0830    0.0260    0.1430    0.0855    0.4169
 000140   T  0.310580  0.153040  0.130095    0.0789    0.1298    0.0870    0.0260    0.1482    0.0771    0.4180
 000141   L  0.304427  0.168875  0.130028    0.1150    0.2064    0.0940    0.0310    0.1698    0.0704    0.4200
 000142   L  0.309242  0.173569  0.130704    0.1117    0.3019    0.0930    0.0350    0.1867    0.0875    0.4211
 000143   E  0.317503  0.186056  0.134833    0.1878    0.3392    0.0980    0.0390    0.2105    0.0890    0.4220
 000144   A  0.311876  0.220463  0.142899    0.1732    0.2503    0.1100    0.0510    0.2015    0.0677    0.4228
 000145   L  0.308036  0.250784  0.153918    0.1732    0.2783    0.1180    0.0580    0.2137    0.0693    0.4249
 000146   Q  0.307396  0.259373  0.165082    0.1117    0.1914    0.1320    0.0610    0.1945    0.0691    0.4255
 000147   D  0.287404  0.283030  0.175578    0.1150    0.2002    0.1450    0.0640    0.2011    0.0650    0.4287
 000148   L  0.304137  0.292077  0.184808    0.1088    0.2645    0.1560    0.0640    0.2184    0.0730    0.4335
 000149   Q  0.339987  0.286979  0.192509    0.1698    0.3529    0.1700    0.0650    0.2520    0.0777    0.4310
 000150   T  0.395302  0.292499  0.200030    0.1698    0.3807    0.1670    0.0660    0.2675    0.0949    0.4266
 000151   L  0.448125  0.322537  0.207555    0.1698    0.3667    0.1680    0.0600    0.2805    0.1060    0.4224
 000152   P  0.510223  0.338205  0.215707    0.2700    0.4369    0.1400    0.0580    0.3185    0.1265    0.4188
 000153   R  0.553577  0.364980  0.224180    0.3535    0.5139    0.1540    0.0530    0.3606    0.1428    0.4164
 000154   A  0.608824  0.405130  0.233278    0.3399    0.4652    0.2190    0.0630    0.3785    0.1350    0.4119
 000155   L  0.680742  0.447576  0.243478    0.3806    0.5098    0.2900    0.0770    0.4253    0.1451    0.4076
 000156   G  0.723119  0.495502  0.254862    0.4282    0.4831    0.3780    0.1010    0.4604    0.1419    0.4056
 000157   L  0.738612  0.570090  0.266489    0.4333    0.4766    0.4480    0.1480    0.4889    0.1434    0.4063
 000158   H  0.766312  0.623428  0.276553    0.3263    0.4725    0.4200    0.1240    0.4808    0.1690    0.4129
 000159   S  0.751041  0.665976  0.284698    0.4149    0.4801    0.4520    0.1400    0.5081    0.1562    0.4269
 000160   G  0.755156  0.700545  0.293034    0.4149    0.4369    0.5190    0.1760    0.5200    0.1619    0.4244
 000161   P  0.742469  0.725277  0.302581    0.3491    0.3566    0.5550    0.1890    0.5051    0.1801    0.4119
 000162   S  0.751875  0.693332  0.315601    0.4149    0.4292    0.5600    0.1960    0.5275    0.1561    0.3966
 000163   K  0.739829  0.687912  0.331293    0.3146    0.4051    0.5180    0.1980    0.4994    0.1658    0.3813
 000164   S  0.740008  0.685447  0.348127    0.3184    0.3392    0.4430    0.1420    0.4790    0.1705    0.3673
 000165   A  0.756171  0.638281  0.363482    0.3578    0.3704    0.3880    0.1240    0.4791    0.1582    0.3515
 000166   D  0.765490  0.563515  0.376492    0.3630    0.4507    0.3090    0.1160    0.4714    0.1541    0.3397
 000167   I  0.755772  0.513770  0.386565    0.3762    0.4766    0.2770    0.1110    0.4643    0.1508    0.3268
 000168   G  0.742160  0.445495  0.392495    0.4513    0.5707    0.2300    0.0810    0.4720    0.1575    0.3243
 000169   Q  0.685555  0.383233  0.394765    0.4651    0.5533    0.2130    0.0450    0.4492    0.1471    0.3236
 000170   V  0.642962  0.351231  0.396633    0.4600    0.4725    0.2200    0.0360    0.4239    0.1286    0.3290
 000171   M  0.595246  0.350974  0.400086    0.4651    0.4017    0.2060    0.0300    0.4032    0.1170    0.3395
 000172   V  0.546251  0.335846  0.406408    0.3578    0.3053    0.1970    0.0330    0.3582    0.1055    0.3431
 000173   K  0.473156  0.342381  0.413204    0.3053    0.2399    0.1940    0.0280    0.3279    0.0956    0.3485
 000174   G  0.413487  0.344857  0.417762    0.2483    0.1823    0.2060    0.0310    0.3021    0.0949    0.3540
 000175   V  0.346711  0.343097  0.418885    0.1878    0.1206    0.2670    0.0780    0.2806    0.1015    0.3620
 000176   H  0.286656  0.328212  0.417756    0.1698    0.1528    0.3220    0.1540    0.2796    0.0926    0.3735
 000177   G  0.268376  0.313877  0.416776    0.1018    0.1349    0.3600    0.1270    0.2659    0.1140    0.3805
 000178   P  0.306252  0.288221  0.416139    0.1698    0.1914    0.5380    0.1280    0.3183    0.1272    0.3902
 000179   G  0.343556  0.275137  0.415928    0.2041    0.1611    0.4900    0.1250    0.3149    0.1148    0.3934
 000180   R  0.370330  0.262650  0.415942    0.2385    0.1275    0.5310    0.1280    0.3243    0.1311    0.3971
 000181   L  0.398796  0.277229  0.416297    0.3456    0.1583    0.5530    0.1340    0.3582    0.1222    0.3986
 000182   V  0.404736  0.304754  0.417626    0.4203    0.1611    0.6050    0.1020    0.3855    0.1339    0.3959
 000183   V  0.386063  0.354493  0.419858    0.5296    0.2064    0.6330    0.0870    0.4215    0.1343    0.3965
 000184   V  0.449177  0.426341  0.421996    0.5623    0.1731    0.7250    0.1260    0.4597    0.1662    0.3954
 000185   V  0.452898  0.508187  0.423661    0.6079    0.1323    0.7970    0.1030    0.4870    0.2008    0.3947
 000186   L  0.293301  0.519474  0.423623    0.7079    0.1823    0.7980    0.0910    0.4875    0.2165    0.3930
 000187   E  0.249628  0.566852  0.423932    0.7342    0.1323    0.8190    0.0830    0.4877    0.2463    0.3866
