#RESNUM RES     VL-XT     VSL2B       VL3  IUPred-S  IUPred-L  PONDRFIT  FITERROR       MDP  MDPERROR   ANCHOR2
 000001   M  0.869487  0.756735  0.612397    0.8200    0.1449    0.9580    0.0260    0.5914    0.2860    0.3908
 000002   A  0.778141  0.741257  0.610654    0.7501    0.1759    0.9280    0.0400    0.5623    0.2580    0.3985
 000003   V  0.714963  0.725590  0.609133    0.7342    0.1070    0.9230    0.0300    0.5341    0.2734    0.3926
 000004   D  0.678716  0.711067  0.607245    0.6906    0.1323    0.9070    0.0430    0.5200    0.2578    0.3865
 000005   W  0.702490  0.681085  0.603454    0.5802    0.1554    0.8830    0.0780    0.5004    0.2436    0.3800
 000006   P  0.682082  0.651413  0.598997    0.5374    0.1028    0.8600    0.0900    0.4722    0.2527    0.3795
 000007   R  0.672820  0.625791  0.596508    0.4918    0.1373    0.8410    0.0940    0.4615    0.2381    0.3752
 000008   G  0.662752  0.601907  0.597007    0.3668    0.1731    0.8780    0.0760    0.4471    0.2451    0.3768
 000009   G  0.658746  0.592996  0.595937    0.3225    0.1229    0.8640    0.0750    0.4269    0.2596    0.3744
 000010   L  0.672556  0.571557  0.598975    0.2820    0.0870    0.8270    0.0800    0.4066    0.2674    0.3704
 000011   M  0.696722  0.570613  0.610051    0.1698    0.1229    0.8090    0.0590    0.3948    0.2782    0.3588
 000012   P  0.664191  0.586547  0.619559    0.1349    0.1528    0.6650    0.1090    0.3672    0.2544    0.3396
 000013   R  0.627919  0.596225  0.626157    0.1698    0.1007    0.6440    0.1280    0.3565    0.2540    0.3214
 000014   L  0.589087  0.558863  0.627559    0.2255    0.1449    0.6080    0.1590    0.3544    0.2222    0.3094
 000015   R  0.547115  0.587545  0.627083    0.1602    0.1476    0.5430    0.1930    0.3308    0.2266    0.2943
 000016   R  0.549321  0.603176  0.628229    0.2865    0.2752    0.4710    0.2090    0.3642    0.1763    0.2836
 000017   L  0.559352  0.613762  0.628471    0.2602    0.2436    0.4050    0.1740    0.3469    0.1902    0.2730
 000018   E  0.567383  0.613976  0.622544    0.2820    0.1611    0.3200    0.1400    0.3241    0.2084    0.2580
 000019   D  0.573783  0.571706  0.614322    0.2700    0.1501    0.3210    0.1260    0.3145    0.2051    0.2422
 000020   L  0.502711  0.553001  0.609860    0.1732    0.0888    0.2900    0.0990    0.2679    0.2217    0.2251
 000021   L  0.496381  0.529024  0.598635    0.2432    0.1476    0.2600    0.0990    0.2794    0.1959    0.2094
 000022   P  0.482213  0.499424  0.585764    0.1878    0.2064    0.2430    0.1090    0.2698    0.1867    0.1973
 000023   H  0.502023  0.482735  0.573932    0.1698    0.1852    0.2690    0.1120    0.2682    0.1874    0.1884
 000024   I  0.525867  0.478568  0.556858    0.2080    0.1643    0.2850    0.1090    0.2769    0.1819    0.1798
 000025   R  0.483618  0.463636  0.545829    0.2748    0.2164    0.2720    0.1200    0.2852    0.1550    0.1733
 000026   E  0.422566  0.484704  0.530825    0.2531    0.2224    0.2530    0.1040    0.2726    0.1514    0.1733
 000027   G  0.372292  0.518603  0.517048    0.2292    0.2258    0.2790    0.1150    0.2709    0.1506    0.1719
 000028   R  0.365353  0.525992  0.502636    0.3184    0.2680    0.3300    0.1320    0.3013    0.1274    0.1673
 000029   Y  0.398751  0.517979  0.485733    0.3146    0.1759    0.3910    0.1450    0.2997    0.1390    0.1703
 000030   R  0.400144  0.520639  0.470285    0.2748    0.1823    0.3540    0.1350    0.2887    0.1385    0.1765
 000031   L  0.416156  0.514786  0.457007    0.2558    0.2752    0.3110    0.1170    0.2955    0.1231    0.1907
 000032   G  0.426382  0.504322  0.444933    0.3491    0.3667    0.2740    0.0930    0.3201    0.1049    0.2048
 000033   P  0.409237  0.501731  0.432203    0.3359    0.2258    0.2790    0.0810    0.2919    0.1183    0.2199
 000034   H  0.407560  0.497620  0.417654    0.3456    0.2193    0.2970    0.0840    0.2946    0.1136    0.2359
 000035   A  0.433745  0.477615  0.402725    0.3225    0.3321    0.2350    0.0630    0.3002    0.1046    0.2504
 000036   A  0.452883  0.460211  0.388793    0.3184    0.3529    0.1760    0.0420    0.2933    0.1158    0.2628
 000037   K  0.444207  0.454366  0.375537    0.3263    0.3494    0.1570    0.0430    0.2886    0.1167    0.2719
 000038   H  0.448534  0.451054  0.361049    0.3311    0.2541    0.2170    0.0670    0.2837    0.1070    0.2799
 000039   M  0.475240  0.450923  0.344750    0.3456    0.1823    0.2930    0.1090    0.2912    0.1134    0.2816
 000040   L  0.477636  0.450583  0.329590    0.3491    0.2752    0.2840    0.1200    0.3061    0.0950    0.2771
 000041   Q  0.411377  0.435913  0.311727    0.2657    0.2575    0.2340    0.0830    0.2674    0.0934    0.2706
 000042   E  0.373558  0.418978  0.287338    0.3578    0.2609    0.1830    0.0570    0.2656    0.0922    0.2571
 000043   G  0.345364  0.419405  0.265061    0.3184    0.1791    0.1960    0.0650    0.2430    0.0950    0.2475
 000044   F  0.322863  0.387176  0.244919    0.1921    0.0734    0.2060    0.0840    0.1970    0.1078    0.2390
 000045   R  0.297042  0.369879  0.228522    0.1292    0.0765    0.1950    0.0870    0.1779    0.1053    0.2202
 000046   E  0.255374  0.346688  0.213805    0.0744    0.0870    0.1700    0.0810    0.1556    0.1011    0.2082
 000047   Q  0.207548  0.289573  0.197042    0.0858    0.1115    0.1610    0.0790    0.1426    0.0745    0.1942
 000048   D  0.159542  0.228267  0.180445    0.0789    0.0646    0.1400    0.0660    0.1118    0.0641    0.1804
 000049   I  0.125369  0.185937  0.167026    0.0884    0.0555    0.1160    0.0530    0.0953    0.0522    0.1674
 000050   L  0.140268  0.150535  0.156838    0.0587    0.0405    0.0940    0.0350    0.0806    0.0525    0.1649
 000051   S  0.169757  0.133509  0.152592    0.0858    0.0380    0.0660    0.0210    0.0822    0.0540    0.1595
 000052   A  0.223642  0.115100  0.149481    0.0414    0.0405    0.0550    0.0150    0.0793    0.0714    0.1499
 000053   L  0.234206  0.101046  0.146748    0.0194    0.0405    0.0550    0.0120    0.0750    0.0773    0.1401
 000054   L  0.243810  0.092112  0.142852    0.0231    0.0414    0.0600    0.0080    0.0767    0.0785    0.1283
 000055   W  0.257429  0.097544  0.140717    0.0455    0.0948    0.0600    0.0070    0.0925    0.0739    0.1161
 000056   G  0.273139  0.098545  0.138437    0.0514    0.0929    0.0540    0.0070    0.0950    0.0787    0.1177
 000057   R  0.297259  0.104349  0.135763    0.0526    0.0646    0.0510    0.0070    0.0949    0.0888    0.1157
 000058   E  0.323339  0.119878  0.134533    0.0441    0.0341    0.0510    0.0080    0.0953    0.1021    0.1160
 000059   L  0.319142  0.138215  0.132979    0.0297    0.0223    0.0590    0.0110    0.0947    0.1037    0.1152
 000060   A  0.306242  0.155499  0.131455    0.0279    0.0231    0.0640    0.0120    0.0961    0.0999    0.1143
 000061   I  0.267374  0.190933  0.131909    0.0286    0.0398    0.0740    0.0150    0.1001    0.0882    0.1085
 000062   Y  0.273149  0.233543  0.132812    0.0128    0.0223    0.0970    0.0340    0.1065    0.1005    0.1088
 000063   P  0.287084  0.264029  0.131066    0.0173    0.0202    0.1010    0.0400    0.1149    0.1087    0.1120
 000064   E  0.301241  0.277230  0.128091    0.0173    0.0227    0.1020    0.0440    0.1201    0.1140    0.1183
 000065   D  0.292496  0.278315  0.126976    0.0231    0.0188    0.0920    0.0350    0.1174    0.1125    0.1256
 000066   E  0.283750  0.245983  0.126566    0.0304    0.0483    0.0860    0.0350    0.1157    0.0983    0.1311
 000067   R  0.268695  0.199026  0.127091    0.0121    0.0555    0.0820    0.0360    0.1029    0.0897    0.1280
 000068   M  0.275111  0.157334  0.127527    0.0157    0.0543    0.0820    0.0380    0.0973    0.0865    0.1286
 000069   L  0.283842  0.127638  0.128085    0.0167    0.0294    0.0670    0.0230    0.0875    0.0918    0.1262
 000070   V  0.283795  0.102143  0.127819    0.0308    0.0473    0.0550    0.0140    0.0865    0.0880    0.1226
 000071   L  0.259708  0.089596  0.128396    0.0182    0.0327    0.0450    0.0100    0.0742    0.0849    0.1198
 000072   G  0.223942  0.086768  0.128687    0.0350    0.0690    0.0440    0.0130    0.0765    0.0676    0.1160
 000073   Y  0.175640  0.079779  0.127162    0.0336    0.0734    0.0470    0.0130    0.0682    0.0529    0.1071
 000074   M  0.146549  0.082023  0.124366    0.0316    0.0605    0.0490    0.0140    0.0616    0.0459    0.0964
 000075   V  0.120371  0.089904  0.121454    0.0141    0.0372    0.0510    0.0130    0.0520    0.0458    0.0851
 000076   F  0.104913  0.114714  0.118594    0.0121    0.0235    0.0530    0.0140    0.0514    0.0478    0.0749
 000077   P  0.092460  0.137592  0.116353    0.0069    0.0141    0.0570    0.0190    0.0513    0.0528    0.0667
 000078   P  0.074476  0.154900  0.116214    0.0042    0.0153    0.0660    0.0240    0.0524    0.0562    0.0580
 000079   R  0.066758  0.167153  0.117687    0.0029    0.0120    0.0720    0.0260    0.0534    0.0603    0.0500
 000080   L  0.069044  0.172527  0.122305    0.0069    0.0188    0.0760    0.0260    0.0573    0.0606    0.0437
 000081   R  0.072095  0.158602  0.127343    0.0066    0.0287    0.0760    0.0210    0.0570    0.0566    0.0397
 000082   L  0.083770  0.152402  0.134830    0.0124    0.0581    0.0750    0.0220    0.0636    0.0519    0.0378
 000083   P  0.114243  0.150620  0.140884    0.0124    0.0531    0.0610    0.0160    0.0652    0.0553    0.0374
 000084   L  0.130893  0.146900  0.144753    0.0297    0.0929    0.0750    0.0200    0.0792    0.0487    0.0366
 000085   H  0.139670  0.149827  0.145111    0.0395    0.0799    0.0840    0.0230    0.0822    0.0477    0.0372
 000086   V  0.145538  0.176722  0.148383    0.0607    0.1229    0.1110    0.0350    0.1028    0.0440    0.0376
 000087   V  0.154511  0.196884  0.147856    0.0744    0.1399    0.1420    0.0370    0.1180    0.0436    0.0396
 000088   L  0.145519  0.239178  0.147899    0.0660    0.0817    0.1330    0.0270    0.1110    0.0611    0.0417
 000089   E  0.134698  0.268879  0.146409    0.0297    0.0765    0.1110    0.0250    0.1035    0.0779    0.0455
 000090   Y  0.127144  0.295153  0.145549    0.0179    0.0690    0.1080    0.0260    0.1029    0.0892    0.0505
 000091   S  0.124026  0.288258  0.143972    0.0395    0.0581    0.0750    0.0230    0.0974    0.0863    0.0579
 000092   T  0.123474  0.277729  0.140043    0.0336    0.0334    0.0640    0.0210    0.0886    0.0879    0.0641
 000093   P  0.144256  0.237015  0.136582    0.0308    0.0676    0.0630    0.0210    0.0905    0.0722    0.0656
 000094   R  0.161252  0.219267  0.135945    0.0121    0.0555    0.0610    0.0200    0.0849    0.0744    0.0659
 000095   H  0.171099  0.194430  0.137547    0.0308    0.1007    0.0570    0.0160    0.0923    0.0630    0.0682
 000096   V  0.167951  0.178037  0.137987    0.0308    0.1206    0.0530    0.0150    0.0917    0.0598    0.0690
 000097   D  0.178677  0.159156  0.137857    0.0542    0.1028    0.0450    0.0100    0.0899    0.0555    0.0711
 000098   I  0.189195  0.155633  0.137442    0.1018    0.1399    0.0390    0.0070    0.1043    0.0524    0.0691
 000099   V  0.203635  0.148773  0.137135    0.1018    0.1528    0.0430    0.0100    0.1083    0.0546    0.0694
 000100   T  0.212386  0.142756  0.136206    0.0909    0.0851    0.0500    0.0160    0.0968    0.0569    0.0689
 000101   A  0.201050  0.129745  0.135858    0.1018    0.1501    0.0560    0.0170    0.1064    0.0498    0.0652
 000102   F  0.179401  0.131583  0.134785    0.0567    0.1424    0.0640    0.0170    0.0957    0.0492    0.0607
 000103   I  0.168722  0.139356  0.133399    0.0554    0.1115    0.0660    0.0210    0.0901    0.0461    0.0571
 000104   P  0.166056  0.175486  0.133784    0.0464    0.0929    0.0660    0.0210    0.0912    0.0535    0.0570
 000105   R  0.170113  0.209904  0.135187    0.0387    0.0581    0.0720    0.0170    0.0915    0.0663    0.0568
 000106   E  0.173576  0.241560  0.135088    0.0387    0.0494    0.0780    0.0230    0.0969    0.0756    0.0573
 000107   P  0.194363  0.252282  0.135708    0.0405    0.0646    0.0800    0.0300    0.1054    0.0784    0.0589
 000108   Y  0.203357  0.275001  0.136501    0.0316    0.0349    0.0870    0.0360    0.1053    0.0914    0.0613
 000109   R  0.222614  0.281684  0.138058    0.0526    0.0372    0.0920    0.0430    0.1143    0.0918    0.0673
 000110   V  0.242579  0.271151  0.137270    0.0526    0.0543    0.0970    0.0430    0.1196    0.0891    0.0740
 000111   Y  0.261686  0.256724  0.131875    0.0297    0.0240    0.0870    0.0280    0.1099    0.0995    0.0809
 000112   S  0.260112  0.258958  0.125968    0.0327    0.0300    0.0690    0.0120    0.1085    0.0995    0.0929
 000113   R  0.257771  0.236481  0.116970    0.0363    0.0631    0.0620    0.0120    0.1093    0.0894    0.1040
 000114   A  0.252863  0.203508  0.110785    0.0744    0.0948    0.0580    0.0150    0.1139    0.0735    0.1195
 000115   R  0.250341  0.174587  0.105449    0.0621    0.0473    0.0530    0.0170    0.0980    0.0764    0.1351
 000116   L  0.230496  0.161223  0.103528    0.0567    0.0543    0.0510    0.0160    0.0923    0.0688    0.1553
 000117   A  0.223849  0.146629  0.099114    0.0308    0.0543    0.0480    0.0150    0.0839    0.0693    0.1736
 000118   A  0.210908  0.145758  0.097955    0.0274    0.0294    0.0450    0.0150    0.0764    0.0695    0.1891
 000119   L  0.196798  0.148625  0.096328    0.0478    0.0518    0.0450    0.0150    0.0816    0.0597    0.2008
 000120   L  0.173682  0.151314  0.095338    0.0336    0.0244    0.0500    0.0180    0.0721    0.0597    0.2038
 000121   R  0.183011  0.156591  0.094446    0.0514    0.0398    0.0560    0.0220    0.0812    0.0570    0.1992
 000122   F  0.173468  0.158314  0.094535    0.0405    0.0734    0.0650    0.0280    0.0851    0.0513    0.2001
 000123   D  0.166614  0.162636  0.094150    0.0414    0.0835    0.0660    0.0260    0.0867    0.0495    0.2027
 000124   G  0.155056  0.167329  0.093059    0.0455    0.0888    0.0760    0.0230    0.0888    0.0459    0.2008
 000125   A  0.176383  0.191975  0.092455    0.0643    0.0985    0.0990    0.0330    0.1050    0.0492    0.1932
 000126   L  0.196518  0.212012  0.092019    0.0660    0.0605    0.1150    0.0370    0.1083    0.0618    0.1812
 000127   E  0.196448  0.230391  0.092935    0.0991    0.0568    0.1360    0.0470    0.1199    0.0626    0.1667
 000128   E  0.195954  0.255089  0.092910    0.0677    0.0780    0.1660    0.0580    0.1271    0.0704    0.1546
 000129   V  0.192954  0.261339  0.092565    0.0441    0.1070    0.1850    0.0660    0.1318    0.0744    0.1448
 000130   R  0.180203  0.258208  0.092194    0.0909    0.0799    0.1840    0.0640    0.1322    0.0670    0.1355
 000131   W  0.212856  0.268355  0.092511    0.1732    0.1399    0.1940    0.0620    0.1648    0.0575    0.1284
 000132   T  0.223930  0.274237  0.092852    0.1088    0.1399    0.1870    0.0600    0.1556    0.0659    0.1277
 000133   G  0.279907  0.264107  0.093127    0.1921    0.2193    0.2290    0.1170    0.1975    0.0628    0.1218
 000134   P  0.313278  0.261201  0.093498    0.2255    0.1852    0.2610    0.1100    0.2077    0.0716    0.1129
 000135   K  0.334718  0.313342  0.093409    0.2657    0.1554    0.2760    0.1130    0.2242    0.0880    0.1074
 000136   H  0.343011  0.373087  0.091611    0.3359    0.1554    0.3010    0.0880    0.2514    0.1061    0.1034
 000137   L  0.347187  0.480587  0.091849    0.4651    0.2224    0.3490    0.1190    0.3107    0.1361    0.1020
 000138   Y  0.374452  0.615233  0.091989    0.5084    0.1759    0.4170    0.1670    0.3485    0.1815    0.1015
 000139   P  0.577021  0.703891  0.090928    0.5514    0.1298    0.4940    0.1160    0.4094    0.2316    0.1011
 000140   P  0.301313  0.814278  0.085596    0.6557    0.1823    0.5820    0.0840    0.4226    0.2643    0.1004
 000141   W  0.256282  0.844326  0.082062    0.7079    0.1528    0.6310    0.1110    0.4320    0.2935    0.1001
 000142   D  0.353761  0.801015  0.080560    0.8556    0.3286    0.6990    0.1560    0.5063    0.2834    0.1026
