#RESNUM RES     VL-XT     VSL2B       VL3  IUPred-S  IUPred-L  PONDRFIT  FITERROR       MDP  MDPERROR   ANCHOR2
 000001   M  0.414036  0.690351  0.495400    0.5900    0.0258    0.9000    0.0830    0.4366    0.2814    0.2213
 000002   K  0.582299  0.683887  0.476069    0.5473    0.0174    0.8400    0.0700    0.4452    0.2665    0.2094
 000003   L  0.513232  0.632565  0.459550    0.4037    0.0294    0.8170    0.0750    0.3993    0.2524    0.2024
 000004   L  0.675563  0.558417  0.442844    0.2558    0.0463    0.7490    0.0850    0.3809    0.2534    0.1979
 000005   L  0.632590  0.486752  0.429645    0.2209    0.0306    0.7270    0.0790    0.3497    0.2470    0.1918
 000006   L  0.678506  0.399151  0.416369    0.1844    0.0555    0.6980    0.1040    0.3360    0.2451    0.1828
 000007   D  0.663025  0.335181  0.408425    0.0813    0.0424    0.7310    0.1370    0.3088    0.2698    0.1732
 000008   L  0.656980  0.311846  0.398037    0.0813    0.0555    0.6890    0.1710    0.2992    0.2572    0.1629
 000009   D  0.610287  0.289059  0.391801    0.0363    0.0631    0.6360    0.1590    0.2725    0.2451    0.1577
 000010   D  0.554557  0.296020  0.386710    0.0279    0.0676    0.5850    0.1520    0.2552    0.2252    0.1510
 000011   T  0.475365  0.308413  0.382010    0.0179    0.0543    0.6130    0.1560    0.2449    0.2234    0.1430
 000012   L  0.411696  0.328359  0.375779    0.0182    0.0414    0.6680    0.1210    0.2446    0.2324    0.1306
 000013   L  0.357913  0.328173  0.370810    0.0116    0.0463    0.6070    0.1310    0.2252    0.2132    0.1236
 000014   Q  0.299797  0.338277  0.369536    0.0118    0.0870    0.5490    0.1380    0.2142    0.1896    0.1173
 000015   D  0.238746  0.340769  0.367270    0.0268    0.0851    0.5070    0.1430    0.1998    0.1766    0.1117
 000016   L  0.229034  0.328475  0.366436    0.0478    0.1399    0.4580    0.1300    0.2005    0.1516    0.1059
 000017   P  0.226017  0.298414  0.356688    0.0478    0.1969    0.3070    0.0930    0.1794    0.1167    0.1043
 000018   V  0.240332  0.298488  0.346956    0.0478    0.1823    0.2380    0.0660    0.1678    0.1110    0.0943
 000019   S  0.282063  0.307835  0.341102    0.0832    0.2328    0.1830    0.0440    0.1814    0.1032    0.0889
 000020   R  0.356177  0.307440  0.328922    0.0744    0.2258    0.1800    0.0490    0.1906    0.1118    0.0824
 000021   A  0.402205  0.316448  0.314286    0.0567    0.1528    0.1780    0.0360    0.1843    0.1286    0.0794
 000022   V  0.416158  0.334898  0.303195    0.0587    0.1528    0.1900    0.0380    0.1921    0.1306    0.0761
 000023   L  0.437101  0.349370  0.293161    0.0677    0.2328    0.2020    0.0490    0.2148    0.1263    0.0760
 000024   E  0.428573  0.374979  0.281971    0.1349    0.2064    0.1700    0.0430    0.2192    0.1167    0.0771
 000025   D  0.411406  0.408213  0.270406    0.1292    0.1092    0.2150    0.0620    0.2122    0.1285    0.0762
 000026   L  0.407857  0.418514  0.259280    0.0701    0.0870    0.2340    0.0710    0.2028    0.1436    0.0742
 000027   G  0.399994  0.396822  0.248615    0.0771    0.1323    0.1960    0.0570    0.2004    0.1295    0.0744
 000028   R  0.367088  0.387038  0.240722    0.0464    0.0734    0.1450    0.0480    0.1699    0.1392    0.0719
 000029   K  0.331294  0.379478  0.230709    0.0744    0.1092    0.1300    0.0460    0.1707    0.1209    0.0738
 000030   A  0.342470  0.339544  0.220582    0.0455    0.0929    0.1220    0.0380    0.1570    0.1222    0.0739
 000031   G  0.364027  0.319070  0.216879    0.0464    0.0948    0.1060    0.0320    0.1551    0.1240    0.0749
 000032   V  0.366946  0.314330  0.216203    0.0478    0.0929    0.0870    0.0230    0.1514    0.1262    0.0728
 000033   E  0.365794  0.295080  0.214933    0.0723    0.1449    0.0710    0.0190    0.1582    0.1156    0.0730
 000034   G  0.407799  0.256882  0.213372    0.1088    0.1914    0.0650    0.0150    0.1716    0.1159    0.0722
 000035   F  0.398092  0.251622  0.212868    0.1088    0.1162    0.0640    0.0130    0.1564    0.1177    0.0696
 000036   F  0.386041  0.247915  0.210641    0.0858    0.0543    0.0700    0.0200    0.1407    0.1238    0.0691
 000037   A  0.366757  0.232121  0.208988    0.0935    0.0851    0.0670    0.0210    0.1408    0.1116    0.0692
 000038   R  0.336969  0.229759  0.204205    0.0490    0.0909    0.0750    0.0250    0.1302    0.1075    0.0668
 000039   V  0.282980  0.243486  0.201564    0.0502    0.0835    0.0740    0.0230    0.1224    0.0964    0.0679
 000040   K  0.244584  0.252442  0.196380    0.0567    0.1048    0.0770    0.0210    0.1226    0.0856    0.0698
 000041   A  0.213226  0.266743  0.190990    0.0567    0.0631    0.0790    0.0210    0.1131    0.0881    0.0725
 000042   R  0.200875  0.304904  0.186603    0.0643    0.0349    0.0770    0.0220    0.1137    0.0995    0.0761
 000043   A  0.157495  0.311936  0.183855    0.0587    0.0662    0.0780    0.0200    0.1121    0.0942    0.0824
 000044   E  0.143751  0.295652  0.180482    0.0286    0.0300    0.0750    0.0160    0.0955    0.0990    0.0903
 000045   A  0.134364  0.293944  0.174634    0.0336    0.0244    0.0800    0.0180    0.0943    0.0972    0.0998
 000046   L  0.125926  0.271762  0.170261    0.0363    0.0531    0.0760    0.0180    0.0938    0.0855    0.1113
 000047   F  0.125423  0.233004  0.164031    0.0514    0.0888    0.0690    0.0140    0.0946    0.0677    0.1238
 000048   R  0.131965  0.216935  0.159591    0.0701    0.0592    0.0590    0.0120    0.0896    0.0647    0.1367
 000049   E  0.140564  0.214247  0.157402    0.0587    0.0662    0.0530    0.0130    0.0887    0.0657    0.1562
 000050   A  0.151041  0.180279  0.151724    0.0526    0.1028    0.0530    0.0120    0.0899    0.0558    0.1719
 000051   P  0.157462  0.163167  0.151317    0.0526    0.1028    0.0440    0.0110    0.0866    0.0553    0.1894
 000052   F  0.151758  0.150341  0.149846    0.0621    0.1048    0.0470    0.0120    0.0859    0.0501    0.2044
 000053   Y  0.146054  0.156339  0.146159    0.0643    0.0676    0.0450    0.0130    0.0799    0.0519    0.2185
 000054   P  0.134934  0.167185  0.143848    0.0660    0.0888    0.0450    0.0140    0.0837    0.0501    0.2372
 000055   W  0.118635  0.182557  0.142326    0.0376    0.0690    0.0540    0.0170    0.0770    0.0567    0.2507
 000056   A  0.102413  0.202540  0.140702    0.0502    0.0483    0.0510    0.0170    0.0757    0.0620    0.2575
 000057   E  0.084356  0.206119  0.139484    0.0723    0.0405    0.0500    0.0150    0.0756    0.0620    0.2666
 000058   A  0.063836  0.204249  0.138684    0.0771    0.0690    0.0570    0.0170    0.0786    0.0580    0.2855
 000059   I  0.048667  0.194805  0.137623    0.0464    0.0690    0.0610    0.0170    0.0699    0.0596    0.3070
 000060   G  0.035083  0.191030  0.136233    0.0350    0.0341    0.0580    0.0140    0.0589    0.0648    0.3214
 000061   H  0.020658  0.199567  0.136308    0.0387    0.0405    0.0630    0.0130    0.0605    0.0678    0.3285
 000062   S  0.030818  0.202426  0.137096    0.0144    0.0364    0.0700    0.0190    0.0590    0.0708    0.3274
 000063   A  0.097085  0.201489  0.136442    0.0286    0.0888    0.0700    0.0220    0.0810    0.0589    0.3353
 000064   L  0.122113  0.204394  0.137750    0.0567    0.1501    0.0680    0.0190    0.1002    0.0551    0.3399
 000065   E  0.136803  0.215206  0.141944    0.0554    0.0749    0.0630    0.0170    0.0908    0.0612    0.3374
 000066   A  0.161227  0.211367  0.147322    0.1018    0.1528    0.0640    0.0210    0.1152    0.0526    0.3381
 000067   L  0.182754  0.213944  0.157602    0.0723    0.1528    0.0580    0.0170    0.1133    0.0622    0.3394
 000068   W  0.183384  0.213456  0.170091    0.0744    0.0888    0.0580    0.0180    0.1029    0.0662    0.3366
 000069   A  0.182178  0.217677  0.183739    0.0789    0.0888    0.0640    0.0240    0.1053    0.0675    0.3170
 000070   R  0.181895  0.232151  0.198726    0.0909    0.1298    0.0760    0.0340    0.1184    0.0660    0.2985
 000071   Y  0.159157  0.253696  0.212528    0.0813    0.0676    0.0800    0.0400    0.1069    0.0800    0.2915
 000072   S  0.090741  0.280849  0.228550    0.0723    0.0543    0.0790    0.0370    0.0963    0.0951    0.2980
 000073   T  0.065563  0.298441  0.243568    0.0455    0.0555    0.0850    0.0320    0.0916    0.1080    0.3114
 000074   P  0.052414  0.322681  0.262443    0.0478    0.0817    0.0940    0.0360    0.0998    0.1165    0.3179
 000075   G  0.047007  0.338005  0.282342    0.0858    0.0676    0.0990    0.0340    0.1063    0.1226    0.3254
 000076   L  0.043201  0.353164  0.301068    0.0909    0.0581    0.1060    0.0320    0.1085    0.1317    0.3350
 000077   E  0.050896  0.372543  0.319758    0.0677    0.0765    0.1140    0.0330    0.1136    0.1396    0.3379
 000078   A  0.063105  0.383885  0.337660    0.1060    0.1206    0.1270    0.0410    0.1335    0.1356    0.3461
 000079   L  0.081202  0.384349  0.355157    0.1878    0.1476    0.1460    0.0560    0.1579    0.1273    0.3477
 000080   A  0.097203  0.390815  0.372693    0.1998    0.0929    0.1440    0.0420    0.1541    0.1372    0.3521
 000081   A  0.113267  0.399982  0.389570    0.1602    0.0929    0.1520    0.0420    0.1531    0.1427    0.3567
 000082   W  0.136093  0.371061  0.406479    0.1921    0.1731    0.1580    0.0430    0.1718    0.1269    0.3479
 000083   A  0.181844  0.392390  0.424553    0.1766    0.1476    0.1650    0.0480    0.1772    0.1345    0.3333
 000084   G  0.188125  0.468416  0.441129    0.1766    0.0835    0.1990    0.0490    0.1859    0.1611    0.3168
 000085   P  0.196286  0.494384  0.459247    0.1456    0.0765    0.2360    0.0660    0.1915    0.1736    0.3040
 000086   F  0.217011  0.562848  0.478061    0.0991    0.0835    0.2800    0.0750    0.2070    0.1968    0.2928
 000087   R  0.237169  0.596785  0.495548    0.1667    0.1162    0.2780    0.0730    0.2324    0.1923    0.2769
 000088   E  0.255601  0.624633  0.516122    0.1602    0.1070    0.2940    0.0690    0.2402    0.2046    0.2717
 000089   R  0.326852  0.620760  0.536159    0.1602    0.1275    0.3340    0.0740    0.2615    0.2009    0.2640
 000090   V  0.386850  0.686468  0.554528    0.2292    0.2258    0.3720    0.0810    0.3166    0.1903    0.2679
 000091   F  0.439152  0.706195  0.572391    0.2602    0.2849    0.4040    0.0800    0.3491    0.1828    0.2739
 000092   R  0.434912  0.731077  0.589379    0.3146    0.3321    0.3950    0.0870    0.3680    0.1780    0.2765
 000093   E  0.498480  0.766036  0.604644    0.4245    0.4292    0.4860    0.0940    0.4341    0.1561    0.2904
 000094   A  0.565143  0.799126  0.620913    0.4556    0.4292    0.5990    0.1250    0.4746    0.1595    0.3002
 000095   L  0.622909  0.830367  0.637225    0.4282    0.4186    0.6590    0.1100    0.4932    0.1773    0.3079
 000096   E  0.684698  0.853481  0.651312    0.3806    0.4051    0.6180    0.0930    0.4903    0.1963    0.3068
 000097   E  0.742595  0.874001  0.664310    0.4379    0.4369    0.6290    0.1000    0.5201    0.1920    0.3053
 000098   A  0.747638  0.890063  0.672945    0.4651    0.4186    0.6850    0.1010    0.5344    0.1966    0.3089
 000099   G  0.767911  0.905134  0.679116    0.3806    0.4149    0.6720    0.1090    0.5234    0.2176    0.3074
 000100   G  0.779533  0.915873  0.684139    0.3806    0.3983    0.6560    0.0960    0.5217    0.2241    0.3043
 000101   P  0.829793  0.924985  0.689532    0.4556    0.3631    0.6330    0.0920    0.5344    0.2270    0.2963
 000102   P  0.829713  0.933945  0.696277    0.5126    0.3704    0.5600    0.1030    0.5344    0.2240    0.2948
 000103   E  0.782760  0.940083  0.700751    0.4703    0.3740    0.5120    0.1000    0.5131    0.2278    0.3018
 000104   R  0.722490  0.946507  0.705141    0.3885    0.3740    0.5360    0.0970    0.4945    0.2338    0.2999
 000105   A  0.652872  0.948766  0.704250    0.3885    0.3983    0.5180    0.1230    0.4844    0.2273    0.3062
 000106   R  0.583359  0.950015  0.700766    0.4703    0.4801    0.5310    0.1460    0.5025    0.2035    0.3101
 000107   E  0.513278  0.951498  0.696967    0.4458    0.4541    0.5500    0.1310    0.4858    0.2117    0.3213
 000108   L  0.439793  0.949229  0.691720    0.4203    0.3426    0.6090    0.1100    0.4602    0.2348    0.3270
 000109   A  0.375764  0.945281  0.687478    0.4282    0.4051    0.5950    0.1010    0.4583    0.2306    0.3291
 000110   E  0.305295  0.943707  0.681504    0.3399    0.3182    0.5460    0.1050    0.4089    0.2591    0.3316
 000111   A  0.237303  0.932166  0.674112    0.3630    0.2193    0.5580    0.1200    0.3850    0.2777    0.3409
 000112   F  0.222319  0.918149  0.667136    0.2657    0.2193    0.5940    0.1150    0.3699    0.2871    0.3475
 000113   F  0.248720  0.913630  0.657551    0.1667    0.2034    0.5930    0.1050    0.3542    0.2975    0.3426
 000114   R  0.239830  0.898282  0.647853    0.1844    0.1611    0.6200    0.1080    0.3506    0.2991    0.3252
 000115   E  0.230483  0.887547  0.638817    0.2080    0.1791    0.6330    0.1000    0.3563    0.2909    0.3171
 000116   R  0.221704  0.862780  0.629676    0.2041    0.1823    0.6380    0.0820    0.3515    0.2853    0.3040
 000117   R  0.214858  0.864180  0.621984    0.2292    0.1070    0.6000    0.1220    0.3359    0.2913    0.2992
 000118   R  0.208013  0.848606  0.619630    0.1958    0.0592    0.6000    0.1420    0.3186    0.3015    0.3010
 000119   Y  0.205855  0.828457  0.617279    0.1766    0.0835    0.5560    0.1460    0.3084    0.2903    0.3131
 000120   P  0.215495  0.801722  0.611212    0.1349    0.1070    0.4610    0.1660    0.2866    0.2773    0.3276
 000121   L  0.215322  0.809850  0.606079    0.1150    0.0835    0.4620    0.1750    0.2809    0.2855    0.3388
 000122   Y  0.198632  0.805328  0.598330    0.1292    0.0948    0.5170    0.1880    0.2909    0.2839    0.3427
 000123   P  0.206816  0.781003  0.588092    0.1495    0.1611    0.4960    0.1720    0.2990    0.2596    0.3443
 000124   E  0.220691  0.751644  0.575071    0.1958    0.2503    0.4970    0.1820    0.3192    0.2287    0.3448
 000125   A  0.250038  0.723129  0.565090    0.2041    0.2609    0.4750    0.1780    0.3189    0.2120    0.3506
 000126   E  0.288891  0.706822  0.551365    0.1844    0.1731    0.4220    0.1760    0.2958    0.2151    0.3511
 000127   A  0.316145  0.678588  0.537593    0.1998    0.1583    0.4280    0.1940    0.2968    0.2041    0.3576
 000128   F  0.338712  0.652845  0.524578    0.1456    0.1070    0.4470    0.2080    0.2819    0.2146    0.3606
 000129   L  0.358560  0.630345  0.510840    0.1380    0.0967    0.3890    0.1970    0.2688    0.2076    0.3549
 000130   A  0.371808  0.612805  0.496189    0.1380    0.1092    0.3730    0.1830    0.2675    0.1981    0.3402
 000131   E  0.356960  0.587557  0.480480    0.0991    0.0555    0.3850    0.1770    0.2474    0.2081    0.3263
 000132   A  0.352396  0.552810  0.462540    0.0909    0.1028    0.3770    0.1860    0.2460    0.1889    0.3180
 000133   R  0.330932  0.503339  0.443261    0.0832    0.1852    0.3640    0.1730    0.2444    0.1622    0.3151
 000134   R  0.299490  0.459032  0.425487    0.0701    0.1611    0.3100    0.1540    0.2166    0.1541    0.3200
 000135   R  0.266299  0.411803  0.408804    0.0701    0.1070    0.2270    0.1210    0.1803    0.1488    0.3342
 000136   G  0.250738  0.360805  0.393666    0.0858    0.1476    0.1750    0.0950    0.1700    0.1295    0.3511
 000137   L  0.237443  0.308429  0.379153    0.0490    0.1476    0.1250    0.0580    0.1445    0.1291    0.3710
 000138   A  0.217226  0.255275  0.366189    0.0723    0.1115    0.0880    0.0350    0.1241    0.1215    0.3823
 000139   L  0.251556  0.238867  0.351365    0.1266    0.2064    0.0870    0.0370    0.1518    0.1042    0.3886
 000140   A  0.266254  0.214060  0.335664    0.1088    0.2752    0.0910    0.0380    0.1592    0.1051    0.3914
 000141   L  0.268705  0.199906  0.320776    0.1322    0.3182    0.1100    0.0350    0.1716    0.0994    0.3929
 000142   L  0.277425  0.196942  0.307325    0.1292    0.3053    0.1170    0.0410    0.1710    0.0942    0.3896
 000143   T  0.278631  0.218514  0.293927    0.1667    0.2541    0.1170    0.0390    0.1724    0.0796    0.3803
 000144   N  0.284769  0.235713  0.283519    0.1805    0.1969    0.1460    0.0430    0.1739    0.0701    0.3649
 000145   G  0.274207  0.260867  0.274637    0.1205    0.2094    0.1600    0.0460    0.1708    0.0750    0.3440
 000146   V  0.272047  0.282348  0.265912    0.0858    0.1942    0.1360    0.0290    0.1617    0.0867    0.3194
 000147   P  0.258305  0.311166  0.254946    0.0858    0.1942    0.1170    0.0250    0.1612    0.0907    0.2977
 000148   D  0.195742  0.341458  0.245186    0.1178    0.1942    0.1200    0.0220    0.1616    0.0868    0.2733
 000149   L  0.165596  0.370335  0.231673    0.1349    0.1942    0.1330    0.0340    0.1663    0.0902    0.2549
 000150   Q  0.151795  0.362846  0.215802    0.1266    0.2752    0.1310    0.0330    0.1745    0.0931    0.2402
 000151   R  0.139803  0.379588  0.202613    0.1205    0.3053    0.1490    0.0360    0.1824    0.1009    0.2316
 000152   E  0.127959  0.387434  0.189844    0.1844    0.2783    0.1550    0.0400    0.1888    0.0934    0.2305
 000153   K  0.102797  0.350648  0.180281    0.2748    0.3529    0.1580    0.0450    0.2065    0.1006    0.2341
 000154   L  0.086396  0.339321  0.172994    0.1667    0.2609    0.1560    0.0540    0.1683    0.0863    0.2399
 000155   V  0.058944  0.336077  0.169202    0.1667    0.1881    0.1250    0.0460    0.1457    0.0885    0.2492
 000156   G  0.043395  0.324504  0.162590    0.0991    0.1251    0.1030    0.0420    0.1158    0.0927    0.2599
 000157   A  0.042497  0.293215  0.158507    0.1041    0.1115    0.0820    0.0310    0.1056    0.0842    0.2750
 000158   G  0.040251  0.244980  0.153974    0.0490    0.0948    0.0610    0.0190    0.0817    0.0767    0.2867
 000159   L  0.032651  0.205536  0.147975    0.0268    0.0888    0.0570    0.0190    0.0685    0.0691    0.3037
 000160   A  0.027935  0.162974  0.142895    0.0502    0.1501    0.0540    0.0160    0.0742    0.0598    0.3203
 000161   H  0.025565  0.142704  0.139523    0.0478    0.0967    0.0560    0.0190    0.0615    0.0507    0.3395
 000162   H  0.023927  0.134517  0.137675    0.0526    0.1048    0.0500    0.0180    0.0610    0.0496    0.3518
 000163   F  0.024693  0.128912  0.136957    0.0286    0.0543    0.0460    0.0170    0.0471    0.0511    0.3535
 000164   S  0.027043  0.136689  0.137545    0.0279    0.0568    0.0390    0.0100    0.0478    0.0531    0.3453
 000165   L  0.030807  0.140107  0.135972    0.0274    0.0929    0.0430    0.0140    0.0558    0.0524    0.3342
 000166   V  0.029057  0.149820  0.133101    0.0414    0.1554    0.0530    0.0190    0.0715    0.0578    0.3209
 000167   L  0.033331  0.160161  0.130132    0.0405    0.1643    0.0670    0.0230    0.0775    0.0586    0.3121
 000168   I  0.036361  0.176313  0.129331    0.0567    0.2129    0.0970    0.0300    0.0965    0.0661    0.2996
 000169   S  0.045448  0.212709  0.128000    0.0607    0.2002    0.1130    0.0460    0.1054    0.0667    0.2947
 000170   G  0.067091  0.238955  0.128866    0.1292    0.2034    0.1420    0.0550    0.1301    0.0596    0.2874
 000171   E  0.084866  0.271416  0.132334    0.1566    0.1399    0.1700    0.0500    0.1370    0.0609    0.2820
 000172   V  0.102147  0.302882  0.136080    0.1018    0.1298    0.1730    0.0310    0.1350    0.0729    0.2786
 000173   G  0.109912  0.325564  0.142049    0.0554    0.1070    0.1810    0.0390    0.1299    0.0890    0.2796
 000174   I  0.120036  0.358118  0.154006    0.1088    0.1643    0.2060    0.0660    0.1595    0.0873    0.2883
 000175   G  0.115853  0.384259  0.164546    0.0832    0.1092    0.1720    0.0520    0.1440    0.1038    0.3068
 000176   K  0.115620  0.389334  0.175049    0.1266    0.1229    0.1540    0.0520    0.1513    0.0999    0.3295
 000177   P  0.118135  0.380838  0.181410    0.1205    0.1501    0.1250    0.0420    0.1492    0.0975    0.3567
 000178   D  0.109005  0.364099  0.190037    0.1349    0.1298    0.1030    0.0370    0.1402    0.0958    0.3797
 000179   P  0.087233  0.304740  0.196279    0.1805    0.2034    0.0810    0.0270    0.1429    0.0827    0.4083
 000180   R  0.077674  0.247141  0.206789    0.1117    0.1476    0.0740    0.0190    0.1097    0.0731    0.4304
 000181   L  0.093962  0.202347  0.219880    0.1117    0.1275    0.0750    0.0150    0.1017    0.0654    0.4124
 000182   F  0.117416  0.158498  0.231993    0.0660    0.1424    0.0820    0.0200    0.0944    0.0669    0.3907
 000183   R  0.127583  0.129789  0.240217    0.0884    0.2064    0.0940    0.0300    0.1077    0.0692    0.3739
 000184   M  0.140572  0.115733  0.241777    0.1060    0.2164    0.1190    0.0270    0.1164    0.0664    0.3558
 000185   A  0.152387  0.104317  0.241792    0.1805    0.2783    0.1350    0.0350    0.1417    0.0728    0.3473
 000186   L  0.162679  0.111662  0.239894    0.1878    0.2503    0.1390    0.0470    0.1419    0.0643    0.3439
 000187   C  0.189117  0.114354  0.240468    0.1602    0.2224    0.1340    0.0510    0.1367    0.0604    0.3441
 000188   A  0.220790  0.124455  0.244952    0.1178    0.1399    0.1330    0.0480    0.1226    0.0646    0.3473
 000189   F  0.282997  0.130992  0.245492    0.0909    0.1349    0.1520    0.0430    0.1320    0.0794    0.3511
 000190   G  0.327313  0.165071  0.248686    0.0514    0.1206    0.1670    0.0470    0.1386    0.0976    0.3620
 000191   V  0.360287  0.211306  0.253028    0.0514    0.1373    0.1910    0.0580    0.1585    0.1044    0.3692
 000192   A  0.416284  0.275584  0.261089    0.0935    0.2292    0.2030    0.0640    0.2030    0.1055    0.3795
 000193   P  0.477503  0.336221  0.273420    0.1566    0.3426    0.2050    0.0700    0.2530    0.1135    0.3894
 000194   E  0.545838  0.381128  0.287984    0.1766    0.3529    0.2500    0.0900    0.2844    0.1260    0.3988
 000195   E  0.617933  0.431446  0.307049    0.2209    0.3948    0.2720    0.1120    0.3229    0.1398    0.4093
 000196   A  0.687254  0.459074  0.325842    0.2531    0.3494    0.2820    0.1320    0.3385    0.1565    0.4140
 000197   A  0.746606  0.481372  0.345860    0.3456    0.4186    0.3130    0.1460    0.3842    0.1581    0.4188
 000198   M  0.766098  0.495281  0.367380    0.3491    0.4831    0.3850    0.1450    0.4130    0.1546    0.4265
 000199   V  0.777636  0.509863  0.386751    0.3717    0.4766    0.4140    0.1520    0.4250    0.1520    0.4290
 000200   G  0.799253  0.525847  0.403265    0.4703    0.5901    0.3990    0.1530    0.4641    0.1528    0.4194
 000201   D  0.792740  0.549370  0.421078    0.4458    0.4901    0.3870    0.1420    0.4441    0.1519    0.4116
 000202   N  0.784750  0.572774  0.437022    0.5008    0.5342    0.3640    0.1150    0.4594    0.1504    0.4049
 000203   P  0.771599  0.575262  0.453917    0.4781    0.5665    0.3360    0.0840    0.4546    0.1540    0.4015
 000204   Q  0.751457  0.583267  0.469646    0.4282    0.4541    0.3720    0.0870    0.4315    0.1477    0.3973
 000205   K  0.728710  0.584812  0.479564    0.4282    0.4369    0.3680    0.1200    0.4244    0.1442    0.3947
 000206   D  0.710310  0.585953  0.491087    0.3717    0.3948    0.3770    0.1650    0.4067    0.1493    0.3922
 000207   V  0.714791  0.583630  0.501489    0.3992    0.3529    0.3750    0.1830    0.4043    0.1536    0.3883
 000208   R  0.733681  0.578444  0.516033    0.4116    0.2849    0.3550    0.1660    0.3939    0.1723    0.3849
 000209   G  0.755089  0.565912  0.525197    0.4037    0.2436    0.3520    0.1490    0.3867    0.1866    0.3890
 000210   A  0.789655  0.521631  0.533231    0.3847    0.3215    0.3540    0.1320    0.3952    0.1816    0.3944
 000211   R  0.825781  0.497947  0.535757    0.3263    0.3117    0.3140    0.1100    0.3793    0.2040    0.3996
 000212   L  0.860995  0.505542  0.536849    0.3311    0.3019    0.2690    0.0870    0.3782    0.2215    0.4064
 000213   A  0.896237  0.505841  0.540620    0.3146    0.2094    0.2480    0.0690    0.3623    0.2504    0.4102
 000214   G  0.927981  0.449778  0.544641    0.3005    0.1731    0.2590    0.0700    0.3518    0.2652    0.4130
 000215   V  0.915952  0.423701  0.555312    0.2209    0.1942    0.2430    0.0700    0.3330    0.2700    0.4143
 000216   R  0.858384  0.424208  0.567782    0.2041    0.2064    0.2080    0.0490    0.3168    0.2597    0.4166
 000217   A  0.786406  0.473458  0.580144    0.2209    0.2034    0.1800    0.0350    0.3107    0.2457    0.4218
 000218   V  0.704468  0.505642  0.592069    0.2865    0.3053    0.1720    0.0320    0.3290    0.2115    0.4275
 000219   W  0.631360  0.489670  0.602115    0.3005    0.3249    0.1770    0.0350    0.3206    0.1938    0.4335
 000220   V  0.552079  0.543342  0.615899    0.3311    0.2951    0.1790    0.0430    0.3167    0.1897    0.4294
 000221   D  0.469850  0.567732  0.629078    0.3630    0.3249    0.1950    0.0520    0.3201    0.1811    0.4270
 000222   R  0.407548  0.604474  0.639893    0.3456    0.3667    0.2490    0.0860    0.3288    0.1766    0.4247
 000223   G  0.330126  0.626720  0.648026    0.4078    0.4619    0.2930    0.1080    0.3533    0.1735    0.4258
 000224   L  0.297194  0.639912  0.653102    0.4556    0.4051    0.3910    0.1030    0.3649    0.1702    0.4296
 000225   R  0.288981  0.672062  0.659942    0.4600    0.3948    0.4330    0.1110    0.3748    0.1770    0.4334
 000226   P  0.296496  0.701056  0.662656    0.4245    0.3948    0.4490    0.1190    0.3776    0.1826    0.4286
 000227   E  0.301840  0.732780  0.665434    0.4116    0.4051    0.4440    0.1060    0.3825    0.1890    0.4248
 000228   D  0.323287  0.750830  0.668139    0.3630    0.4476    0.4650    0.1050    0.3916    0.1913    0.4216
 000229   P  0.370930  0.752590  0.669545    0.4149    0.4330    0.4590    0.1090    0.4050    0.1806    0.4181
 000230   E  0.390716  0.747887  0.672489    0.5126    0.5296    0.5280    0.1110    0.4514    0.1613    0.4145
 000231   A  0.396817  0.744061  0.680199    0.4879    0.6375    0.5550    0.1240    0.4702    0.1633    0.4077
 000232   S  0.460735  0.733471  0.686067    0.4513    0.5382    0.5630    0.1250    0.4577    0.1558    0.4044
 000233   P  0.532780  0.719273  0.689727    0.4825    0.4369    0.5370    0.1460    0.4514    0.1547    0.4004
 000234   D  0.589763  0.694587  0.690925    0.4149    0.3566    0.5480    0.1710    0.4340    0.1720    0.3964
 000235   L  0.613657  0.661615  0.689123    0.4149    0.4149    0.5350    0.1690    0.4401    0.1590    0.3924
 000236   R  0.638673  0.633799  0.687537    0.3806    0.4330    0.4750    0.1710    0.4269    0.1634    0.3911
 000237   V  0.645402  0.593334  0.684856    0.3263    0.3740    0.4530    0.1770    0.3987    0.1777    0.3882
 000238   G  0.614201  0.590746  0.681556    0.3399    0.2817    0.4280    0.1720    0.3758    0.1868    0.3843
 000239   D  0.627938  0.536772  0.678181    0.3146    0.2645    0.4450    0.1730    0.3647    0.1898    0.3801
 000240   L  0.629480  0.520083  0.679396    0.2209    0.2064    0.6970    0.1700    0.3790    0.2342    0.3761
 000241   R  0.581027  0.512222  0.682171    0.2602    0.1671    0.6800    0.1420    0.3668    0.2295    0.3740
 000242   E  0.529041  0.462454  0.686161    0.3311    0.1702    0.6990    0.1410    0.3654    0.2198    0.3643
 000243   V  0.478405  0.501403  0.689424    0.3717    0.1399    0.6960    0.0970    0.3646    0.2228    0.3488
 000244   F  0.440908  0.530473  0.692178    0.3847    0.0870    0.7110    0.1560    0.3590    0.2400    0.3356
 000245   L  0.415400  0.581689  0.700679    0.4203    0.0605    0.6590    0.1750    0.3561    0.2437    0.3340
 000246   A  0.437457  0.649169  0.710502    0.5473    0.0909    0.7670    0.1510    0.4153    0.2545    0.3334
 000247   E  0.324738  0.695665  0.720326    0.6124    0.0704    0.8660    0.0810    0.4282    0.2947    0.3302
 000248   A  0.286736  0.727638  0.734210    0.7111    0.0985    0.8780    0.0440    0.4504    0.3052    0.3278
 000249   L  0.296537  0.749416  0.746304    0.7418    0.0676    0.9030    0.0500    0.4596    0.3220    0.3219
