#RESNUM RES     VL-XT     VSL2B       VL3  IUPred-S  IUPred-L  PONDRFIT  FITERROR       MDP  MDPERROR   ANCHOR2
 000001   M  0.051659  0.507893  0.136351    0.5802    0.0300    0.8210    0.0760    0.3317    0.2998    0.2840
 000002   F  0.079254  0.454548  0.133395    0.5412    0.0349    0.7180    0.1290    0.3046    0.2589    0.2862
 000003   G  0.139676  0.408911  0.133697    0.5008    0.0483    0.6810    0.1310    0.2965    0.2292    0.2876
 000004   L  0.190564  0.317102  0.133625    0.4282    0.0690    0.6990    0.1070    0.2840    0.2129    0.2850
 000005   G  0.215309  0.239960  0.132440    0.3762    0.0506    0.8500    0.0950    0.2887    0.2618    0.2818
 000006   W  0.259385  0.188790  0.130444    0.3311    0.0380    0.9370    0.0580    0.2924    0.2944    0.2817
 000007   L  0.272918  0.151657  0.128096    0.2122    0.0605    0.9210    0.0700    0.2698    0.2903    0.2906
 000008   R  0.287618  0.134868  0.127724    0.1117    0.0799    0.8940    0.0900    0.2514    0.2864    0.2975
 000009   A  0.302601  0.136829  0.126626    0.0965    0.0835    0.8640    0.1020    0.2473    0.2769    0.3072
 000010   L  0.324934  0.159623  0.125617    0.0643    0.1048    0.8330    0.1010    0.2478    0.2664    0.3153
 000011   T  0.299771  0.181029  0.123390    0.0395    0.1275    0.6920    0.0770    0.2233    0.2162    0.3208
 000012   D  0.277049  0.243496  0.128307    0.0464    0.1554    0.6690    0.0750    0.2319    0.2017    0.3262
 000013   A  0.245691  0.326130  0.135411    0.0832    0.1942    0.6300    0.1450    0.2465    0.1803    0.3313
 000014   R  0.218834  0.393884  0.140779    0.0789    0.2258    0.6230    0.1450    0.2567    0.1827    0.3342
 000015   G  0.221954  0.425285  0.145790    0.0965    0.2951    0.6160    0.1640    0.2758    0.1782    0.3425
 000016   L  0.254483  0.479168  0.153800    0.1150    0.2224    0.6320    0.1620    0.2838    0.1868    0.3507
 000017   L  0.277315  0.485429  0.164301    0.1921    0.3321    0.6060    0.1610    0.3154    0.1597    0.3536
 000018   E  0.294209  0.452308  0.174788    0.1921    0.4256    0.5250    0.1680    0.3149    0.1356    0.3469
 000019   H  0.311787  0.438292  0.186518    0.1958    0.4369    0.4980    0.1560    0.3135    0.1258    0.3403
 000020   A  0.363624  0.450166  0.196680    0.2385    0.3740    0.4470    0.1380    0.3122    0.1020    0.3307
 000021   H  0.415306  0.440177  0.203442    0.3225    0.4619    0.3940    0.1300    0.3389    0.0938    0.3223
 000022   H  0.455607  0.435281  0.210552    0.2432    0.4619    0.3680    0.1260    0.3273    0.1069    0.3161
 000023   G  0.500428  0.464289  0.219750    0.2531    0.4619    0.3080    0.1010    0.3313    0.1172    0.3118
 000024   V  0.501086  0.488696  0.223672    0.2865    0.5017    0.2840    0.0990    0.3437    0.1238    0.3093
 000025   P  0.475148  0.503932  0.226603    0.2963    0.5254    0.2300    0.0560    0.3384    0.1336    0.3078
 000026   R  0.451779  0.543211  0.228461    0.3053    0.4901    0.2410    0.0700    0.3386    0.1294    0.2986
 000027   L  0.421840  0.547195  0.229400    0.3847    0.5665    0.2210    0.0640    0.3568    0.1414    0.2925
 000028   G  0.379459  0.522886  0.231439    0.4333    0.6227    0.1970    0.0610    0.3592    0.1554    0.2868
 000029   E  0.347183  0.511760  0.232272    0.4116    0.5055    0.2000    0.0700    0.3294    0.1274    0.2855
 000030   G  0.314213  0.518309  0.233855    0.3939    0.4220    0.2230    0.0770    0.3119    0.1122    0.2847
 000031   Y  0.281541  0.497529  0.233356    0.3359    0.3631    0.2540    0.0900    0.2886    0.0964    0.2881
 000032   T  0.229611  0.480252  0.231894    0.2700    0.2849    0.2310    0.0700    0.2493    0.0966    0.2931
 000033   T  0.196149  0.471572  0.230562    0.2080    0.2817    0.2250    0.0640    0.2303    0.1021    0.2977
 000034   D  0.213248  0.459505  0.228407    0.1349    0.2034    0.2620    0.0910    0.2122    0.1080    0.3011
 000035   D  0.229593  0.417643  0.225905    0.1958    0.1881    0.2630    0.1050    0.2157    0.0861    0.3078
 000036   N  0.236552  0.373763  0.224126    0.1088    0.1881    0.2420    0.1170    0.1915    0.0873    0.3189
 000037   A  0.235831  0.322972  0.225001    0.0677    0.2094    0.1840    0.0860    0.1700    0.0846    0.3378
 000038   R  0.235156  0.269609  0.224450    0.1416    0.2849    0.1450    0.0600    0.1794    0.0671    0.3561
 000039   A  0.254615  0.226633  0.224522    0.1532    0.2541    0.1190    0.0390    0.1680    0.0634    0.3782
 000040   L  0.278768  0.188321  0.224914    0.1416    0.2258    0.1050    0.0290    0.1565    0.0687    0.4015
 000041   L  0.317313  0.171560  0.226244    0.1150    0.2364    0.0860    0.0230    0.1544    0.0866    0.4188
 000042   Y  0.353856  0.174442  0.228011    0.1667    0.3426    0.0700    0.0170    0.1847    0.1072    0.4301
 000043   L  0.342274  0.172183  0.223455    0.1667    0.3321    0.0710    0.0210    0.1806    0.1027    0.4261
 000044   S  0.330531  0.197901  0.214622    0.1698    0.2436    0.0890    0.0340    0.1717    0.0815    0.4176
 000045   L  0.341935  0.231964  0.207513    0.1635    0.1759    0.1070    0.0340    0.1701    0.0804    0.4046
 000046   L  0.355579  0.278310  0.201296    0.0991    0.1611    0.1270    0.0340    0.1702    0.0948    0.3956
 000047   P  0.377190  0.315150  0.194218    0.0621    0.1583    0.1230    0.0290    0.1727    0.1136    0.3972
 000048   E  0.352664  0.359237  0.186237    0.0723    0.1162    0.1490    0.0440    0.1749    0.1157    0.4042
 000049   G  0.333407  0.419040  0.179369    0.0789    0.0749    0.1860    0.0620    0.1820    0.1299    0.4088
 000050   A  0.310113  0.425401  0.171418    0.0567    0.0749    0.1900    0.0550    0.1762    0.1322    0.4102
 000051   R  0.270988  0.418132  0.170281    0.0567    0.0618    0.1630    0.0390    0.1619    0.1283    0.4130
 000052   D  0.258806  0.405870  0.175352    0.0813    0.0618    0.1520    0.0530    0.1600    0.1200    0.4039
 000053   E  0.252436  0.373111  0.179290    0.0723    0.0646    0.1260    0.0370    0.1480    0.1124    0.3885
 000054   G  0.241739  0.304852  0.178100    0.0744    0.1070    0.1030    0.0220    0.1385    0.0878    0.3726
 000055   L  0.239680  0.254157  0.182754    0.0441    0.0835    0.0860    0.0150    0.1179    0.0868    0.3541
 000056   V  0.220406  0.217426  0.191719    0.0660    0.1449    0.0730    0.0130    0.1202    0.0712    0.3403
 000057   R  0.226038  0.171601  0.200726    0.0909    0.2094    0.0680    0.0140    0.1276    0.0690    0.3281
 000058   T  0.224106  0.162986  0.211440    0.0813    0.1942    0.0670    0.0100    0.1216    0.0709    0.3104
 000059   Y  0.209474  0.148620  0.219152    0.0677    0.1881    0.0680    0.0070    0.1136    0.0722    0.2885
 000060   L  0.203261  0.146006  0.228340    0.0789    0.1881    0.0640    0.0080    0.1135    0.0724    0.2739
 000061   A  0.191848  0.151132  0.237555    0.1018    0.2064    0.0670    0.0110    0.1197    0.0715    0.2676
 000062   F  0.176836  0.187768  0.248838    0.1088    0.1229    0.0750    0.0140    0.1119    0.0710    0.2647
 000063   L  0.158326  0.202576  0.258122    0.0991    0.1092    0.0850    0.0170    0.1091    0.0754    0.2693
 000064   L  0.131898  0.223536  0.266476    0.0554    0.1070    0.1020    0.0220    0.1033    0.0859    0.2845
 000065   H  0.112911  0.265934  0.276543    0.0514    0.1070    0.1310    0.0310    0.1114    0.0959    0.3050
 000066   M  0.098201  0.314230  0.287624    0.0935    0.1070    0.1680    0.0440    0.1301    0.1025    0.3292
 000067   Q  0.085649  0.366838  0.298706    0.1380    0.1643    0.2170    0.0530    0.1619    0.1081    0.3528
 000068   K  0.093553  0.418243  0.310307    0.0935    0.1115    0.2730    0.0810    0.1650    0.1354    0.3736
 000069   E  0.100982  0.477740  0.326122    0.0935    0.1115    0.2840    0.0960    0.1780    0.1531    0.3898
 000070   D  0.110445  0.511076  0.342868    0.0935    0.1791    0.2960    0.1020    0.1983    0.1567    0.4067
 000071   G  0.118275  0.507008  0.359696    0.1602    0.2436    0.3040    0.1090    0.2222    0.1425    0.4223
 000072   R  0.136303  0.498478  0.377460    0.1844    0.1702    0.3170    0.1120    0.2178    0.1439    0.4326
 000073   F  0.162836  0.489748  0.397059    0.2700    0.2918    0.3290    0.1220    0.2572    0.1218    0.4266
 000074   R  0.215259  0.478988  0.418215    0.2657    0.3807    0.3200    0.1300    0.2768    0.1136    0.4186
 000075   N  0.246880  0.480161  0.438578    0.3668    0.4801    0.3380    0.1110    0.3187    0.1113    0.4187
 000076   G  0.276344  0.488784  0.457144    0.3847    0.4766    0.3610    0.0710    0.3312    0.1069    0.4233
 000077   L  0.298050  0.508201  0.474818    0.4379    0.5419    0.4130    0.0830    0.3664    0.1115    0.4293
 000078   T  0.325814  0.519259  0.491000    0.4245    0.4901    0.4440    0.1240    0.3672    0.1036    0.4331
 000079   L  0.387059  0.545889  0.508585    0.4513    0.5176    0.4690    0.1570    0.3951    0.0994    0.4291
 000080   D  0.462588  0.554478  0.523864    0.4078    0.5055    0.4240    0.1560    0.3924    0.1020    0.4294
 000081   G  0.528554  0.586504  0.540106    0.4149    0.5342    0.4460    0.1520    0.4184    0.1075    0.4301
 000082   R  0.594077  0.621042  0.552189    0.4245    0.5456    0.4830    0.1180    0.4446    0.1133    0.4280
 000083   F  0.632068  0.661681  0.561686    0.4749    0.5577    0.4970    0.1010    0.4705    0.1149    0.4232
 000084   E  0.685223  0.686900  0.568662    0.5549    0.6948    0.4040    0.0720    0.5043    0.1409    0.4233
 000085   D  0.738480  0.716139  0.580348    0.5711    0.6661    0.4680    0.0770    0.5267    0.1344    0.4231
 000086   E  0.791736  0.730910  0.590330    0.5623    0.5577    0.4830    0.1040    0.5210    0.1453    0.4255
 000087   G  0.836415  0.733269  0.596043    0.5374    0.4685    0.5250    0.1030    0.5168    0.1623    0.4285
 000088   E  0.845455  0.749140  0.603002    0.5549    0.5211    0.5260    0.1250    0.5327    0.1583    0.4299
 000089   A  0.846198  0.761850  0.612842    0.4918    0.4256    0.5790    0.1290    0.5174    0.1779    0.4308
 000090   E  0.848036  0.754474  0.623646    0.5514    0.4766    0.5570    0.1290    0.5313    0.1647    0.4306
 000091   D  0.840807  0.753395  0.634836    0.4825    0.4330    0.6170    0.1340    0.5211    0.1768    0.4302
 000092   P  0.835762  0.747805  0.645480    0.4556    0.4017    0.6000    0.1370    0.5067    0.1861    0.4296
 000093   T  0.827946  0.751060  0.653850    0.4420    0.4256    0.6150    0.1360    0.5102    0.1836    0.4320
 000094   G  0.823941  0.751271  0.663534    0.5043    0.5342    0.5450    0.1480    0.5264    0.1627    0.4317
 000095   R  0.832150  0.744862  0.674479    0.5084    0.4292    0.5350    0.1470    0.5082    0.1805    0.4287
 000096   A  0.838193  0.759276  0.680459    0.4918    0.4507    0.5150    0.1520    0.5092    0.1844    0.4291
 000097   V  0.855729  0.766168  0.689346    0.4078    0.4652    0.5470    0.1680    0.5070    0.1980    0.4314
 000098   L  0.868425  0.749174  0.696927    0.4379    0.4979    0.5300    0.1730    0.5139    0.1919    0.4325
 000099   A  0.880025  0.758346  0.704885    0.4600    0.3872    0.5110    0.1630    0.4994    0.2115    0.4301
 000100   L  0.900577  0.745803  0.709759    0.5126    0.3872    0.5350    0.1490    0.5135    0.2077    0.4268
 000101   A  0.921081  0.731362  0.706309    0.4203    0.3704    0.5630    0.1370    0.5011    0.2232    0.4245
 000102   A  0.944126  0.748082  0.703041    0.3806    0.3872    0.5380    0.1260    0.4997    0.2341    0.4217
 000103   A  0.963259  0.744516  0.699924    0.3456    0.3249    0.5340    0.1320    0.4853    0.2547    0.4175
 000104   Q  0.969335  0.776888  0.695621    0.3668    0.3087    0.5440    0.1260    0.4943    0.2580    0.4110
 000105   R  0.980097  0.772734  0.690716    0.3263    0.3249    0.5630    0.1180    0.4945    0.2625    0.4053
 000106   L  0.969375  0.771044  0.688589    0.3399    0.3053    0.5540    0.1160    0.4899    0.2611    0.3958
 000107   P  0.963634  0.779938  0.686808    0.3806    0.2575    0.5440    0.0950    0.4876    0.2644    0.3911
 000108   P  0.951349  0.784561  0.685026    0.3992    0.2470    0.5530    0.0870    0.4891    0.2614    0.3868
 000109   P  0.946605  0.780762  0.681470    0.3717    0.3149    0.5690    0.0880    0.4972    0.2485    0.3844
 000110   Y  0.942505  0.782975  0.678694    0.2963    0.3149    0.6040    0.0910    0.4902    0.2605    0.3864
 000111   A  0.931698  0.773796  0.674528    0.3630    0.3149    0.5450    0.1240    0.4881    0.2456    0.3912
 000112   G  0.922481  0.765900  0.670331    0.3456    0.3774    0.4770    0.1510    0.4815    0.2382    0.3941
 000113   P  0.918076  0.754595  0.666686    0.2700    0.3740    0.4480    0.1550    0.4608    0.2523    0.3951
 000114   A  0.877252  0.752739  0.657246    0.3263    0.3249    0.4320    0.1400    0.4522    0.2400    0.4013
 000115   R  0.839203  0.744094  0.645256    0.2657    0.3286    0.4150    0.1320    0.4321    0.2405    0.4049
 000116   E  0.790798  0.726969  0.637264    0.1878    0.3356    0.3660    0.1020    0.4012    0.2465    0.4020
 000117   A  0.747728  0.708838  0.629651    0.2657    0.3019    0.3450    0.0880    0.3948    0.2259    0.4068
 000118   L  0.675159  0.709947  0.622605    0.2333    0.2817    0.2960    0.0700    0.3660    0.2271    0.4053
 000119   L  0.602589  0.663723  0.614010    0.1205    0.2470    0.2680    0.0720    0.3169    0.2367    0.4050
 000120   R  0.526541  0.636646  0.604529    0.1060    0.1476    0.2910    0.0900    0.2846    0.2365    0.4086
 000121   A  0.448901  0.625456  0.595250    0.1635    0.2164    0.2810    0.0870    0.2893    0.2055    0.4001
 000122   L  0.369822  0.632153  0.583428    0.1178    0.2470    0.2490    0.0710    0.2694    0.2099    0.3921
 000123   P  0.315598  0.607303  0.574384    0.1178    0.2364    0.2180    0.0710    0.2492    0.2069    0.3887
 000124   A  0.266899  0.624351  0.568714    0.0965    0.1791    0.2050    0.0670    0.2286    0.2214    0.3938
 000125   L  0.222011  0.630232  0.564817    0.1117    0.1298    0.1960    0.0660    0.2149    0.2285    0.3955
 000126   E  0.181242  0.611795  0.559474    0.0858    0.1137    0.1890    0.0670    0.1970    0.2321    0.4079
 000127   G  0.156479  0.603834  0.557292    0.0441    0.0631    0.2020    0.0670    0.1782    0.2440    0.4297
 000128   F  0.129243  0.635412  0.552134    0.0455    0.0463    0.2470    0.0770    0.1839    0.2531    0.4209
 000129   T  0.114897  0.632038  0.543899    0.0441    0.0749    0.2710    0.0930    0.1895    0.2476    0.3985
 000130   S  0.096032  0.614620  0.533827    0.0425    0.0765    0.2710    0.0970    0.1835    0.2433    0.3728
 000131   L  0.076684  0.607927  0.527371    0.0414    0.0483    0.2580    0.1040    0.1721    0.2467    0.3542
 000132   R  0.067725  0.609673  0.523899    0.0279    0.0483    0.2550    0.1120    0.1681    0.2494    0.3315
 000133   G  0.061067  0.604131  0.521851    0.0279    0.0483    0.2490    0.1060    0.1651    0.2485    0.3150
 000134   R  0.056756  0.581144  0.521946    0.0160    0.0483    0.2890    0.1240    0.1652    0.2461    0.3053
 000135   A  0.049536  0.593892  0.523280    0.0102    0.0581    0.2830    0.1300    0.1657    0.2497    0.3041
 000136   Y  0.045907  0.585158  0.518347    0.0274    0.1048    0.2780    0.1250    0.1735    0.2386    0.3028
 000137   A  0.077469  0.589907  0.516334    0.0231    0.1115    0.2730    0.1120    0.1791    0.2347    0.3154
 000138   L  0.114703  0.578986  0.512209    0.0274    0.0581    0.2950    0.1160    0.1791    0.2332    0.3320
 000139   L  0.148911  0.576487  0.510300    0.0621    0.0719    0.3140    0.1320    0.1956    0.2212    0.3473
 000140   G  0.211567  0.560050  0.509202    0.0304    0.0749    0.3150    0.1300    0.1987    0.2177    0.3651
 000141   L  0.241062  0.541666  0.508450    0.0160    0.0631    0.3290    0.1340    0.1984    0.2177    0.3910
 000142   L  0.262916  0.567785  0.510548    0.0350    0.0851    0.3220    0.1260    0.2121    0.2151    0.4094
 000143   A  0.319361  0.548115  0.509713    0.0286    0.0985    0.3290    0.1320    0.2205    0.2098    0.4190
 000144   L  0.394103  0.563312  0.507314    0.0231    0.0817    0.3610    0.1350    0.2372    0.2196    0.4270
 000145   P  0.475088  0.582854  0.511269    0.0274    0.0518    0.3060    0.1140    0.2405    0.2348    0.4252
 000146   K  0.523356  0.605199  0.517226    0.0279    0.0646    0.3370    0.1100    0.2597    0.2425    0.4198
 000147   E  0.559563  0.597404  0.517219    0.0286    0.1229    0.3510    0.1120    0.2766    0.2351    0.4138
 000148   P  0.611625  0.596621  0.518578    0.0350    0.1476    0.3470    0.1110    0.2896    0.2376    0.3986
 000149   F  0.634511  0.588459  0.523524    0.0723    0.1476    0.3760    0.1050    0.3031    0.2319    0.3819
 000150   L  0.688103  0.594984  0.527193    0.1292    0.1476    0.3900    0.1120    0.3250    0.2308    0.3637
 000151   E  0.749067  0.579129  0.531009    0.0813    0.1424    0.3470    0.1070    0.3165    0.2545    0.3446
 000152   A  0.776636  0.568672  0.536087    0.0935    0.1823    0.3730    0.0980    0.3324    0.2503    0.3175
 000153   A  0.784885  0.581727  0.538667    0.1532    0.1554    0.3270    0.0830    0.3336    0.2489    0.2956
 000154   E  0.789221  0.574194  0.533602    0.1602    0.1759    0.3150    0.0830    0.3357    0.2444    0.2820
 000155   A  0.793556  0.529784  0.530203    0.1698    0.2645    0.3260    0.0770    0.3474    0.2253    0.2628
 000156   L  0.804890  0.545845  0.525805    0.1349    0.2034    0.3020    0.0730    0.3319    0.2461    0.2531
 000157   G  0.803303  0.528037  0.520231    0.1566    0.2258    0.2440    0.0870    0.3263    0.2421    0.2416
 000158   E  0.791393  0.494466  0.512973    0.1178    0.2364    0.2500    0.0940    0.3151    0.2407    0.2328
 000159   G  0.774902  0.490350  0.505326    0.1088    0.1791    0.2350    0.0840    0.2980    0.2454    0.2249
 000160   L  0.763888  0.482037  0.497946    0.1958    0.1759    0.2100    0.0820    0.3046    0.2299    0.2155
 000161   L  0.723790  0.444498  0.490074    0.2483    0.2783    0.1940    0.0690    0.3148    0.1980    0.2038
 000162   R  0.692081  0.436640  0.481451    0.1349    0.1731    0.1800    0.0540    0.2694    0.2187    0.1934
 000163   A  0.660373  0.415612  0.476283    0.1844    0.2258    0.1790    0.0420    0.2775    0.1942    0.1870
 000164   F  0.627055  0.417296  0.469692    0.1349    0.2575    0.2020    0.0510    0.2732    0.1866    0.1825
 000165   R  0.549879  0.400786  0.458155    0.1416    0.2715    0.1910    0.0430    0.2591    0.1648    0.1756
 000166   E  0.476354  0.422478  0.444803    0.1667    0.2193    0.2080    0.0510    0.2489    0.1469    0.1734
 000167   A  0.415906  0.469532  0.438287    0.2700    0.3087    0.2310    0.0650    0.2826    0.1158    0.1660
 000168   E  0.363166  0.469566  0.426111    0.1921    0.2129    0.2420    0.0720    0.2466    0.1289    0.1642
 000169   P  0.305219  0.472707  0.416939    0.1878    0.1702    0.2470    0.0740    0.2305    0.1321    0.1596
 000170   A  0.279262  0.473036  0.410460    0.1205    0.1823    0.2200    0.0910    0.2125    0.1420    0.1550
 000171   W  0.306861  0.450065  0.403978    0.1532    0.2609    0.1950    0.0740    0.2276    0.1255    0.1538
 000172   P  0.329542  0.435154  0.393209    0.2255    0.3286    0.1770    0.0590    0.2493    0.1108    0.1597
 000173   Y  0.369489  0.428457  0.379615    0.2333    0.3631    0.1660    0.0390    0.2600    0.1117    0.1621
 000174   P  0.437988  0.426833  0.366207    0.2558    0.3215    0.1380    0.0170    0.2633    0.1204    0.1663
 000175   G  0.458873  0.422071  0.350808    0.3630    0.4476    0.1230    0.0190    0.3025    0.1278    0.1671
 000176   P  0.450770  0.403935  0.334286    0.2913    0.4186    0.0980    0.0160    0.2772    0.1301    0.1719
 000177   L  0.434314  0.400929  0.323765    0.2786    0.3182    0.1010    0.0150    0.2555    0.1198    0.1754
 000178   T  0.467168  0.384378  0.313503    0.2748    0.2503    0.1130    0.0210    0.2483    0.1222    0.1829
 000179   Y  0.453112  0.370928  0.305251    0.1766    0.2034    0.1410    0.0320    0.2241    0.1226    0.1824
 000180   A  0.442526  0.358290  0.290583    0.0991    0.1028    0.1350    0.0330    0.1895    0.1422    0.1869
 000181   N  0.363181  0.355151  0.274861    0.1041    0.1251    0.1090    0.0310    0.1760    0.1219    0.1916
 000182   H  0.270454  0.333918  0.258059    0.1150    0.1424    0.0960    0.0260    0.1596    0.0989    0.1945
 000183   R  0.193061  0.321538  0.241943    0.0965    0.1007    0.0880    0.0260    0.1333    0.0960    0.1915
 000184   P  0.172805  0.302352  0.231222    0.0991    0.0870    0.0830    0.0210    0.1241    0.0907    0.1955
 000185   V  0.176498  0.286262  0.228364    0.0677    0.0704    0.0860    0.0190    0.1144    0.0925    0.1987
 000186   E  0.193693  0.254381  0.223500    0.0363    0.0676    0.0840    0.0200    0.1060    0.0916    0.2033
 000187   A  0.160841  0.233026  0.221157    0.0308    0.0555    0.0880    0.0290    0.0946    0.0868    0.2021
 000188   L  0.168508  0.213988  0.219799    0.0514    0.1028    0.0920    0.0350    0.1048    0.0733    0.1997
 000189   Y  0.111911  0.186390  0.215911    0.0478    0.0780    0.0860    0.0270    0.0850    0.0702    0.1939
 000190   A  0.130612  0.176650  0.210417    0.0909    0.0909    0.0810    0.0240    0.0949    0.0599    0.1944
 000191   Y  0.143951  0.191513  0.209330    0.0884    0.0929    0.0750    0.0260    0.0987    0.0627    0.1913
 000192   G  0.161969  0.197101  0.207195    0.0502    0.0506    0.0650    0.0210    0.0875    0.0766    0.1907
 000193   L  0.182184  0.182903  0.202197    0.0414    0.0414    0.0660    0.0160    0.0856    0.0782    0.1933
 000194   A  0.202232  0.182970  0.197005    0.0245    0.0424    0.0790    0.0240    0.0886    0.0816    0.1952
 000195   F  0.218768  0.197163  0.192182    0.0144    0.0341    0.0990    0.0310    0.0938    0.0874    0.1916
 000196   R  0.231216  0.206530  0.189668    0.0259    0.0443    0.0960    0.0240    0.1006    0.0866    0.1846
 000197   R  0.242871  0.241986  0.188153    0.0231    0.0240    0.0940    0.0230    0.1042    0.0986    0.1826
 000198   R  0.315429  0.268409  0.184111    0.0231    0.0244    0.0890    0.0230    0.1201    0.1181    0.1884
 000199   E  0.363491  0.286763  0.184529    0.0218    0.0205    0.0800    0.0230    0.1288    0.1346    0.1998
 000200   A  0.414621  0.296736  0.187267    0.0297    0.0223    0.0780    0.0210    0.1403    0.1483    0.2156
 000201   V  0.452968  0.292647  0.188740    0.0167    0.0263    0.0760    0.0230    0.1441    0.1603    0.2326
 000202   A  0.480552  0.260721  0.188631    0.0167    0.0555    0.0750    0.0250    0.1481    0.1612    0.2510
 000203   L  0.470802  0.235085  0.189738    0.0173    0.0555    0.0770    0.0230    0.1427    0.1560    0.2680
 000204   A  0.452184  0.220059  0.191793    0.0363    0.0506    0.0700    0.0150    0.1381    0.1477    0.2821
 000205   R  0.437064  0.205153  0.194472    0.0425    0.0300    0.0620    0.0090    0.1295    0.1452    0.2975
 000206   R  0.422678  0.187658  0.200014    0.0490    0.0676    0.0560    0.0120    0.1305    0.1351    0.3199
 000207   A  0.375643  0.178728  0.206335    0.0279    0.0835    0.0530    0.0120    0.1198    0.1229    0.3527
 000208   L  0.357197  0.183701  0.208844    0.0304    0.0870    0.0540    0.0140    0.1188    0.1170    0.3817
 000209   A  0.332065  0.193921  0.212952    0.0387    0.0985    0.0560    0.0150    0.1199    0.1082    0.3969
 000210   F  0.284690  0.220331  0.215305    0.0363    0.0967    0.0610    0.0160    0.1165    0.0989    0.4045
 000211   L  0.225934  0.234058  0.223053    0.0478    0.1184    0.0670    0.0170    0.1156    0.0863    0.4009
 000212   K  0.202620  0.246924  0.229529    0.0858    0.1070    0.0750    0.0210    0.1196    0.0800    0.3885
 000213   E  0.187158  0.266499  0.241703    0.1117    0.0631    0.0840    0.0240    0.1188    0.0875    0.3788
 000214   H  0.172816  0.273965  0.252585    0.1205    0.0494    0.0960    0.0260    0.1188    0.0915    0.3702
 000215   Y  0.158948  0.281798  0.265089    0.0965    0.0646    0.1090    0.0320    0.1186    0.0942    0.3616
 000216   F  0.116678  0.305211  0.274956    0.0607    0.0799    0.1120    0.0310    0.1124    0.1060    0.3545
 000217   T  0.081464  0.338664  0.284090    0.0701    0.0531    0.1140    0.0290    0.1095    0.1215    0.3436
 000218   P  0.041293  0.380552  0.289176    0.1060    0.0646    0.1400    0.0280    0.1221    0.1324    0.3210
 000219   G  0.034019  0.392644  0.291129    0.1205    0.1162    0.1790    0.0360    0.1403    0.1292    0.2982
 000220   E  0.038126  0.386633  0.297335    0.1532    0.1323    0.1950    0.0470    0.1508    0.1239    0.2818
 000221   E  0.050513  0.387578  0.306060    0.2432    0.1298    0.1580    0.0470    0.1615    0.1238    0.2649
 000222   G  0.069986  0.367391  0.314202    0.3263    0.1583    0.1190    0.0360    0.1736    0.1255    0.2520
 000223   L  0.104564  0.334985  0.324688    0.2432    0.1731    0.1010    0.0290    0.1595    0.1094    0.2463
 000224   F  0.170018  0.316094  0.332012    0.1878    0.1528    0.0850    0.0280    0.1519    0.1045    0.2372
 000225   F  0.240326  0.313567  0.338546    0.2122    0.1528    0.0860    0.0290    0.1675    0.1039    0.2237
 000226   D  0.302367  0.316587  0.344711    0.2865    0.2436    0.1010    0.0290    0.2083    0.0983    0.2112
 000227   P  0.341323  0.303483  0.347974    0.3762    0.3774    0.1100    0.0310    0.2515    0.1091    0.1987
 000228   V  0.347602  0.310987  0.348971    0.3717    0.3631    0.1310    0.0400    0.2541    0.1015    0.1845
 000229   G  0.354209  0.319036  0.351216    0.3578    0.3667    0.1490    0.0500    0.2577    0.0963    0.1790
 000230   N  0.356912  0.337752  0.352034    0.3456    0.2817    0.1770    0.0660    0.2498    0.0868    0.1761
 000231   R  0.359526  0.386902  0.354106    0.3762    0.1583    0.1970    0.0620    0.2464    0.1089    0.1726
 000232   F  0.374579  0.424902  0.351009    0.2913    0.1554    0.2370    0.0870    0.2472    0.1073    0.1727
 000233   M  0.358434  0.453188  0.347645    0.2080    0.1671    0.2580    0.0820    0.2408    0.1134    0.1750
 000234   E  0.361401  0.488672  0.344517    0.3005    0.2609    0.2600    0.0750    0.2786    0.0970    0.1734
 000235   R  0.362233  0.517011  0.340805    0.3885    0.4017    0.2760    0.0890    0.3242    0.0926    0.1747
 000236   G  0.405738  0.521395  0.335702    0.4879    0.4220    0.2860    0.0890    0.3538    0.0986    0.1825
 000237   G  0.468672  0.550526  0.332254    0.5084    0.4256    0.2510    0.0870    0.3674    0.1168    0.1877
 000238   E  0.529797  0.558982  0.327500    0.3762    0.3667    0.2510    0.0960    0.3471    0.1219    0.1929
 000239   K  0.598353  0.546727  0.321324    0.4600    0.4369    0.2350    0.0820    0.3796    0.1353    0.2017
 000240   P  0.656662  0.526424  0.314104    0.4203    0.3667    0.2040    0.0550    0.3624    0.1551    0.2061
 000241   L  0.662014  0.514167  0.304735    0.4203    0.3215    0.2230    0.0680    0.3568    0.1548    0.2087
 000242   F  0.624907  0.466167  0.293783    0.3491    0.2436    0.2430    0.0780    0.3212    0.1454    0.2134
 000243   D  0.558159  0.435193  0.286648    0.4037    0.2752    0.2200    0.0850    0.3154    0.1242    0.2198
 000244   Q  0.513370  0.395594  0.275436    0.3630    0.2884    0.1960    0.0850    0.2928    0.1109    0.2279
 000245   Q  0.428891  0.352560  0.264026    0.2558    0.2752    0.1660    0.0680    0.2464    0.0933    0.2388
 000246   P  0.352697  0.302720  0.250060    0.2333    0.1969    0.1400    0.0520    0.2043    0.0804    0.2475
 000247   I  0.289764  0.280491  0.236101    0.2209    0.1914    0.1350    0.0490    0.1862    0.0658    0.2532
 000248   E  0.221186  0.258201  0.221917    0.1416    0.1028    0.1240    0.0420    0.1413    0.0687    0.2642
 000249   A  0.172112  0.232981  0.210261    0.1240    0.0929    0.1140    0.0290    0.1227    0.0622    0.2802
 000250   K  0.131504  0.209008  0.203188    0.0660    0.1028    0.1000    0.0180    0.1015    0.0633    0.2972
 000251   C  0.132386  0.186197  0.195454    0.0542    0.0835    0.0940    0.0210    0.0917    0.0617    0.3179
 000252   A  0.187280  0.151391  0.186839    0.0935    0.0909    0.1030    0.0430    0.1044    0.0519    0.3364
 000253   L  0.204151  0.121664  0.178404    0.1349    0.1092    0.1020    0.0490    0.1120    0.0477    0.3518
 000254   L  0.260094  0.106254  0.168533    0.0771    0.0835    0.0880    0.0340    0.1024    0.0712    0.3633
 000255   A  0.262529  0.102634  0.161672    0.0376    0.0851    0.0720    0.0210    0.0933    0.0786    0.3703
 000256   H  0.252011  0.105313  0.154558    0.0268    0.0494    0.0630    0.0180    0.0827    0.0806    0.3756
 000257   L  0.236285  0.122047  0.147114    0.0226    0.0341    0.0580    0.0170    0.0788    0.0785    0.3817
 000258   R  0.204566  0.131407  0.140599    0.0268    0.0306    0.0520    0.0190    0.0743    0.0699    0.3860
 000259   F  0.189772  0.153835  0.136421    0.0179    0.0174    0.0520    0.0200    0.0718    0.0720    0.3958
 000260   G  0.176059  0.172230  0.133038    0.0102    0.0119    0.0510    0.0190    0.0703    0.0741    0.3990
 000261   E  0.117395  0.177758  0.129920    0.0062    0.0078    0.0550    0.0210    0.0606    0.0678    0.4037
 000262   R  0.072377  0.160464  0.123460    0.0055    0.0100    0.0590    0.0210    0.0512    0.0598    0.4085
 000263   V  0.029263  0.141598  0.119428    0.0028    0.0113    0.0590    0.0210    0.0406    0.0565    0.4199
 000264   L  0.038960  0.115544  0.115454    0.0052    0.0168    0.0630    0.0210    0.0400    0.0478    0.4317
 000265   A  0.049829  0.091064  0.113086    0.0086    0.0294    0.0620    0.0230    0.0401    0.0400    0.4310
 000266   E  0.064576  0.074256  0.112972    0.0102    0.0349    0.0570    0.0240    0.0402    0.0371    0.4282
 000267   V  0.080298  0.072198  0.115246    0.0118    0.0205    0.0540    0.0190    0.0398    0.0403    0.4261
 000268   A  0.084431  0.067739  0.113838    0.0226    0.0327    0.0430    0.0070    0.0417    0.0369    0.4253
 000269   F  0.084186  0.063053  0.115113    0.0124    0.0275    0.0420    0.0080    0.0381    0.0397    0.4280
 000270   L  0.083934  0.062153  0.117513    0.0274    0.0704    0.0410    0.0110    0.0475    0.0352    0.4250
 000271   W  0.084828  0.065670  0.119411    0.0218    0.0398    0.0470    0.0140    0.0432    0.0377    0.4102
 000272   F  0.076040  0.082546  0.120427    0.0252    0.0231    0.0490    0.0140    0.0427    0.0397    0.3861
 000273   H  0.063295  0.106992  0.122213    0.0144    0.0248    0.0490    0.0150    0.0430    0.0446    0.3549
 000274   G  0.050864  0.125028  0.121951    0.0160    0.0313    0.0580    0.0170    0.0469    0.0467    0.3217
 000275   R  0.036651  0.146049  0.121731    0.0363    0.0253    0.0770    0.0190    0.0535    0.0502    0.2895
 000276   N  0.027277  0.165432  0.122082    0.0387    0.0306    0.0980    0.0300    0.0600    0.0560    0.2657
 000277   R  0.031893  0.185727  0.128290    0.0167    0.0334    0.1170    0.0400    0.0641    0.0657    0.2457
 000278   L  0.044841  0.212486  0.130460    0.0304    0.0398    0.1190    0.0360    0.0743    0.0685    0.2311
 000279   R  0.057807  0.243556  0.133418    0.0464    0.0518    0.1120    0.0330    0.0852    0.0724    0.2198
 000280   A  0.075094  0.250456  0.135450    0.0621    0.1070    0.1120    0.0290    0.1011    0.0656    0.2143
 000281   P  0.089535  0.255069  0.135144    0.1178    0.1028    0.1040    0.0300    0.1115    0.0603    0.2134
 000282   L  0.104747  0.258549  0.133131    0.1958    0.1942    0.1440    0.0460    0.1495    0.0553    0.2098
 000283   V  0.125114  0.240371  0.131303    0.2041    0.3356    0.1500    0.0600    0.1758    0.0772    0.2145
 000284   D  0.149147  0.233608  0.129996    0.2167    0.3356    0.1650    0.0780    0.1834    0.0721    0.2299
 000285   A  0.180870  0.253464  0.127726    0.2483    0.3392    0.2400    0.1190    0.2104    0.0689    0.2460
 000286   F  0.230002  0.289312  0.125976    0.2483    0.3740    0.3220    0.1590    0.2439    0.0808    0.2618
 000287   G  0.254654  0.313424  0.124479    0.2432    0.3740    0.3400    0.1430    0.2543    0.0839    0.2785
 000288   P  0.263923  0.373111  0.123748    0.2820    0.3872    0.3580    0.1540    0.2774    0.0927    0.2959
 000289   M  0.280049  0.436699  0.123461    0.3717    0.4940    0.4090    0.1750    0.3319    0.1231    0.3072
 000290   D  0.329214  0.474325  0.122678    0.3885    0.4940    0.3940    0.1550    0.3467    0.1241    0.3156
 000291   G  0.389418  0.514302  0.122176    0.4203    0.5342    0.3890    0.1600    0.3745    0.1362    0.3167
 000292   L  0.433039  0.573476  0.122706    0.3885    0.4652    0.3420    0.1140    0.3670    0.1399    0.3180
 000293   T  0.514095  0.610641  0.121748    0.4749    0.5854    0.3040    0.0900    0.4148    0.1728    0.3265
 000294   P  0.580325  0.630438  0.118492    0.5084    0.6427    0.3470    0.1180    0.4515    0.1872    0.3288
 000295   H  0.616061  0.663092  0.117279    0.5229    0.5176    0.4560    0.1580    0.4626    0.1778    0.3199
 000296   G  0.659792  0.687543  0.114630    0.5173    0.4619    0.5260    0.1710    0.4754    0.1887    0.3094
 000297   P  0.707069  0.684703  0.110241    0.5296    0.5620    0.5550    0.2060    0.5063    0.1979    0.3007
 000298   N  0.736303  0.682359  0.105297    0.4513    0.4507    0.5820    0.2060    0.4837    0.2075    0.2877
 000299   Q  0.676221  0.680850  0.103047    0.3885    0.3356    0.5910    0.1320    0.4454    0.2091    0.2717
 000300   N  0.609581  0.638002  0.098487    0.3535    0.2988    0.6070    0.1030    0.4177    0.2005    0.2591
 000301   R  0.548032  0.561364  0.093496    0.2657    0.2609    0.5430    0.0980    0.3632    0.1819    0.2493
 000302   G  0.445673  0.455157  0.089367    0.1844    0.1643    0.4850    0.1630    0.2891    0.1617    0.2467
 000303   A  0.342441  0.378710  0.086137    0.2432    0.2575    0.3930    0.1830    0.2692    0.1058    0.2470
 000304   E  0.249128  0.289834  0.082270    0.1602    0.2164    0.2870    0.1280    0.2005    0.0750    0.2467
 000305   A  0.168267  0.210462  0.080568    0.1416    0.1229    0.2160    0.1030    0.1432    0.0497    0.2479
 000306   L  0.095461  0.152965  0.078498    0.1240    0.0799    0.1910    0.0850    0.1072    0.0429    0.2541
 000307   L  0.027962  0.107621  0.076258    0.0723    0.0851    0.1560    0.0700    0.0749    0.0409    0.2609
 000308   A  0.020057  0.072649  0.068291    0.0376    0.0719    0.1330    0.0610    0.0558    0.0370    0.2675
 000309   Y  0.010856  0.065336  0.064357    0.0395    0.0414    0.1240    0.0520    0.0468    0.0364    0.2764
 000310   L  0.007659  0.061232  0.059251    0.0363    0.0198    0.0890    0.0260    0.0357    0.0292    0.2912
 000311   L  0.004134  0.053982  0.055025    0.0200    0.0218    0.0690    0.0170    0.0282    0.0250    0.3089
 000312   A  0.002433  0.047062  0.053091    0.0097    0.0240    0.0580    0.0180    0.0235    0.0232    0.3284
 000313   W  0.001770  0.050286  0.052841    0.0121    0.0160    0.0590    0.0230    0.0232    0.0242    0.3443
 000314   Q  0.000943  0.055077  0.052367    0.0160    0.0202    0.0600    0.0260    0.0253    0.0242    0.3482
 000315   A  0.000521  0.056035  0.052557    0.0075    0.0202    0.0540    0.0160    0.0231    0.0248    0.3534
 000316   L  0.000628  0.063552  0.054061    0.0099    0.0240    0.0510    0.0110    0.0248    0.0253    0.3607
 000317   V  0.000885  0.078851  0.056922    0.0231    0.0258    0.0510    0.0110    0.0300    0.0273    0.3621
 000318   Q  0.001670  0.089767  0.060100    0.0387    0.0372    0.0600    0.0140    0.0379    0.0288    0.3642
 000319   G  0.002262  0.112472  0.072404    0.0259    0.0258    0.0750    0.0170    0.0402    0.0394    0.3660
 000320   V  0.009513  0.141314  0.081902    0.0327    0.0483    0.1070    0.0360    0.0565    0.0470    0.3692
 000321   F  0.016423  0.163734  0.093055    0.0274    0.0799    0.1220    0.0390    0.0682    0.0534    0.3705
 000322   P  0.021345  0.195557  0.106630    0.0455    0.0851    0.1120    0.0310    0.0766    0.0583    0.3640
 000323   Q  0.070447  0.241098  0.120497    0.0526    0.0506    0.1570    0.0380    0.0953    0.0708    0.3478
 000324   V  0.108602  0.260458  0.133330    0.0542    0.0817    0.2020    0.0400    0.1179    0.0743    0.3378
 000325   D  0.134764  0.262114  0.145108    0.0268    0.0424    0.2330    0.0840    0.1165    0.0908    0.3402
 000326   E  0.166278  0.254434  0.147860    0.0268    0.0531    0.2500    0.1190    0.1251    0.0907    0.3337
 000327   G  0.207968  0.236962  0.150763    0.0259    0.0888    0.2970    0.1390    0.1427    0.0944    0.3220
 000328   V  0.248356  0.195568  0.154416    0.0414    0.1298    0.2540    0.0870    0.1449    0.0777    0.3115
 000329   A  0.282107  0.163056  0.158234    0.0395    0.1449    0.2480    0.0930    0.1463    0.0823    0.3010
 000330   L  0.338439  0.156384  0.162375    0.0387    0.1373    0.2900    0.1310    0.1601    0.1032    0.2945
 000331   G  0.412733  0.152960  0.167737    0.0771    0.1731    0.2980    0.0690    0.1856    0.1136    0.2857
 000332   R  0.454487  0.164741  0.172989    0.1698    0.2645    0.3280    0.1120    0.2302    0.1097    0.2766
 000333   V  0.511340  0.203642  0.178697    0.1805    0.2002    0.3850    0.1460    0.2467    0.1304    0.2751
 000334   F  0.549416  0.287948  0.185640    0.2167    0.1611    0.3940    0.1150    0.2681    0.1391    0.2854
 000335   A  0.593658  0.403899  0.192545    0.3491    0.2129    0.4750    0.2270    0.3391    0.1443    0.2779
 000336   L  0.654815  0.549972  0.200031    0.3806    0.1643    0.5630    0.2000    0.3855    0.1891    0.2697
 000337   G  0.855928  0.684032  0.207715    0.4037    0.1206    0.6220    0.0950    0.4477    0.2644    0.2678
 000338   G  0.579643  0.798078  0.216547    0.4513    0.0888    0.7380    0.0470    0.4427    0.2610    0.2701
 000339   R  0.684627  0.860573  0.226182    0.5846    0.1298    0.7990    0.1010    0.5098    0.2792    0.2746
 000340   P  0.933176  0.862840  0.237030    0.6715    0.1275    0.8860    0.0520    0.5802    0.3238    0.2830
