#RESNUM RES     VL-XT     VSL2B       VL3  IUPred-S  IUPred-L  PONDRFIT  FITERROR       MDP  MDPERROR   ANCHOR2
 000001   M  0.777736  0.743286  0.230608    0.5412    0.0160    0.9340    0.0360    0.5020    0.3245    0.3253
 000002   R  0.460813  0.679203  0.220532    0.4116    0.0115    0.8700    0.0200    0.4055    0.2838    0.3195
 000003   K  0.394794  0.623368  0.211791    0.3717    0.0092    0.8360    0.0550    0.3725    0.2695    0.3240
 000004   L  0.427487  0.492128  0.204125    0.2255    0.0123    0.6290    0.1120    0.2977    0.2080    0.3303
 000005   A  0.383880  0.366579  0.196849    0.1117    0.0097    0.5330    0.0730    0.2342    0.1808    0.3405
 000006   A  0.321477  0.248033  0.189888    0.0884    0.0130    0.5380    0.0830    0.2015    0.1723    0.3510
 000007   F  0.281511  0.171436  0.183689    0.0350    0.0104    0.4700    0.0650    0.1613    0.1575    0.3732
 000008   L  0.249094  0.113241  0.177960    0.0274    0.0115    0.5450    0.1240    0.1577    0.1821    0.3738
 000009   G  0.217683  0.086538  0.172239    0.0087    0.0151    0.4700    0.1300    0.1330    0.1601    0.3714
 000010   L  0.191742  0.084075  0.167138    0.0055    0.0191    0.4660    0.1870    0.1278    0.1575    0.3672
 000011   V  0.160362  0.084331  0.162669    0.0037    0.0202    0.7510    0.1360    0.1700    0.2567    0.3605
 000012   G  0.131231  0.095909  0.158434    0.0061    0.0253    0.6260    0.1280    0.1475    0.2110    0.3567
 000013   L  0.106765  0.118049  0.158012    0.0042    0.0287    0.5860    0.1510    0.1405    0.1962    0.3530
 000014   L  0.104927  0.153530  0.159024    0.0044    0.0174    0.4900    0.1380    0.1284    0.1636    0.3422
 000015   S  0.104434  0.183935  0.159968    0.0109    0.0178    0.3830    0.1230    0.1167    0.1281    0.3230
 000016   L  0.157455  0.211351  0.163934    0.0082    0.0227    0.4070    0.1430    0.1344    0.1353    0.3006
 000017   G  0.214842  0.243122  0.167125    0.0067    0.0263    0.3760    0.1370    0.1445    0.1301    0.2797
 000018   L  0.271514  0.267953  0.173499    0.0150    0.0320    0.3790    0.1470    0.1609    0.1350    0.2593
 000019   A  0.317689  0.295888  0.178071    0.0316    0.0605    0.3160    0.1410    0.1703    0.1225    0.2410
 000020   Q  0.391152  0.313475  0.182562    0.0182    0.0581    0.2830    0.1160    0.1774    0.1385    0.2251
 000021   S  0.470819  0.332143  0.189073    0.0455    0.1070    0.2490    0.0850    0.2007    0.1447    0.2153
 000022   A  0.551741  0.348842  0.198091    0.0744    0.0985    0.2520    0.0930    0.2208    0.1652    0.2069
 000023   Q  0.570608  0.346837  0.206131    0.0744    0.0985    0.2530    0.0960    0.2239    0.1706    0.1977
 000024   E  0.583958  0.338615  0.210591    0.0832    0.1643    0.2800    0.1060    0.2418    0.1633    0.1939
 000025   I  0.568460  0.356186  0.216444    0.1495    0.2783    0.2600    0.0950    0.2687    0.1382    0.1916
 000026   L  0.548027  0.372087  0.218678    0.1495    0.1852    0.2220    0.0880    0.2461    0.1422    0.2000
 000027   D  0.514604  0.371639  0.219921    0.2820    0.2715    0.2050    0.0880    0.2742    0.1119    0.2112
 000028   R  0.484747  0.378493  0.224409    0.1921    0.2399    0.2250    0.1020    0.2533    0.1117    0.2162
 000029   V  0.445873  0.399436  0.226604    0.2963    0.3356    0.2120    0.1110    0.2816    0.0930    0.2227
 000030   E  0.409697  0.373809  0.226237    0.3053    0.2951    0.1760    0.0880    0.2600    0.0883    0.2368
 000031   K  0.329894  0.361682  0.229881    0.3096    0.2951    0.1810    0.0720    0.2462    0.0723    0.2480
 000032   N  0.298780  0.353239  0.230613    0.2432    0.2988    0.1770    0.0420    0.2284    0.0688    0.2567
 000033   L  0.275893  0.350602  0.238337    0.2865    0.3249    0.2010    0.0510    0.2397    0.0640    0.2667
 000034   S  0.257863  0.337564  0.242499    0.2913    0.2258    0.1870    0.0670    0.2167    0.0626    0.2768
 000035   T  0.270220  0.338468  0.250090    0.2748    0.2164    0.1910    0.0640    0.2151    0.0627    0.2784
 000036   P  0.309658  0.316031  0.253077    0.2820    0.3117    0.2000    0.0740    0.2365    0.0592    0.2741
 000037   W  0.354730  0.291760  0.255894    0.3762    0.4292    0.1960    0.0720    0.2747    0.0888    0.2584
 000038   Q  0.408228  0.282638  0.258842    0.3630    0.4149    0.1860    0.0640    0.2758    0.0938    0.2413
 000039   A  0.457149  0.289105  0.264536    0.4037    0.4186    0.1780    0.0490    0.2910    0.1081    0.2324
 000040   T  0.546844  0.303391  0.271303    0.4825    0.5098    0.1830    0.0390    0.3377    0.1436    0.2236
 000041   V  0.626792  0.327756  0.278335    0.4703    0.5098    0.1840    0.0390    0.3531    0.1570    0.2097
 000042   Q  0.699761  0.352202  0.282197    0.4825    0.5254    0.1820    0.0440    0.3737    0.1763    0.2013
 000043   G  0.745411  0.403827  0.295467    0.4825    0.4220    0.2040    0.0490    0.3763    0.1764    0.1957
 000044   R  0.775934  0.442885  0.304741    0.5711    0.4292    0.2430    0.0740    0.4104    0.1825    0.1908
 000045   I  0.785937  0.473799  0.312912    0.4967    0.4051    0.3110    0.1000    0.4122    0.1687    0.1894
 000046   Q  0.795940  0.502046  0.319753    0.4245    0.3872    0.3190    0.1090    0.4048    0.1721    0.1963
 000047   G  0.792644  0.542006  0.323473    0.3578    0.2817    0.3250    0.0960    0.3832    0.1874    0.2077
 000048   P  0.789593  0.542784  0.319272    0.4379    0.2951    0.3410    0.1140    0.4010    0.1798    0.2223
 000049   G  0.786542  0.519786  0.308816    0.3630    0.2680    0.3430    0.1280    0.3801    0.1844    0.2366
 000050   G  0.789732  0.500247  0.297399    0.3096    0.2164    0.3460    0.1340    0.3603    0.1964    0.2507
 000051   E  0.792789  0.522075  0.290839    0.2748    0.2399    0.3020    0.1170    0.3552    0.2025    0.2645
 000052   E  0.806269  0.484849  0.287616    0.2531    0.3117    0.2430    0.0880    0.3499    0.2052    0.2812
 000053   E  0.792147  0.431385  0.284749    0.2820    0.2817    0.2020    0.0680    0.3315    0.2025    0.2928
 000054   L  0.757193  0.375628  0.280698    0.2820    0.2752    0.1800    0.0660    0.3117    0.1928    0.3030
 000055   L  0.712650  0.314897  0.275181    0.2558    0.1969    0.1650    0.0600    0.2743    0.1880    0.3085
 000056   A  0.697388  0.249396  0.269260    0.3311    0.1914    0.1560    0.0620    0.2709    0.1850    0.3106
 000057   R  0.645576  0.215367  0.263946    0.2531    0.1852    0.1420    0.0560    0.2403    0.1723    0.3127
 000058   V  0.573592  0.193061  0.256893    0.1698    0.1251    0.1140    0.0290    0.1960    0.1626    0.3146
 000059   Y  0.497556  0.167348  0.245749    0.1322    0.1137    0.1030    0.0200    0.1690    0.1430    0.3175
 000060   A  0.413260  0.155115  0.237369    0.0789    0.0592    0.0970    0.0200    0.1340    0.1285    0.3144
 000061   L  0.330952  0.152938  0.229683    0.0813    0.0356    0.0960    0.0190    0.1162    0.1068    0.3155
 000062   P  0.264167  0.142984  0.218867    0.0425    0.0320    0.0970    0.0170    0.0964    0.0934    0.3175
 000063   Q  0.218946  0.136871  0.211610    0.0231    0.0364    0.0990    0.0250    0.0857    0.0844    0.3152
 000064   A  0.196661  0.129197  0.201175    0.0194    0.0341    0.1070    0.0410    0.0811    0.0783    0.3221
 000065   R  0.151613  0.123238  0.194791    0.0395    0.0568    0.1040    0.0370    0.0792    0.0622    0.3280
 000066   L  0.144595  0.111703  0.185812    0.0587    0.0555    0.0980    0.0330    0.0782    0.0554    0.3417
 000067   F  0.140141  0.122414  0.180982    0.0701    0.0704    0.0850    0.0210    0.0813    0.0506    0.3528
 000068   R  0.142754  0.142936  0.176579    0.0363    0.0734    0.0820    0.0150    0.0796    0.0568    0.3491
 000069   V  0.149013  0.164007  0.171421    0.0567    0.1229    0.0900    0.0220    0.0972    0.0500    0.3470
 000070   E  0.151161  0.199141  0.165309    0.0991    0.1070    0.0960    0.0300    0.1087    0.0473    0.3452
 000071   F  0.150427  0.240763  0.159111    0.1178    0.1323    0.1310    0.0450    0.1287    0.0484    0.3556
 000072   L  0.185312  0.270089  0.151766    0.1060    0.1399    0.1710    0.0660    0.1453    0.0569    0.3532
 000073   K  0.198963  0.316707  0.148686    0.0858    0.0662    0.1930    0.0630    0.1434    0.0865    0.3425
 000074   P  0.250592  0.347326  0.136826    0.0502    0.0690    0.2230    0.0590    0.1567    0.1072    0.3351
 000075   G  0.262031  0.348826  0.125940    0.0336    0.0909    0.2300    0.0580    0.1609    0.1100    0.3214
 000076   S  0.253043  0.326977  0.113525    0.0363    0.0909    0.2130    0.0540    0.1534    0.1023    0.3105
 000077   L  0.236888  0.326869  0.103170    0.0607    0.1583    0.2020    0.0510    0.1641    0.0891    0.2934
 000078   E  0.225135  0.308486  0.092969    0.0991    0.1852    0.1810    0.0690    0.1665    0.0754    0.2783
 000079   G  0.215653  0.303906  0.084819    0.1117    0.1137    0.1750    0.0570    0.1533    0.0764    0.2699
 000080   N  0.206525  0.285138  0.079663    0.1117    0.1791    0.1610    0.0440    0.1572    0.0675    0.2645
 000081   F  0.163224  0.255289  0.075865    0.0554    0.1028    0.1370    0.0330    0.1189    0.0671    0.2598
 000082   T  0.127786  0.223415  0.067633    0.1060    0.1162    0.1090    0.0200    0.1138    0.0490    0.2470
 000083   V  0.049954  0.193102  0.059345    0.1060    0.1115    0.1060    0.0250    0.0945    0.0474    0.2386
 000084   I  0.007089  0.168867  0.047458    0.0677    0.0676    0.1040    0.0250    0.0692    0.0508    0.2392
 000085   T  0.002056  0.152535  0.039335    0.0336    0.0581    0.0920    0.0270    0.0564    0.0488    0.2437
 000086   E  0.001628  0.145262  0.035349    0.0179    0.0631    0.0750    0.0210    0.0505    0.0473    0.2488
 000087   K  0.001413  0.138233  0.031740    0.0179    0.0662    0.0610    0.0150    0.0474    0.0447    0.2523
 000088   E  0.001207  0.117166  0.030755    0.0405    0.0676    0.0530    0.0170    0.0466    0.0361    0.2558
 000089   V  0.000718  0.099572  0.031224    0.0405    0.0398    0.0450    0.0140    0.0376    0.0297    0.2603
 000090   W  0.000791  0.082298  0.032690    0.0231    0.0223    0.0420    0.0120    0.0283    0.0256    0.2679
 000091   N  0.004951  0.072214  0.034365    0.0128    0.0202    0.0350    0.0110    0.0241    0.0225    0.2650
 000092   Y  0.005697  0.057215  0.036418    0.0137    0.0483    0.0330    0.0120    0.0263    0.0190    0.2620
 000093   L  0.005574  0.051443  0.039069    0.0131    0.0433    0.0330    0.0140    0.0244    0.0176    0.2629
 000094   Y  0.005652  0.047586  0.040299    0.0308    0.0749    0.0360    0.0160    0.0325    0.0217    0.2611
 000095   L  0.005680  0.049469  0.041717    0.0554    0.1275    0.0420    0.0160    0.0467    0.0373    0.2533
 000096   T  0.005728  0.067911  0.044137    0.0621    0.1028    0.0510    0.0170    0.0482    0.0300    0.2415
 000097   N  0.006955  0.086920  0.045815    0.0567    0.0929    0.0680    0.0170    0.0519    0.0296    0.2284
 000098   Q  0.007544  0.105292  0.049645    0.0464    0.0531    0.0900    0.0180    0.0503    0.0327    0.2143
 000099   L  0.013982  0.138129  0.055344    0.0425    0.0494    0.1210    0.0290    0.0608    0.0452    0.2031
 000100   V  0.010680  0.174099  0.067041    0.0376    0.0780    0.1420    0.0470    0.0738    0.0579    0.1900
 000101   I  0.012377  0.228750  0.080686    0.0701    0.0888    0.1780    0.0590    0.0963    0.0733    0.1782
 000102   S  0.017709  0.294054  0.093824    0.0701    0.0817    0.1960    0.0720    0.1100    0.0935    0.1741
 000103   P  0.023392  0.357214  0.109778    0.0677    0.0749    0.2220    0.0760    0.1242    0.1154    0.1697
 000104   R  0.029775  0.403471  0.121268    0.1150    0.1070    0.2430    0.0900    0.1497    0.1234    0.1685
 000105   E  0.033991  0.437145  0.135654    0.1088    0.2002    0.2060    0.0750    0.1643    0.1280    0.1734
 000106   K  0.039400  0.439264  0.153905    0.1456    0.2849    0.1950    0.0740    0.1840    0.1283    0.1817
 000107   A  0.064376  0.454779  0.176670    0.1766    0.2783    0.1950    0.0690    0.1949    0.1240    0.1893
 000108   K  0.082596  0.437138  0.197218    0.1805    0.1881    0.1910    0.0700    0.1799    0.1127    0.1976
 000109   I  0.095477  0.420862  0.215217    0.1766    0.1881    0.1740    0.0680    0.1759    0.1066    0.2113
 000110   Q  0.102232  0.389760  0.224734    0.1805    0.2783    0.1120    0.0380    0.1771    0.1062    0.2287
 000111   G  0.097632  0.357618  0.233925    0.2531    0.2715    0.0870    0.0300    0.1778    0.1038    0.2538
 000112   L  0.093444  0.314194  0.239712    0.3668    0.3599    0.1060    0.0450    0.2067    0.1188    0.2818
 000113   G  0.090703  0.284808  0.244350    0.2865    0.3356    0.1250    0.0570    0.1871    0.0983    0.3020
 000114   F  0.090322  0.272649  0.248451    0.2483    0.2258    0.1600    0.0720    0.1661    0.0755    0.3237
 000115   A  0.093160  0.299735  0.260277    0.2209    0.2292    0.1870    0.0840    0.1717    0.0779    0.3335
 000116   P  0.112634  0.311899  0.272113    0.1380    0.2258    0.2050    0.0910    0.1655    0.0832    0.3358
 000117   Q  0.119875  0.330194  0.284468    0.1495    0.2328    0.2200    0.0960    0.1754    0.0865    0.3326
 000118   G  0.136838  0.369731  0.300801    0.1878    0.1969    0.2370    0.1020    0.1881    0.0920    0.3330
 000119   L  0.158393  0.399824  0.315712    0.2041    0.2094    0.2290    0.0830    0.2001    0.0965    0.3325
 000120   G  0.226923  0.404665  0.335593    0.2333    0.2224    0.2060    0.0600    0.2155    0.0920    0.3281
 000121   D  0.310242  0.435428  0.357155    0.2432    0.2164    0.2040    0.0540    0.2349    0.1018    0.3228
 000122   L  0.396480  0.448666  0.373730    0.1698    0.1449    0.2230    0.0640    0.2306    0.1333    0.3103
 000123   K  0.477294  0.442403  0.387687    0.2531    0.2224    0.2310    0.0780    0.2711    0.1223    0.2969
 000124   A  0.551577  0.437682  0.399756    0.1732    0.2224    0.2560    0.0900    0.2734    0.1490    0.2886
 000125   L  0.585861  0.449985  0.413866    0.2700    0.3321    0.2230    0.0700    0.3101    0.1391    0.2800
 000126   S  0.640209  0.451968  0.430091    0.3096    0.2918    0.2160    0.0750    0.3183    0.1556    0.2754
 000127   E  0.699462  0.451198  0.442917    0.2820    0.2541    0.2070    0.0640    0.3156    0.1819    0.2705
 000128   Q  0.759592  0.452079  0.452355    0.2122    0.1759    0.2190    0.0540    0.3032    0.2177    0.2676
 000129   V  0.782448  0.447544  0.454376    0.1998    0.2034    0.2300    0.0560    0.3105    0.2208    0.2668
 000130   D  0.788600  0.441062  0.454261    0.2041    0.2884    0.2280    0.0720    0.3250    0.2124    0.2706
 000131   L  0.780807  0.451352  0.450560    0.2292    0.2884    0.2480    0.0670    0.3330    0.2034    0.2704
 000132   R  0.785779  0.459118  0.441565    0.2255    0.2436    0.2660    0.0810    0.3300    0.2079    0.2676
 000133   L  0.788332  0.451448  0.430706    0.3096    0.2951    0.2850    0.0890    0.3548    0.1887    0.2721
 000134   E  0.778881  0.451150  0.418254    0.2786    0.2002    0.2720    0.1100    0.3302    0.2028    0.2761
 000135   G  0.762849  0.460791  0.411571    0.2786    0.2193    0.2690    0.1300    0.3317    0.1951    0.2835
 000136   E  0.740419  0.441809  0.403024    0.2602    0.2193    0.2870    0.1310    0.3248    0.1868    0.2896
 000137   V  0.722852  0.416953  0.390464    0.2531    0.1583    0.3020    0.1190    0.3088    0.1896    0.2989
 000138   R  0.736222  0.390550  0.374706    0.1766    0.1528    0.2760    0.1160    0.2886    0.2038    0.3113
 000139   L  0.739076  0.362335  0.359191    0.1178    0.1449    0.2440    0.1110    0.2680    0.2150    0.3280
 000140   P  0.752027  0.343931  0.343644    0.1732    0.2002    0.1820    0.0800    0.2752    0.2088    0.3392
 000141   E  0.748931  0.330891  0.336404    0.1532    0.1881    0.1470    0.0480    0.2614    0.2154    0.3437
 000142   G  0.749189  0.304689  0.328983    0.2255    0.2752    0.1090    0.0250    0.2772    0.2071    0.3522
 000143   M  0.688528  0.301591  0.324925    0.2292    0.2951    0.0880    0.0130    0.2671    0.1899    0.3610
 000144   A  0.629777  0.284644  0.321960    0.3184    0.3774    0.0770    0.0100    0.2812    0.1710    0.3549
 000145   W  0.565370  0.284990  0.320601    0.3096    0.3704    0.0760    0.0130    0.2678    0.1530    0.3471
 000146   K  0.496755  0.290534  0.311603    0.3184    0.2575    0.0830    0.0200    0.2410    0.1318    0.3261
 000147   L  0.421639  0.313919  0.302989    0.3096    0.2224    0.1040    0.0370    0.2286    0.1097    0.3110
 000148   V  0.329922  0.333916  0.292592    0.2820    0.2645    0.1390    0.0650    0.2250    0.0812    0.2932
 000149   G  0.235144  0.359218  0.277536    0.2657    0.2364    0.1480    0.0650    0.2074    0.0781    0.2786
 000150   R  0.148736  0.379214  0.264010    0.3146    0.3215    0.1630    0.0550    0.2212    0.0950    0.2688
 000151   S  0.062257  0.411296  0.248599    0.2385    0.2094    0.1920    0.0480    0.1856    0.1107    0.2632
 000152   K  0.053976  0.416649  0.229476    0.2333    0.1349    0.1960    0.0360    0.1725    0.1173    0.2617
 000153   E  0.051333  0.437063  0.217492    0.1566    0.0799    0.1840    0.0500    0.1515    0.1305    0.2642
 000154   N  0.080545  0.460885  0.208125    0.1150    0.0592    0.1520    0.0500    0.1447    0.1393    0.2670
 000155   Q  0.123403  0.425635  0.199467    0.0858    0.0690    0.1270    0.0300    0.1385    0.1253    0.2814
 000156   G  0.163681  0.350522  0.190128    0.0909    0.1070    0.1000    0.0220    0.1354    0.0949    0.2979
 000157   F  0.216791  0.289371  0.177969    0.0909    0.1137    0.0900    0.0220    0.1335    0.0789    0.3253
 000158   A  0.258770  0.224818  0.167593    0.1117    0.2002    0.0750    0.0210    0.1451    0.0693    0.3454
 000159   A  0.316520  0.168890  0.159665    0.1635    0.2645    0.0520    0.0110    0.1610    0.0883    0.3675
 000160   M  0.326558  0.143694  0.157346    0.1805    0.2918    0.0470    0.0100    0.1650    0.0973    0.3825
 000161   E  0.334608  0.133612  0.155144    0.1878    0.2224    0.0460    0.0100    0.1541    0.0917    0.3847
 000162   L  0.330553  0.128420  0.150778    0.2167    0.2193    0.0550    0.0130    0.1583    0.0898    0.3901
 000163   Y  0.301808  0.138784  0.147922    0.1416    0.1349    0.0590    0.0150    0.1293    0.0768    0.3888
 000164   I  0.263362  0.165773  0.148267    0.1322    0.0870    0.0590    0.0130    0.1179    0.0695    0.3850
 000165   L  0.206195  0.184279  0.148141    0.0744    0.0414    0.0630    0.0120    0.0949    0.0677    0.3847
 000166   K  0.161967  0.204430  0.145520    0.0455    0.0248    0.0690    0.0140    0.0844    0.0701    0.3824
 000167   A  0.131323  0.212216  0.139654    0.0245    0.0258    0.0900    0.0290    0.0807    0.0702    0.3861
 000168   D  0.082829  0.205135  0.135955    0.0259    0.0543    0.1120    0.0410    0.0800    0.0624    0.3849
 000169   P  0.083659  0.189299  0.138259    0.0308    0.0646    0.1220    0.0450    0.0817    0.0567    0.3845
 000170   R  0.115649  0.178053  0.142672    0.0395    0.0765    0.1190    0.0460    0.0881    0.0505    0.3808
 000171   P  0.160839  0.167359  0.153045    0.0502    0.0909    0.1000    0.0380    0.0949    0.0500    0.3831
 000172   L  0.236377  0.156819  0.164596    0.0490    0.0581    0.0890    0.0330    0.0981    0.0720    0.3871
 000173   R  0.252880  0.159577  0.179004    0.0832    0.0592    0.0740    0.0210    0.1049    0.0751    0.3839
 000174   F  0.312955  0.160113  0.191234    0.0909    0.0851    0.0690    0.0210    0.1196    0.0902    0.3900
 000175   V  0.345973  0.155153  0.201653    0.0909    0.1476    0.0660    0.0210    0.1343    0.0970    0.3899
 000176   F  0.361177  0.176258  0.207354    0.1240    0.1449    0.0740    0.0240    0.1467    0.0969    0.3832
 000177   L  0.364386  0.204452  0.211147    0.1240    0.1476    0.0740    0.0210    0.1524    0.0983    0.3712
 000178   D  0.354119  0.233430  0.218263    0.0935    0.1206    0.0750    0.0250    0.1461    0.1038    0.3503
 000179   E  0.314065  0.259544  0.226397    0.0909    0.0765    0.0840    0.0330    0.1376    0.1022    0.3336
 000180   K  0.264787  0.282034  0.239143    0.0478    0.0662    0.1010    0.0450    0.1270    0.1051    0.3244
 000181   G  0.193198  0.290753  0.253345    0.0316    0.0341    0.1200    0.0540    0.1116    0.1090    0.3127
 000182   K  0.177364  0.294223  0.268103    0.0252    0.0281    0.1360    0.0430    0.1102    0.1140    0.3024
 000183   V  0.137866  0.285871  0.286914    0.0231    0.0454    0.1580    0.0500    0.1084    0.1140    0.2956
 000184   L  0.139346  0.276004  0.303981    0.0245    0.0483    0.1730    0.0560    0.1103    0.1162    0.2909
 000185   A  0.141257  0.262911  0.321039    0.0425    0.1028    0.1870    0.0600    0.1227    0.1082    0.2789
 000186   D  0.139176  0.259874  0.336335    0.0643    0.0948    0.2030    0.0770    0.1268    0.1099    0.2703
 000187   L  0.158914  0.252198  0.352049    0.1205    0.1731    0.1890    0.0710    0.1490    0.0957    0.2662
 000188   K  0.170555  0.251045  0.364715    0.1205    0.2503    0.1820    0.0690    0.1624    0.0989    0.2625
 000189   V  0.182196  0.252337  0.378969    0.1117    0.2164    0.1800    0.0690    0.1571    0.1041    0.2580
 000190   V  0.255955  0.270181  0.395923    0.1041    0.2164    0.1740    0.0690    0.1702    0.1117    0.2517
 000191   E  0.296103  0.295209  0.414132    0.0858    0.1528    0.1700    0.0700    0.1667    0.1299    0.2405
 000192   F  0.325169  0.310989  0.433641    0.0884    0.1501    0.1890    0.0740    0.1772    0.1380    0.2383
 000193   K  0.324811  0.345745  0.454929    0.0567    0.1501    0.1920    0.0780    0.1782    0.1538    0.2317
 000194   R  0.392829  0.377324  0.473586    0.0935    0.1373    0.2160    0.0900    0.2029    0.1614    0.2268
 000195   T  0.454621  0.412114  0.491846    0.1532    0.2328    0.2460    0.1080    0.2498    0.1509    0.2273
 000196   N  0.512322  0.432770  0.510971    0.1266    0.2609    0.2920    0.1440    0.2707    0.1652    0.2329
 000197   L  0.564655  0.441945  0.531041    0.1495    0.2609    0.3230    0.1530    0.2900    0.1724    0.2385
 000198   T  0.601013  0.473426  0.555672    0.2292    0.3149    0.3210    0.1460    0.3233    0.1646    0.2412
 000199   E  0.616447  0.498463  0.576797    0.2333    0.3215    0.3540    0.1610    0.3373    0.1696    0.2467
 000200   A  0.667889  0.502645  0.584541    0.2786    0.3249    0.4190    0.1890    0.3656    0.1685    0.2570
 000201   Q  0.689319  0.514012  0.591896    0.3535    0.3249    0.4830    0.2120    0.3942    0.1607    0.2684
 000202   L  0.730690  0.514895  0.595909    0.2963    0.3149    0.5510    0.2010    0.4013    0.1827    0.2818
 000203   K  0.715347  0.509429  0.600219    0.3311    0.4149    0.5540    0.2130    0.4207    0.1595    0.2895
 000204   R  0.749115  0.508061  0.602687    0.3359    0.4119    0.5930    0.1980    0.4330    0.1682    0.2996
 000205   Y  0.780010  0.525970  0.607613    0.3399    0.3983    0.7730    0.1220    0.4695    0.1968    0.3103
 000206   P  0.819691  0.545190  0.614815    0.3885    0.3740    0.7980    0.1450    0.4876    0.2038    0.3128
 000207   K  0.881104  0.573396  0.627566    0.4203    0.3321    0.7730    0.0960    0.4967    0.2161    0.3095
 000208   D  0.893850  0.605823  0.645195    0.5514    0.4051    0.6910    0.1730    0.5246    0.1827    0.3058
 000209   A  0.901556  0.636857  0.659016    0.5992    0.3740    0.7550    0.1130    0.5445    0.1939    0.3058
 000210   Q  0.926913  0.672259  0.674218    0.6474    0.3426    0.7840    0.0950    0.5623    0.2092    0.3089
 000211   V  0.993162  0.728665  0.684651    0.7147    0.3529    0.8170    0.0920    0.6010    0.2229    0.3102
 000212   V  0.986729  0.739650  0.693738    0.7458    0.3117    0.8390    0.1050    0.6039    0.2360    0.3110
 000213   R  0.982730  0.779039  0.696796    0.8488    0.4051    0.8160    0.0900    0.6386    0.2128    0.3106
 000214   R  0.989950  0.764801  0.696962    0.8823    0.3774    0.8610    0.0540    0.6460    0.2271    0.3117
