#RESNUM RES     VL-XT     VSL2B       VL3  IUPred-S  IUPred-L  PONDRFIT  FITERROR       MDP  MDPERROR   ANCHOR2
 000001   M  0.774911  0.829877  0.179215    0.6650    0.0320    0.9590    0.0240    0.5435    0.3458    0.1483
 000002   R  0.614995  0.777853  0.178755    0.6255    0.0543    0.9230    0.0180    0.4993    0.3128    0.1358
 000003   N  0.621321  0.702829  0.177412    0.4781    0.0568    0.8970    0.0370    0.4594    0.2942    0.1283
 000004   L  0.394225  0.612568  0.176187    0.4379    0.0364    0.7860    0.0930    0.3778    0.2525    0.1210
 000005   G  0.427123  0.478372  0.175670    0.3535    0.0506    0.7000    0.1020    0.3349    0.2116    0.1150
 000006   K  0.370753  0.354480  0.174149    0.2122    0.0349    0.6880    0.1120    0.2767    0.2069    0.1104
 000007   L  0.324879  0.257991  0.170181    0.1732    0.0380    0.6240    0.1130    0.2364    0.1855    0.0996
 000008   A  0.283705  0.182956  0.165536    0.0813    0.0275    0.6580    0.0860    0.2056    0.2083    0.0924
 000009   V  0.291072  0.128967  0.161762    0.0478    0.0300    0.6170    0.1080    0.1858    0.2018    0.0861
 000010   L  0.272057  0.104862  0.158071    0.0179    0.0389    0.5800    0.1450    0.1690    0.1932    0.0812
 000011   G  0.261773  0.100725  0.154366    0.0094    0.0618    0.8280    0.1100    0.2104    0.2775    0.0774
 000012   I  0.276931  0.090835  0.151737    0.0128    0.0817    0.7960    0.1060    0.2097    0.2648    0.0762
 000013   T  0.285429  0.095086  0.149204    0.0157    0.0888    0.6910    0.1420    0.1960    0.2271    0.0814
 000014   A  0.298062  0.103117  0.147175    0.0160    0.0888    0.5090    0.1610    0.1692    0.1668    0.0855
 000015   L  0.290174  0.113010  0.145741    0.0387    0.1424    0.4360    0.1750    0.1700    0.1335    0.0909
 000016   G  0.308317  0.132691  0.144479    0.0405    0.0888    0.3620    0.1620    0.1554    0.1186    0.0963
 000017   L  0.347938  0.160666  0.140225    0.0395    0.0605    0.3680    0.1650    0.1628    0.1307    0.0997
 000018   A  0.373951  0.205682  0.136950    0.0405    0.0605    0.3140    0.0970    0.1658    0.1256    0.1029
 000019   L  0.449917  0.249506  0.135927    0.0327    0.0749    0.3160    0.0890    0.1871    0.1463    0.1039
 000020   A  0.505621  0.281001  0.135710    0.0274    0.0948    0.3060    0.0880    0.2025    0.1610    0.1063
 000021   G  0.566920  0.327742  0.136298    0.0502    0.1501    0.3640    0.1250    0.2431    0.1751    0.1090
 000022   P  0.638138  0.354134  0.137268    0.0387    0.1583    0.4000    0.1330    0.2649    0.2018    0.1118
 000023   Q  0.694550  0.367951  0.136400    0.0744    0.2609    0.3970    0.1070    0.2991    0.2037    0.1102
 000024   D  0.771483  0.376242  0.137066    0.0744    0.2849    0.3380    0.1030    0.3075    0.2254    0.1083
 000025   N  0.829657  0.398361  0.137648    0.1060    0.3149    0.2910    0.0990    0.3234    0.2397    0.1057
 000026   S  0.867792  0.390216  0.137970    0.2122    0.3321    0.2540    0.0890    0.3426    0.2398    0.1035
 000027   L  0.885925  0.384351  0.139642    0.2122    0.2503    0.2380    0.1010    0.3285    0.2508    0.0985
 000028   V  0.838735  0.377455  0.138159    0.2209    0.3053    0.2120    0.0900    0.3258    0.2328    0.0961
 000029   I  0.782392  0.364101  0.136847    0.1766    0.3321    0.2050    0.0820    0.3100    0.2181    0.0959
 000030   G  0.700153  0.370151  0.135339    0.2292    0.4292    0.2020    0.0670    0.3218    0.1892    0.1002
 000031   A  0.612707  0.382669  0.133835    0.2700    0.3566    0.2210    0.0890    0.3072    0.1529    0.1069
 000032   S  0.527457  0.378312  0.130036    0.2963    0.2783    0.2060    0.1010    0.2811    0.1283    0.1174
 000033   Q  0.442207  0.378190  0.127595    0.1698    0.2436    0.1520    0.0590    0.2310    0.1204    0.1273
 000034   E  0.360246  0.367903  0.126197    0.1018    0.1702    0.1250    0.0360    0.1875    0.1138    0.1401
 000035   P  0.274459  0.348947  0.124029    0.0935    0.1007    0.0990    0.0170    0.1527    0.1027    0.1464
 000036   R  0.203198  0.302445  0.121853    0.0554    0.0929    0.0950    0.0180    0.1248    0.0861    0.1472
 000037   V  0.173497  0.251850  0.119480    0.0308    0.0985    0.0960    0.0260    0.1084    0.0721    0.1466
 000038   L  0.161738  0.218656  0.118410    0.0587    0.1671    0.0880    0.0280    0.1156    0.0569    0.1522
 000039   A  0.161970  0.195699  0.118873    0.0991    0.2002    0.0800    0.0250    0.1228    0.0504    0.1568
 000040   G  0.205723  0.155853  0.117649    0.1805    0.1969    0.0740    0.0200    0.1355    0.0503    0.1615
 000041   D  0.206253  0.135995  0.116030    0.1456    0.1942    0.0660    0.0150    0.1246    0.0510    0.1612
 000042   F  0.238872  0.122145  0.115305    0.1088    0.2224    0.0500    0.0110    0.1238    0.0691    0.1526
 000043   L  0.279818  0.111594  0.113700    0.1041    0.2399    0.0460    0.0100    0.1302    0.0845    0.1400
 000044   R  0.305425  0.118581  0.113053    0.0991    0.1501    0.0480    0.0100    0.1202    0.0826    0.1319
 000045   V  0.326806  0.133804  0.112135    0.0991    0.1476    0.0540    0.0140    0.1268    0.0883    0.1230
 000046   I  0.320665  0.150520  0.111708    0.0425    0.1323    0.0620    0.0180    0.1180    0.0924    0.1209
 000047   S  0.312801  0.179585  0.110474    0.0490    0.0799    0.0650    0.0170    0.1145    0.0926    0.1259
 000048   N  0.307214  0.229596  0.109389    0.0858    0.0734    0.0800    0.0180    0.1294    0.0908    0.1335
 000049   Q  0.260783  0.267961  0.108964    0.0909    0.0646    0.1020    0.0280    0.1310    0.0846    0.1406
 000050   A  0.261015  0.292457  0.106828    0.0643    0.0646    0.1280    0.0400    0.1351    0.0926    0.1531
 000051   I  0.218441  0.309856  0.106247    0.0363    0.0780    0.1190    0.0210    0.1269    0.0939    0.1667
 000052   K  0.161382  0.339030  0.102240    0.0231    0.0372    0.1030    0.0270    0.1106    0.1064    0.1863
 000053   S  0.117119  0.347438  0.096350    0.0542    0.0405    0.0980    0.0270    0.1096    0.1039    0.2187
 000054   E  0.072488  0.317003  0.093245    0.0554    0.0676    0.0940    0.0250    0.1011    0.0920    0.2565
 000055   I  0.061611  0.273337  0.090109    0.0308    0.0349    0.0860    0.0190    0.0811    0.0838    0.2916
 000056   E  0.052325  0.227260  0.088337    0.0526    0.0581    0.0670    0.0180    0.0762    0.0639    0.3425
 000057   Q  0.040924  0.164625  0.087141    0.0502    0.0799    0.0580    0.0170    0.0656    0.0436    0.3870
 000058   Y  0.030729  0.115548  0.085558    0.0502    0.0870    0.0490    0.0130    0.0554    0.0322    0.4288
 000059   L  0.018369  0.083387  0.086760    0.0405    0.0799    0.0430    0.0130    0.0442    0.0298    0.4021
 000060   F  0.017195  0.071355  0.086004    0.0425    0.0799    0.0430    0.0130    0.0423    0.0283    0.3725
 000061   A  0.017150  0.070122  0.085831    0.0542    0.1028    0.0450    0.0160    0.0482    0.0313    0.3609
 000062   P  0.016611  0.074439  0.083097    0.1088    0.0929    0.0540    0.0190    0.0578    0.0328    0.3539
 000063   F  0.015864  0.081152  0.081473    0.1117    0.1115    0.0650    0.0190    0.0643    0.0351    0.3515
 000064   I  0.014115  0.095590  0.082340    0.0660    0.0749    0.0730    0.0240    0.0539    0.0291    0.3623
 000065   G  0.014358  0.132321  0.082704    0.0744    0.0405    0.0870    0.0330    0.0582    0.0397    0.3731
 000066   F  0.014816  0.174467  0.086434    0.0884    0.0581    0.1300    0.0540    0.0776    0.0526    0.3782
 000067   N  0.020659  0.209032  0.089595    0.0490    0.0555    0.1730    0.0700    0.0846    0.0702    0.3966
 000068   A  0.028128  0.230219  0.092719    0.0376    0.0568    0.1970    0.0890    0.0917    0.0801    0.4098
 000069   D  0.029709  0.254107  0.096213    0.0643    0.0646    0.1910    0.0860    0.1006    0.0810    0.4218
 000070   S  0.095022  0.274546  0.101317    0.1240    0.1229    0.1580    0.0570    0.1291    0.0632    0.4334
 000071   Q  0.166549  0.260003  0.105147    0.1349    0.2129    0.1280    0.0420    0.1504    0.0563    0.4253
 000072   N  0.238652  0.266783  0.113490    0.1998    0.1643    0.1210    0.0410    0.1650    0.0600    0.4253
 000073   F  0.318549  0.266458  0.121772    0.1698    0.1528    0.1190    0.0470    0.1711    0.0778    0.4299
 000074   P  0.391479  0.253459  0.132873    0.1698    0.2609    0.0950    0.0390    0.1952    0.1006    0.4261
 000075   V  0.440989  0.239235  0.140459    0.2700    0.3460    0.1130    0.0410    0.2349    0.1153    0.4218
 000076   L  0.485434  0.247726  0.149744    0.2657    0.3426    0.1180    0.0480    0.2433    0.1247    0.4174
 000077   A  0.525283  0.245032  0.151602    0.3717    0.3667    0.1530    0.0470    0.2770    0.1359    0.4060
 000078   T  0.565210  0.250044  0.153982    0.3668    0.3529    0.1980    0.0730    0.2889    0.1381    0.4004
 000079   E  0.538013  0.278594  0.159440    0.3263    0.3182    0.2180    0.0690    0.2799    0.1215    0.3919
 000080   V  0.539873  0.301946  0.162126    0.3096    0.3149    0.2180    0.0680    0.2807    0.1209    0.3827
 000081   P  0.535745  0.318799  0.169049    0.2531    0.3286    0.2060    0.0570    0.2737    0.1222    0.3757
 000082   T  0.529088  0.360578  0.179607    0.2432    0.2328    0.2230    0.0660    0.2648    0.1221    0.3657
 000083   L  0.539181  0.401252  0.189255    0.2483    0.2193    0.2500    0.0800    0.2763    0.1272    0.3590
 000084   E  0.579682  0.397367  0.199492    0.2700    0.3286    0.2060    0.0740    0.2969    0.1351    0.3495
 000085   N  0.629301  0.386539  0.208673    0.2432    0.2988    0.2110    0.0830    0.2947    0.1514    0.3445
 000086   G  0.677819  0.376832  0.222582    0.3225    0.3599    0.2140    0.0920    0.3252    0.1586    0.3430
 000087   R  0.737053  0.352465  0.235483    0.4037    0.4409    0.1970    0.0870    0.3553    0.1801    0.3403
 000088   L  0.799926  0.316083  0.244511    0.4245    0.4725    0.1840    0.0650    0.3661    0.2055    0.3392
 000089   R  0.827413  0.330353  0.252992    0.4149    0.3807    0.1690    0.0650    0.3537    0.2136    0.3351
 000090   V  0.861001  0.358478  0.255827    0.3885    0.3807    0.1800    0.0570    0.3615    0.2216    0.3355
 000091   T  0.889747  0.374178  0.258007    0.4037    0.4051    0.2070    0.0630    0.3799    0.2259    0.3368
 000092   D  0.904384  0.397323  0.259225    0.3717    0.3910    0.2640    0.0530    0.3880    0.2233    0.3401
 000093   I  0.921715  0.434556  0.262056    0.3491    0.2988    0.3100    0.0600    0.3856    0.2308    0.3457
 000094   G  0.920396  0.460312  0.264752    0.4420    0.3910    0.3170    0.0640    0.4218    0.2188    0.3489
 000095   G  0.926627  0.469108  0.264513    0.3578    0.2884    0.3840    0.0920    0.4043    0.2282    0.3529
 000096   G  0.912640  0.515568  0.265366    0.3578    0.2752    0.3720    0.1010    0.4055    0.2271    0.3585
 000097   K  0.921126  0.512488  0.263013    0.2820    0.3019    0.3450    0.1130    0.3938    0.2354    0.3607
 000098   K  0.929844  0.494154  0.261396    0.2786    0.3149    0.3220    0.1150    0.3899    0.2386    0.3673
 000099   R  0.935714  0.482492  0.262772    0.3847    0.3667    0.2940    0.1050    0.4106    0.2306    0.3766
 000100   L  0.944334  0.465380  0.263956    0.3847    0.3631    0.2700    0.0950    0.4046    0.2363    0.3893
 000101   E  0.954803  0.418297  0.263506    0.4149    0.3356    0.2380    0.0860    0.3936    0.2452    0.3950
 000102   M  0.955601  0.393720  0.264440    0.4078    0.3286    0.2490    0.0990    0.3892    0.2450    0.4051
 000103   D  0.964418  0.361138  0.259411    0.3263    0.3249    0.2270    0.0880    0.3673    0.2554    0.4125
 000104   I  0.970637  0.325096  0.253305    0.3939    0.4149    0.2120    0.0730    0.3862    0.2563    0.4193
 000105   T  0.961535  0.300492  0.245430    0.3885    0.4119    0.1940    0.0630    0.3761    0.2582    0.4244
 000106   I  0.890590  0.319308  0.241707    0.3806    0.4409    0.1900    0.0570    0.3702    0.2337    0.4282
 000107   R  0.843402  0.332529  0.234829    0.3717    0.3566    0.1850    0.0640    0.3482    0.2182    0.4287
 000108   P  0.780833  0.365444  0.233824    0.4078    0.3667    0.1960    0.0590    0.3528    0.1938    0.4330
 000109   D  0.711155  0.389284  0.233612    0.3535    0.3774    0.2050    0.0630    0.3394    0.1691    0.4306
 000110   A  0.641685  0.410795  0.229580    0.3630    0.3948    0.1900    0.0630    0.3333    0.1512    0.4297
 000111   K  0.556158  0.412525  0.226188    0.4245    0.4901    0.1710    0.0610    0.3424    0.1427    0.4336
 000112   W  0.461887  0.444203  0.218919    0.4203    0.4087    0.1640    0.0560    0.3164    0.1222    0.4337
 000113   S  0.361959  0.469841  0.207359    0.4458    0.4220    0.1450    0.0460    0.3075    0.1278    0.4217
 000114   D  0.285222  0.450335  0.197094    0.3806    0.3087    0.1450    0.0370    0.2617    0.1082    0.4116
 000115   G  0.247662  0.433491  0.186329    0.4245    0.3087    0.1400    0.0310    0.2591    0.1153    0.4070
 000116   R  0.186803  0.409670  0.176805    0.3491    0.2002    0.1440    0.0380    0.2150    0.1028    0.4063
 000117   P  0.142519  0.353292  0.163181    0.3359    0.2988    0.1390    0.0470    0.2116    0.0962    0.4129
 000118   I  0.103719  0.313331  0.150998    0.2657    0.2399    0.1350    0.0390    0.1763    0.0801    0.4194
 000119   T  0.077883  0.280844  0.142554    0.2385    0.2129    0.1170    0.0300    0.1545    0.0751    0.4205
 000120   T  0.065815  0.247395  0.133400    0.1805    0.1969    0.1000    0.0340    0.1317    0.0650    0.4224
 000121   E  0.064708  0.218112  0.128425    0.2122    0.1969    0.0910    0.0230    0.1305    0.0641    0.4208
 000122   D  0.075762  0.198812  0.125371    0.2122    0.1969    0.0810    0.0210    0.1275    0.0604    0.4241
 000123   V  0.076328  0.163788  0.122731    0.2602    0.2918    0.0660    0.0190    0.1430    0.0886    0.4248
 000124   A  0.076236  0.143574  0.120267    0.2483    0.2470    0.0560    0.0160    0.1285    0.0782    0.4307
 000125   F  0.076302  0.136523  0.117700    0.2483    0.2645    0.0590    0.0190    0.1307    0.0818    0.4331
 000126   Y  0.079400  0.141948  0.116395    0.2080    0.2002    0.0670    0.0250    0.1160    0.0577    0.4242
 000127   F  0.083166  0.159308  0.113545    0.2385    0.1373    0.0750    0.0290    0.1156    0.0580    0.4102
 000128   E  0.067988  0.188406  0.111042    0.1532    0.1275    0.0770    0.0300    0.1023    0.0457    0.3857
 000129   V  0.054539  0.219089  0.107162    0.1380    0.2164    0.0970    0.0330    0.1209    0.0635    0.3631
 000130   G  0.038875  0.250884  0.100555    0.1416    0.2164    0.1010    0.0280    0.1247    0.0743    0.3391
 000131   K  0.017596  0.276226  0.093780    0.1602    0.1251    0.1060    0.0280    0.1141    0.0799    0.3159
 000132   A  0.013975  0.301542  0.087161    0.1667    0.0646    0.1200    0.0310    0.1111    0.0927    0.3038
 000133   K  0.014845  0.316406  0.081939    0.0909    0.0676    0.1010    0.0220    0.0985    0.0964    0.2938
 000134   G  0.023061  0.316126  0.077598    0.0723    0.0985    0.1070    0.0130    0.1028    0.0944    0.2897
 000135   M  0.024690  0.304019  0.073968    0.0935    0.0799    0.1180    0.0310    0.1033    0.0896    0.2858
 000136   P  0.023600  0.273562  0.069548    0.1322    0.1528    0.0950    0.0280    0.1129    0.0795    0.2870
 000137   V  0.075534  0.219427  0.064155    0.1322    0.1702    0.1000    0.0290    0.1162    0.0554    0.2960
 000138   L  0.100413  0.194449  0.059402    0.1958    0.2645    0.0860    0.0300    0.1401    0.0737    0.3069
 000139   N  0.125278  0.194085  0.055505    0.1266    0.1759    0.0560    0.0190    0.1130    0.0539    0.3160
 000140   P  0.172385  0.180756  0.050490    0.1698    0.2292    0.0470    0.0130    0.1333    0.0690    0.3295
 000141   D  0.218278  0.161909  0.045558    0.1018    0.2399    0.0470    0.0150    0.1281    0.0773    0.3473
 000142   F  0.248980  0.152611  0.041160    0.1018    0.2164    0.0520    0.0170    0.1286    0.0786    0.3651
 000143   W  0.267780  0.133766  0.035734    0.1240    0.2436    0.0500    0.0190    0.1365    0.0880    0.3681
 000144   E  0.290383  0.125975  0.030362    0.1041    0.2609    0.0450    0.0190    0.1378    0.0998    0.3594
 000145   R  0.313758  0.127508  0.027606    0.1018    0.1671    0.0500    0.0190    0.1267    0.0940    0.3426
 000146   V  0.282171  0.139282  0.025437    0.1266    0.2129    0.0500    0.0170    0.1351    0.0886    0.3341
 000147   N  0.275405  0.142778  0.022915    0.0587    0.1298    0.0470    0.0140    0.1090    0.0847    0.3215
 000148   V  0.265387  0.155549  0.020250    0.0909    0.1229    0.0470    0.0150    0.1137    0.0801    0.3143
 000149   R  0.237374  0.187955  0.017168    0.0909    0.1115    0.0510    0.0130    0.1131    0.0759    0.3092
 000150   I  0.209056  0.200015  0.013434    0.0554    0.1115    0.0570    0.0110    0.1055    0.0742    0.3171
 000151   K  0.184065  0.192160  0.010949    0.0274    0.1115    0.0560    0.0110    0.0951    0.0717    0.3194
 000152   D  0.154922  0.198444  0.008913    0.0274    0.0909    0.0550    0.0090    0.0878    0.0680    0.3226
 000153   A  0.127078  0.184939  0.008012    0.0587    0.1028    0.0520    0.0120    0.0877    0.0573    0.3261
 000154   R  0.098972  0.144392  0.007925    0.0935    0.1092    0.0540    0.0150    0.0833    0.0434    0.3339
 000155   N  0.078501  0.117384  0.008128    0.0490    0.0592    0.0540    0.0160    0.0596    0.0329    0.3501
 000156   F  0.060431  0.104315  0.007811    0.0308    0.0646    0.0510    0.0140    0.0519    0.0299    0.3712
 000157   T  0.045646  0.086453  0.006717    0.0286    0.0985    0.0490    0.0140    0.0514    0.0316    0.3833
 000158   L  0.026539  0.076460  0.005486    0.0297    0.0531    0.0480    0.0130    0.0390    0.0226    0.3974
 000159   I  0.008768  0.075906  0.004762    0.0514    0.0799    0.0510    0.0120    0.0445    0.0294    0.4042
 000160   F  0.000715  0.078449  0.005133    0.0308    0.0929    0.0570    0.0120    0.0432    0.0349    0.4043
 000161   E  0.000640  0.078059  0.007144    0.0542    0.0929    0.0590    0.0140    0.0475    0.0341    0.3918
 000162   P  0.000561  0.087608  0.009643    0.0643    0.1048    0.0590    0.0150    0.0527    0.0380    0.3822
 000163   A  0.000727  0.086601  0.011505    0.0350    0.1028    0.0610    0.0160    0.0478    0.0374    0.3734
 000164   Y  0.001087  0.085490  0.013569    0.0455    0.0734    0.0670    0.0190    0.0454    0.0312    0.3653
 000165   Y  0.001435  0.102439  0.018380    0.0464    0.0631    0.0770    0.0240    0.0484    0.0344    0.3570
 000166   Y  0.001750  0.129886  0.025148    0.0274    0.0676    0.0870    0.0270    0.0523    0.0436    0.3479
 000167   D  0.004133  0.151895  0.031836    0.0425    0.1206    0.0960    0.0220    0.0691    0.0525    0.3360
 000168   T  0.012799  0.186496  0.037366    0.0502    0.1162    0.1040    0.0220    0.0783    0.0585    0.3240
 000169   Y  0.021465  0.214569  0.042487    0.0789    0.1137    0.1180    0.0340    0.0912    0.0631    0.3114
 000170   G  0.024249  0.239449  0.048684    0.1178    0.1373    0.1080    0.0360    0.1045    0.0696    0.2997
 000171   P  0.024466  0.257998  0.059386    0.1266    0.2193    0.1110    0.0330    0.1232    0.0831    0.2909
 000172   I  0.025241  0.277788  0.070623    0.0909    0.2258    0.1240    0.0370    0.1240    0.0892    0.2866
 000173   N  0.040120  0.281968  0.078844    0.0789    0.2129    0.1170    0.0380    0.1218    0.0860    0.2814
 000174   T  0.047976  0.291532  0.089009    0.1088    0.1528    0.1350    0.0450    0.1227    0.0780    0.2739
 000175   Y  0.048325  0.318286  0.103145    0.1844    0.2399    0.1430    0.0470    0.1556    0.0902    0.2672
 000176   A  0.053124  0.317585  0.110770    0.1667    0.3215    0.1160    0.0390    0.1624    0.1050    0.2635
 000177   P  0.050715  0.302080  0.114965    0.2657    0.3460    0.1000    0.0420    0.1775    0.1138    0.2599
 000178   K  0.045233  0.311875  0.120135    0.2531    0.3321    0.1240    0.0640    0.1778    0.1090    0.2601
 000179   H  0.084659  0.288438  0.126336    0.1921    0.2988    0.1540    0.0680    0.1697    0.0823    0.2631
 000180   I  0.130743  0.273090  0.132005    0.2700    0.3529    0.1820    0.0700    0.2014    0.0846    0.2663
 000181   M  0.163032  0.298373  0.139347    0.2483    0.3215    0.1860    0.0630    0.2029    0.0721    0.2685
 000182   G  0.229626  0.340363  0.144607    0.1998    0.3019    0.2070    0.0760    0.2131    0.0698    0.2700
 000183   P  0.311840  0.360135  0.150380    0.2558    0.3807    0.2460    0.0990    0.2590    0.0814    0.2715
 000184   E  0.407751  0.386703  0.153518    0.2531    0.2918    0.2430    0.1010    0.2637    0.0907    0.2741
 000185   W  0.497173  0.400226  0.157283    0.2531    0.2918    0.2320    0.1090    0.2790    0.1156    0.2796
 000186   E  0.591611  0.390534  0.163097    0.2602    0.3983    0.1790    0.1020    0.3032    0.1510    0.2826
 000187   R  0.690846  0.377524  0.171463    0.2963    0.4330    0.1670    0.0840    0.3274    0.1811    0.2827
 000188   V  0.750509  0.372271  0.180760    0.2963    0.4051    0.1480    0.0730    0.3288    0.2004    0.2825
 000189   K  0.814478  0.354728  0.188737    0.3146    0.4186    0.1280    0.0600    0.3384    0.2239    0.2805
 000190   A  0.891130  0.348231  0.194541    0.3263    0.3910    0.1350    0.0550    0.3486    0.2469    0.2797
 000191   A  0.919935  0.381911  0.205736    0.4116    0.4831    0.1550    0.0540    0.3920    0.2511    0.2782
 000192   A  0.935443  0.413519  0.212860    0.4333    0.5211    0.1880    0.0580    0.4153    0.2499    0.2798
 000193   R  0.947562  0.449970  0.214349    0.4420    0.4409    0.1780    0.0560    0.4097    0.2532    0.2817
 000194   G  0.893688  0.523554  0.216684    0.4203    0.4330    0.2510    0.0970    0.4202    0.2256    0.2864
 000195   L  0.896601  0.575301  0.217270    0.3263    0.4330    0.2940    0.1310    0.4208    0.2298    0.2918
 000196   D  0.880069  0.585924  0.218278    0.4379    0.4541    0.2820    0.1190    0.4400    0.2196    0.2922
 000197   P  0.827544  0.620577  0.214830    0.4333    0.3566    0.2860    0.1080    0.4207    0.2123    0.2980
 000198   D  0.728689  0.675793  0.213939    0.3668    0.3566    0.3320    0.1130    0.4101    0.1921    0.3074
 000199   K  0.627131  0.665524  0.211444    0.3491    0.4292    0.3630    0.1060    0.4056    0.1632    0.3163
 000200   D  0.518846  0.636033  0.211492    0.3491    0.3356    0.3950    0.1330    0.3725    0.1410    0.3266
 000201   A  0.413279  0.610475  0.212852    0.3847    0.2645    0.3620    0.1420    0.3391    0.1312    0.3405
 000202   E  0.305055  0.601466  0.204507    0.3184    0.2193    0.2960    0.1220    0.2900    0.1356    0.3611
 000203   K  0.262878  0.507350  0.194064    0.2657    0.2436    0.2430    0.1000    0.2537    0.1067    0.3860
 000204   L  0.159808  0.464618  0.187540    0.1958    0.1501    0.2470    0.0900    0.2029    0.1121    0.4130
 000205   N  0.074236  0.384291  0.178697    0.1958    0.1298    0.2090    0.0760    0.1656    0.1004    0.4259
 000206   E  0.025820  0.298177  0.166342    0.1805    0.1969    0.1580    0.0640    0.1433    0.0845    0.3948
 000207   L  0.014605  0.238945  0.159108    0.1532    0.2094    0.1380    0.0550    0.1257    0.0755    0.3597
 000208   Y  0.006394  0.183417  0.154291    0.1292    0.2002    0.1270    0.0550    0.1077    0.0678    0.3360
 000209   R  0.004149  0.149175  0.147690    0.1456    0.1671    0.1090    0.0390    0.0958    0.0601    0.3151
 000210   N  0.004797  0.136638  0.140192    0.1566    0.1115    0.0960    0.0320    0.0842    0.0552    0.2919
 000211   F  0.005743  0.149031  0.134216    0.1322    0.1137    0.0890    0.0410    0.0817    0.0528    0.2644
 000212   F  0.006702  0.145277  0.127134    0.0991    0.1323    0.0830    0.0380    0.0778    0.0508    0.2486
 000213   L  0.006226  0.130372  0.120866    0.0965    0.1251    0.0780    0.0310    0.0727    0.0473    0.2474
 000214   K  0.005894  0.148409  0.118655    0.0935    0.1092    0.0690    0.0240    0.0710    0.0491    0.2526
 000215   F  0.005104  0.163363  0.115998    0.1456    0.1298    0.0750    0.0250    0.0865    0.0562    0.2594
 000216   A  0.004911  0.192993  0.111271    0.1205    0.0835    0.0890    0.0330    0.0819    0.0587    0.2709
 000217   T  0.004747  0.213164  0.107568    0.0935    0.0433    0.0970    0.0320    0.0753    0.0669    0.2838
 000218   P  0.004662  0.228830  0.102250    0.0909    0.0690    0.0990    0.0330    0.0821    0.0689    0.2981
 000219   Q  0.003776  0.231926  0.099300    0.0884    0.1162    0.0960    0.0320    0.0894    0.0689    0.3083
 000220   A  0.002448  0.240424  0.097902    0.0884    0.1323    0.0890    0.0260    0.0921    0.0727    0.3212
 000221   L  0.001055  0.260791  0.103539    0.0832    0.0646    0.0920    0.0230    0.0837    0.0807    0.3380
 000222   N  0.008821  0.268097  0.105665    0.1566    0.1184    0.0970    0.0260    0.1082    0.0796    0.3596
 000223   R  0.018144  0.275653  0.113774    0.1566    0.1298    0.1010    0.0280    0.1135    0.0792    0.3743
 000224   G  0.025167  0.274915  0.126797    0.2255    0.1852    0.1010    0.0260    0.1352    0.0852    0.3776
 000225   A  0.032326  0.262309  0.140422    0.1635    0.1881    0.0930    0.0270    0.1233    0.0760    0.3782
 000226   M  0.039779  0.251957  0.158967    0.2432    0.1942    0.0870    0.0170    0.1359    0.0822    0.3820
 000227   V  0.047072  0.253325  0.173992    0.2786    0.1611    0.0860    0.0190    0.1377    0.0875    0.3842
 000228   Y  0.062738  0.251052  0.188800    0.2041    0.1759    0.0870    0.0270    0.1301    0.0732    0.3882
 000229   S  0.073007  0.259105  0.199279    0.1380    0.1583    0.0890    0.0310    0.1195    0.0717    0.3954
 000230   G  0.073183  0.270285  0.213845    0.1380    0.1583    0.0980    0.0330    0.1229    0.0759    0.4041
 000231   P  0.065606  0.292712  0.228385    0.1635    0.1791    0.0920    0.0340    0.1322    0.0859    0.4107
 000232   F  0.057288  0.283909  0.239510    0.2333    0.1791    0.0900    0.0360    0.1407    0.0911    0.4146
 000233   K  0.060876  0.290785  0.254545    0.2333    0.1759    0.0780    0.0270    0.1398    0.0967    0.4236
 000234   L  0.067697  0.301109  0.275818    0.1698    0.1399    0.0860    0.0310    0.1275    0.0995    0.4331
 000235   K  0.091271  0.315332  0.292050    0.1698    0.1476    0.0970    0.0300    0.1368    0.1007    0.4134
 000236   R  0.108710  0.298822  0.304319    0.1635    0.1702    0.1080    0.0250    0.1416    0.0955    0.3957
 000237   W  0.097929  0.287000  0.314600    0.1958    0.2224    0.1290    0.0280    0.1554    0.0938    0.3798
 000238   V  0.092546  0.289138  0.329124    0.2657    0.3087    0.1510    0.0420    0.1846    0.1028    0.3604
 000239   P  0.108554  0.323092  0.339788    0.3578    0.4119    0.1820    0.0580    0.2306    0.1203    0.3414
 000240   G  0.124591  0.362722  0.356380    0.3762    0.3117    0.2250    0.0660    0.2333    0.1083    0.3246
 000241   N  0.158373  0.414832  0.371478    0.3847    0.3321    0.2530    0.0910    0.2572    0.1077    0.3123
 000242   S  0.225643  0.453017  0.380781    0.2820    0.2292    0.2690    0.1070    0.2431    0.1046    0.2997
 000243   I  0.290823  0.497408  0.393850    0.3885    0.3321    0.2920    0.1210    0.3001    0.0973    0.2869
 000244   E  0.354065  0.536277  0.407168    0.3146    0.3599    0.2610    0.0940    0.3044    0.1095    0.2800
 000245   M  0.426046  0.548883  0.410111    0.3847    0.4541    0.3000    0.1110    0.3524    0.1012    0.2754
 000246   E  0.517271  0.551981  0.413608    0.4078    0.4582    0.2520    0.0770    0.3646    0.1183    0.2735
 000247   R  0.606059  0.577062  0.416416    0.3992    0.4582    0.2280    0.0660    0.3782    0.1427    0.2728
 000248   N  0.662692  0.570792  0.415765    0.4749    0.5854    0.1990    0.0560    0.4155    0.1655    0.2714
 000249   P  0.714025  0.580934  0.416843    0.5296    0.6661    0.1740    0.0410    0.4442    0.1922    0.2739
 000250   N  0.751430  0.592786  0.413275    0.5126    0.6322    0.2560    0.0880    0.4575    0.1735    0.2776
 000251   F  0.708919  0.606351  0.409249    0.5126    0.5211    0.3100    0.1110    0.4432    0.1455    0.2822
 000252   P  0.661061  0.628594  0.398718    0.5043    0.4441    0.3320    0.1160    0.4284    0.1356    0.2856
 000253   I  0.577460  0.660145  0.384894    0.4245    0.4619    0.3820    0.1250    0.4176    0.1216    0.2888
 000254   K  0.480911  0.675393  0.368326    0.4333    0.5493    0.4080    0.1110    0.4246    0.1191    0.2922
 000255   P  0.386370  0.671059  0.351842    0.4458    0.4685    0.4400    0.0910    0.4019    0.1176    0.2934
 000256   E  0.293044  0.671024  0.334150    0.4825    0.4476    0.4640    0.1100    0.3930    0.1334    0.2942
 000257   G  0.220439  0.667923  0.313919    0.4149    0.3494    0.4660    0.1260    0.3531    0.1499    0.2969
 000258   G  0.153627  0.638145  0.295024    0.3535    0.3494    0.4250    0.1480    0.3200    0.1542    0.3032
 000259   E  0.081934  0.604365  0.278969    0.2748    0.2364    0.4140    0.1500    0.2687    0.1683    0.3128
 000260   S  0.047137  0.574251  0.263960    0.2602    0.1424    0.3850    0.1240    0.2348    0.1746    0.3309
 000261   K  0.019559  0.502993  0.245523    0.1732    0.1424    0.3120    0.0940    0.1918    0.1564    0.3514
 000262   Y  0.011812  0.433075  0.225414    0.1732    0.2470    0.2500    0.0810    0.1859    0.1297    0.3715
 000263   V  0.011732  0.352389  0.206320    0.1667    0.2292    0.1940    0.0670    0.1590    0.1061    0.3878
 000264   Q  0.010074  0.272324  0.189047    0.2292    0.3215    0.1380    0.0620    0.1619    0.1053    0.4012
 000265   K  0.009607  0.200955  0.167672    0.2209    0.3215    0.1090    0.0490    0.1437    0.1005    0.4143
 000266   V  0.009248  0.149861  0.150433    0.1998    0.2164    0.0890    0.0430    0.1107    0.0741    0.4277
 000267   V  0.008384  0.129441  0.137594    0.2041    0.1399    0.0770    0.0380    0.0932    0.0648    0.4265
 000268   Y  0.007855  0.123711  0.128727    0.1380    0.0967    0.0570    0.0210    0.0705    0.0510    0.4137
 000269   R  0.007260  0.122806  0.115208    0.0965    0.0817    0.0480    0.0180    0.0594    0.0445    0.4065
 000270   F  0.003739  0.120694  0.105551    0.0643    0.0518    0.0540    0.0190    0.0491    0.0421    0.4005
 000271   I  0.001077  0.128915  0.091345    0.0514    0.0313    0.0660    0.0270    0.0465    0.0438    0.4082
 000272   Q  0.001208  0.134165  0.080221    0.0336    0.0320    0.0930    0.0570    0.0490    0.0465    0.4190
 000273   N  0.001656  0.135210  0.073849    0.0308    0.0555    0.1260    0.0790    0.0582    0.0495    0.4289
 000274   T  0.002367  0.136513  0.068811    0.0478    0.0799    0.1230    0.0760    0.0649    0.0464    0.4334
 000275   N  0.003028  0.127568  0.061973    0.0441    0.0433    0.1200    0.0640    0.0563    0.0453    0.4282
 000276   S  0.004214  0.130442  0.068596    0.0455    0.0463    0.0840    0.0230    0.0518    0.0405    0.4240
 000277   L  0.085807  0.128820  0.075472    0.0376    0.0581    0.0640    0.0120    0.0624    0.0310    0.4208
 000278   L  0.173187  0.126052  0.083346    0.0567    0.0870    0.0540    0.0090    0.0828    0.0440    0.4143
 000279   V  0.267921  0.128676  0.088073    0.0723    0.1424    0.0500    0.0080    0.1101    0.0729    0.4035
 000280   A  0.346077  0.131947  0.085589    0.0701    0.1399    0.0620    0.0180    0.1250    0.0980    0.3931
 000281   V  0.424278  0.151068  0.084065    0.1178    0.1671    0.0790    0.0240    0.1566    0.1187    0.3804
 000282   I  0.425504  0.176158  0.082946    0.1766    0.2399    0.0990    0.0270    0.1862    0.1144    0.3730
 000283   G  0.426469  0.206555  0.084019    0.1117    0.1528    0.1260    0.0270    0.1707    0.1155    0.3641
 000284   G  0.429532  0.264653  0.087018    0.1088    0.1476    0.1840    0.0420    0.1890    0.1170    0.3506
 000285   S  0.437042  0.336853  0.090034    0.0621    0.0765    0.2610    0.0590    0.1956    0.1447    0.3342
 000286   I  0.368098  0.391378  0.093154    0.0607    0.0749    0.3410    0.0620    0.2060    0.1472    0.3219
 000287   D  0.297257  0.428217  0.094959    0.0350    0.0817    0.3540    0.0580    0.1993    0.1514    0.3091
 000288   A  0.237415  0.476433  0.096217    0.0587    0.1298    0.3940    0.0620    0.2161    0.1563    0.2904
 000289   T  0.210022  0.485939  0.097067    0.0965    0.1969    0.4070    0.0670    0.2327    0.1490    0.2726
 000290   S  0.164420  0.474255  0.097956    0.1380    0.2541    0.4140    0.0860    0.2408    0.1423    0.2568
 000291   S  0.186080  0.462057  0.099748    0.1602    0.3053    0.3880    0.1090    0.2503    0.1302    0.2427
 000292   V  0.201749  0.488146  0.103103    0.2122    0.3774    0.3530    0.1230    0.2720    0.1300    0.2317
 000293   S  0.220903  0.483798  0.106000    0.3359    0.3774    0.3810    0.1180    0.2998    0.1235    0.2217
 000294   L  0.236986  0.501638  0.108391    0.3399    0.3053    0.4090    0.1180    0.2988    0.1259    0.2133
 000295   T  0.259343  0.538268  0.110745    0.2531    0.3053    0.4140    0.1140    0.2951    0.1357    0.2067
 000296   F  0.280409  0.565256  0.113659    0.1878    0.3087    0.3940    0.1070    0.2894    0.1465    0.2001
 000297   D  0.288287  0.559603  0.116422    0.2700    0.3631    0.3520    0.1160    0.3056    0.1338    0.1888
 000298   Q  0.259820  0.567404  0.120531    0.2483    0.3774    0.3350    0.1290    0.2980    0.1388    0.1770
 000299   G  0.253979  0.534808  0.122579    0.2558    0.4087    0.3340    0.1390    0.2979    0.1317    0.1729
 000300   R  0.256666  0.529587  0.124715    0.2913    0.4017    0.3510    0.1400    0.3051    0.1271    0.1696
 000301   S  0.293514  0.524303  0.127737    0.2963    0.3019    0.3560    0.1210    0.2953    0.1185    0.1685
 000302   P  0.312282  0.531044  0.129689    0.2820    0.3149    0.3060    0.0970    0.2910    0.1190    0.1731
 000303   Q  0.340488  0.512556  0.129842    0.2748    0.2951    0.2770    0.0860    0.2834    0.1152    0.1774
 000304   L  0.333842  0.505406  0.129767    0.2820    0.2129    0.2800    0.0900    0.2690    0.1176    0.1832
 000305   V  0.324868  0.470835  0.124235    0.3053    0.1942    0.2820    0.1000    0.2629    0.1104    0.1975
 000306   R  0.309595  0.412128  0.121207    0.2255    0.1373    0.2800    0.1340    0.2275    0.1025    0.2186
 000307   R  0.289203  0.328150  0.110606    0.2292    0.2575    0.2390    0.1270    0.2238    0.0700    0.2421
 000308   A  0.263095  0.255861  0.101506    0.1602    0.2503    0.1710    0.0870    0.1834    0.0626    0.2747
 000309   P  0.239063  0.184649  0.093146    0.1766    0.2129    0.1200    0.0580    0.1555    0.0528    0.3088
 000310   G  0.186262  0.136411  0.087748    0.1766    0.1424    0.0970    0.0440    0.1232    0.0393    0.3382
 000311   R  0.146065  0.116859  0.087526    0.1667    0.0851    0.0850    0.0340    0.1000    0.0352    0.3699
 000312   F  0.104761  0.096528  0.087595    0.1150    0.0929    0.0740    0.0290    0.0805    0.0195    0.4118
 000313   D  0.077365  0.081294  0.088049    0.0567    0.0817    0.0580    0.0180    0.0592    0.0190    0.4259
 000314   I  0.048699  0.067991  0.087727    0.0526    0.0443    0.0530    0.0150    0.0444    0.0208    0.3947
 000315   W  0.020987  0.054720  0.087357    0.0884    0.0799    0.0480    0.0130    0.0486    0.0285    0.3656
 000316   F  0.018757  0.038235  0.087460    0.0832    0.0719    0.0430    0.0100    0.0426    0.0292    0.3581
 000317   V  0.017856  0.036980  0.088585    0.0909    0.0780    0.0410    0.0090    0.0440    0.0318    0.3643
 000318   P  0.015791  0.038114  0.089630    0.0542    0.0780    0.0380    0.0090    0.0374    0.0292    0.3715
 000319   G  0.014356  0.037663  0.090816    0.0660    0.0483    0.0400    0.0110    0.0344    0.0283    0.3845
 000320   A  0.012888  0.037538  0.091146    0.0542    0.0433    0.0410    0.0130    0.0315    0.0279    0.3940
 000321   I  0.001201  0.041943  0.090933    0.0279    0.0473    0.0380    0.0120    0.0261    0.0308    0.4060
 000322   W  0.000261  0.051191  0.090237    0.0308    0.0327    0.0390    0.0120    0.0257    0.0309    0.4200
 000323   E  0.000202  0.072078  0.090098    0.0554    0.0676    0.0410    0.0130    0.0394    0.0322    0.4191
 000324   H  0.000399  0.088015  0.090684    0.0363    0.0424    0.0470    0.0120    0.0357    0.0346    0.3974
 000325   I  0.000433  0.103788  0.091196    0.0643    0.0483    0.0570    0.0130    0.0456    0.0365    0.3713
 000326   D  0.000438  0.116149  0.092460    0.0660    0.0835    0.0580    0.0160    0.0540    0.0392    0.3425
 000327   I  0.000456  0.126622  0.092905    0.0723    0.1554    0.0730    0.0190    0.0713    0.0510    0.3245
 000328   N  0.000493  0.149902  0.096010    0.1117    0.1424    0.0800    0.0230    0.0808    0.0520    0.3137
 000329   K  0.010648  0.178309  0.097235    0.0935    0.1251    0.0930    0.0270    0.0835    0.0523    0.3037
 000330   F  0.010871  0.181226  0.097045    0.0464    0.0765    0.1140    0.0320    0.0715    0.0560    0.2972
 000331   E  0.021757  0.186140  0.097931    0.0554    0.0967    0.0660    0.0210    0.0710    0.0538    0.2818
 000332   N  0.039453  0.176577  0.098643    0.0478    0.1611    0.0620    0.0190    0.0811    0.0563    0.2718
 000333   C  0.098700  0.161088  0.101763    0.0789    0.2399    0.0680    0.0230    0.1077    0.0617    0.2630
 000334   Q  0.171475  0.147656  0.104358    0.0789    0.2292    0.0700    0.0260    0.1162    0.0585    0.2542
 000335   V  0.244803  0.159951  0.104576    0.0832    0.2328    0.0730    0.0250    0.1323    0.0710    0.2431
 000336   V  0.263590  0.188890  0.105728    0.1240    0.3149    0.0720    0.0210    0.1606    0.0889    0.2370
 000337   K  0.304532  0.226368  0.107017    0.1178    0.3149    0.0620    0.0140    0.1709    0.1003    0.2319
 000338   D  0.297720  0.259027  0.108015    0.1844    0.3704    0.0910    0.0330    0.2004    0.1021    0.2242
 000339   L  0.300918  0.318873  0.106350    0.1921    0.2752    0.1600    0.0680    0.2078    0.0800    0.2161
 000340   G  0.296901  0.376003  0.104958    0.1667    0.1969    0.1740    0.0830    0.2018    0.0920    0.2083
 000341   L  0.285420  0.404255  0.104223    0.1766    0.3019    0.2020    0.0870    0.2284    0.0986    0.1986
 000342   N  0.309656  0.448802  0.103418    0.1088    0.2680    0.2310    0.1180    0.2277    0.1203    0.1966
 000343   D  0.333245  0.478633  0.101587    0.1060    0.1759    0.2090    0.0840    0.2172    0.1350    0.1950
 000344   K  0.296089  0.471951  0.100363    0.1266    0.2399    0.1880    0.0620    0.2204    0.1250    0.1914
 000345   R  0.301384  0.449364  0.099359    0.0660    0.2292    0.1590    0.0480    0.2008    0.1310    0.1906
 000346   T  0.287046  0.416158  0.097300    0.1060    0.3019    0.1290    0.0350    0.2068    0.1207    0.1918
 000347   R  0.357447  0.372788  0.094609    0.1602    0.3667    0.1170    0.0340    0.2291    0.1234    0.1906
 000348   Q  0.437119  0.322383  0.091463    0.1698    0.2817    0.1060    0.0290    0.2196    0.1248    0.1901
 000349   A  0.472944  0.284178  0.089935    0.1698    0.2034    0.1230    0.0380    0.2088    0.1282    0.1904
 000350   I  0.470063  0.250707  0.086848    0.1732    0.2817    0.1340    0.0520    0.2182    0.1258    0.1878
 000351   L  0.397323  0.222089  0.084859    0.1205    0.2541    0.1150    0.0500    0.1849    0.1082    0.1859
 000352   H  0.304785  0.202734  0.083416    0.1998    0.2292    0.1220    0.0440    0.1764    0.0732    0.1865
 000353   A  0.271415  0.200471  0.082639    0.1766    0.1323    0.1330    0.0410    0.1522    0.0616    0.1887
 000354   L  0.248213  0.192389  0.081006    0.1088    0.1298    0.1280    0.0430    0.1345    0.0575    0.1925
 000355   N  0.223055  0.186909  0.079533    0.0621    0.1323    0.1080    0.0310    0.1187    0.0586    0.1999
 000356   R  0.150429  0.201232  0.077755    0.0677    0.0799    0.0850    0.0210    0.0973    0.0506    0.2094
 000357   E  0.069048  0.208337  0.075362    0.0723    0.0799    0.0700    0.0190    0.0832    0.0520    0.2206
 000358   G  0.027944  0.182719  0.073114    0.0425    0.0967    0.0650    0.0190    0.0691    0.0518    0.2317
 000359   L  0.027191  0.182061  0.068546    0.0441    0.0605    0.0610    0.0180    0.0625    0.0515    0.2444
 000360   V  0.016313  0.181751  0.065391    0.0643    0.0605    0.0580    0.0170    0.0634    0.0521    0.2571
 000361   K  0.012549  0.159871  0.063729    0.0660    0.1028    0.0580    0.0190    0.0665    0.0466    0.2748
 000362   A  0.009812  0.136101  0.063039    0.0965    0.1643    0.0570    0.0200    0.0772    0.0526    0.2968
 000363   F  0.008967  0.146038  0.061329    0.0965    0.1007    0.0540    0.0170    0.0677    0.0442    0.3169
 000364   F  0.007508  0.147293  0.057755    0.1150    0.0704    0.0540    0.0160    0.0657    0.0460    0.3359
 000365   D  0.006413  0.138607  0.054706    0.1150    0.0985    0.0580    0.0190    0.0694    0.0448    0.3464
 000366   G  0.004748  0.135991  0.054162    0.0621    0.1092    0.0500    0.0150    0.0603    0.0435    0.3581
 000367   L  0.003158  0.129382  0.053594    0.0502    0.0719    0.0430    0.0100    0.0496    0.0389    0.3737
 000368   Q  0.000543  0.113533  0.052310    0.0567    0.0734    0.0370    0.0100    0.0469    0.0354    0.3849
 000369   P  0.000475  0.098915  0.051428    0.0336    0.0870    0.0310    0.0110    0.0419    0.0348    0.3961
 000370   V  0.000465  0.094947  0.052840    0.0621    0.0888    0.0320    0.0140    0.0464    0.0336    0.4068
 000371   A  0.001697  0.094781  0.053351    0.1150    0.0719    0.0280    0.0130    0.0520    0.0393    0.4208
 000372   H  0.010507  0.089439  0.053775    0.0643    0.0780    0.0300    0.0150    0.0454    0.0285    0.4290
 000373   T  0.015717  0.088033  0.054000    0.0414    0.1115    0.0330    0.0160    0.0483    0.0340    0.4194
 000374   W  0.023849  0.093483  0.055982    0.0771    0.2002    0.0400    0.0200    0.0724    0.0584    0.4071
 000375   I  0.024115  0.099036  0.056796    0.1495    0.2328    0.0470    0.0220    0.0920    0.0720    0.4096
 000376   A  0.024104  0.110796  0.057753    0.1495    0.2224    0.0520    0.0240    0.0932    0.0682    0.4055
 000377   P  0.024072  0.128242  0.058786    0.0991    0.2193    0.0660    0.0250    0.0894    0.0635    0.4059
 000378   V  0.024041  0.142663  0.060267    0.1566    0.2129    0.0960    0.0400    0.1054    0.0636    0.4129
 000379   N  0.023948  0.152025  0.061880    0.1416    0.2164    0.1000    0.0360    0.1056    0.0637    0.4208
 000380   P  0.022615  0.166404  0.064641    0.0677    0.1070    0.0830    0.0200    0.0744    0.0455    0.4297
 000381   L  0.013788  0.199095  0.069432    0.1178    0.1611    0.0980    0.0250    0.0983    0.0612    0.4284
 000382   F  0.008597  0.237259  0.073924    0.0832    0.1184    0.1210    0.0360    0.0948    0.0702    0.4116
 000383   N  0.000664  0.271860  0.077299    0.0884    0.1137    0.1270    0.0380    0.1003    0.0826    0.3843
 000384   P  0.000502  0.309554  0.082241    0.0526    0.1070    0.1380    0.0450    0.1013    0.0980    0.3609
 000385   N  0.000605  0.339701  0.087729    0.0965    0.1476    0.1560    0.0440    0.1234    0.1045    0.3332
 000386   V  0.000701  0.348081  0.091596    0.1635    0.2328    0.1650    0.0530    0.1517    0.1095    0.3173
 000387   K  0.000765  0.357727  0.095954    0.1667    0.2364    0.1600    0.0490    0.1536    0.1121    0.3007
 000388   K  0.001746  0.387050  0.105563    0.1456    0.1349    0.1630    0.0420    0.1387    0.1170    0.2880
 000389   Y  0.003003  0.404857  0.111622    0.1844    0.1229    0.1880    0.0450    0.1506    0.1233    0.2810
 000390   E  0.004323  0.392773  0.117357    0.1292    0.0967    0.1910    0.0460    0.1357    0.1213    0.2810
 000391   F  0.004428  0.377298  0.120723    0.0744    0.0870    0.1860    0.0420    0.1215    0.1202    0.2835
 000392   D  0.009202  0.412079  0.125316    0.1088    0.1137    0.1690    0.0420    0.1355    0.1257    0.2813
 000393   L  0.057370  0.406616  0.125919    0.1805    0.1914    0.1510    0.0350    0.1644    0.1101    0.2851
 000394   K  0.063777  0.392340  0.126526    0.1532    0.1162    0.1190    0.0290    0.1407    0.1085    0.2916
 000395   K  0.067227  0.384999  0.127546    0.1322    0.0967    0.1000    0.0330    0.1301    0.1088    0.3081
 000396   A  0.113355  0.373189  0.127884    0.0771    0.0870    0.1000    0.0370    0.1250    0.1050    0.3275
 000397   E  0.137866  0.321989  0.128602    0.1178    0.1298    0.0860    0.0300    0.1322    0.0800    0.3437
 000398   A  0.201913  0.278771  0.129222    0.1150    0.1501    0.0770    0.0220    0.1371    0.0691    0.3634
 000399   L  0.215590  0.260712  0.130983    0.1178    0.1583    0.0720    0.0220    0.1374    0.0663    0.3803
 000400   L  0.237186  0.237117  0.131244    0.2167    0.2436    0.0830    0.0330    0.1696    0.0655    0.3896
 000401   A  0.303700  0.249008  0.130646    0.2080    0.1583    0.1040    0.0450    0.1705    0.0724    0.3904
 000402   E  0.300756  0.271308  0.132297    0.2963    0.1759    0.1370    0.0570    0.1968    0.0758    0.3886
 000403   M  0.333494  0.273162  0.133663    0.2080    0.1759    0.1730    0.0750    0.1940    0.0711    0.3960
 000404   G  0.334534  0.267854  0.137189    0.2167    0.2541    0.1760    0.0690    0.2082    0.0681    0.3958
 000405   W  0.293580  0.278932  0.141314    0.2209    0.2645    0.1890    0.0690    0.2079    0.0585    0.3958
 000406   R  0.311835  0.308740  0.148347    0.2122    0.2034    0.1670    0.0670    0.2005    0.0684    0.3785
 000407   K  0.301704  0.325189  0.157381    0.2432    0.2399    0.1660    0.0810    0.2127    0.0677    0.3621
 000408   G  0.334524  0.347592  0.162626    0.1805    0.2292    0.1470    0.0490    0.2065    0.0846    0.3496
 000409   P  0.421303  0.347212  0.166066    0.2080    0.2541    0.1010    0.0290    0.2219    0.1114    0.3350
 000410   D  0.441775  0.333335  0.167634    0.2820    0.3426    0.0870    0.0210    0.2478    0.1207    0.3208
 000411   G  0.493343  0.326967  0.173906    0.3399    0.3631    0.0860    0.0180    0.2682    0.1356    0.3121
 000412   I  0.511668  0.304401  0.176978    0.3668    0.3910    0.0810    0.0170    0.2758    0.1447    0.3053
 000413   L  0.549577  0.295926  0.178548    0.2963    0.2849    0.0720    0.0140    0.2498    0.1483    0.2971
 000414   Q  0.566782  0.301447  0.179823    0.3225    0.3321    0.0680    0.0130    0.2651    0.1562    0.2876
 000415   R  0.543419  0.303894  0.179700    0.2385    0.2503    0.0780    0.0160    0.2357    0.1458    0.2818
 000416   T  0.505841  0.283036  0.178184    0.3359    0.3426    0.0910    0.0280    0.2597    0.1348    0.2775
 000417   V  0.478121  0.249848  0.178202    0.2657    0.2609    0.0870    0.0260    0.2236    0.1221    0.2773
 000418   N  0.389089  0.243567  0.178390    0.2748    0.2034    0.0780    0.0170    0.1981    0.0995    0.2792
 000419   G  0.319805  0.230960  0.174114    0.1998    0.2064    0.0770    0.0160    0.1723    0.0776    0.2805
 000420   R  0.248457  0.217477  0.172236    0.1240    0.1881    0.0900    0.0230    0.1447    0.0607    0.2844
 000421   T  0.214123  0.206480  0.170217    0.1240    0.1583    0.0910    0.0230    0.1323    0.0517    0.2901
 000422   V  0.205441  0.205196  0.169669    0.1240    0.1611    0.0950    0.0290    0.1319    0.0491    0.2949
 000423   R  0.204587  0.200488  0.167826    0.1602    0.2503    0.0960    0.0280    0.1520    0.0551    0.2988
 000424   F  0.230014  0.194615  0.168102    0.2255    0.2752    0.0960    0.0330    0.1703    0.0629    0.3032
 000425   E  0.239389  0.199940  0.168798    0.2209    0.2064    0.0870    0.0260    0.1589    0.0572    0.2990
 000426   I  0.245549  0.192093  0.168279    0.1667    0.2064    0.0840    0.0270    0.1491    0.0568    0.2971
 000427   E  0.271461  0.179944  0.168407    0.1088    0.2129    0.0740    0.0220    0.1412    0.0706    0.2942
 000428   Y  0.295085  0.169288  0.168289    0.1566    0.2752    0.0660    0.0160    0.1604    0.0820    0.2942
 000429   V  0.293583  0.160491  0.166811    0.1602    0.2715    0.0630    0.0140    0.1581    0.0821    0.2881
 000430   T  0.288270  0.166588  0.164401    0.1566    0.2783    0.0700    0.0160    0.1600    0.0802    0.2827
 000431   T  0.295998  0.186398  0.162825    0.1635    0.2884    0.0760    0.0190    0.1685    0.0811    0.2731
 000432   A  0.315949  0.231697  0.162028    0.1635    0.1881    0.0860    0.0220    0.1643    0.0755    0.2619
 000433   G  0.308078  0.268634  0.159432    0.2292    0.1583    0.0890    0.0230    0.1756    0.0786    0.2572
 000434   N  0.297974  0.299336  0.158735    0.1566    0.1399    0.0970    0.0220    0.1651    0.0828    0.2597
 000435   V  0.299624  0.322372  0.155406    0.1532    0.2364    0.1010    0.0260    0.1854    0.0852    0.2637
 000436   V  0.297725  0.332740  0.151407    0.1205    0.2364    0.0960    0.0260    0.1805    0.0928    0.2720
 000437   R  0.288826  0.333846  0.145364    0.1844    0.2364    0.0960    0.0250    0.1899    0.0852    0.2791
 000438   E  0.303997  0.334999  0.137353    0.1921    0.2224    0.0910    0.0190    0.1908    0.0889    0.2864
 000439   R  0.319132  0.318975  0.133042    0.1732    0.3053    0.0950    0.0200    0.2020    0.0958    0.2908
 000440   T  0.309100  0.306514  0.131050    0.2209    0.2918    0.0830    0.0140    0.2019    0.0914    0.2972
 000441   Q  0.295504  0.293996  0.131683    0.2122    0.2884    0.0840    0.0150    0.1957    0.0866    0.3023
 000442   Q  0.308280  0.268993  0.126034    0.1380    0.2034    0.0930    0.0270    0.1687    0.0808    0.3109
 000443   F  0.338736  0.248606  0.122982    0.1635    0.2064    0.1030    0.0340    0.1767    0.0825    0.3258
 000444   F  0.318018  0.241185  0.120582    0.1018    0.1501    0.0920    0.0290    0.1504    0.0847    0.3263
 000445   A  0.275058  0.244167  0.119591    0.0813    0.1373    0.0760    0.0200    0.1357    0.0795    0.3105
 000446   E  0.237720  0.235070  0.118071    0.0813    0.1251    0.0700    0.0180    0.1249    0.0705    0.2901
 000447   D  0.198595  0.239847  0.118157    0.1240    0.1823    0.0640    0.0160    0.1347    0.0617    0.2742
 000448   L  0.165673  0.215094  0.118499    0.0744    0.1942    0.0620    0.0140    0.1186    0.0611    0.2586
 000449   K  0.134322  0.204396  0.119575    0.0701    0.1611    0.0550    0.0110    0.1041    0.0548    0.2424
 000450   K  0.107050  0.191436  0.119764    0.0701    0.1881    0.0560    0.0150    0.1021    0.0561    0.2299
 000451   I  0.059271  0.181750  0.121036    0.0554    0.1791    0.0580    0.0190    0.0890    0.0587    0.2223
 000452   G  0.012490  0.164761  0.122783    0.0701    0.1528    0.0570    0.0180    0.0761    0.0583    0.2132
 000453   I  0.005994  0.170684  0.124796    0.0660    0.1048    0.0630    0.0200    0.0684    0.0561    0.2028
 000454   A  0.006179  0.201071  0.125688    0.0935    0.1275    0.0670    0.0220    0.0826    0.0634    0.1872
 000455   V  0.006867  0.210820  0.125628    0.0965    0.1298    0.0820    0.0310    0.0876    0.0646    0.1763
 000456   K  0.007390  0.227985  0.126798    0.0744    0.1298    0.0890    0.0390    0.0881    0.0701    0.1756
 000457   I  0.008584  0.246853  0.127488    0.0387    0.1298    0.1010    0.0520    0.0875    0.0791    0.1784
 000458   N  0.010813  0.259268  0.128657    0.0274    0.1323    0.0990    0.0490    0.0881    0.0843    0.1791
 000459   N  0.014002  0.248123  0.128812    0.0526    0.1184    0.0860    0.0370    0.0865    0.0768    0.1810
 000460   A  0.016760  0.244945  0.129757    0.0607    0.0749    0.0650    0.0240    0.0770    0.0764    0.1890
 000461   P  0.023597  0.235017  0.129863    0.0376    0.0799    0.0500    0.0150    0.0710    0.0755    0.1977
 000462   S  0.079435  0.204484  0.131413    0.0395    0.1251    0.0510    0.0160    0.0833    0.0601    0.2009
 000463   A  0.110609  0.184091  0.131909    0.0405    0.1048    0.0530    0.0220    0.0821    0.0529    0.2085
 000464   V  0.155040  0.155345  0.134292    0.0621    0.1583    0.0490    0.0210    0.0966    0.0509    0.2182
 000465   V  0.157357  0.136391  0.135129    0.0587    0.1881    0.0440    0.0150    0.0974    0.0565    0.2306
 000466   F  0.159000  0.146444  0.136196    0.0935    0.1942    0.0440    0.0100    0.1062    0.0534    0.2456
 000467   A  0.159953  0.177763  0.134576    0.1060    0.1942    0.0480    0.0120    0.1144    0.0537    0.2530
 000468   D  0.158092  0.178694  0.132938    0.1178    0.1852    0.0590    0.0120    0.1165    0.0481    0.2573
 000469   E  0.152950  0.181252  0.129809    0.1088    0.1823    0.0630    0.0130    0.1148    0.0471    0.2737
 000470   F  0.149219  0.180701  0.126676    0.0677    0.1731    0.0840    0.0210    0.1091    0.0474    0.2876
 000471   I  0.093818  0.164991  0.122888    0.0832    0.1643    0.0790    0.0150    0.0975    0.0413    0.2901
 000472   Q  0.063341  0.157319  0.118456    0.0660    0.0780    0.0650    0.0170    0.0717    0.0402    0.2926
 000473   R  0.018319  0.181038  0.114763    0.0526    0.0851    0.0610    0.0160    0.0664    0.0553    0.3078
 000474   A  0.015471  0.186694  0.110467    0.0387    0.0518    0.0550    0.0120    0.0579    0.0600    0.3244
 000475   S  0.012497  0.192634  0.107150    0.0701    0.0646    0.0510    0.0130    0.0652    0.0592    0.3476
 000476   E  0.009166  0.192352  0.104099    0.0621    0.0543    0.0510    0.0140    0.0615    0.0603    0.3737
 000477   C  0.007187  0.182988  0.099946    0.0909    0.0662    0.0520    0.0170    0.0666    0.0563    0.4174
 000478   K  0.006666  0.156154  0.095310    0.0744    0.0749    0.0440    0.0160    0.0594    0.0485    0.4058
 000479   W  0.003152  0.131428  0.092293    0.0425    0.0765    0.0420    0.0170    0.0493    0.0439    0.3610
 000480   T  0.002054  0.116491  0.087972    0.0395    0.0424    0.0370    0.0180    0.0396    0.0401    0.3484
 000481   G  0.000711  0.096425  0.082777    0.0677    0.0835    0.0340    0.0190    0.0471    0.0360    0.3330
 000482   M  0.000615  0.069312  0.076055    0.0701    0.1399    0.0370    0.0190    0.0528    0.0441    0.3132
 000483   F  0.000486  0.058814  0.068442    0.0723    0.1424    0.0380    0.0180    0.0520    0.0443    0.3000
 000484   E  0.000456  0.056786  0.061598    0.0832    0.1476    0.0370    0.0170    0.0542    0.0462    0.2999
 000485   F  0.000480  0.057903  0.056169    0.1117    0.1643    0.0460    0.0150    0.0634    0.0530    0.3024
 000486   A  0.000712  0.070141  0.051689    0.1150    0.1092    0.0550    0.0140    0.0584    0.0394    0.3175
 000487   W  0.000713  0.096940  0.045404    0.1041    0.0543    0.0720    0.0170    0.0547    0.0354    0.3316
 000488   V  0.000604  0.125951  0.040689    0.1041    0.0817    0.0880    0.0200    0.0667    0.0421    0.3664
 000489   S  0.000548  0.162442  0.037332    0.0677    0.0483    0.1160    0.0300    0.0659    0.0536    0.4017
 000490   N  0.000546  0.203418  0.032893    0.1150    0.0817    0.1690    0.0480    0.0950    0.0715    0.4311
 000491   L  0.000465  0.246031  0.028391    0.0660    0.0835    0.1680    0.0470    0.0940    0.0842    0.4119
 000492   Q  0.000510  0.285540  0.024823    0.0643    0.0494    0.1630    0.0450    0.0938    0.0982    0.3883
 000493   E  0.000555  0.338814  0.025165    0.0832    0.0662    0.1780    0.0570    0.1112    0.1146    0.3690
 000494   D  0.004609  0.374103  0.031472    0.0909    0.1275    0.2070    0.0800    0.1341    0.1239    0.3516
 000495   G  0.010537  0.380386  0.031315    0.0813    0.1206    0.2070    0.0870    0.1333    0.1257    0.3378
 000496   S  0.013380  0.357839  0.031458    0.1416    0.1791    0.2190    0.1120    0.1518    0.1165    0.3261
 000497   L  0.019608  0.351075  0.033896    0.1732    0.1373    0.2170    0.1170    0.1497    0.1127    0.3238
 000498   F  0.030424  0.320318  0.035534    0.2167    0.1759    0.1920    0.1010    0.1560    0.1022    0.3211
 000499   Q  0.031262  0.286674  0.035097    0.2209    0.1759    0.1630    0.0780    0.1463    0.0931    0.3231
 000500   Y  0.032179  0.283025  0.034793    0.1921    0.2034    0.1340    0.0640    0.1407    0.0912    0.3289
 000501   K  0.032634  0.265237  0.034470    0.1495    0.2002    0.1110    0.0470    0.1264    0.0844    0.3356
 000502   N  0.033024  0.227283  0.032754    0.2531    0.2752    0.1090    0.0490    0.1496    0.1011    0.3456
 000503   L  0.028967  0.208395  0.030757    0.2385    0.2783    0.1010    0.0430    0.1425    0.0992    0.3603
 000504   N  0.022834  0.203163  0.029132    0.2255    0.2783    0.0960    0.0420    0.1376    0.0988    0.3693
 000505   T  0.021717  0.189642  0.028394    0.2292    0.2783    0.1100    0.0460    0.1382    0.0974    0.3805
 000506   G  0.017219  0.199707  0.027747    0.2385    0.1914    0.1100    0.0420    0.1261    0.0858    0.3909
 000507   A  0.030124  0.220288  0.027029    0.2432    0.2002    0.1230    0.0460    0.1361    0.0875    0.3989
 000508   I  0.084039  0.231407  0.028934    0.2333    0.2817    0.1420    0.0470    0.1621    0.0898    0.3982
 000509   M  0.145058  0.266951  0.034436    0.3225    0.3872    0.1810    0.0660    0.2171    0.1172    0.3911
 000510   V  0.232660  0.313324  0.037877    0.3184    0.3910    0.1990    0.0700    0.2424    0.1130    0.3780
 000511   P  0.263525  0.374707  0.042884    0.4203    0.4017    0.2050    0.0820    0.2775    0.1328    0.3609
 000512   T  0.284206  0.432687  0.048826    0.4333    0.4087    0.2160    0.0740    0.2958    0.1402    0.3437
 000513   K  0.300882  0.477868  0.059318    0.3630    0.3983    0.2220    0.0700    0.2937    0.1353    0.3261
 000514   E  0.307388  0.491968  0.071969    0.4458    0.3910    0.2420    0.0740    0.3130    0.1408    0.3114
 000515   N  0.360079  0.519141  0.081868    0.4458    0.3740    0.2490    0.0740    0.3247    0.1419    0.3038
 000516   N  0.350384  0.488912  0.088027    0.3717    0.3774    0.2660    0.0840    0.3091    0.1247    0.2942
 000517   Y  0.315502  0.457785  0.093465    0.3668    0.3872    0.2330    0.0720    0.2934    0.1192    0.2875
 000518   Q  0.271683  0.411513  0.099677    0.3992    0.4256    0.1680    0.0550    0.2794    0.1277    0.2844
 000519   G  0.198378  0.392124  0.105782    0.4749    0.4017    0.1410    0.0530    0.2680    0.1434    0.2862
 000520   Q  0.180164  0.390950  0.110084    0.5126    0.4541    0.1470    0.0550    0.2808    0.1597    0.2960
 000521   N  0.169470  0.388607  0.114456    0.5008    0.5176    0.1540    0.0560    0.2884    0.1684    0.3145
 000522   I  0.163104  0.352879  0.117451    0.4781    0.4051    0.1510    0.0500    0.2584    0.1409    0.3349
 000523   G  0.165291  0.343527  0.120844    0.4703    0.4017    0.1460    0.0470    0.2545    0.1376    0.3539
 000524   G  0.121271  0.321629  0.120574    0.3992    0.4017    0.1650    0.0530    0.2349    0.1246    0.3713
 000525   W  0.115595  0.309338  0.116931    0.3885    0.3983    0.2050    0.0620    0.2362    0.1187    0.3850
 000526   R  0.110630  0.333502  0.117323    0.3847    0.3566    0.1760    0.0460    0.2269    0.1164    0.3872
 000527   N  0.104133  0.357243  0.118523    0.3885    0.2849    0.1600    0.0450    0.2158    0.1152    0.3946
 000528   D  0.100848  0.365052  0.118111    0.4513    0.2918    0.1510    0.0600    0.2267    0.1337    0.4028
 000529   E  0.102817  0.362240  0.119970    0.3806    0.2951    0.1470    0.0720    0.2147    0.1167    0.4095
 000530   F  0.112203  0.348302  0.125954    0.3096    0.1942    0.1350    0.0670    0.1833    0.0948    0.4147
 000531   D  0.118663  0.341030  0.135579    0.3005    0.1969    0.0930    0.0320    0.1750    0.0960    0.4130
 000532   R  0.127027  0.322316  0.143366    0.2255    0.2094    0.0880    0.0270    0.1620    0.0807    0.4061
 000533   L  0.148512  0.301091  0.152681    0.3096    0.2988    0.0880    0.0300    0.1910    0.0928    0.4031
 000534   T  0.172793  0.292139  0.160621    0.3359    0.2918    0.1050    0.0410    0.1996    0.0884    0.3965
 000535   S  0.190665  0.291600  0.165221    0.3456    0.2849    0.1180    0.0520    0.2051    0.0846    0.3873
 000536   Q  0.196906  0.283816  0.168622    0.3992    0.3667    0.1220    0.0520    0.2282    0.1059    0.3768
 000537   A  0.212925  0.296796  0.173445    0.3717    0.3807    0.1380    0.0720    0.2333    0.0983    0.3731
 000538   V  0.265192  0.312537  0.177020    0.3578    0.2884    0.1220    0.0610    0.2243    0.0858    0.3618
 000539   L  0.267730  0.349141  0.178844    0.3668    0.1791    0.1310    0.0690    0.2157    0.0941    0.3501
 000540   E  0.274805  0.390094  0.177407    0.2820    0.1070    0.1530    0.0820    0.2011    0.0995    0.3402
 000541   F  0.281619  0.398624  0.175842    0.2748    0.1759    0.1660    0.0830    0.2162    0.0883    0.3366
 000542   D  0.272815  0.393020  0.172818    0.1667    0.1449    0.1500    0.0570    0.1879    0.0942    0.3279
 000543   P  0.268396  0.392940  0.169636    0.1602    0.1554    0.1440    0.0520    0.1868    0.0940    0.3196
 000544   E  0.263764  0.379988  0.163548    0.1958    0.2436    0.1310    0.0500    0.2024    0.0853    0.3070
 000545   R  0.269975  0.364386  0.155875    0.2041    0.1643    0.1160    0.0410    0.1864    0.0870    0.2980
 000546   R  0.269780  0.333349  0.148900    0.2080    0.1048    0.0920    0.0240    0.1681    0.0907    0.2942
 000547   K  0.226529  0.308008  0.145179    0.1205    0.0851    0.0760    0.0180    0.1360    0.0859    0.2987
 000548   Q  0.250564  0.263275  0.142028    0.0701    0.1070    0.0640    0.0170    0.1259    0.0836    0.3056
 000549   L  0.273785  0.213614  0.138832    0.0813    0.1583    0.0590    0.0180    0.1310    0.0771    0.3160
 000550   F  0.285316  0.160839  0.134278    0.1266    0.1583    0.0620    0.0200    0.1321    0.0707    0.3204
 000551   W  0.286346  0.126748  0.129585    0.1240    0.1702    0.0560    0.0120    0.1272    0.0734    0.3131
 000552   R  0.261155  0.105757  0.126502    0.1041    0.2399    0.0550    0.0110    0.1277    0.0782    0.2907
 000553   A  0.233036  0.110313  0.124361    0.1117    0.1554    0.0560    0.0130    0.1111    0.0578    0.2800
 000554   Q  0.209146  0.113386  0.121404    0.0723    0.1554    0.0540    0.0130    0.1007    0.0553    0.2698
 000555   E  0.183630  0.115396  0.117553    0.0376    0.0948    0.0500    0.0110    0.0802    0.0521    0.2598
 000556   I  0.162081  0.133569  0.112397    0.0502    0.0568    0.0530    0.0130    0.0760    0.0476    0.2511
 000557   W  0.121528  0.163336  0.108561    0.0350    0.0313    0.0520    0.0120    0.0672    0.0524    0.2400
 000558   A  0.115136  0.181060  0.102972    0.0212    0.0300    0.0570    0.0150    0.0675    0.0579    0.2240
 000559   E  0.090595  0.188183  0.097719    0.0086    0.0244    0.0630    0.0220    0.0625    0.0608    0.2022
 000560   E  0.076469  0.196197  0.093379    0.0144    0.0433    0.0720    0.0330    0.0670    0.0589    0.1828
 000561   L  0.080788  0.177443  0.086000    0.0200    0.0967    0.0710    0.0270    0.0743    0.0488    0.1688
 000562   P  0.085470  0.143704  0.075823    0.0405    0.0929    0.0600    0.0200    0.0705    0.0344    0.1605
 000563   A  0.087077  0.137896  0.068685    0.0514    0.0690    0.0490    0.0130    0.0657    0.0321    0.1574
 000564   L  0.127480  0.134489  0.060294    0.0308    0.0568    0.0490    0.0160    0.0664    0.0410    0.1518
 000565   P  0.159145  0.122616  0.053317    0.0167    0.0506    0.0450    0.0160    0.0657    0.0503    0.1478
 000566   L  0.159259  0.118890  0.047486    0.0094    0.0454    0.0500    0.0150    0.0639    0.0515    0.1423
 000567   Y  0.119182  0.123236  0.042050    0.0173    0.0765    0.0540    0.0140    0.0650    0.0396    0.1344
 000568   F  0.106745  0.110121  0.035490    0.0350    0.0817    0.0600    0.0130    0.0656    0.0311    0.1260
 000569   R  0.096778  0.109270  0.030067    0.0414    0.0662    0.0580    0.0140    0.0619    0.0287    0.1162
 000570   A  0.089468  0.117164  0.024405    0.0226    0.0662    0.0580    0.0150    0.0590    0.0339    0.1146
 000571   N  0.084835  0.120906  0.017562    0.0121    0.0349    0.0520    0.0160    0.0509    0.0386    0.1115
 000572   P  0.083107  0.119760  0.011330    0.0268    0.0405    0.0460    0.0160    0.0526    0.0365    0.1076
 000573   Y  0.040899  0.122721  0.006130    0.0099    0.0294    0.0490    0.0170    0.0420    0.0388    0.1059
 000574   V  0.006928  0.129567  0.001755    0.0083    0.0341    0.0500    0.0160    0.0381    0.0442    0.1065
 000575   V  0.046056  0.137604 -0.002632    0.0121    0.0494    0.0620    0.0190    0.0512    0.0448    0.1047
 000576   R  0.075414  0.160085 -0.006190    0.0094    0.0248    0.0700    0.0270    0.0566    0.0554    0.1019
 000577   K  0.079918  0.167136 -0.008891    0.0137    0.0398    0.0610    0.0190    0.0602    0.0565    0.1026
 000578   G  0.086181  0.164117 -0.011946    0.0124    0.0704    0.0600    0.0200    0.0655    0.0563    0.1036
 000579   L  0.087058  0.164545 -0.014657    0.0252    0.1298    0.0640    0.0270    0.0784    0.0603    0.1048
 000580   V  0.093210  0.165332 -0.016581    0.0252    0.0817    0.0710    0.0280    0.0727    0.0567    0.1086
 000581   N  0.107396  0.168037 -0.016590    0.0316    0.0985    0.0890    0.0350    0.0823    0.0586    0.1056
 000582   Y  0.108306  0.181971 -0.017054    0.0144    0.0531    0.1130    0.0490    0.0785    0.0667    0.1047
 000583   V  0.110572  0.218367 -0.017492    0.0124    0.0531    0.1320    0.0580    0.0878    0.0791    0.1042
 000584   A  0.068444  0.234518 -0.017654    0.0131    0.0948    0.1380    0.0650    0.0915    0.0829    0.1010
 000585   S  0.038799  0.268509 -0.018174    0.0268    0.0734    0.1580    0.0720    0.0943    0.0959    0.0950
 000586   A  0.034240  0.320177 -0.018658    0.0395    0.1137    0.1960    0.0930    0.1173    0.1146    0.0938
 000587   Y  0.028024  0.337951 -0.018897    0.0245    0.1028    0.2230    0.1060    0.1193    0.1260    0.0923
 000588   S  0.027226  0.344027 -0.018919    0.0268    0.0592    0.2170    0.0960    0.1124    0.1286    0.0912
 000589   G  0.020977  0.380045 -0.018342    0.0212    0.0618    0.2030    0.0900    0.1146    0.1392    0.0932
 000590   G  0.006734  0.367515 -0.018501    0.0226    0.0618    0.1900    0.0810    0.1082    0.1353    0.0959
 000591   Y  0.005815  0.318504 -0.018797    0.0376    0.0909    0.1860    0.0730    0.1065    0.1170    0.0971
 000592   G  0.003336  0.283808 -0.018455    0.0218    0.0473    0.1500    0.0610    0.0844    0.1053    0.1016
 000593   Y  0.000805  0.255502 -0.017323    0.0405    0.0888    0.1410    0.0580    0.0877    0.0929    0.1070
 000594   P  0.000481  0.193987 -0.016824    0.0363    0.1206    0.0890    0.0380    0.0734    0.0729    0.1132
 000595   G  0.000367  0.156654 -0.015581    0.0478    0.1323    0.0790    0.0340    0.0693    0.0634    0.1224
 000596   W  0.000279  0.134715 -0.014379    0.0464    0.1373    0.0870    0.0440    0.0677    0.0598    0.1338
 000597   N  0.000211  0.124657 -0.011920    0.0542    0.1399    0.0850    0.0440    0.0674    0.0575    0.1378
 000598   A  0.001232  0.112494 -0.009503    0.1018    0.1611    0.0910    0.0410    0.0780    0.0611    0.1426
 000599   W  0.001795  0.126350 -0.006660    0.0884    0.1611    0.0820    0.0330    0.0767    0.0610    0.1489
 000600   E  0.006460  0.134683 -0.004506    0.0660    0.1554    0.0650    0.0240    0.0713    0.0593    0.1482
 000601   I  0.009599  0.141841 -0.001850    0.0660    0.0909    0.0760    0.0260    0.0640    0.0487    0.1475
 000602   G  0.018992  0.177551  0.001911    0.1178    0.1554    0.0850    0.0330    0.0924    0.0652    0.1554
 000603   W  0.021900  0.188483  0.006059    0.0813    0.1611    0.0980    0.0390    0.0917    0.0665    0.1636
 000604   E  0.024873  0.192769  0.009475    0.1456    0.2129    0.0930    0.0380    0.1114    0.0778    0.1654
 000605   S  0.073599  0.228331  0.014604    0.1416    0.1881    0.1050    0.0510    0.1228    0.0709    0.1664
 000606   R  0.116501  0.252971  0.018801    0.1292    0.1184    0.1360    0.0670    0.1255    0.0682    0.1685
 000607   G  0.160497  0.275686  0.026279    0.1958    0.1731    0.1660    0.0890    0.1619    0.0738    0.1711
 000608   A  0.205382  0.311871  0.027458    0.1117    0.1048    0.1780    0.1050    0.1519    0.0898    0.1812
 000609   V  0.236591  0.370220  0.029153    0.1292    0.1162    0.1960    0.1090    0.1748    0.1074    0.1936
 000610   K  0.264241  0.379937  0.030759    0.1380    0.1969    0.1900    0.1000    0.1949    0.1074    0.1979
 000611   K  0.292627  0.400784  0.032335    0.1292    0.1759    0.2120    0.0920    0.2018    0.1173    0.2063
 000612   W  0.325506  0.400202  0.033218    0.1921    0.2470    0.2370    0.0910    0.2337    0.1142    0.2129
 000613   D  0.375242  0.389772  0.034907    0.1805    0.2193    0.2520    0.1190    0.2362    0.1205    0.2054
 000614   Q  0.389193  0.369232  0.036993    0.3053    0.2951    0.3130    0.1160    0.2786    0.1162    0.1941
 000615   A  0.395808  0.412524  0.039237    0.3456    0.2609    0.3430    0.1450    0.2929    0.1262    0.1889
 000616   K  0.400541  0.468496  0.042168    0.4037    0.2399    0.3810    0.0950    0.3155    0.1432    0.1847
 000617   Y  0.403397  0.535279  0.045606    0.4556    0.2224    0.4130    0.1080    0.3383    0.1641    0.1785
 000618   A  0.409791  0.638035  0.049236    0.5084    0.1881    0.4730    0.1600    0.3695    0.1997    0.1767
 000619   L  0.446167  0.748082  0.052364    0.5762    0.1852    0.6340    0.1340    0.4315    0.2472    0.1722
 000620   S  0.448298  0.822483  0.055309    0.6681    0.2328    0.6890    0.1310    0.4768    0.2706    0.1639
 000621   T  0.434795  0.872227  0.058676    0.7111    0.2002    0.7160    0.1470    0.4890    0.2942    0.1586
 000622   R  0.380538  0.907557  0.062041    0.7573    0.1671    0.7710    0.1610    0.4973    0.3222    0.1515
