#RESNUM RES     VL-XT     VSL2B       VL3  IUPred-S  IUPred-L  PONDRFIT  FITERROR       MDP  MDPERROR   ANCHOR2
 000001   M  0.103034  0.707496  0.091687    0.5374    0.0111    0.8570    0.0880    0.3693    0.3307    0.0737
 000002   R  0.079340  0.632320  0.090227    0.5084    0.0165    0.7560    0.0730    0.3321    0.2953    0.0726
 000003   G  0.091734  0.531354  0.088893    0.3535    0.0320    0.6750    0.0870    0.2806    0.2443    0.0724
 000004   V  0.128532  0.403680  0.087533    0.3096    0.0454    0.4430    0.1570    0.2216    0.1568    0.0738
 000005   V  0.073575  0.289551  0.086265    0.2820    0.0443    0.4420    0.1420    0.1886    0.1460    0.0765
 000006   F  0.076560  0.201421  0.085068    0.2333    0.0248    0.6130    0.1790    0.1916    0.1967    0.0789
 000007   L  0.087309  0.142868  0.084135    0.1456    0.0372    0.6060    0.1420    0.1698    0.1928    0.0829
 000008   H  0.096967  0.115422  0.082715    0.0514    0.0494    0.5580    0.1190    0.1452    0.1805    0.0878
 000009   A  0.104940  0.104095  0.081801    0.0414    0.0704    0.4800    0.1120    0.1335    0.1511    0.0903
 000010   F  0.136450  0.108966  0.081807    0.0308    0.0568    0.4090    0.1170    0.1236    0.1268    0.0946
 000011   P  0.121879  0.136623  0.082740    0.0252    0.0581    0.2880    0.1090    0.1050    0.0855    0.1014
 000012   Y  0.119969  0.163101  0.084071    0.0218    0.0463    0.2940    0.1030    0.1075    0.0909    0.1067
 000013   S  0.123155  0.211071  0.085307    0.0179    0.0281    0.2690    0.0890    0.1082    0.0929    0.1177
 000014   P  0.123046  0.230995  0.086429    0.0087    0.0275    0.2510    0.0880    0.1069    0.0938    0.1274
 000015   R  0.122393  0.235571  0.088972    0.0083    0.0454    0.2390    0.0740    0.1085    0.0893    0.1349
 000016   M  0.113784  0.242458  0.094639    0.0141    0.0676    0.2260    0.0470    0.1107    0.0838    0.1460
 000017   W  0.129039  0.243676  0.095734    0.0316    0.0817    0.1930    0.0310    0.1131    0.0725    0.1567
 000018   E  0.128280  0.239848  0.101815    0.0554    0.1528    0.1320    0.0280    0.1181    0.0585    0.1645
 000019   G  0.125177  0.235767  0.106276    0.0327    0.1028    0.1120    0.0280    0.1013    0.0626    0.1693
 000020   E  0.140533  0.233739  0.109775    0.0490    0.0780    0.0890    0.0200    0.0983    0.0622    0.1725
 000021   V  0.149695  0.203167  0.112649    0.0643    0.1275    0.0750    0.0250    0.1033    0.0502    0.1699
 000022   A  0.146124  0.179320  0.118881    0.0350    0.1275    0.0660    0.0240    0.0923    0.0523    0.1683
 000023   L  0.142747  0.162457  0.132048    0.0567    0.2094    0.0670    0.0210    0.1064    0.0573    0.1695
 000024   L  0.166816  0.166318  0.141761    0.0677    0.1349    0.0620    0.0200    0.0997    0.0489    0.1671
 000025   K  0.166659  0.175412  0.148477    0.0587    0.0719    0.0540    0.0160    0.0878    0.0575    0.1611
 000026   T  0.136397  0.183384  0.149657    0.0350    0.0749    0.0490    0.0170    0.0798    0.0602    0.1542
 000027   R  0.127362  0.194656  0.150959    0.0304    0.0592    0.0470    0.0160    0.0765    0.0650    0.1419
 000028   L  0.112191  0.185640  0.152773    0.0701    0.1162    0.0460    0.0160    0.0883    0.0534    0.1299
 000029   P  0.114140  0.173198  0.153989    0.0376    0.0662    0.0450    0.0160    0.0727    0.0584    0.1210
 000030   V  0.138467  0.164995  0.156547    0.0387    0.0676    0.0530    0.0190    0.0772    0.0576    0.1110
 000031   L  0.146637  0.164830  0.158865    0.0179    0.0605    0.0580    0.0200    0.0746    0.0634    0.1046
 000032   A  0.154613  0.161443  0.163139    0.0327    0.0780    0.0610    0.0180    0.0813    0.0595    0.1020
 000033   P  0.123990  0.165149  0.168999    0.0395    0.0780    0.0760    0.0290    0.0805    0.0557    0.0989
 000034   H  0.114648  0.175410  0.173317    0.0526    0.1373    0.0980    0.0310    0.0963    0.0519    0.0924
 000035   Y  0.113213  0.176890  0.176048    0.0744    0.2034    0.1100    0.0300    0.1129    0.0544    0.0862
 000036   L  0.101997  0.198512  0.178807    0.0832    0.1476    0.1020    0.0280    0.1055    0.0522    0.0854
 000037   G  0.086398  0.243490  0.180539    0.0789    0.0870    0.1100    0.0340    0.1009    0.0679    0.0849
 000038   L  0.080807  0.278060  0.184307    0.0490    0.0888    0.1540    0.0380    0.1085    0.0830    0.0863
 000039   S  0.070382  0.311934  0.188040    0.0490    0.1554    0.2200    0.0600    0.1344    0.0944    0.0892
 000040   L  0.076631  0.351660  0.192117    0.0414    0.1070    0.2890    0.0720    0.1443    0.1175    0.0914
 000041   G  0.090643  0.389157  0.196005    0.0771    0.1643    0.3230    0.0900    0.1740    0.1192    0.0960
 000042   K  0.151945  0.422446  0.200441    0.0884    0.2503    0.3310    0.1020    0.2074    0.1160    0.1003
 000043   A  0.231999  0.434146  0.203492    0.1178    0.2541    0.3670    0.1330    0.2341    0.1099    0.1054
 000044   A  0.309701  0.482143  0.207431    0.1117    0.2224    0.3410    0.1280    0.2445    0.1221    0.1117
 000045   E  0.393428  0.507903  0.213540    0.0858    0.1501    0.3420    0.1330    0.2466    0.1502    0.1224
 000046   K  0.471618  0.518503  0.219654    0.1380    0.2470    0.3480    0.1190    0.2871    0.1412    0.1323
 000047   V  0.530554  0.517088  0.220080    0.1292    0.3321    0.3240    0.1200    0.3055    0.1499    0.1409
 000048   L  0.572875  0.500265  0.222020    0.1380    0.3019    0.2930    0.1140    0.3011    0.1562    0.1536
 000049   G  0.643381  0.490962  0.220174    0.2255    0.3117    0.3100    0.1300    0.3303    0.1569    0.1664
 000050   E  0.702350  0.503303  0.219669    0.1844    0.2034    0.3480    0.1500    0.3236    0.1919    0.1799
 000051   M  0.719335  0.499688  0.217356    0.1998    0.2129    0.3510    0.1560    0.3305    0.1932    0.1960
 000052   D  0.718347  0.475016  0.216138    0.1240    0.2129    0.3040    0.1280    0.3058    0.2035    0.2107
 000053   E  0.723749  0.444304  0.212893    0.0789    0.1449    0.2560    0.1150    0.2747    0.2197    0.2227
 000054   A  0.728028  0.413337  0.203079    0.1018    0.1702    0.2470    0.1070    0.2767    0.2124    0.2337
 000055   G  0.727142  0.361440  0.196613    0.0723    0.1643    0.2210    0.0780    0.2578    0.2157    0.2461
 000056   L  0.728398  0.321252  0.190195    0.0621    0.1528    0.1750    0.0530    0.2399    0.2203    0.2621
 000057   E  0.717304  0.289940  0.189149    0.0478    0.1554    0.1380    0.0410    0.2248    0.2205    0.2776
 000058   Q  0.652047  0.257158  0.189073    0.0813    0.1399    0.1160    0.0280    0.2078    0.1954    0.2871
 000059   A  0.615640  0.212068  0.187998    0.1416    0.1449    0.1050    0.0210    0.2032    0.1767    0.2958
 000060   V  0.540186  0.180862  0.186797    0.0858    0.1007    0.0970    0.0150    0.1675    0.1610    0.3086
 000061   F  0.461130  0.158209  0.184196    0.0455    0.0463    0.0940    0.0170    0.1342    0.1456    0.3215
 000062   V  0.379160  0.145953  0.185591    0.0425    0.0646    0.0880    0.0150    0.1201    0.1170    0.3317
 000063   G  0.291498  0.136890  0.185072    0.0194    0.0372    0.0900    0.0180    0.0958    0.0977    0.3429
 000064   L  0.212441  0.129192  0.183100    0.0200    0.0181    0.0940    0.0220    0.0790    0.0802    0.3617
 000065   S  0.140552  0.131131  0.184118    0.0160    0.0209    0.1010    0.0210    0.0683    0.0691    0.3792
 000066   M  0.088725  0.143433  0.190107    0.0084    0.0205    0.1110    0.0240    0.0621    0.0716    0.3923
 000067   G  0.075577  0.151452  0.198308    0.0157    0.0275    0.1200    0.0300    0.0651    0.0733    0.3947
 000068   G  0.037353  0.157290  0.212638    0.0128    0.0300    0.1290    0.0330    0.0610    0.0823    0.3988
 000069   Y  0.035010  0.159412  0.218947    0.0087    0.0313    0.1330    0.0330    0.0613    0.0857    0.4076
 000070   L  0.041260  0.158457  0.226555    0.0160    0.0372    0.1270    0.0330    0.0634    0.0848    0.4125
 000071   V  0.046196  0.175348  0.230562    0.0308    0.0281    0.1170    0.0270    0.0663    0.0862    0.4090
 000072   F  0.051857  0.174587  0.239109    0.0554    0.0341    0.1200    0.0300    0.0726    0.0842    0.4081
 000073   E  0.057382  0.185017  0.246653    0.0514    0.0543    0.1250    0.0340    0.0788    0.0850    0.4088
 000074   L  0.063418  0.184263  0.256964    0.0308    0.0581    0.1350    0.0320    0.0785    0.0904    0.4088
 000075   F  0.067555  0.208887  0.268654    0.0587    0.0631    0.1430    0.0300    0.0902    0.0922    0.4032
 000076   R  0.069552  0.225846  0.278203    0.0621    0.0380    0.1570    0.0310    0.0920    0.1009    0.3936
 000077   K  0.076574  0.253039  0.289772    0.0542    0.0483    0.1840    0.0400    0.1027    0.1082    0.3893
 000078   A  0.084992  0.289690  0.305458    0.0336    0.0473    0.2120    0.0540    0.1113    0.1228    0.3923
 000079   P  0.102525  0.317241  0.323831    0.0327    0.0506    0.2280    0.0690    0.1219    0.1314    0.3969
 000080   E  0.103757  0.323394  0.341542    0.0587    0.0870    0.2460    0.0760    0.1365    0.1282    0.3979
 000081   R  0.118880  0.325657  0.362448    0.1041    0.1137    0.2400    0.0700    0.1505    0.1213    0.3979
 000082   F  0.156213  0.335518  0.382140    0.1456    0.1643    0.2230    0.0800    0.1708    0.1121    0.4036
 000083   L  0.231167  0.340134  0.398511    0.1998    0.2951    0.2030    0.0900    0.2115    0.0993    0.4037
 000084   G  0.312071  0.350197  0.416532    0.1844    0.2951    0.2040    0.0940    0.2242    0.1061    0.4014
 000085   T  0.389382  0.362544  0.433155    0.2865    0.3704    0.2220    0.0860    0.2717    0.1005    0.3997
 000086   V  0.463583  0.381470  0.448373    0.3762    0.5017    0.2610    0.1130    0.3307    0.1082    0.3980
 000087   L  0.504476  0.411775  0.461170    0.3885    0.5211    0.2840    0.1330    0.3516    0.1108    0.3998
 000088   S  0.555517  0.460287  0.477267    0.4037    0.4940    0.3090    0.1570    0.3705    0.1109    0.3941
 000089   S  0.634204  0.526950  0.495288    0.4379    0.5254    0.3690    0.1710    0.4155    0.1164    0.3859
 000090   T  0.700089  0.580117  0.514628    0.3806    0.4831    0.4280    0.1690    0.4287    0.1349    0.3750
 000091   R  0.744578  0.623962  0.534031    0.3668    0.4831    0.4730    0.1720    0.4486    0.1495    0.3636
 000092   A  0.747369  0.668357  0.553627    0.3630    0.4801    0.4990    0.1740    0.4596    0.1563    0.3567
 000093   G  0.741642  0.696310  0.572230    0.4600    0.5055    0.4720    0.1700    0.4792    0.1448    0.3483
 000094   P  0.745615  0.702392  0.591563    0.5331    0.5665    0.4670    0.1460    0.5025    0.1374    0.3456
 000095   D  0.751055  0.694671  0.608959    0.4600    0.4801    0.4800    0.1330    0.4776    0.1525    0.3444
 000096   S  0.786541  0.732578  0.624928    0.4333    0.4652    0.5060    0.1460    0.4873    0.1695    0.3467
 000097   E  0.800633  0.726164  0.634456    0.4282    0.5577    0.5310    0.1790    0.5073    0.1630    0.3489
 000098   E  0.819165  0.717246  0.641772    0.5043    0.6576    0.4950    0.2190    0.5323    0.1562    0.3519
 000099   A  0.838685  0.696217  0.642896    0.5173    0.5707    0.4730    0.2160    0.5159    0.1621    0.3583
 000100   K  0.859021  0.670307  0.650456    0.5173    0.4831    0.4960    0.2120    0.5044    0.1710    0.3645
 000101   R  0.881996  0.649081  0.659483    0.4600    0.4685    0.5560    0.2170    0.5026    0.1807    0.3737
 000102   N  0.907408  0.628727  0.671108    0.4149    0.4864    0.5560    0.2390    0.4990    0.1931    0.3839
 000103   R  0.908182  0.604628  0.674844    0.4458    0.5211    0.4740    0.2290    0.4922    0.1925    0.3935
 000104   Y  0.911230  0.571285  0.675316    0.4513    0.4507    0.4550    0.1960    0.4732    0.2015    0.4028
 000105   A  0.925546  0.556971  0.676125    0.4245    0.4256    0.4660    0.1930    0.4665    0.2107    0.4086
 000106   L  0.934467  0.562278  0.674665    0.3668    0.3087    0.5110    0.2090    0.4473    0.2353    0.4135
 000107   R  0.865459  0.550638  0.668410    0.3762    0.2328    0.5520    0.1840    0.4295    0.2303    0.4185
 000108   E  0.787478  0.522662  0.662608    0.3053    0.2503    0.5470    0.1830    0.4021    0.2177    0.4255
 000109   R  0.706006  0.496219  0.650748    0.2483    0.2503    0.4030    0.1710    0.3507    0.2085    0.4320
 000110   V  0.642000  0.480993  0.636588    0.3053    0.2541    0.3350    0.1700    0.3363    0.1881    0.4301
 000111   L  0.592251  0.467562  0.619268    0.3053    0.1881    0.3040    0.1490    0.3096    0.1895    0.4258
 000112   K  0.550166  0.433958  0.599473    0.2865    0.1349    0.2910    0.1440    0.2827    0.1900    0.4234
 000113   D  0.502426  0.446519  0.583382    0.2167    0.1476    0.2740    0.1330    0.2646    0.1859    0.4199
 000114   G  0.458730  0.438204  0.568353    0.1532    0.1528    0.2450    0.1080    0.2413    0.1864    0.4156
 000115   V  0.371907  0.390052  0.551092    0.2432    0.2399    0.2410    0.0950    0.2477    0.1460    0.4116
 000116   G  0.342222  0.348844  0.537103    0.2700    0.1942    0.2490    0.1030    0.2340    0.1414    0.4058
 000117   F  0.324489  0.348283  0.529457    0.3491    0.2680    0.2810    0.1260    0.2618    0.1232    0.3949
 000118   L  0.317757  0.375441  0.524177    0.2657    0.2680    0.2900    0.1240    0.2529    0.1256    0.3838
 000119   P  0.301944  0.378857  0.516070    0.2602    0.2645    0.2660    0.1020    0.2452    0.1262    0.3765
 000120   E  0.255856  0.388288  0.504857    0.2483    0.2783    0.2650    0.1000    0.2392    0.1260    0.3688
 000121   A  0.210377  0.403188  0.497441    0.3096    0.3529    0.2780    0.1170    0.2589    0.1237    0.3605
 000122   L  0.171908  0.403962  0.491214    0.3717    0.4017    0.2690    0.1190    0.2696    0.1320    0.3530
 000123   L  0.171500  0.412428  0.488403    0.3762    0.4149    0.2570    0.1190    0.2720    0.1343    0.3477
 000124   P  0.241722  0.418769  0.483870    0.3399    0.3983    0.2520    0.1210    0.2751    0.1192    0.3461
 000125   S  0.318612  0.428244  0.475242    0.3359    0.4256    0.2470    0.1230    0.2926    0.1111    0.3463
 000126   H  0.396219  0.440677  0.463910    0.3847    0.5139    0.2540    0.1190    0.3316    0.1123    0.3496
 000127   L  0.418828  0.454449  0.452579    0.4078    0.4409    0.2550    0.0950    0.3296    0.1022    0.3592
 000128   G  0.427354  0.476709  0.449082    0.4967    0.4801    0.2560    0.0760    0.3561    0.1106    0.3741
 000129   R  0.496789  0.507906  0.447780    0.4749    0.5854    0.2840    0.0690    0.3914    0.1184    0.3843
 000130   T  0.579268  0.525383  0.447602    0.3668    0.5419    0.2860    0.0700    0.3833    0.1275    0.3912
 000131   T  0.639671  0.555979  0.443878    0.3885    0.4507    0.2950    0.0630    0.3883    0.1335    0.4002
 000132   Q  0.635204  0.563977  0.441857    0.4078    0.4725    0.3160    0.0550    0.3993    0.1271    0.4122
 000133   A  0.611783  0.552999  0.442199    0.4078    0.5211    0.3620    0.0830    0.4092    0.1137    0.4243
 000134   T  0.616932  0.560352  0.448328    0.4781    0.5017    0.3630    0.1330    0.4200    0.1100    0.4315
 000135   K  0.618114  0.536336  0.456907    0.4245    0.3774    0.3610    0.1670    0.3862    0.1180    0.4187
 000136   P  0.655553  0.536423  0.461984    0.3491    0.3053    0.3490    0.1660    0.3660    0.1451    0.4081
 000137   E  0.704289  0.510579  0.468483    0.2657    0.3117    0.3620    0.1700    0.3590    0.1659    0.3988
 000138   V  0.714272  0.492450  0.479316    0.2786    0.3566    0.3540    0.1800    0.3661    0.1622    0.3936
 000139   V  0.717692  0.470708  0.485683    0.2865    0.3529    0.3400    0.1720    0.3613    0.1636    0.3913
 000140   E  0.735365  0.431400  0.496266    0.2700    0.3910    0.3420    0.1670    0.3615    0.1695    0.3896
 000141   K  0.767119  0.414415  0.506947    0.2700    0.3948    0.3530    0.1660    0.3665    0.1792    0.3879
 000142   V  0.801028  0.422496  0.520830    0.2913    0.3566    0.3410    0.1550    0.3687    0.1914    0.3894
 000143   R  0.801549  0.417634  0.531008    0.2963    0.2783    0.3290    0.1300    0.3538    0.2023    0.3945
 000144   A  0.799703  0.400797  0.541056    0.3005    0.2783    0.3300    0.1070    0.3516    0.2031    0.4011
 000145   I  0.809088  0.411315  0.553532    0.2292    0.2849    0.3480    0.1080    0.3471    0.2152    0.4084
 000146   I  0.814661  0.423078  0.561688    0.2080    0.2988    0.3520    0.1100    0.3495    0.2196    0.4177
 000147   L  0.804938  0.477970  0.566962    0.1958    0.1942    0.3650    0.1090    0.3397    0.2344    0.4274
 000148   E  0.799130  0.528824  0.566357    0.1844    0.1275    0.3820    0.0980    0.3369    0.2491    0.4313
 000149   A  0.798812  0.543685  0.571146    0.1766    0.1554    0.4200    0.0870    0.3491    0.2455    0.4225
 000150   S  0.798453  0.537288  0.580309    0.1805    0.1476    0.4290    0.0700    0.3488    0.2472    0.4135
 000151   P  0.796745  0.535957  0.594023    0.1416    0.1184    0.4350    0.0550    0.3379    0.2619    0.4040
 000152   E  0.798150  0.534809  0.606028    0.0909    0.1323    0.4690    0.0530    0.3375    0.2718    0.3959
 000153   A  0.804739  0.533384  0.616909    0.1117    0.1791    0.4940    0.0710    0.3538    0.2626    0.3886
 000154   V  0.812675  0.549561  0.622213    0.1292    0.2129    0.4570    0.0600    0.3603    0.2561    0.3843
 000155   A  0.820079  0.545123  0.629420    0.1380    0.2503    0.4080    0.0660    0.3602    0.2523    0.3818
 000156   E  0.834609  0.531195  0.640496    0.2255    0.3356    0.3600    0.0930    0.3811    0.2317    0.3791
 000157   T  0.842670  0.544018  0.656633    0.3184    0.4369    0.3500    0.1060    0.4154    0.2127    0.3755
 000158   L  0.844982  0.539280  0.672771    0.3939    0.5533    0.3190    0.0800    0.4417    0.2063    0.3733
 000159   V  0.836704  0.556428  0.684234    0.3847    0.4541    0.3130    0.0700    0.4241    0.2122    0.3723
 000160   A  0.826966  0.583179  0.692962    0.4379    0.4087    0.3640    0.0970    0.4368    0.2022    0.3690
 000161   L  0.818918  0.617494  0.701076    0.3668    0.4087    0.4120    0.1080    0.4374    0.2058    0.3677
 000162   A  0.805747  0.648465  0.710961    0.2786    0.3704    0.4310    0.1190    0.4224    0.2254    0.3725
 000163   E  0.797233  0.671991  0.712381    0.2700    0.3286    0.4430    0.1160    0.4184    0.2327    0.3796
 000164   R  0.788626  0.683208  0.712071    0.2865    0.3667    0.5000    0.1040    0.4375    0.2201    0.3840
 000165   P  0.781576  0.687795  0.709171    0.3225    0.3704    0.5030    0.1110    0.4443    0.2109    0.3859
 000166   D  0.777264  0.688431  0.706307    0.3630    0.4292    0.5030    0.1070    0.4602    0.1938    0.3882
 000167   S  0.762603  0.691923  0.707983    0.2865    0.3910    0.5170    0.0740    0.4415    0.2118    0.3901
 000168   T  0.763250  0.682123  0.709593    0.3096    0.3087    0.5110    0.0710    0.4292    0.2198    0.3907
 000169   P  0.766303  0.677202  0.709182    0.3668    0.3249    0.4920    0.0870    0.4379    0.2080    0.3912
 000170   L  0.765950  0.669699  0.709311    0.3806    0.3182    0.4800    0.1040    0.4357    0.2071    0.3906
 000171   L  0.778213  0.639378  0.707314    0.3535    0.2884    0.4180    0.1040    0.4129    0.2200    0.3901
 000172   S  0.775998  0.637136  0.704312    0.3762    0.3667    0.3850    0.1130    0.4236    0.2064    0.3910
 000173   R  0.777353  0.634931  0.694155    0.3456    0.4087    0.3850    0.1260    0.4253    0.2035    0.3913
 000174   M  0.771236  0.611098  0.686618    0.3359    0.4087    0.3800    0.1180    0.4178    0.2012    0.3886
 000175   Q  0.765120  0.611065  0.679501    0.3578    0.4256    0.3790    0.1200    0.4230    0.1934    0.3884
 000176   V  0.770423  0.639137  0.676730    0.3399    0.4051    0.3870    0.1020    0.4236    0.1998    0.3880
 000177   P  0.780718  0.665372  0.679686    0.3359    0.3249    0.3840    0.0910    0.4152    0.2166    0.3859
 000178   A  0.790421  0.639374  0.682031    0.3456    0.3392    0.4190    0.0820    0.4223    0.2093    0.3847
 000179   L  0.800882  0.605743  0.682098    0.2700    0.3566    0.4070    0.0840    0.4067    0.2206    0.3862
 000180   V  0.804043  0.618962  0.677591    0.2531    0.3566    0.3810    0.0880    0.4022    0.2269    0.3893
 000181   L  0.812977  0.650434  0.668321    0.3456    0.4476    0.3540    0.0970    0.4351    0.2075    0.3930
 000182   V  0.816017  0.645304  0.655740    0.4333    0.5456    0.3210    0.0950    0.4603    0.1942    0.3989
 000183   G  0.827277  0.638406  0.636561    0.4420    0.5176    0.3140    0.1000    0.4566    0.1945    0.4018
 000184   E  0.830102  0.644341  0.621350    0.4703    0.5176    0.3260    0.1020    0.4647    0.1882    0.4037
 000185   E  0.837400  0.662663  0.610018    0.4703    0.5382    0.3770    0.1090    0.4809    0.1785    0.4070
 000186   D  0.836538  0.673850  0.601712    0.4420    0.4940    0.5180    0.1280    0.4941    0.1656    0.4094
 000187   T  0.832922  0.676946  0.594642    0.4967    0.4507    0.6080    0.1400    0.5109    0.1589    0.4103
 000188   L  0.831414  0.691186  0.588714    0.4379    0.4149    0.6770    0.1110    0.5087    0.1760    0.4106
 000189   T  0.829187  0.697399  0.579696    0.3717    0.4149    0.6190    0.1090    0.4887    0.1843    0.4126
 000190   P  0.829290  0.699543  0.568739    0.4333    0.4087    0.5760    0.0900    0.4912    0.1738    0.4159
 000191   P  0.820221  0.693569  0.555958    0.4651    0.5017    0.5410    0.0840    0.5035    0.1538    0.4185
 000192   E  0.801296  0.679429  0.543153    0.4556    0.6043    0.5350    0.0780    0.5127    0.1439    0.4215
 000193   E  0.788927  0.662961  0.530191    0.5412    0.6531    0.5110    0.1180    0.5261    0.1319    0.4245
 000194   A  0.766765  0.640935  0.521680    0.5374    0.6375    0.5200    0.1650    0.5171    0.1242    0.4279
 000195   R  0.743052  0.621014  0.513244    0.5043    0.5758    0.4710    0.1860    0.4859    0.1250    0.4325
 000196   R  0.727316  0.584658  0.498602    0.4825    0.4766    0.4130    0.1680    0.4474    0.1310    0.4326
 000197   M  0.715556  0.562811  0.482259    0.4379    0.3704    0.3710    0.1360    0.4096    0.1450    0.4334
 000198   W  0.696779  0.529732  0.462295    0.3630    0.2849    0.3490    0.1230    0.3705    0.1571    0.4315
 000199   K  0.663254  0.493112  0.440974    0.3578    0.3840    0.2850    0.1060    0.3639    0.1408    0.4304
 000200   A  0.612384  0.441766  0.421265    0.2786    0.3910    0.2980    0.1030    0.3369    0.1303    0.4325
 000201   L  0.562062  0.403248  0.400739    0.2786    0.3740    0.2950    0.1240    0.3188    0.1142    0.4321
 000202   P  0.492028  0.371392  0.383007    0.2657    0.3460    0.2930    0.1300    0.2948    0.0967    0.4296
 000203   D  0.426087  0.349239  0.366879    0.2602    0.3356    0.3050    0.1320    0.2793    0.0799    0.4269
 000204   A  0.359301  0.336616  0.358986    0.2483    0.2470    0.2750    0.1210    0.2444    0.0772    0.4235
 000205   R  0.358112  0.289268  0.351854    0.2700    0.2470    0.2360    0.0870    0.2334    0.0755    0.4193
 000206   M  0.352750  0.282470  0.344881    0.1921    0.2680    0.2130    0.0600    0.2180    0.0833    0.4109
 000207   L  0.359407  0.307486  0.333655    0.1766    0.2002    0.2070    0.0540    0.2085    0.0907    0.4096
 000208   I  0.383138  0.303186  0.320036    0.1998    0.2470    0.2000    0.0520    0.2222    0.0853    0.4137
 000209   L  0.429501  0.311302  0.307622    0.1921    0.3631    0.1670    0.0470    0.2438    0.1048    0.4125
 000210   P  0.442201  0.327005  0.298987    0.2041    0.3983    0.1390    0.0370    0.2518    0.1159    0.4138
 000211   E  0.484507  0.352345  0.292250    0.2255    0.4186    0.1400    0.0390    0.2702    0.1252    0.4164
 000212   T  0.519761  0.355497  0.286157    0.3263    0.4725    0.1550    0.0520    0.3048    0.1292    0.4210
 000213   G  0.555162  0.368841  0.279203    0.3005    0.3392    0.1580    0.0560    0.2869    0.1281    0.4251
 000214   H  0.517560  0.381602  0.278998    0.2558    0.3215    0.1730    0.0520    0.2749    0.1178    0.4267
 000215   L  0.476595  0.391638  0.275755    0.1766    0.3599    0.2000    0.0640    0.2674    0.1159    0.4317
 000216   A  0.440040  0.407646  0.267563    0.1805    0.3426    0.1940    0.0460    0.2607    0.1091    0.4302
 000217   N  0.371138  0.429607  0.251962    0.2122    0.2988    0.2120    0.0440    0.2539    0.0914    0.4221
 000218   L  0.291968  0.446855  0.235168    0.2333    0.2988    0.2170    0.0560    0.2479    0.0870    0.4195
 000219   E  0.281874  0.431910  0.216540    0.2080    0.3948    0.1830    0.0510    0.2500    0.1020    0.4195
 000220   N  0.268683  0.413893  0.201929    0.1805    0.3667    0.1720    0.0520    0.2336    0.0992    0.4165
 000221   P  0.257767  0.408958  0.189746    0.1602    0.2609    0.1490    0.0510    0.2061    0.0935    0.4180
 000222   K  0.242952  0.372632  0.180647    0.0789    0.2164    0.1320    0.0490    0.1738    0.0975    0.4192
 000223   A  0.238914  0.311847  0.171601    0.0405    0.2224    0.1270    0.0400    0.1568    0.0910    0.4249
 000224   F  0.235094  0.252210  0.163428    0.0308    0.1298    0.1270    0.0410    0.1292    0.0788    0.4295
 000225   R  0.222085  0.208141  0.154650    0.0387    0.0676    0.1240    0.0360    0.1100    0.0722    0.4267
 000226   T  0.239470  0.154372  0.144781    0.0350    0.1028    0.1250    0.0450    0.1095    0.0658    0.4321
 000227   A  0.265425  0.121303  0.141396    0.0218    0.0985    0.2730    0.1280    0.1301    0.0929    0.4298
 000228   L  0.266307  0.110825  0.140511    0.0286    0.0719    0.3010    0.1570    0.1298    0.1018    0.4246
 000229   L  0.259806  0.123277  0.140168    0.0723    0.0948    0.3020    0.1620    0.1420    0.0883    0.4252
 000230   G  0.256633  0.138788  0.139794    0.0909    0.0646    0.3200    0.1280    0.1451    0.0935    0.4283
 000231   F  0.253006  0.182707  0.140671    0.1178    0.0424    0.3110    0.1200    0.1512    0.0914    0.4316
 000232   L  0.230036  0.250564  0.142900    0.1266    0.0235    0.3410    0.1010    0.1620    0.1044    0.4337
 000233   A  0.230791  0.322927  0.144476    0.1602    0.0171    0.5310    0.1060    0.2103    0.1633    0.4308
 000234   E  0.206716  0.409981  0.146870    0.2292    0.0143    0.6690    0.0870    0.2548    0.2112    0.4239
 000235   F  0.161250  0.455252  0.147574    0.3847    0.0235    0.6420    0.1060    0.2779    0.2126    0.4181
 000236   F  0.084162  0.506765  0.148995    0.4333    0.0163    0.6900    0.1150    0.2884    0.2466    0.4207
