#RESNUM RES     VL-XT     VSL2B       VL3  IUPred-S  IUPred-L  PONDRFIT  FITERROR       MDP  MDPERROR   ANCHOR2
 000001   M  0.987261  0.901357  0.876395    0.9257    0.5139    0.9800    0.0170    0.8641    0.1615    0.3239
 000002   G  0.917539  0.899306  0.871141    0.9040    0.5382    0.9850    0.0100    0.8526    0.1448    0.3227
 000003   G  0.936995  0.881735  0.862013    0.8823    0.4864    0.9590    0.0440    0.8348    0.1594    0.3218
 000004   P  0.839546  0.873252  0.851269    0.8521    0.5055    0.9550    0.0430    0.8128    0.1426    0.3219
 000005   R  0.882391  0.853700  0.839523    0.7772    0.3599    0.9630    0.0260    0.7793    0.1956    0.3226
 000006   G  0.864895  0.829519  0.825709    0.7388    0.2849    0.9530    0.0300    0.7494    0.2171    0.3236
 000007   L  0.804172  0.804110  0.808600    0.6255    0.3087    0.9360    0.0280    0.7146    0.2028    0.3328
 000008   S  0.735675  0.759825  0.789547    0.5173    0.3356    0.9200    0.0390    0.6764    0.1933    0.3382
 000009   L  0.683684  0.733647  0.768820    0.4703    0.2328    0.9370    0.0310    0.6376    0.2272    0.3423
 000010   G  0.631062  0.709680  0.747537    0.4282    0.2575    0.9060    0.0630    0.6133    0.2137    0.3390
 000011   G  0.556866  0.660108  0.725954    0.2865    0.2034    0.9360    0.0930    0.5615    0.2520    0.3372
 000012   E  0.490641  0.626614  0.704196    0.3146    0.2575    0.9260    0.0950    0.5533    0.2294    0.3374
 000013   G  0.421219  0.570444  0.683511    0.2333    0.1823    0.8920    0.1010    0.4971    0.2485    0.3393
 000014   M  0.350405  0.501442  0.664953    0.2483    0.1942    0.8070    0.1490    0.4611    0.2206    0.3412
 000015   R  0.288239  0.453504  0.647928    0.1456    0.1449    0.7090    0.1790    0.3982    0.2243    0.3453
 000016   F  0.278253  0.418370  0.627796    0.1635    0.0948    0.7230    0.1700    0.3843    0.2306    0.3490
 000017   L  0.269892  0.367404  0.603661    0.1322    0.0948    0.7200    0.2130    0.3647    0.2308    0.3496
 000018   R  0.253606  0.336257  0.575510    0.1322    0.1702    0.6070    0.2060    0.3458    0.1853    0.3438
 000019   S  0.228452  0.353214  0.547426    0.1292    0.1184    0.4830    0.2040    0.3100    0.1654    0.3413
 000020   F  0.224277  0.351771  0.519706    0.2209    0.1823    0.4480    0.2080    0.3244    0.1258    0.3358
 000021   R  0.212730  0.347702  0.492956    0.1495    0.1275    0.3730    0.1820    0.2840    0.1313    0.3385
 000022   L  0.233953  0.345139  0.467474    0.1416    0.1275    0.3530    0.1650    0.2780    0.1219    0.3386
 000023   E  0.280431  0.370417  0.442874    0.0832    0.1275    0.2890    0.1360    0.2655    0.1262    0.3378
 000024   L  0.323339  0.371229  0.418015    0.0813    0.1275    0.2640    0.1050    0.2642    0.1230    0.3362
 000025   E  0.376204  0.359464  0.392920    0.1060    0.1702    0.2350    0.0660    0.2733    0.1098    0.3341
 000026   A  0.431222  0.367268  0.367995    0.1060    0.1501    0.2610    0.0600    0.2806    0.1195    0.3266
 000027   L  0.483271  0.361444  0.344282    0.1766    0.1702    0.2710    0.0980    0.3012    0.1097    0.3217
 000028   S  0.519115  0.346034  0.320743    0.2041    0.2752    0.2090    0.0870    0.3123    0.1063    0.3163
 000029   P  0.510758  0.324618  0.298130    0.1266    0.2470    0.1950    0.0870    0.2836    0.1207    0.3147
 000030   V  0.505243  0.336717  0.275611    0.1456    0.1671    0.2260    0.0990    0.2761    0.1208    0.3096
 000031   H  0.492294  0.341439  0.253503    0.1878    0.2436    0.2570    0.1070    0.2960    0.0986    0.3083
 000032   V  0.462185  0.340205  0.231426    0.1205    0.1671    0.2780    0.0940    0.2666    0.1128    0.2970
 000033   G  0.391095  0.361671  0.211492    0.1495    0.1759    0.2860    0.0820    0.2626    0.0911    0.2909
 000034   T  0.310188  0.392178  0.193359    0.0813    0.1881    0.2790    0.0740    0.2406    0.0997    0.2853
 000035   G  0.231838  0.375745  0.177152    0.0813    0.2783    0.2190    0.0570    0.2272    0.0900    0.2783
 000036   E  0.155516  0.363180  0.162131    0.0858    0.1583    0.1630    0.0450    0.1814    0.0857    0.2763
 000037   A  0.104857  0.344910  0.149083    0.1150    0.1583    0.1190    0.0320    0.1651    0.0826    0.2769
 000038   Y  0.098990  0.285419  0.139311    0.0991    0.2258    0.0880    0.0190    0.1560    0.0742    0.2756
 000039   P  0.089826  0.239615  0.133469    0.0789    0.2258    0.0730    0.0170    0.1400    0.0685    0.2759
 000040   A  0.058094  0.216153  0.131298    0.0643    0.1702    0.0680    0.0190    0.1180    0.0598    0.2734
 000041   Y  0.013753  0.190060  0.131296    0.1041    0.1731    0.0680    0.0220    0.1134    0.0603    0.2726
 000042   A  0.012149  0.175758  0.132580    0.0858    0.1731    0.0670    0.0240    0.1077    0.0589    0.2688
 000043   Y  0.009076  0.172555  0.135280    0.0884    0.1643    0.0690    0.0250    0.1064    0.0574    0.2721
 000044   V  0.005282  0.195521  0.138743    0.0909    0.1070    0.0720    0.0290    0.1016    0.0585    0.2745
 000045   P  0.006195  0.201688  0.142417    0.0514    0.1070    0.0650    0.0270    0.0957    0.0638    0.2789
 000046   D  0.005628  0.202934  0.147386    0.0308    0.1229    0.0670    0.0280    0.0961    0.0684    0.2849
 000047   F  0.004618  0.212695  0.154224    0.0308    0.0929    0.0740    0.0370    0.0948    0.0708    0.2871
 000048   A  0.004289  0.223629  0.164432    0.0478    0.0929    0.0750    0.0410    0.1014    0.0730    0.2882
 000049   R  0.004386  0.216727  0.177920    0.0701    0.0967    0.0840    0.0440    0.1083    0.0702    0.2902
 000050   K  0.004503  0.228920  0.193107    0.0464    0.0494    0.1000    0.0530    0.1038    0.0814    0.2966
 000051   A  0.005423  0.237463  0.208043    0.0376    0.0364    0.1090    0.0540    0.1057    0.0888    0.3084
 000052   V  0.018532  0.228703  0.223415    0.0414    0.0531    0.1120    0.0490    0.1128    0.0849    0.3260
 000053   H  0.022327  0.231668  0.239402    0.0304    0.0380    0.1190    0.0510    0.1135    0.0920    0.3506
 000054   L  0.044525  0.232962  0.255003    0.0441    0.0780    0.1290    0.0550    0.1306    0.0853    0.3699
 000055   L  0.076938  0.241718  0.267682    0.0414    0.1275    0.1380    0.0620    0.1488    0.0817    0.3872
 000056   D  0.109547  0.235027  0.278970    0.0425    0.0888    0.1460    0.0610    0.1502    0.0825    0.4028
 000057   P  0.130007  0.235669  0.290940    0.0405    0.0780    0.1540    0.0570    0.1548    0.0863    0.4138
 000058   A  0.147535  0.252618  0.304724    0.0587    0.1476    0.1690    0.0590    0.1800    0.0793    0.4238
 000059   A  0.163801  0.237123  0.320637    0.0723    0.1671    0.1730    0.0550    0.1890    0.0760    0.4333
 000060   L  0.196273  0.220248  0.337346    0.0723    0.1791    0.1770    0.0620    0.1970    0.0780    0.4262
 000061   L  0.246777  0.240774  0.354938    0.0701    0.1137    0.1790    0.0590    0.2010    0.0936    0.4274
 000062   L  0.308908  0.283795  0.372330    0.0909    0.0835    0.1860    0.0590    0.2209    0.1093    0.4331
 000063   A  0.357988  0.333349  0.390008    0.0909    0.1323    0.1890    0.0570    0.2489    0.1163    0.4231
 000064   L  0.390947  0.374002  0.407254    0.0502    0.1275    0.1840    0.0570    0.2556    0.1409    0.4094
 000065   P  0.425591  0.423012  0.424394    0.0909    0.1349    0.1830    0.0600    0.2802    0.1465    0.3949
 000066   E  0.479777  0.447948  0.441137    0.1456    0.1731    0.2080    0.0740    0.3159    0.1420    0.3769
 000067   A  0.562260  0.465595  0.458265    0.0858    0.1702    0.2150    0.0720    0.3261    0.1766    0.3578
 000068   R  0.647951  0.487623  0.475458    0.0587    0.1476    0.2160    0.0670    0.3388    0.2108    0.3429
 000069   R  0.718151  0.523765  0.492497    0.0789    0.1969    0.2370    0.0840    0.3746    0.2206    0.3295
 000070   R  0.758435  0.529418  0.507981    0.1018    0.2258    0.2360    0.0950    0.3932    0.2246    0.3183
 000071   Q  0.793851  0.529453  0.521884    0.1844    0.2783    0.2290    0.0900    0.4229    0.2137    0.3086
 000072   Y  0.821449  0.556096  0.535208    0.2558    0.3249    0.2200    0.0770    0.4523    0.2092    0.3034
 000073   L  0.856917  0.569157  0.548707    0.3096    0.4119    0.2110    0.0750    0.4845    0.2085    0.2978
 000074   E  0.898680  0.588008  0.562002    0.3146    0.4541    0.2060    0.0570    0.5039    0.2211    0.2894
 000075   K  0.917968  0.604062  0.572872    0.4116    0.4725    0.2250    0.0550    0.5340    0.2113    0.2800
 000076   V  0.865415  0.616243  0.579883    0.3847    0.3631    0.2360    0.0600    0.5076    0.2060    0.2724
 000077   A  0.767241  0.619229  0.584832    0.3146    0.3426    0.2450    0.0730    0.4789    0.1890    0.2725
 000078   Q  0.672521  0.632554  0.589440    0.2786    0.2849    0.2560    0.0660    0.4524    0.1809    0.2731
 000079   G  0.631208  0.646677  0.592458    0.2786    0.2129    0.2630    0.0630    0.4374    0.1878    0.2763
 000080   P  0.593376  0.640960  0.591594    0.2167    0.1476    0.2770    0.0780    0.4112    0.2016    0.2839
 000081   K  0.561041  0.607736  0.589003    0.1635    0.1611    0.3200    0.0790    0.4004    0.1933    0.2918
 000082   A  0.539205  0.587470  0.587733    0.1041    0.1611    0.3270    0.1010    0.3844    0.1993    0.3011
 000083   A  0.515388  0.590004  0.585886    0.1602    0.2541    0.2970    0.1060    0.4004    0.1700    0.3101
 000084   Q  0.509367  0.565574  0.583337    0.2432    0.3426    0.2970    0.1040    0.4234    0.1343    0.3231
 000085   E  0.551281  0.542303  0.581174    0.2483    0.2541    0.2940    0.1050    0.4118    0.1476    0.3383
 000086   V  0.636706  0.546590  0.583359    0.2483    0.2817    0.3140    0.1230    0.4352    0.1571    0.3569
 000087   L  0.714038  0.539259  0.587051    0.2432    0.3426    0.3100    0.1220    0.4559    0.1685    0.3796
 000088   R  0.734553  0.514093  0.589857    0.3053    0.3872    0.2860    0.1010    0.4695    0.1603    0.3931
 000089   Y  0.750443  0.507403  0.591196    0.2963    0.3494    0.2840    0.0880    0.4632    0.1701    0.4110
 000090   L  0.761670  0.540676  0.589566    0.3096    0.2849    0.3090    0.0820    0.4659    0.1780    0.4242
 000091   L  0.756738  0.575893  0.586487    0.2385    0.1823    0.3350    0.0840    0.4458    0.2074    0.4286
 000092   E  0.740609  0.596108  0.582082    0.1766    0.1881    0.3250    0.0910    0.4347    0.2164    0.4323
 000093   E  0.724685  0.604345  0.578841    0.1380    0.2258    0.2940    0.0910    0.4276    0.2179    0.4278
 000094   D  0.714479  0.601509  0.577396    0.1667    0.1791    0.3140    0.0860    0.4255    0.2152    0.4189
 000095   Q  0.703459  0.609510  0.577157    0.1667    0.1942    0.3490    0.0810    0.4333    0.2082    0.4108
 000096   L  0.705135  0.594266  0.578200    0.1018    0.1583    0.3680    0.0980    0.4177    0.2270    0.4014
 000097   P  0.708464  0.592776  0.579557    0.1732    0.2129    0.3220    0.1020    0.4316    0.2045    0.3956
 000098   R  0.715493  0.592339  0.580695    0.2122    0.2918    0.2890    0.0990    0.4469    0.1894    0.3937
 000099   E  0.722633  0.571612  0.581483    0.2167    0.2680    0.2710    0.0800    0.4386    0.1937    0.3870
 000100   A  0.717883  0.560320  0.581786    0.2786    0.2436    0.2780    0.0740    0.4433    0.1838    0.3823
 000101   V  0.684789  0.548703  0.581871    0.3225    0.2436    0.2930    0.0930    0.4458    0.1661    0.3730
 000102   L  0.655199  0.533560  0.580942    0.3146    0.3321    0.2820    0.0860    0.4497    0.1453    0.3572
 000103   H  0.631813  0.567117  0.579426    0.2333    0.2918    0.2730    0.0810    0.4294    0.1655    0.3454
 000104   T  0.599725  0.571646  0.576865    0.2483    0.2034    0.2960    0.0930    0.4160    0.1691    0.3416
 000105   L  0.549970  0.561019  0.575043    0.2041    0.1881    0.3260    0.0920    0.4006    0.1673    0.3394
 000106   P  0.501789  0.566871  0.576369    0.1380    0.1791    0.3270    0.0980    0.3814    0.1780    0.3435
 000107   A  0.496954  0.580980  0.582254    0.1998    0.2224    0.3310    0.0980    0.4023    0.1590    0.3522
 000108   S  0.493890  0.594055  0.589882    0.1698    0.2094    0.3460    0.0920    0.4005    0.1707    0.3604
 000109   K  0.507653  0.611072  0.596538    0.1532    0.2224    0.3680    0.0900    0.4098    0.1769    0.3670
 000110   A  0.555246  0.613102  0.603057    0.1495    0.2224    0.3770    0.0900    0.4200    0.1840    0.3746
 000111   F  0.602353  0.615276  0.610748    0.1805    0.2224    0.3680    0.0900    0.4332    0.1852    0.3844
 000112   L  0.624436  0.628738  0.618895    0.2558    0.2129    0.3250    0.0940    0.4444    0.1827    0.4003
 000113   E  0.662572  0.615651  0.625587    0.3053    0.2129    0.3220    0.0860    0.4574    0.1810    0.4206
 000114   A  0.711102  0.622398  0.631350    0.2255    0.2193    0.3450    0.0810    0.4591    0.2021    0.4301
 000115   L  0.756542  0.625634  0.633310    0.1532    0.1349    0.3500    0.0780    0.4422    0.2434    0.4166
 000116   R  0.761243  0.616148  0.633283    0.2432    0.1969    0.3590    0.0910    0.4684    0.2126    0.3998
 000117   S  0.755266  0.635950  0.629856    0.1380    0.1969    0.3820    0.0840    0.4563    0.2331    0.3878
 000118   A  0.761392  0.656038  0.625156    0.1602    0.1554    0.3990    0.0950    0.4596    0.2390    0.3776
 000119   T  0.769446  0.654889  0.617273    0.1766    0.1791    0.3970    0.1160    0.4658    0.2315    0.3688
 000120   E  0.764960  0.663689  0.606664    0.1178    0.1759    0.4090    0.1220    0.4563    0.2437    0.3580
 000121   E  0.772707  0.640289  0.595592    0.1566    0.2002    0.4120    0.1210    0.4629    0.2275    0.3439
 000122   A  0.776536  0.628509  0.584284    0.2292    0.3356    0.4330    0.1190    0.4979    0.1848    0.3323
 000123   L  0.779941  0.584813  0.573208    0.3005    0.3356    0.4150    0.1080    0.4981    0.1658    0.3248
 000124   L  0.782571  0.554847  0.561751    0.3096    0.3249    0.3960    0.1050    0.4882    0.1652    0.3177
 000125   E  0.785544  0.544389  0.548863    0.2385    0.3286    0.3970    0.1180    0.4738    0.1780    0.3103
 000126   Y  0.798024  0.535925  0.534335    0.3225    0.3215    0.4230    0.1390    0.4891    0.1633    0.3045
 000127   R  0.805235  0.523053  0.517494    0.3005    0.2541    0.4280    0.1390    0.4714    0.1801    0.3003
 000128   P  0.822321  0.509951  0.499680    0.2167    0.2817    0.4310    0.1360    0.4602    0.1946    0.3002
 000129   L  0.844213  0.498496  0.481438    0.1667    0.3117    0.4680    0.1350    0.4617    0.2072    0.2976
 000130   P  0.865860  0.495360  0.462760    0.1766    0.2988    0.4580    0.1420    0.4596    0.2130    0.2928
 000131   R  0.887259  0.494027  0.445272    0.1698    0.2849    0.4710    0.1400    0.4587    0.2232    0.2873
 000132   S  0.907407  0.500447  0.428980    0.1602    0.2094    0.4540    0.1260    0.4435    0.2428    0.2882
 000133   P  0.930662  0.513457  0.414900    0.1805    0.2364    0.3960    0.1310    0.4454    0.2440    0.2892
 000134   L  0.950966  0.507962  0.401458    0.1805    0.3149    0.3650    0.1460    0.4534    0.2432    0.2892
 000135   G  0.968349  0.498508  0.388913    0.2531    0.3631    0.3190    0.1270    0.4652    0.2369    0.2899
 000136   A  0.980922  0.494226  0.374597    0.2432    0.2752    0.3080    0.1030    0.4460    0.2526    0.2909
 000137   Y  0.960198  0.487713  0.357617    0.2963    0.3566    0.3340    0.1060    0.4654    0.2290    0.2924
 000138   L  0.936347  0.460153  0.337848    0.2080    0.3704    0.3160    0.0930    0.4381    0.2350    0.2941
 000139   P  0.829343  0.458545  0.317489    0.1766    0.3182    0.2500    0.0790    0.3918    0.2134    0.2924
 000140   G  0.719627  0.464920  0.297194    0.2657    0.2817    0.2470    0.0800    0.3794    0.1682    0.2924
 000141   S  0.609429  0.465138  0.276158    0.2080    0.1852    0.2590    0.0970    0.3338    0.1528    0.2959
 000142   S  0.499859  0.434698  0.255544    0.1266    0.1092    0.2610    0.0880    0.2812    0.1449    0.3067
 000143   V  0.390254  0.397360  0.235397    0.0813    0.1137    0.2460    0.0600    0.2440    0.1214    0.3201
 000144   K  0.283328  0.365655  0.216984    0.0363    0.0662    0.2020    0.0450    0.1950    0.1149    0.3347
 000145   G  0.174233  0.305325  0.199121    0.0621    0.0690    0.1760    0.0460    0.1643    0.0825    0.3536
 000146   A  0.086278  0.247010  0.184294    0.0405    0.0463    0.1540    0.0380    0.1263    0.0753    0.3790
 000147   L  0.003681  0.204293  0.170579    0.0286    0.0531    0.1220    0.0310    0.0970    0.0740    0.4070
 000148   R  0.003664  0.154067  0.159266    0.0308    0.0948    0.0960    0.0210    0.0898    0.0576    0.4284
 000149   T  0.004243  0.119592  0.149378    0.0490    0.1476    0.0810    0.0150    0.0917    0.0530    0.4147
 000150   A  0.004768  0.087582  0.142490    0.0425    0.1275    0.0720    0.0150    0.0795    0.0472    0.3921
 000151   W  0.004736  0.062246  0.136936    0.0441    0.0888    0.0680    0.0170    0.0675    0.0404    0.3736
 000152   L  0.004857  0.052234  0.132510    0.0455    0.0765    0.0660    0.0190    0.0629    0.0383    0.3587
 000153   F  0.007109  0.052859  0.128564    0.0297    0.0543    0.0750    0.0270    0.0579    0.0381    0.3526
 000154   H  0.029427  0.055196  0.125121    0.0414    0.0405    0.0860    0.0310    0.0629    0.0330    0.3543
 000155   V  0.031071  0.060859  0.120807    0.0286    0.0433    0.1060    0.0380    0.0652    0.0360    0.3566
 000156   L  0.032080  0.064469  0.117086    0.0131    0.0414    0.1310    0.0390    0.0665    0.0435    0.3631
 000157   V  0.032827  0.089282  0.115410    0.0167    0.0483    0.1520    0.0410    0.0758    0.0477    0.3813
 000158   R  0.033670  0.124427  0.116411    0.0297    0.0851    0.1680    0.0530    0.0928    0.0495    0.4053
 000159   E  0.081320  0.167717  0.118167    0.0316    0.0888    0.1860    0.0700    0.1123    0.0526    0.4231
 000160   G  0.149468  0.190243  0.120637    0.0308    0.0555    0.2290    0.0740    0.1293    0.0699    0.4267
 000161   K  0.259158  0.226219  0.124572    0.0395    0.0327    0.2320    0.0720    0.1523    0.0922    0.4119
 000162   V  0.366436  0.241656  0.129524    0.0502    0.0662    0.2510    0.0700    0.1841    0.1124    0.4058
 000163   A  0.454225  0.237602  0.133518    0.0455    0.0646    0.2600    0.0820    0.1993    0.1392    0.3978
 000164   V  0.563370  0.239003  0.134540    0.0813    0.1206    0.3030    0.1020    0.2403    0.1628    0.3943
 000165   F  0.672029  0.242040  0.133451    0.0502    0.0985    0.3410    0.1250    0.2561    0.2092    0.3901
 000166   D  0.780953  0.245076  0.131501    0.0701    0.0704    0.3100    0.1160    0.2680    0.2457    0.3817
 000167   R  0.890288  0.242097  0.131120    0.0991    0.1070    0.2700    0.0910    0.2899    0.2764    0.3775
 000168   K  0.951162  0.226603  0.132249    0.0813    0.1583    0.1910    0.0690    0.2900    0.2991    0.3803
 000169   E  0.992304  0.196987  0.134500    0.0832    0.1643    0.1760    0.1140    0.2913    0.3156    0.3831
 000170   G  0.991786  0.179355  0.136876    0.0858    0.1611    0.1360    0.0800    0.2817    0.3188    0.3865
 000171   V  0.991145  0.157404  0.139157    0.0858    0.1611    0.1610    0.1110    0.2826    0.3179    0.3874
 000172   W  0.990920  0.137406  0.141117    0.0884    0.1643    0.1360    0.0750    0.2764    0.3203    0.3843
 000173   R  0.988747  0.138941  0.142067    0.1322    0.2258    0.1210    0.0530    0.2915    0.3137    0.3703
 000174   L  0.938966  0.155909  0.142491    0.1532    0.2541    0.1320    0.0550    0.2961    0.2903    0.3612
 000175   R  0.849713  0.176021  0.142397    0.1998    0.2541    0.1290    0.0370    0.2919    0.2528    0.3503
 000176   A  0.829277  0.207130  0.142770    0.2913    0.2783    0.1500    0.0390    0.3165    0.2362    0.3468
 000177   W  0.808990  0.259719  0.145853    0.2385    0.2988    0.1720    0.0460    0.3207    0.2244    0.3450
 000178   R  0.796816  0.325039  0.151692    0.1766    0.3019    0.1850    0.0530    0.3228    0.2217    0.3389
 000179   E  0.756076  0.379875  0.161156    0.1958    0.2951    0.2250    0.0650    0.3355    0.2011    0.3324
 000180   G  0.683911  0.445196  0.170711    0.1958    0.2988    0.2690    0.0810    0.3438    0.1758    0.3267
 000181   D  0.613350  0.479845  0.181360    0.1805    0.3249    0.2860    0.0790    0.3443    0.1570    0.3210
 000182   G  0.544946  0.472360  0.193773    0.2432    0.3872    0.2660    0.0650    0.3512    0.1273    0.3188
 000183   G  0.523965  0.481581  0.208427    0.3668    0.4256    0.2580    0.0750    0.3775    0.1136    0.3197
 000184   T  0.587260  0.482259  0.223343    0.3806    0.3426    0.2820    0.1110    0.3830    0.1217    0.3280
 000185   H  0.588081  0.460253  0.234348    0.3992    0.4330    0.2550    0.1020    0.3950    0.1213    0.3373
 000186   V  0.539353  0.464594  0.243374    0.3359    0.4507    0.2290    0.0750    0.3772    0.1160    0.3442
 000187   Y  0.500181  0.462602  0.250082    0.3668    0.4940    0.2160    0.0440    0.3816    0.1142    0.3456
 000188   P  0.500722  0.468663  0.256132    0.4703    0.6043    0.2240    0.0340    0.4207    0.1358    0.3473
 000189   S  0.530921  0.485071  0.259399    0.5008    0.4801    0.3000    0.0810    0.4260    0.1054    0.3514
 000190   R  0.551915  0.528832  0.263388    0.4749    0.4801    0.3480    0.0950    0.4412    0.1024    0.3592
 000191   N  0.563743  0.544582  0.268108    0.3939    0.4801    0.3550    0.1010    0.4343    0.1053    0.3679
 000192   P  0.587419  0.526122  0.274458    0.3939    0.4476    0.3100    0.0990    0.4233    0.1110    0.3775
 000193   S  0.516836  0.500922  0.280528    0.3885    0.3840    0.2580    0.0760    0.3882    0.0981    0.3859
 000194   L  0.493882  0.474693  0.286794    0.3630    0.3087    0.2410    0.0630    0.3613    0.0943    0.3958
 000195   Y  0.503156  0.445101  0.293962    0.3096    0.3019    0.2310    0.0790    0.3475    0.0945    0.4014
 000196   E  0.514661  0.409948  0.301832    0.2558    0.2193    0.1990    0.0720    0.3167    0.1119    0.4033
 000197   N  0.510893  0.396371  0.310113    0.3146    0.2541    0.1940    0.0790    0.3300    0.1016    0.4131
 000198   Q  0.474728  0.367513  0.318153    0.3225    0.3286    0.1740    0.0640    0.3309    0.0885    0.4270
 000199   A  0.439881  0.320494  0.327212    0.2700    0.3087    0.1640    0.0510    0.3050    0.0817    0.4275
 000200   F  0.439256  0.294491  0.337975    0.2700    0.3117    0.1680    0.0510    0.3036    0.0809    0.4184
 000201   E  0.436892  0.283495  0.349595    0.2865    0.3182    0.1570    0.0470    0.3053    0.0840    0.4171
 000202   G  0.498251  0.274326  0.361234    0.2865    0.3087    0.1580    0.0440    0.3145    0.1024    0.4142
 000203   A  0.482167  0.292415  0.371780    0.2657    0.2715    0.1570    0.0420    0.3068    0.1003    0.4116
 000204   V  0.479606  0.292785  0.381535    0.2657    0.2645    0.1620    0.0430    0.3077    0.1000    0.4113
 000205   L  0.450803  0.316029  0.391072    0.3225    0.3019    0.1700    0.0490    0.3254    0.0864    0.4154
 000206   G  0.421762  0.331850  0.401550    0.3939    0.3840    0.1830    0.0600    0.3526    0.0808    0.4196
 000207   Y  0.450582  0.377033  0.412486    0.3491    0.2988    0.2040    0.0650    0.3487    0.0803    0.4219
 000208   A  0.495101  0.420250  0.421454    0.3456    0.2918    0.2120    0.0660    0.3644    0.0933    0.4285
 000209   R  0.510938  0.459630  0.427745    0.2483    0.2064    0.2370    0.0700    0.3483    0.1209    0.4277
 000210   E  0.520206  0.511900  0.430031    0.2786    0.1554    0.2710    0.0840    0.3612    0.1354    0.4228
 000211   G  0.495297  0.530405  0.430784    0.2820    0.2470    0.3020    0.1130    0.3812    0.1094    0.4241
 000212   K  0.545219  0.521110  0.431332    0.2041    0.2436    0.3080    0.1200    0.3756    0.1319    0.4285
 000213   G  0.600450  0.526598  0.432757    0.1958    0.2680    0.3260    0.1320    0.3915    0.1423    0.4306
 000214   R  0.664142  0.523033  0.434436    0.2255    0.1914    0.3110    0.1320    0.3915    0.1672    0.4324
 000215   R  0.738543  0.506577  0.436279    0.3053    0.2399    0.3160    0.1600    0.4238    0.1661    0.4290
 000216   M  0.782992  0.467675  0.440703    0.2657    0.2884    0.2810    0.1440    0.4211    0.1802    0.4190
 000217   S  0.822573  0.450331  0.446234    0.2657    0.2258    0.2240    0.1170    0.4058    0.2091    0.4108
 000218   L  0.865186  0.426170  0.453007    0.3096    0.3019    0.1940    0.0890    0.4250    0.2146    0.4014
 000219   D  0.872393  0.396206  0.458377    0.2786    0.2541    0.1570    0.0480    0.4028    0.2315    0.3953
 000220   L  0.899732  0.373302  0.462595    0.2786    0.2575    0.1400    0.0400    0.4019    0.2440    0.3853
 000221   Y  0.829142  0.359665  0.462599    0.2080    0.2503    0.1350    0.0350    0.3741    0.2292    0.3860
 000222   R  0.744830  0.347531  0.458835    0.2080    0.2470    0.1300    0.0250    0.3560    0.2028    0.3948
 000223   D  0.657515  0.331620  0.451628    0.2041    0.2503    0.1240    0.0160    0.3366    0.1762    0.4037
 000224   P  0.562935  0.336059  0.442330    0.2041    0.2752    0.1140    0.0150    0.3224    0.1485    0.4131
 000225   F  0.473767  0.336520  0.433342    0.2167    0.2224    0.1230    0.0210    0.3009    0.1249    0.4226
 000226   R  0.378708  0.352119  0.426548    0.2531    0.2364    0.1160    0.0180    0.2938    0.1039    0.4296
 000227   A  0.284156  0.358384  0.422158    0.2292    0.2849    0.1180    0.0210    0.2828    0.0959    0.4128
 000228   V  0.227210  0.386144  0.418205    0.2385    0.1881    0.1230    0.0260    0.2636    0.1050    0.3993
 000229   R  0.165498  0.411073  0.413238    0.3184    0.1881    0.1410    0.0380    0.2729    0.1132    0.3851
 000230   L  0.149328  0.429042  0.406967    0.2080    0.1942    0.1750    0.0470    0.2604    0.1131    0.3776
 000231   S  0.145225  0.438856  0.399645    0.1958    0.2575    0.2040    0.0750    0.2734    0.1087    0.3639
 000232   D  0.141929  0.449551  0.390828    0.2700    0.2645    0.2170    0.0840    0.2890    0.1032    0.3543
 000233   S  0.135177  0.445652  0.381336    0.2700    0.2752    0.2290    0.0810    0.2894    0.1007    0.3526
 000234   G  0.131252  0.440969  0.371794    0.1844    0.2129    0.2390    0.0830    0.2634    0.1081    0.3513
 000235   P  0.127023  0.426580  0.363223    0.1667    0.1070    0.2070    0.0760    0.2329    0.1201    0.3534
 000236   V  0.116030  0.401869  0.353842    0.1921    0.1881    0.1550    0.0590    0.2345    0.1053    0.3581
 000237   E  0.112215  0.361248  0.343819    0.1178    0.2193    0.0990    0.0370    0.2090    0.1089    0.3674
 000238   T  0.110472  0.325464  0.332632    0.1322    0.2436    0.0830    0.0280    0.2045    0.1012    0.3824
 000239   F  0.101804  0.296614  0.321166    0.2080    0.3019    0.0700    0.0240    0.2166    0.0994    0.3995
 000240   L  0.096849  0.262395  0.308912    0.1998    0.3117    0.0660    0.0250    0.2076    0.0970    0.4149
 000241   N  0.091559  0.236569  0.297134    0.2700    0.3983    0.0760    0.0220    0.2282    0.1136    0.4231
 000242   R  0.087461  0.234659  0.286900    0.2657    0.4017    0.0860    0.0220    0.2271    0.1118    0.4305
 000243   L  0.080870  0.235405  0.276630    0.2748    0.3872    0.1160    0.0410    0.2286    0.1033    0.4130
 000244   G  0.070558  0.228250  0.265641    0.2700    0.3529    0.1240    0.0450    0.2185    0.0948    0.4046
 000245   V  0.066274  0.247472  0.253846    0.2602    0.2951    0.1460    0.0520    0.2114    0.0795    0.3916
 000246   F  0.055842  0.300067  0.243705    0.1921    0.1969    0.1470    0.0600    0.1893    0.0763    0.3823
 000247   H  0.050880  0.344738  0.234096    0.1921    0.1881    0.1730    0.0770    0.1972    0.0868    0.3764
 000248   P  0.048936  0.398399  0.225223    0.1292    0.1583    0.1880    0.0870    0.1914    0.1074    0.3715
 000249   H  0.044929  0.434449  0.215350    0.0789    0.1583    0.1850    0.0810    0.1862    0.1257    0.3711
 000250   K  0.041367  0.434242  0.207724    0.1240    0.2645    0.1510    0.0580    0.2038    0.1241    0.3751
 000251   D  0.040990  0.411874  0.204493    0.1958    0.2292    0.1160    0.0350    0.1997    0.1142    0.3762
 000252   T  0.042028  0.388222  0.206258    0.1958    0.2094    0.1000    0.0330    0.1903    0.1080    0.3694
 000253   S  0.061882  0.363910  0.211637    0.1240    0.1449    0.0860    0.0340    0.1654    0.1006    0.3672
 000254   R  0.077378  0.329909  0.217653    0.1844    0.2129    0.0750    0.0320    0.1829    0.0880    0.3679
 000255   M  0.084469  0.287133  0.224529    0.1178    0.2193    0.0670    0.0260    0.1668    0.0813    0.3645
 000256   V  0.088967  0.237667  0.229761    0.1732    0.2715    0.0600    0.0180    0.1769    0.0783    0.3690
 000257   L  0.096179  0.191207  0.233101    0.2657    0.2715    0.0570    0.0140    0.1857    0.0824    0.3752
 000258   L  0.096682  0.181858  0.234744    0.2700    0.2470    0.0610    0.0160    0.1819    0.0782    0.3816
 000259   A  0.104102  0.177104  0.236395    0.1566    0.1554    0.0630    0.0200    0.1487    0.0548    0.3914
 000260   E  0.111708  0.172568  0.238763    0.1456    0.1643    0.0650    0.0260    0.1496    0.0538    0.3982
 000261   T  0.110678  0.180648  0.241526    0.0965    0.1137    0.0670    0.0260    0.1350    0.0586    0.4020
 000262   F  0.101434  0.163333  0.243962    0.1018    0.1070    0.0740    0.0290    0.1319    0.0568    0.4043
 000263   R  0.097607  0.160671  0.247524    0.0660    0.0618    0.0820    0.0290    0.1193    0.0660    0.4130
 000264   I  0.095855  0.170593  0.252573    0.0643    0.0631    0.0990    0.0360    0.1243    0.0676    0.4176
 000265   G  0.095894  0.180531  0.259268    0.0405    0.0704    0.1110    0.0420    0.1263    0.0733    0.4216
 000266   T  0.099546  0.180836  0.266527    0.0502    0.0888    0.1220    0.0460    0.1347    0.0709    0.4272
 000267   R  0.110660  0.187075  0.276005    0.0813    0.0835    0.1310    0.0450    0.1449    0.0685    0.4298
 000268   F  0.114970  0.179630  0.284845    0.1292    0.1298    0.1330    0.0530    0.1618    0.0586    0.4276
 000269   A  0.121033  0.181697  0.293800    0.1266    0.1823    0.1430    0.0570    0.1747    0.0584    0.4259
 000270   L  0.129506  0.199707  0.301120    0.1532    0.2129    0.1640    0.0590    0.1934    0.0557    0.4254
 000271   T  0.136570  0.220735  0.310254    0.1349    0.2094    0.1890    0.0760    0.2001    0.0593    0.4285
 000272   L  0.142193  0.257475  0.317888    0.1380    0.2064    0.2130    0.0870    0.2126    0.0628    0.4327
 000273   R  0.148108  0.274859  0.325399    0.2255    0.3149    0.2280    0.0990    0.2528    0.0604    0.4253
 000274   Y  0.150944  0.317407  0.333378    0.2333    0.3356    0.2790    0.1150    0.2749    0.0659    0.4209
 000275   H  0.169618  0.367850  0.340453    0.3225    0.4119    0.3300    0.1280    0.3237    0.0751    0.4129
 000276   E  0.187949  0.424350  0.346883    0.3263    0.4119    0.4070    0.1480    0.3508    0.0811    0.4019
 000277   G  0.218609  0.478966  0.352682    0.3146    0.3426    0.5390    0.1280    0.3744    0.1060    0.3918
 000278   L  0.242134  0.557252  0.361883    0.3225    0.3529    0.6030    0.1040    0.4066    0.1292    0.3836
 000279   S  0.284160  0.617866  0.371780    0.3535    0.4256    0.6060    0.1190    0.4431    0.1263    0.3716
 000280   R  0.351579  0.638651  0.381740    0.3762    0.4801    0.6570    0.1480    0.4810    0.1249    0.3626
 000281   D  0.429286  0.720851  0.389586    0.4116    0.4725    0.6790    0.1670    0.5172    0.1322    0.3586
 000282   G  0.511645  0.727550  0.396412    0.4333    0.4901    0.6700    0.1680    0.5382    0.1206    0.3592
 000283   D  0.582542  0.697284  0.402605    0.4149    0.6183    0.6420    0.1710    0.5596    0.1120    0.3608
 000284   G  0.631996  0.704924  0.408967    0.4513    0.6427    0.6170    0.1750    0.5762    0.1075    0.3673
 000285   E  0.660598  0.713570  0.414604    0.5583    0.7547    0.5110    0.1600    0.6022    0.1186    0.3708
 000286   R  0.672730  0.686258  0.418579    0.5711    0.6576    0.5050    0.1590    0.5852    0.0979    0.3755
 000287   G  0.711259  0.635272  0.422754    0.5762    0.5620    0.5020    0.1860    0.5683    0.0918    0.3855
 000288   V  0.718055  0.590556  0.427330    0.5173    0.5493    0.5050    0.1800    0.5513    0.0894    0.3965
 000289   S  0.684574  0.549565  0.431660    0.5514    0.6089    0.4450    0.1510    0.5452    0.0880    0.4020
 000290   M  0.642152  0.519584  0.434858    0.5253    0.5176    0.5130    0.1260    0.5254    0.0607    0.4103
 000291   P  0.584313  0.509820  0.436510    0.5173    0.5139    0.4810    0.1150    0.5071    0.0443    0.4172
 000292   I  0.526170  0.480558  0.436563    0.4458    0.5139    0.4320    0.1310    0.4725    0.0372    0.4181
 000293   P  0.501848  0.469215  0.435614    0.4245    0.4256    0.3190    0.1530    0.4292    0.0565    0.4173
 000294   P  0.489439  0.471552  0.433454    0.4379    0.3356    0.3040    0.1600    0.4120    0.0685    0.4174
 000295   E  0.487064  0.443550  0.430892    0.3630    0.3356    0.2760    0.1510    0.3893    0.0716    0.4178
 000296   D  0.472461  0.409707  0.428059    0.2786    0.3249    0.2180    0.1140    0.3553    0.0891    0.4213
 000297   L  0.425547  0.374861  0.428064    0.2913    0.2715    0.1700    0.0650    0.3269    0.0923    0.4240
 000298   V  0.390591  0.328358  0.429624    0.2820    0.2470    0.1340    0.0450    0.3020    0.0969    0.4220
 000299   R  0.366323  0.305930  0.432990    0.2786    0.3149    0.1310    0.0390    0.3050    0.0923    0.4192
 000300   A  0.345977  0.289998  0.435122    0.2531    0.2002    0.1310    0.0400    0.2759    0.0981    0.4216
 000301   L  0.318869  0.286737  0.437234    0.2913    0.2436    0.1180    0.0320    0.2827    0.0947    0.4214
 000302   R  0.260505  0.306397  0.438220    0.1532    0.2224    0.1080    0.0270    0.2482    0.1071    0.4177
 000303   D  0.213883  0.329763  0.442102    0.2255    0.3087    0.1090    0.0300    0.2715    0.1047    0.4180
 000304   Y  0.165314  0.342262  0.447055    0.1958    0.1791    0.1150    0.0360    0.2407    0.1157    0.4185
 000305   Y  0.106684  0.361714  0.450703    0.1766    0.1373    0.1240    0.0380    0.2262    0.1316    0.4180
 000306   G  0.098961  0.364560  0.453503    0.1088    0.1373    0.1360    0.0420    0.2165    0.1392    0.4146
 000307   K  0.087618  0.375643  0.454841    0.0909    0.1399    0.1460    0.0470    0.2157    0.1446    0.4082
 000308   V  0.062696  0.399847  0.455503    0.1292    0.2002    0.1600    0.0600    0.2346    0.1435    0.4032
 000309   A  0.044327  0.421083  0.452935    0.1667    0.2503    0.1700    0.0660    0.2509    0.1449    0.3998
 000310   E  0.046350  0.430669  0.451203    0.1766    0.1881    0.1900    0.0760    0.2471    0.1457    0.3928
 000311   W  0.076407  0.449823  0.450238    0.1732    0.2064    0.2040    0.0770    0.2600    0.1411    0.3853
 000312   E  0.154879  0.464370  0.449333    0.1566    0.2715    0.1880    0.0750    0.2808    0.1304    0.3795
 000313   E  0.226987  0.470182  0.446404    0.1635    0.2541    0.1860    0.0710    0.2912    0.1218    0.3743
 000314   G  0.276191  0.482859  0.443352    0.1322    0.1791    0.2300    0.0890    0.2906    0.1302    0.3683
 000315   F  0.347543  0.492405  0.440169    0.1698    0.2680    0.2970    0.1210    0.3358    0.1074    0.3628
 000316   A  0.420768  0.482747  0.440125    0.1635    0.2884    0.2640    0.1000    0.3433    0.1129    0.3524
 000317   E  0.480907  0.506230  0.442431    0.1602    0.2034    0.2300    0.0850    0.3372    0.1420    0.3414
 000318   E  0.559945  0.515216  0.446041    0.1205    0.1969    0.2330    0.0910    0.3453    0.1684    0.3347
 000319   H  0.638225  0.489771  0.449571    0.1088    0.2328    0.2470    0.1120    0.3611    0.1799    0.3245
 000320   R  0.660171  0.475922  0.454719    0.1088    0.1881    0.2700    0.1280    0.3597    0.1885    0.3136
 000321   L  0.626136  0.483801  0.462719    0.0965    0.1731    0.2420    0.1180    0.3474    0.1889    0.3156
 000322   K  0.629465  0.458591  0.472515    0.1205    0.2951    0.2150    0.1110    0.3651    0.1720    0.3097
 000323   R  0.651165  0.461284  0.482504    0.1060    0.2783    0.2050    0.1070    0.3640    0.1850    0.3056
 000324   A  0.653535  0.451540  0.491930    0.1117    0.1969    0.1840    0.0790    0.3483    0.1959    0.3074
 000325   L  0.655906  0.441227  0.500036    0.0965    0.2064    0.1620    0.0550    0.3437    0.2018    0.3095
 000326   E  0.676070  0.395016  0.507579    0.0858    0.3149    0.1430    0.0470    0.3538    0.2028    0.3064
 000327   V  0.633640  0.374746  0.514887    0.1060    0.3667    0.1340    0.0400    0.3551    0.1890    0.3087
 000328   Y  0.599787  0.367456  0.518424    0.1060    0.3667    0.1340    0.0380    0.3488    0.1814    0.3162
 000329   R  0.571759  0.367039  0.518691    0.1266    0.3321    0.1370    0.0320    0.3422    0.1698    0.3168
 000330   A  0.548082  0.356644  0.517711    0.1349    0.2328    0.1420    0.0340    0.3221    0.1662    0.3265
 000331   L  0.487881  0.405062  0.519217    0.1322    0.2715    0.1390    0.0330    0.3259    0.1555    0.3395
 000332   R  0.436148  0.440409  0.523049    0.1266    0.2715    0.1380    0.0380    0.3226    0.1539    0.3423
 000333   E  0.371939  0.463709  0.528377    0.1566    0.2680    0.1620    0.0510    0.3251    0.1420    0.3599
 000334   R  0.308173  0.498989  0.534459    0.1088    0.2164    0.1960    0.0740    0.3105    0.1572    0.3734
 000335   L  0.242965  0.541281  0.541167    0.1205    0.2436    0.2060    0.0820    0.3160    0.1645    0.3913
 000336   Q  0.222533  0.563075  0.548562    0.1240    0.2164    0.1990    0.0780    0.3123    0.1752    0.4031
 000337   D  0.192558  0.580106  0.556601    0.1266    0.2094    0.2010    0.0720    0.3110    0.1841    0.4224
 000338   P  0.186292  0.576451  0.565469    0.1088    0.2680    0.1980    0.0630    0.3172    0.1853    0.4271
 000339   E  0.180989  0.583081  0.573360    0.1732    0.3529    0.1910    0.0620    0.3423    0.1775    0.4135
 000340   A  0.172185  0.583488  0.581172    0.1958    0.3529    0.1920    0.0600    0.3462    0.1772    0.3978
 000341   F  0.160533  0.569298  0.587024    0.2255    0.3019    0.1740    0.0500    0.3364    0.1769    0.3939
 000342   P  0.158539  0.582374  0.592918    0.3005    0.3494    0.1510    0.0490    0.3558    0.1787    0.3935
 000343   L  0.155971  0.580252  0.598557    0.2483    0.2849    0.1610    0.0540    0.3381    0.1835    0.3922
 000344   R  0.146168  0.577495  0.603723    0.2209    0.2645    0.1600    0.0590    0.3288    0.1893    0.3956
 000345   V  0.132464  0.575769  0.607826    0.1766    0.2002    0.1710    0.0620    0.3107    0.2000    0.3992
 000346   G  0.114046  0.596359  0.611810    0.2657    0.2503    0.1870    0.0800    0.3376    0.1947    0.4024
 000347   F  0.095830  0.601053  0.614362    0.1921    0.1731    0.2160    0.0990    0.3154    0.2100    0.4043
 000348   G  0.084913  0.593118  0.616359    0.1766    0.1184    0.2170    0.1030    0.3011    0.2188    0.4082
 000349   S  0.082239  0.589571  0.615784    0.1088    0.0646    0.2290    0.1160    0.2816    0.2331    0.4113
 000350   G  0.079391  0.581614  0.616011    0.0744    0.0719    0.2530    0.1280    0.2794    0.2347    0.4126
 000351   R  0.076827  0.579231  0.614352    0.0607    0.0888    0.2840    0.1440    0.2840    0.2335    0.4149
 000352   L  0.100245  0.555560  0.613746    0.1349    0.1643    0.3040    0.1220    0.3121    0.2035    0.4169
 000353   A  0.128162  0.544435  0.611394    0.1205    0.1424    0.2810    0.1180    0.3046    0.2015    0.4165
 000354   L  0.193533  0.514845  0.608749    0.2041    0.2328    0.2590    0.1160    0.3356    0.1636    0.4172
 000355   R  0.277418  0.467337  0.603224    0.2209    0.2541    0.2160    0.1080    0.3399    0.1451    0.4204
 000356   L  0.362595  0.511568  0.597019    0.3263    0.2884    0.1890    0.1000    0.3792    0.1368    0.4222
 000357   A  0.442821  0.486003  0.590310    0.3311    0.2988    0.1950    0.0950    0.3907    0.1303    0.4226
 000358   L  0.519061  0.529008  0.584362    0.3939    0.4087    0.2340    0.0970    0.4449    0.1157    0.4217
 000359   L  0.597564  0.530822  0.581615    0.4037    0.4330    0.3000    0.0990    0.4744    0.1057    0.4211
 000360   L  0.679926  0.544731  0.581452    0.4116    0.4292    0.3950    0.1060    0.5069    0.1038    0.4210
 000361   P  0.737285  0.576122  0.582698    0.4333    0.4409    0.4410    0.1260    0.5353    0.1102    0.4225
 000362   E  0.791281  0.625027  0.583942    0.4379    0.4369    0.5070    0.1480    0.5637    0.1232    0.4224
 000363   D  0.812600  0.658924  0.585200    0.5173    0.5055    0.6360    0.1500    0.6192    0.1031    0.4235
 000364   H  0.821083  0.690097  0.586799    0.5253    0.5493    0.6760    0.1340    0.6414    0.1007    0.4243
 000365   P  0.829667  0.708145  0.587728    0.5941    0.6183    0.6760    0.1270    0.6689    0.0838    0.4258
 000366   E  0.836177  0.707621  0.587520    0.6079    0.6427    0.7070    0.1230    0.6815    0.0827    0.4276
 000367   A  0.846095  0.723935  0.586087    0.6412    0.7120    0.7320    0.1190    0.7069    0.0809    0.4294
 000368   Q  0.851613  0.730493  0.583057    0.6604    0.7547    0.7150    0.0910    0.7158    0.0825    0.4318
 000369   E  0.854563  0.748925  0.579933    0.6944    0.8462    0.7050    0.0960    0.7381    0.0943    0.4333
 000370   P  0.856347  0.757377  0.577237    0.7605    0.9190    0.6960    0.1200    0.7610    0.1096    0.4334
 000371   K  0.861224  0.746749  0.573926    0.8158    0.9249    0.6920    0.1310    0.7691    0.1151    0.4331
 000372   T  0.864143  0.716690  0.569887    0.8118    0.9168    0.7160    0.1060    0.7659    0.1139    0.4332
 000373   R  0.869822  0.716519  0.564967    0.7501    0.9126    0.7320    0.1090    0.7577    0.1126    0.4332
 000374   K  0.875710  0.686426  0.559932    0.7501    0.8375    0.6970    0.1040    0.7345    0.1040    0.4335
 000375   T  0.811093  0.675772  0.553285    0.7540    0.8655    0.6070    0.1370    0.7112    0.1100    0.4338
 000376   A  0.801839  0.636540  0.543671    0.6715    0.7547    0.6330    0.2020    0.6735    0.0846    0.4338
 000377   G  0.755042  0.610212  0.531159    0.6827    0.7505    0.5760    0.2250    0.6510    0.0850    0.4344
 000378   A  0.705056  0.575392  0.516895    0.6681    0.6322    0.5960    0.2620    0.6157    0.0616    0.4356
 000379   Q  0.656585  0.554897  0.501825    0.6557    0.5758    0.5430    0.2140    0.5813    0.0573    0.4378
 000380   N  0.594738  0.516654  0.489224    0.5762    0.4901    0.5440    0.2100    0.5352    0.0404    0.4421
 000381   P  0.532010  0.489819  0.477936    0.5296    0.4652    0.4600    0.1750    0.4925    0.0287    0.4487
 000382   V  0.481270  0.446871  0.471132    0.4781    0.4582    0.4200    0.1820    0.4593    0.0211    0.4571
 000383   D  0.413582  0.420497  0.464101    0.4781    0.3704    0.3710    0.1890    0.4197    0.0412    0.4656
 000384   G  0.411524  0.386732  0.460370    0.4825    0.3910    0.3090    0.1360    0.4068    0.0561    0.4774
 000385   Y  0.348403  0.372621  0.458293    0.4245    0.4256    0.2600    0.0960    0.3815    0.0654    0.4881
 000386   P  0.325412  0.336447  0.460857    0.4203    0.3392    0.2670    0.1010    0.3582    0.0641    0.4990
 000387   L  0.326231  0.334012  0.465932    0.4651    0.3529    0.4620    0.2080    0.4011    0.0639    0.5121
 000388   G  0.311539  0.327729  0.471837    0.3885    0.3249    0.6070    0.1580    0.4052    0.1053    0.5240
 000389   W  0.314187  0.340758  0.477654    0.4556    0.3249    0.5830    0.1670    0.4161    0.0981    0.5351
 000390   M  0.315505  0.371326  0.481070    0.4825    0.2849    0.5480    0.1970    0.4139    0.0960    0.5447
 000391   V  0.313940  0.408647  0.482067    0.5229    0.2399    0.5270    0.2290    0.4157    0.1077    0.5482
 000392   G  0.369689  0.419645  0.480146    0.5331    0.1759    0.5840    0.1720    0.4271    0.1324    0.5495
 000393   R  0.440217  0.462170  0.476355    0.6334    0.2129    0.6370    0.0800    0.4770    0.1422    0.5536
 000394   L  0.309002  0.505075  0.470487    0.6516    0.1611    0.7560    0.1150    0.4755    0.1988    0.5569
 000395   E  0.415802  0.517005  0.461141    0.6827    0.1206    0.7600    0.1500    0.4928    0.2055    0.5562
 000396   P  0.795328  0.567394  0.447414    0.7772    0.1881    0.7570    0.1600    0.5887    0.2189    0.5529
 000397   L  0.895595  0.607118  0.439803    0.7951    0.1092    0.8660    0.0660    0.6188    0.2771    0.5484
