#RESNUM RES     VL-XT     VSL2B       VL3  IUPred-S  IUPred-L  PONDRFIT  FITERROR       MDP  MDPERROR   ANCHOR2
 000001   M  0.476792  0.711857  0.081523    0.4703    0.0090    0.9480    0.0180    0.4361    0.3290    0.0855
 000002   K  0.476222  0.635967  0.078804    0.4245    0.0079    0.8760    0.0260    0.4034    0.3013    0.0849
 000003   R  0.404304  0.544163  0.076222    0.2657    0.0107    0.8380    0.0730    0.3438    0.2819    0.0866
 000004   L  0.367426  0.402192  0.073711    0.1416    0.0086    0.7130    0.1000    0.2722    0.2403    0.0892
 000005   A  0.349029  0.271127  0.071252    0.1150    0.0094    0.6340    0.1060    0.2297    0.2105    0.0946
 000006   W  0.317243  0.167725  0.068959    0.0441    0.0080    0.6310    0.0950    0.1946    0.2157    0.1008
 000007   T  0.275034  0.093380  0.066613    0.0259    0.0100    0.4400    0.0830    0.1408    0.1559    0.1032
 000008   L  0.244689  0.054779  0.064559    0.0083    0.0107    0.4810    0.1200    0.1332    0.1707    0.1018
 000009   L  0.218626  0.044041  0.063933    0.0067    0.0134    0.4270    0.1070    0.1183    0.1512    0.1036
 000010   L  0.195910  0.039945  0.063161    0.0031    0.0097    0.3500    0.1350    0.0998    0.1253    0.1072
 000011   G  0.154629  0.043717  0.062403    0.0021    0.0104    0.4290    0.0850    0.1067    0.1486    0.1132
 000012   L  0.119405  0.051450  0.064890    0.0010    0.0127    0.3760    0.0830    0.0934    0.1279    0.1184
 000013   V  0.098661  0.059142  0.064579    0.0008    0.0082    0.2790    0.0870    0.0743    0.0936    0.1249
 000014   G  0.078137  0.069794  0.064289    0.0009    0.0082    0.1890    0.0740    0.0577    0.0627    0.1307
 000015   L  0.057523  0.077356  0.064576    0.0009    0.0085    0.1450    0.0460    0.0483    0.0490    0.1359
 000016   A  0.047711  0.093925  0.065628    0.0013    0.0100    0.1210    0.0370    0.0457    0.0441    0.1375
 000017   L  0.034395  0.099009  0.063398    0.0022    0.0202    0.1150    0.0370    0.0451    0.0422    0.1393
 000018   G  0.020853  0.107323  0.062745    0.0026    0.0107    0.1060    0.0320    0.0413    0.0445    0.1476
 000019   A  0.009729  0.118634  0.063577    0.0081    0.0165    0.1140    0.0330    0.0444    0.0482    0.1565
 000020   R  0.013918  0.123247  0.064839    0.0079    0.0223    0.1100    0.0300    0.0462    0.0473    0.1638
 000021   F  0.024226  0.126940  0.066316    0.0173    0.0389    0.1120    0.0220    0.0533    0.0436    0.1693
 000022   A  0.034174  0.141841  0.069606    0.0128    0.0372    0.1190    0.0270    0.0574    0.0482    0.1699
 000023   T  0.046521  0.168716  0.073420    0.0316    0.0372    0.1370    0.0430    0.0702    0.0538    0.1726
 000024   F  0.059883  0.196674  0.076124    0.0567    0.0631    0.1740    0.0480    0.0917    0.0593    0.1737
 000025   S  0.072932  0.225447  0.078724    0.0308    0.0349    0.1560    0.0490    0.0867    0.0709    0.1747
 000026   V  0.085031  0.244623  0.080136    0.0660    0.0662    0.1830    0.0570    0.1074    0.0697    0.1748
 000027   E  0.096105  0.258094  0.080391    0.0490    0.0851    0.1740    0.0630    0.1103    0.0723    0.1793
 000028   P  0.109317  0.260373  0.080546    0.1041    0.1399    0.1810    0.0670    0.1324    0.0616    0.1815
 000029   F  0.119896  0.256086  0.079752    0.1018    0.0929    0.1880    0.0630    0.1264    0.0639    0.1749
 000030   G  0.128203  0.269969  0.078983    0.1322    0.1184    0.1300    0.0500    0.1299    0.0610    0.1667
 000031   A  0.160177  0.268535  0.079375    0.0858    0.1275    0.1220    0.0480    0.1273    0.0646    0.1606
 000032   Q  0.186332  0.284981  0.082004    0.1602    0.1476    0.1270    0.0510    0.1510    0.0641    0.1599
 000033   R  0.218423  0.304336  0.084158    0.1878    0.2064    0.1430    0.0450    0.1767    0.0692    0.1616
 000034   L  0.215968  0.303673  0.085449    0.1240    0.2064    0.1580    0.0500    0.1679    0.0719    0.1650
 000035   D  0.206793  0.312695  0.086864    0.2483    0.3249    0.1830    0.0660    0.2127    0.0822    0.1680
 000036   L  0.230006  0.336062  0.086989    0.2531    0.3286    0.1950    0.0710    0.2237    0.0857    0.1699
 000037   D  0.235585  0.342737  0.088340    0.3399    0.3053    0.1930    0.0690    0.2361    0.0918    0.1727
 000038   T  0.243684  0.344223  0.089642    0.3184    0.2034    0.1890    0.0580    0.2164    0.0861    0.1700
 000039   G  0.268807  0.342272  0.090879    0.1958    0.1759    0.1910    0.0560    0.1957    0.0798    0.1673
 000040   V  0.289390  0.324572  0.092559    0.2255    0.2988    0.1660    0.0460    0.2173    0.0833    0.1712
 000041   T  0.327141  0.313099  0.093345    0.2209    0.3149    0.1410    0.0330    0.2195    0.0927    0.1802
 000042   T  0.350029  0.315000  0.096067    0.2748    0.3667    0.1280    0.0280    0.2390    0.1068    0.1863
 000043   L  0.408025  0.319437  0.095158    0.2657    0.3740    0.1250    0.0300    0.2487    0.1192    0.1903
 000044   P  0.466832  0.328049  0.095972    0.2820    0.3840    0.1050    0.0360    0.2610    0.1378    0.1932
 000045   Q  0.470927  0.337349  0.096441    0.3806    0.3872    0.1030    0.0440    0.2799    0.1451    0.1896
 000046   G  0.483430  0.361367  0.098686    0.3717    0.3704    0.1130    0.0450    0.2833    0.1442    0.1915
 000047   G  0.506046  0.350272  0.101517    0.3762    0.3740    0.1380    0.0490    0.2908    0.1433    0.1940
 000048   I  0.508863  0.353911  0.108187    0.3578    0.3599    0.1630    0.0580    0.2906    0.1357    0.1990
 000049   L  0.478724  0.381487  0.116834    0.2786    0.3182    0.1800    0.0670    0.2729    0.1219    0.2080
 000050   T  0.450165  0.404940  0.120251    0.2602    0.2884    0.1690    0.0710    0.2621    0.1192    0.2188
 000051   D  0.392286  0.415649  0.122912    0.3096    0.2752    0.1640    0.0610    0.2595    0.1099    0.2278
 000052   N  0.324027  0.410700  0.124608    0.2820    0.1731    0.1430    0.0390    0.2221    0.1063    0.2372
 000053   E  0.266068  0.380854  0.123920    0.2122    0.1399    0.1250    0.0210    0.1873    0.0953    0.2485
 000054   N  0.231499  0.343730  0.126644    0.2122    0.1399    0.1080    0.0180    0.1726    0.0833    0.2602
 000055   G  0.204634  0.311680  0.130624    0.1532    0.1115    0.0950    0.0150    0.1461    0.0763    0.2758
 000056   L  0.162604  0.276873  0.139012    0.0965    0.1184    0.0830    0.0120    0.1229    0.0681    0.2935
 000057   R  0.118898  0.238221  0.148894    0.0935    0.1184    0.0730    0.0120    0.1071    0.0585    0.3064
 000058   L  0.096678  0.220701  0.158763    0.0991    0.1162    0.0710    0.0180    0.1006    0.0562    0.3195
 000059   K  0.059073  0.204659  0.164165    0.1566    0.1048    0.0690    0.0200    0.0990    0.0596    0.3265
 000060   A  0.065274  0.188487  0.171147    0.2209    0.1162    0.0700    0.0230    0.1102    0.0655    0.3384
 000061   A  0.103601  0.177948  0.180043    0.1416    0.1070    0.0710    0.0210    0.1002    0.0500    0.3485
 000062   Y  0.131086  0.166201  0.189151    0.0935    0.0817    0.0780    0.0230    0.0918    0.0530    0.3549
 000063   I  0.179593  0.167753  0.194795    0.0858    0.0719    0.0900    0.0340    0.0992    0.0596    0.3529
 000064   A  0.185962  0.192846  0.202405    0.0621    0.0734    0.1100    0.0440    0.1040    0.0671    0.3467
 000065   Y  0.197884  0.224467  0.207974    0.0587    0.0414    0.1360    0.0610    0.1097    0.0802    0.3403
 000066   K  0.239133  0.262059  0.211857    0.0621    0.0454    0.1380    0.0630    0.1244    0.0913    0.3249
 000067   E  0.276667  0.280586  0.217957    0.0660    0.0463    0.1370    0.0540    0.1344    0.1008    0.3149
 000068   G  0.282243  0.295753  0.225972    0.0723    0.0287    0.1440    0.0520    0.1371    0.1081    0.3071
 000069   S  0.337292  0.291541  0.236027    0.0723    0.0494    0.1510    0.0560    0.1503    0.1144    0.3020
 000070   F  0.387703  0.274021  0.245551    0.0464    0.0555    0.1670    0.0690    0.1551    0.1280    0.2983
 000071   V  0.433381  0.278081  0.255397    0.0542    0.0676    0.1590    0.0640    0.1654    0.1382    0.2859
 000072   R  0.470675  0.308128  0.264529    0.0701    0.0888    0.1600    0.0600    0.1829    0.1456    0.2737
 000073   A  0.541689  0.332448  0.267202    0.1060    0.1449    0.1850    0.0560    0.2183    0.1523    0.2682
 000074   R  0.596586  0.363454  0.271718    0.1805    0.1349    0.2060    0.0500    0.2470    0.1607    0.2640
 000075   E  0.624318  0.404836  0.276453    0.2041    0.1092    0.2390    0.0650    0.2636    0.1723    0.2680
 000076   V  0.641248  0.426106  0.281535    0.1844    0.1476    0.2770    0.0680    0.2794    0.1726    0.2677
 000077   E  0.716105  0.438429  0.286851    0.1292    0.1275    0.2730    0.0690    0.2807    0.2086    0.2731
 000078   L  0.734570  0.456107  0.292898    0.1018    0.1137    0.3120    0.0710    0.2863    0.2215    0.2738
 000079   L  0.735519  0.469551  0.295990    0.0813    0.0690    0.3340    0.0850    0.2816    0.2344    0.2697
 000080   S  0.746856  0.487285  0.295495    0.0813    0.0749    0.3180    0.0920    0.2847    0.2385    0.2597
 000081   E  0.746620  0.490560  0.295424    0.0789    0.1528    0.2620    0.1070    0.2885    0.2287    0.2502
 000082   K  0.743166  0.491411  0.299823    0.1292    0.2224    0.1990    0.0920    0.2976    0.2160    0.2470
 000083   E  0.757848  0.475452  0.302002    0.1380    0.1449    0.1650    0.0830    0.2802    0.2304    0.2480
 000084   R  0.768373  0.456617  0.305606    0.1732    0.2064    0.1380    0.0580    0.2905    0.2237    0.2378
 000085   F  0.788516  0.415454  0.305798    0.1088    0.2064    0.1200    0.0270    0.2732    0.2387    0.2380
 000086   V  0.782481  0.389696  0.304731    0.1322    0.1969    0.0960    0.0160    0.2662    0.2363    0.2277
 000087   A  0.760755  0.370093  0.296845    0.1844    0.2752    0.1000    0.0150    0.2818    0.2160    0.2218
 000088   A  0.706149  0.361361  0.287306    0.1878    0.2292    0.1120    0.0230    0.2661    0.1977    0.2134
 000089   S  0.658723  0.365154  0.278868    0.2820    0.2292    0.1210    0.0290    0.2760    0.1736    0.2067
 000090   L  0.577872  0.370196  0.277366    0.3359    0.2064    0.1420    0.0450    0.2721    0.1463    0.2038
 000091   E  0.498880  0.397230  0.278746    0.2385    0.2129    0.1340    0.0500    0.2469    0.1298    0.2054
 000092   H  0.417871  0.415218  0.278148    0.1456    0.2064    0.1250    0.0430    0.2183    0.1267    0.2056
 000093   D  0.341075  0.443580  0.275626    0.1566    0.1399    0.1310    0.0380    0.2020    0.1252    0.1994
 000094   I  0.261376  0.459450  0.273717    0.1566    0.0799    0.1220    0.0300    0.1799    0.1339    0.1907
 000095   P  0.181677  0.455851  0.270339    0.0991    0.0405    0.1050    0.0180    0.1471    0.1456    0.1948
 000096   K  0.120687  0.437502  0.270316    0.1041    0.0690    0.0960    0.0200    0.1378    0.1386    0.1911
 000097   Q  0.087813  0.423704  0.268833    0.0884    0.1162    0.0880    0.0230    0.1341    0.1346    0.1947
 000098   Q  0.046244  0.383752  0.267475    0.0884    0.1162    0.0880    0.0280    0.1204    0.1282    0.2007
 000099   A  0.039508  0.335065  0.261462    0.1088    0.1449    0.0860    0.0290    0.1190    0.1119    0.2098
 000100   L  0.036088  0.293178  0.258409    0.0884    0.0799    0.0780    0.0260    0.0959    0.1076    0.2201
 000101   F  0.036224  0.284028  0.255036    0.1602    0.1373    0.0680    0.0210    0.1143    0.0996    0.2290
 000102   Q  0.033464  0.265956  0.249925    0.0789    0.1323    0.0590    0.0160    0.0949    0.1000    0.2333
 000103   D  0.034743  0.259196  0.244527    0.0813    0.0780    0.0580    0.0180    0.0852    0.0992    0.2444
 000104   L  0.038094  0.243496  0.243081    0.0813    0.0734    0.0630    0.0200    0.0832    0.0947    0.2577
 000105   L  0.038655  0.235027  0.241497    0.0789    0.1092    0.0620    0.0160    0.0873    0.0905    0.2665
 000106   F  0.042438  0.223660  0.240336    0.0554    0.0929    0.0640    0.0180    0.0797    0.0903    0.2660
 000107   A  0.050501  0.263476  0.243073    0.0478    0.0948    0.0770    0.0300    0.0889    0.0979    0.2674
 000108   N  0.054650  0.279189  0.241454    0.0478    0.0749    0.0920    0.0440    0.0915    0.1011    0.2618
 000109   A  0.061096  0.311133  0.238784    0.0441    0.0433    0.1040    0.0590    0.0939    0.1113    0.2536
 000110   D  0.065880  0.345509  0.237258    0.0441    0.0443    0.0910    0.0420    0.0984    0.1207    0.2444
 000111   F  0.074682  0.352104  0.235732    0.0455    0.0463    0.0920    0.0400    0.1018    0.1209    0.2334
 000112   Q  0.085383  0.369141  0.241217    0.0660    0.0473    0.0920    0.0390    0.1099    0.1233    0.2252
 000113   D  0.101698  0.371727  0.241920    0.0336    0.0494    0.1090    0.0410    0.1109    0.1259    0.2216
 000114   L  0.115357  0.371977  0.247745    0.0141    0.0506    0.1230    0.0450    0.1125    0.1286    0.2144
 000115   R  0.127975  0.362413  0.252059    0.0304    0.0929    0.1300    0.0470    0.1239    0.1177    0.2079
 000116   A  0.135352  0.352469  0.256903    0.0587    0.1028    0.1470    0.0520    0.1328    0.1082    0.2083
 000117   D  0.158380  0.349305  0.266326    0.1205    0.1298    0.1630    0.0490    0.1535    0.0938    0.2069
 000118   R  0.214667  0.326062  0.279174    0.0935    0.1070    0.1860    0.0570    0.1545    0.0962    0.2007
 000119   A  0.246972  0.320057  0.294742    0.0526    0.0605    0.2160    0.0670    0.1494    0.1165    0.1993
 000120   L  0.282506  0.303990  0.311295    0.0414    0.0719    0.2310    0.0680    0.1550    0.1214    0.1977
 000121   A  0.318755  0.317520  0.323115    0.0212    0.0676    0.2140    0.0700    0.1565    0.1351    0.1960
 000122   L  0.366635  0.308382  0.331158    0.0414    0.1275    0.2220    0.0760    0.1777    0.1287    0.1940
 000123   F  0.427136  0.343768  0.338668    0.0414    0.0835    0.2160    0.0640    0.1853    0.1523    0.1892
 000124   E  0.489076  0.357532  0.345701    0.0363    0.0817    0.2030    0.0560    0.1947    0.1703    0.1810
 000125   E  0.543739  0.395576  0.354807    0.0405    0.1115    0.2220    0.0630    0.2189    0.1819    0.1727
 000126   E  0.598890  0.381198  0.361785    0.0441    0.1115    0.2210    0.0510    0.2261    0.1948    0.1653
 000127   V  0.620925  0.368576  0.366385    0.0441    0.1298    0.2380    0.0580    0.2336    0.1969    0.1540
 000128   V  0.665410  0.343163  0.370581    0.0395    0.1501    0.2540    0.0670    0.2420    0.2064    0.1481
 000129   V  0.706138  0.338474  0.378995    0.0405    0.1501    0.2600    0.0720    0.2492    0.2187    0.1502
 000130   L  0.746538  0.364461  0.388967    0.0621    0.1137    0.2570    0.0760    0.2573    0.2334    0.1517
 000131   K  0.766518  0.386847  0.392080    0.1060    0.1823    0.2380    0.0710    0.2800    0.2244    0.1534
 000132   G  0.753118  0.408841  0.396868    0.0744    0.1791    0.2470    0.0670    0.2770    0.2273    0.1551
 000133   R  0.699232  0.424988  0.403203    0.1322    0.2645    0.2660    0.0710    0.2978    0.1906    0.1571
 000134   V  0.656476  0.449948  0.412426    0.1844    0.3392    0.2610    0.0530    0.3152    0.1657    0.1614
 000135   Q  0.635776  0.486796  0.422944    0.1844    0.2470    0.2500    0.0590    0.3006    0.1737    0.1690
 000136   A  0.609876  0.522756  0.436940    0.1416    0.2034    0.2900    0.0580    0.2946    0.1842    0.1801
 000137   K  0.624008  0.545497  0.448834    0.0813    0.1349    0.3030    0.0700    0.2814    0.2149    0.1925
 000138   S  0.608572  0.556758  0.457383    0.1117    0.2002    0.3300    0.0860    0.3011    0.1963    0.2058
 000139   P  0.616048  0.550339  0.465652    0.1178    0.1881    0.3010    0.0860    0.2955    0.1999    0.2171
 000140   R  0.616030  0.543277  0.477905    0.1844    0.2470    0.3350    0.0830    0.3210    0.1758    0.2182
 000141   L  0.641059  0.515377  0.487341    0.1921    0.2951    0.3130    0.0790    0.3260    0.1733    0.2195
 000142   Q  0.704738  0.500571  0.496777    0.1958    0.2988    0.3020    0.0830    0.3337    0.1886    0.2219
 000143   A  0.768417  0.480414  0.502979    0.1667    0.3087    0.2750    0.0800    0.3332    0.2127    0.2253
 000144   E  0.783306  0.463051  0.507388    0.1805    0.2783    0.2490    0.0820    0.3256    0.2201    0.2306
 000145   A  0.801520  0.456958  0.506429    0.2657    0.2680    0.2430    0.0800    0.3392    0.2142    0.2360
 000146   L  0.776331  0.438179  0.502599    0.2292    0.2292    0.2450    0.0820    0.3197    0.2152    0.2438
 000147   A  0.758687  0.431356  0.502051    0.1958    0.1823    0.2530    0.0860    0.3034    0.2206    0.2475
 000148   V  0.719557  0.435769  0.493190    0.1732    0.1823    0.2460    0.0870    0.2928    0.2127    0.2542
 000149   D  0.670732  0.424074  0.483314    0.1178    0.1823    0.2570    0.0840    0.2752    0.2064    0.2617
 000150   L  0.621779  0.405478  0.472570    0.0935    0.0817    0.2760    0.0740    0.2464    0.2116    0.2695
 000151   K  0.575652  0.413393  0.461794    0.0991    0.0851    0.2710    0.0790    0.2406    0.1984    0.2839
 000152   A  0.531663  0.414255  0.458234    0.0991    0.0835    0.2640    0.0650    0.2321    0.1892    0.2998
 000153   R  0.483515  0.393900  0.452359    0.0991    0.0835    0.2620    0.0720    0.2203    0.1772    0.3168
 000154   E  0.437242  0.386924  0.450491    0.0744    0.1070    0.2330    0.0610    0.2065    0.1700    0.3308
 000155   A  0.398796  0.362879  0.450938    0.0744    0.1007    0.2240    0.0560    0.1935    0.1637    0.3442
 000156   L  0.355024  0.339813  0.451180    0.0965    0.1184    0.2010    0.0490    0.1850    0.1507    0.3555
 000157   A  0.345201  0.336790  0.450656    0.1532    0.1554    0.1800    0.0530    0.1951    0.1363    0.3585
 000158   L  0.357771  0.339713  0.455498    0.1732    0.1852    0.1760    0.0550    0.2053    0.1330    0.3608
 000159   G  0.370100  0.369183  0.458668    0.1998    0.1759    0.1800    0.0660    0.2159    0.1350    0.3567
 000160   S  0.379692  0.394629  0.456336    0.1878    0.1671    0.1970    0.0810    0.2211    0.1386    0.3571
 000161   F  0.334466  0.407106  0.454004    0.1844    0.2399    0.2120    0.0920    0.2297    0.1260    0.3594
 000162   T  0.311484  0.419074  0.456906    0.1921    0.2503    0.2010    0.0890    0.2290    0.1274    0.3540
 000163   Y  0.293820  0.447388  0.458983    0.2209    0.2817    0.2190    0.0900    0.2439    0.1243    0.3445
 000164   Q  0.295382  0.469858  0.461309    0.2167    0.2783    0.2170    0.0850    0.2462    0.1301    0.3298
 000165   E  0.322092  0.495173  0.464813    0.2080    0.2783    0.2410    0.0790    0.2575    0.1334    0.3198
 000166   G  0.278538  0.508626  0.465831    0.2385    0.2783    0.2440    0.0860    0.2580    0.1338    0.3132
 000167   K  0.226005  0.516582  0.466925    0.3146    0.3599    0.2420    0.0900    0.2765    0.1330    0.3087
 000168   A  0.258525  0.521022  0.470070    0.3096    0.3117    0.2450    0.0950    0.2743    0.1310    0.3095
 000169   T  0.241440  0.524452  0.472661    0.3992    0.3117    0.2510    0.0940    0.2880    0.1332    0.3158
 000170   L  0.303032  0.525958  0.476035    0.3225    0.2328    0.2490    0.0860    0.2722    0.1363    0.3273
 000171   R  0.359167  0.535972  0.476712    0.2432    0.2328    0.2190    0.0880    0.2650    0.1476    0.3343
 000172   G  0.388464  0.526436  0.480646    0.2602    0.2328    0.2090    0.0830    0.2695    0.1471    0.3390
 000173   Q  0.448185  0.529263  0.480622    0.2748    0.1969    0.2060    0.0800    0.2758    0.1566    0.3546
 000174   G  0.445854  0.517835  0.481838    0.2820    0.2817    0.1730    0.0700    0.2834    0.1488    0.3733
 000175   K  0.473462  0.492464  0.486498    0.2432    0.2752    0.1680    0.0800    0.2754    0.1546    0.3957
 000176   D  0.506198  0.471708  0.496354    0.2292    0.2609    0.1520    0.0780    0.2699    0.1651    0.4133
 000177   A  0.461684  0.455039  0.507614    0.2333    0.1942    0.1340    0.0660    0.2465    0.1700    0.4280
 000178   R  0.426637  0.412289  0.514428    0.2432    0.2034    0.1320    0.0630    0.2362    0.1616    0.4249
 000179   L  0.378450  0.415105  0.525234    0.2122    0.2034    0.1100    0.0450    0.2198    0.1678    0.4142
 000180   Y  0.324296  0.400264  0.535680    0.2292    0.2034    0.1090    0.0350    0.2110    0.1658    0.4134
 000181   L  0.296115  0.402148  0.542677    0.2786    0.2884    0.1080    0.0260    0.2289    0.1600    0.4187
 000182   R  0.201043  0.389869  0.551072    0.2700    0.2884    0.1220    0.0320    0.2119    0.1654    0.4278
 000183   F  0.167394  0.398133  0.555217    0.2748    0.2094    0.1380    0.0400    0.1979    0.1724    0.4300
 000184   A  0.132512  0.403226  0.558119    0.2786    0.2436    0.1420    0.0430    0.1999    0.1759    0.4131
 000185   G  0.097006  0.416203  0.559846    0.2041    0.2094    0.1520    0.0480    0.1797    0.1869    0.3988
 000186   G  0.054133  0.437552  0.565171    0.2385    0.2193    0.1740    0.0560    0.1872    0.1945    0.3854
 000187   K  0.054321  0.472648  0.571698    0.1958    0.1791    0.2100    0.0870    0.1853    0.2041    0.3749
 000188   V  0.048412  0.486457  0.578469    0.2432    0.1791    0.2440    0.1170    0.2002    0.2051    0.3650
 000189   Q  0.043449  0.517837  0.587415    0.1998    0.1791    0.2570    0.1350    0.1995    0.2160    0.3539
 000190   A  0.068553  0.538621  0.601880    0.2333    0.1759    0.2790    0.1430    0.2158    0.2163    0.3478
 000191   T  0.106078  0.562086  0.616303    0.3263    0.2645    0.3140    0.1410    0.2622    0.2027    0.3502
 000192   T  0.138656  0.580657  0.630512    0.3146    0.3117    0.3290    0.1350    0.2791    0.1996    0.3528
 000193   K  0.212761  0.590575  0.639071    0.2913    0.2292    0.3730    0.1300    0.2828    0.1990    0.3594
 000194   L  0.272783  0.610409  0.649151    0.3311    0.3117    0.4400    0.1260    0.3277    0.1822    0.3705
 000195   P  0.335466  0.605355  0.653561    0.2820    0.3392    0.4300    0.1210    0.3320    0.1781    0.3816
 000196   A  0.402492  0.599686  0.656122    0.2558    0.3392    0.4730    0.1230    0.3451    0.1776    0.3874
 000197   Q  0.452459  0.600414  0.660857    0.2602    0.2645    0.5230    0.1430    0.3501    0.1893    0.3971
 000198   A  0.540525  0.586848  0.660888    0.2748    0.3019    0.6110    0.1360    0.3859    0.1871    0.4111
 000199   A  0.580773  0.574221  0.660983    0.2748    0.3667    0.6160    0.1420    0.4021    0.1788    0.4293
 000200   R  0.633490  0.575173  0.661086    0.2963    0.3356    0.8230    0.0760    0.4439    0.2150    0.4167
 000201   L  0.697241  0.598895  0.662879    0.3762    0.3494    0.8020    0.0540    0.4707    0.1993    0.3988
 000202   E  0.688279  0.601138  0.661678    0.4203    0.3182    0.8150    0.0600    0.4738    0.2004    0.3889
 000203   A  0.713806  0.624039  0.658475    0.4651    0.2884    0.7600    0.0730    0.4753    0.1953    0.3716
 000204   Y  0.729002  0.660162  0.660812    0.5008    0.2609    0.7780    0.1200    0.4881    0.2054    0.3538
 000205   A  0.749300  0.693741  0.661356    0.6174    0.3392    0.7940    0.0990    0.5323    0.1839    0.3479
 000206   K  0.602314  0.733018  0.661010    0.6255    0.2541    0.8500    0.0860    0.5108    0.2139    0.3389
 000207   R  0.782588  0.748057  0.657585    0.6944    0.2680    0.8970    0.0390    0.5651    0.2253    0.3247
 000208   L  0.726999  0.764176  0.658150    0.7275    0.2164    0.9140    0.0350    0.5582    0.2425    0.3137
 000209   P  0.813685  0.794425  0.660014    0.7951    0.2292    0.9210    0.0380    0.5922    0.2501    0.3071
