#RESNUM RES     VL-XT     VSL2B       VL3  IUPred-S  IUPred-L  PONDRFIT  FITERROR       MDP  MDPERROR   ANCHOR2
 000001   M  0.890572  0.683301  0.163238    0.6756    0.0704    0.9750    0.0140    0.5763    0.3428    0.1523
 000002   F  0.671868  0.690275  0.164453    0.6374    0.0454    0.9330    0.0310    0.5238    0.3132    0.1548
 000003   T  0.628829  0.679155  0.166413    0.6219    0.0240    0.9190    0.0310    0.5066    0.3101    0.1533
 000004   S  0.362002  0.570070  0.167677    0.4967    0.0165    0.8320    0.0680    0.4075    0.2668    0.1419
 000005   M  0.561281  0.462482  0.168099    0.3456    0.0275    0.8410    0.0760    0.4010    0.2646    0.1334
 000006   A  0.497348  0.355989  0.167775    0.2122    0.0349    0.8350    0.0810    0.3505    0.2609    0.1286
 000007   L  0.439474  0.246537  0.166872    0.1878    0.0463    0.8080    0.0640    0.3158    0.2494    0.1205
 000008   A  0.387603  0.183316  0.165848    0.1416    0.0555    0.8720    0.0740    0.3010    0.2743    0.1123
 000009   W  0.375269  0.160642  0.164906    0.1060    0.0380    0.8700    0.0650    0.2859    0.2810    0.1035
 000010   Q  0.352392  0.159972  0.164029    0.0744    0.0275    0.7740    0.1820    0.2588    0.2519    0.0923
 000011   S  0.298745  0.167769  0.162970    0.0316    0.0398    0.8630    0.1390    0.2606    0.2838    0.0813
 000012   P  0.264980  0.173054  0.162096    0.0231    0.0294    0.7540    0.1850    0.2344    0.2471    0.0732
 000013   V  0.259213  0.172902  0.161278    0.0526    0.0349    0.7010    0.1730    0.2303    0.2238    0.0633
 000014   Y  0.284451  0.173434  0.161476    0.0286    0.0398    0.5800    0.1370    0.2112    0.1861    0.0556
 000015   L  0.323449  0.191670  0.162254    0.0141    0.0463    0.4830    0.1210    0.2035    0.1607    0.0558
 000016   E  0.386241  0.226977  0.164576    0.0252    0.0690    0.3120    0.1170    0.1973    0.1271    0.0575
 000017   R  0.447320  0.253338  0.167074    0.0327    0.1007    0.2630    0.0850    0.2107    0.1331    0.0577
 000018   K  0.493682  0.259756  0.170305    0.0643    0.1643    0.2120    0.0640    0.2273    0.1329    0.0597
 000019   R  0.485108  0.276533  0.173963    0.0965    0.1007    0.1930    0.0540    0.2209    0.1328    0.0625
 000020   L  0.499714  0.293822  0.178862    0.1766    0.1476    0.1700    0.0470    0.2444    0.1235    0.0668
 000021   L  0.542397  0.293160  0.182992    0.0965    0.0929    0.1420    0.0350    0.2249    0.1571    0.0737
 000022   D  0.556590  0.300422  0.184233    0.0789    0.0483    0.1280    0.0380    0.2160    0.1726    0.0819
 000023   L  0.535227  0.322331  0.180589    0.0405    0.0231    0.1480    0.0440    0.2082    0.1764    0.0892
 000024   L  0.523649  0.315219  0.174649    0.0395    0.0405    0.1400    0.0470    0.2057    0.1699    0.1014
 000025   P  0.504399  0.287617  0.168611    0.0425    0.0646    0.0970    0.0270    0.1942    0.1606    0.1188
 000026   E  0.465842  0.269655  0.164419    0.0813    0.1298    0.0820    0.0210    0.1988    0.1353    0.1277
 000027   E  0.444427  0.248766  0.161559    0.0542    0.0948    0.0760    0.0200    0.1799    0.1347    0.1353
 000028   P  0.465850  0.216621  0.159392    0.0723    0.1028    0.0700    0.0220    0.1812    0.1373    0.1421
 000029   G  0.470979  0.197159  0.157756    0.0607    0.0494    0.0620    0.0170    0.1664    0.1469    0.1433
 000030   F  0.429653  0.187709  0.156052    0.0677    0.0543    0.0570    0.0180    0.1588    0.1315    0.1420
 000031   A  0.383091  0.163329  0.154137    0.0587    0.0948    0.0570    0.0210    0.1519    0.1114    0.1430
 000032   V  0.348422  0.148262  0.151435    0.1060    0.1528    0.0530    0.0150    0.1599    0.0915    0.1435
 000033   W  0.286985  0.152976  0.147838    0.0965    0.0929    0.0540    0.0120    0.1384    0.0746    0.1469
 000034   L  0.226853  0.160952  0.143561    0.1566    0.0948    0.0530    0.0130    0.1392    0.0547    0.1467
 000035   E  0.186419  0.161018  0.139310    0.1635    0.1323    0.0500    0.0140    0.1388    0.0433    0.1466
 000036   A  0.133664  0.178040  0.135618    0.0832    0.1115    0.0510    0.0130    0.1156    0.0404    0.1405
 000037   P  0.093444  0.193290  0.132876    0.0607    0.1048    0.0590    0.0100    0.1073    0.0462    0.1408
 000038   A  0.071128  0.207397  0.131888    0.0554    0.0555    0.0740    0.0200    0.0992    0.0548    0.1368
 000039   G  0.045600  0.239099  0.132369    0.0514    0.0364    0.0920    0.0340    0.0995    0.0705    0.1348
 000040   F  0.025782  0.270143  0.133959    0.0286    0.0294    0.1030    0.0420    0.0985    0.0873    0.1346
 000041   G  0.015143  0.296021  0.135397    0.0441    0.0605    0.0990    0.0380    0.1083    0.0923    0.1378
 000042   K  0.015611  0.314555  0.136879    0.0425    0.0424    0.1030    0.0390    0.1092    0.1005    0.1341
 000043   S  0.016870  0.327066  0.138781    0.0677    0.0690    0.1180    0.0480    0.1229    0.0993    0.1298
 000044   V  0.017285  0.299008  0.141266    0.0607    0.0780    0.1200    0.0480    0.1193    0.0897    0.1254
 000045   L  0.017669  0.273668  0.145015    0.1060    0.1229    0.1000    0.0360    0.1276    0.0763    0.1242
 000046   A  0.017242  0.264168  0.149974    0.0526    0.1206    0.0800    0.0280    0.1140    0.0798    0.1195
 000047   G  0.040539  0.258024  0.154382    0.0643    0.0888    0.0770    0.0290    0.1138    0.0733    0.1179
 000048   Q  0.060881  0.255739  0.157822    0.0542    0.0372    0.0780    0.0260    0.1073    0.0767    0.1128
 000049   L  0.061974  0.252831  0.160465    0.0405    0.0380    0.0810    0.0190    0.1058    0.0775    0.1139
 000050   A  0.058171  0.246711  0.162514    0.0231    0.0364    0.0640    0.0180    0.0985    0.0800    0.1167
 000051   A  0.060850  0.238381  0.162290    0.0387    0.0646    0.0510    0.0150    0.1026    0.0730    0.1198
 000052   R  0.060480  0.242508  0.160125    0.0387    0.0372    0.0450    0.0130    0.0973    0.0777    0.1227
 000053   L  0.062389  0.216206  0.158150    0.0304    0.0223    0.0430    0.0110    0.0887    0.0727    0.1321
 000054   G  0.065701  0.218742  0.158330    0.0150    0.0231    0.0370    0.0080    0.0864    0.0760    0.1431
 000055   L  0.075946  0.225462  0.159651    0.0137    0.0405    0.0370    0.0080    0.0921    0.0757    0.1532
 000056   R  0.062908  0.199030  0.161912    0.0279    0.0870    0.0410    0.0080    0.0967    0.0629    0.1672
 000057   T  0.049809  0.174209  0.164111    0.0376    0.0985    0.0460    0.0080    0.0951    0.0560    0.1906
 000058   L  0.050247  0.167826  0.166899    0.0455    0.1070    0.0540    0.0140    0.0985    0.0527    0.2062
 000059   W  0.050141  0.169543  0.170225    0.0395    0.0605    0.0630    0.0210    0.0922    0.0555    0.2312
 000060   A  0.049731  0.176442  0.174370    0.0771    0.0618    0.0770    0.0270    0.1028    0.0522    0.2415
 000061   S  0.050550  0.205917  0.178020    0.0542    0.0618    0.1030    0.0320    0.1089    0.0617    0.2496
 000062   A  0.051878  0.223402  0.181206    0.0405    0.0817    0.1580    0.0610    0.1228    0.0687    0.2573
 000063   L  0.049243  0.258027  0.184206    0.0336    0.0719    0.1940    0.0800    0.1318    0.0843    0.2638
 000064   L  0.041350  0.308273  0.190607    0.0701    0.0734    0.2190    0.0870    0.1505    0.0962    0.2667
 000065   G  0.038184  0.352976  0.200325    0.0554    0.0749    0.2200    0.0900    0.1569    0.1121    0.2697
 000066   E  0.108322  0.374762  0.212175    0.0554    0.0749    0.2050    0.0800    0.1717    0.1087    0.2715
 000067   P  0.178460  0.391428  0.222638    0.0607    0.0967    0.1800    0.0600    0.1883    0.1059    0.2640
 000068   R  0.256975  0.387292  0.231664    0.0304    0.0835    0.1640    0.0440    0.1922    0.1174    0.2486
 000069   D  0.288663  0.376449  0.240561    0.0643    0.1501    0.1520    0.0420    0.2119    0.1025    0.2437
 000070   L  0.332695  0.353742  0.250936    0.0991    0.2164    0.1450    0.0610    0.2329    0.0921    0.2298
 000071   L  0.384019  0.354430  0.261396    0.1349    0.2817    0.1260    0.0490    0.2570    0.0987    0.2233
 000072   A  0.430105  0.342163  0.270555    0.1117    0.1823    0.1150    0.0380    0.2420    0.1175    0.2228
 000073   Q  0.443378  0.351101  0.278018    0.1602    0.2129    0.1270    0.0470    0.2621    0.1096    0.2269
 000074   A  0.443973  0.343739  0.285131    0.1732    0.2680    0.1600    0.0590    0.2791    0.0973    0.2323
 000075   L  0.372765  0.353455  0.293059    0.2700    0.2817    0.1900    0.0720    0.2934    0.0597    0.2377
 000076   G  0.300785  0.373156  0.299589    0.2385    0.2094    0.2110    0.0790    0.2720    0.0586    0.2387
 000077   L  0.235441  0.379480  0.304302    0.1635    0.1643    0.2410    0.0710    0.2481    0.0762    0.2383
 000078   P  0.241667  0.375948  0.309109    0.0884    0.1184    0.2070    0.0550    0.2234    0.1004    0.2418
 000079   R  0.237391  0.386928  0.315603    0.0771    0.0765    0.1960    0.0560    0.2149    0.1146    0.2416
 000080   E  0.244203  0.403006  0.324316    0.0567    0.0704    0.2110    0.0680    0.2182    0.1252    0.2433
 000081   A  0.270802  0.381854  0.333438    0.0607    0.1298    0.2520    0.0970    0.2381    0.1112    0.2445
 000082   P  0.328571  0.357688  0.343571    0.1060    0.1731    0.2600    0.0950    0.2614    0.0935    0.2512
 000083   W  0.378225  0.341687  0.353523    0.1456    0.2258    0.2630    0.0970    0.2847    0.0817    0.2476
 000084   G  0.436906  0.331753  0.363090    0.1117    0.2129    0.2760    0.1060    0.2887    0.1053    0.2392
 000085   A  0.457780  0.309749  0.370695    0.1602    0.1671    0.2730    0.1070    0.2898    0.1059    0.2310
 000086   V  0.503429  0.333569  0.377200    0.2558    0.1791    0.2580    0.0990    0.3178    0.1040    0.2241
 000087   V  0.502829  0.309352  0.382101    0.1667    0.1229    0.2520    0.0930    0.2893    0.1283    0.2212
 000088   A  0.488689  0.306115  0.388559    0.1844    0.1229    0.2730    0.0930    0.2939    0.1216    0.2206
 000089   A  0.441821  0.328707  0.396135    0.1041    0.1162    0.2790    0.0860    0.2776    0.1290    0.2221
 000090   L  0.445823  0.364182  0.406061    0.0607    0.1323    0.2950    0.0790    0.2840    0.1417    0.2302
 000091   G  0.457091  0.374943  0.416298    0.0587    0.0734    0.3100    0.0740    0.2817    0.1589    0.2392
 000092   E  0.488450  0.387825  0.429009    0.0832    0.0948    0.3310    0.0680    0.3023    0.1581    0.2524
 000093   A  0.514294  0.405892  0.442465    0.0387    0.0799    0.3460    0.0670    0.3045    0.1808    0.2637
 000094   P  0.577510  0.410528  0.457550    0.0643    0.1643    0.3600    0.0700    0.3391    0.1744    0.2809
 000095   S  0.608331  0.419927  0.470955    0.0643    0.1759    0.3790    0.0760    0.3530    0.1821    0.2985
 000096   L  0.662295  0.433372  0.483578    0.0909    0.1791    0.3770    0.0840    0.3711    0.1901    0.3176
 000097   V  0.729797  0.418489  0.495130    0.1456    0.1702    0.3570    0.0850    0.3860    0.1985    0.3358
 000098   V  0.806538  0.428849  0.507898    0.1766    0.2292    0.3280    0.0820    0.4129    0.2085    0.3558
 000099   L  0.816967  0.404824  0.520860    0.1266    0.2951    0.3100    0.0900    0.4124    0.2166    0.3775
 000100   E  0.820058  0.455139  0.531327    0.1495    0.2436    0.3110    0.1030    0.4184    0.2198    0.3985
 000101   D  0.812327  0.488493  0.537558    0.2483    0.2470    0.3510    0.1120    0.4475    0.1966    0.4151
 000102   L  0.804736  0.503619  0.542913    0.1602    0.2292    0.3860    0.1110    0.4378    0.2134    0.4228
 000103   T  0.792679  0.529173  0.550718    0.0858    0.2258    0.3790    0.0840    0.4272    0.2305    0.4238
 000104   G  0.776831  0.549973  0.561597    0.1041    0.1791    0.3600    0.0990    0.4219    0.2330    0.4218
 000105   E  0.755774  0.564663  0.571934    0.0909    0.1823    0.3710    0.1080    0.4228    0.2324    0.4208
 000106   E  0.736712  0.569376  0.580209    0.0514    0.1349    0.4110    0.1170    0.4140    0.2467    0.4217
 000107   A  0.693325  0.571147  0.586845    0.1088    0.1349    0.4120    0.1160    0.4179    0.2249    0.4232
 000108   L  0.637746  0.571424  0.593226    0.1205    0.1251    0.3930    0.1130    0.4068    0.2147    0.4277
 000109   S  0.601581  0.541331  0.599856    0.1150    0.1251    0.3440    0.1090    0.3878    0.2080    0.4306
 000110   P  0.574988  0.515480  0.606519    0.1178    0.1251    0.3050    0.0960    0.3741    0.2028    0.4296
 000111   L  0.528104  0.468420  0.612282    0.0643    0.0948    0.3070    0.0950    0.3458    0.2094    0.4276
 000112   L  0.469237  0.420598  0.617281    0.0327    0.0851    0.2930    0.1130    0.3196    0.2079    0.4270
 000113   R  0.399176  0.336277  0.621857    0.0478    0.1298    0.2620    0.1110    0.2995    0.1865    0.4281
 000114   T  0.339969  0.392867  0.627489    0.0464    0.1115    0.2560    0.1060    0.2957    0.1911    0.4334
 000115   L  0.295446  0.392203  0.631338    0.0425    0.1298    0.2710    0.1170    0.2937    0.1889    0.4291
 000116   P  0.291566  0.387958  0.634289    0.0376    0.0719    0.2780    0.1220    0.2836    0.1997    0.4234
 000117   C  0.282802  0.453440  0.636538    0.0405    0.0780    0.2980    0.1230    0.2982    0.2056    0.4164
 000118   L  0.254695  0.484356  0.640946    0.0274    0.0494    0.3070    0.1220    0.2939    0.2196    0.4067
 000119   L  0.249289  0.483010  0.645843    0.0587    0.1007    0.3090    0.1240    0.3077    0.2055    0.3910
 000120   V  0.263599  0.493939  0.650298    0.0336    0.1162    0.3190    0.1280    0.3128    0.2105    0.3728
 000121   L  0.277177  0.465719  0.652813    0.0350    0.0581    0.3410    0.1460    0.3049    0.2171    0.3589
 000122   A  0.303791  0.497018  0.654395    0.0660    0.1162    0.3430    0.1690    0.3300    0.2039    0.3468
 000123   S  0.305519  0.520008  0.654170    0.0643    0.1731    0.3340    0.1900    0.3418    0.1984    0.3380
 000124   R  0.357057  0.562935  0.653416    0.0813    0.1206    0.3140    0.1900    0.3482    0.2096    0.3289
 000125   R  0.401907  0.575890  0.651336    0.0744    0.0690    0.3210    0.1870    0.3490    0.2237    0.3294
 000126   P  0.467234  0.582081  0.648445    0.0744    0.0948    0.3220    0.1910    0.3648    0.2226    0.3468
 000127   L  0.530913  0.611861  0.644764    0.0363    0.0870    0.3270    0.1870    0.3730    0.2426    0.3633
 000128   P  0.570765  0.632557  0.641444    0.0441    0.1275    0.2990    0.1690    0.3858    0.2421    0.3792
 000129   Y  0.604185  0.644527  0.639172    0.0858    0.1852    0.3360    0.1590    0.4158    0.2259    0.3936
 000130   P  0.647253  0.641194  0.636365    0.1416    0.1852    0.3410    0.1270    0.4321    0.2181    0.4045
 000131   E  0.690077  0.631122  0.632187    0.1958    0.1852    0.3690    0.1090    0.4505    0.2102    0.4171
 000132   L  0.705934  0.622543  0.628104    0.2080    0.2680    0.3780    0.0900    0.4685    0.1922    0.4267
 000133   P  0.655302  0.619814  0.623305    0.1698    0.2129    0.2880    0.0750    0.4282    0.2078    0.4323
 000134   K  0.633571  0.608359  0.618833    0.1635    0.2129    0.2930    0.0750    0.4218    0.2022    0.4326
 000135   L  0.592631  0.597030  0.612435    0.1150    0.1969    0.3150    0.0810    0.4048    0.2044    0.4272
 000136   L  0.570354  0.542358  0.605728    0.1150    0.2436    0.2940    0.0880    0.3952    0.1863    0.4332
 000137   A  0.519924  0.528230  0.598301    0.0858    0.2258    0.2980    0.0960    0.3760    0.1854    0.4152
 000138   E  0.438184  0.540612  0.590613    0.1698    0.2292    0.2970    0.0930    0.3776    0.1567    0.3982
 000139   G  0.410471  0.536490  0.583118    0.1532    0.1731    0.3210    0.0870    0.3629    0.1647    0.3837
 000140   R  0.407984  0.505281  0.573609    0.1667    0.1643    0.3430    0.0980    0.3601    0.1554    0.3727
 000141   L  0.460170  0.479277  0.563272    0.1322    0.1476    0.3510    0.0900    0.3555    0.1646    0.3753
 000142   V  0.514932  0.480031  0.551303    0.0789    0.1476    0.3350    0.0780    0.3513    0.1823    0.3768
 000143   H  0.538886  0.482625  0.539327    0.1456    0.2364    0.3190    0.0730    0.3770    0.1529    0.3793
 000144   L  0.582138  0.469849  0.525688    0.1349    0.2224    0.3140    0.0740    0.3749    0.1629    0.3829
 000145   K  0.603921  0.484346  0.511166    0.1495    0.2002    0.2940    0.0780    0.3738    0.1688    0.3869
 000146   A  0.644164  0.461930  0.498411    0.2385    0.2988    0.2860    0.0730    0.4047    0.1428    0.3926
 000147   P  0.710487  0.455283  0.488868    0.3005    0.3529    0.2630    0.0570    0.4285    0.1490    0.4027
 000148   D  0.738998  0.478970  0.482043    0.3491    0.3019    0.2410    0.0650    0.4319    0.1630    0.4150
 000149   L  0.752131  0.509570  0.475009    0.3053    0.1791    0.2750    0.0730    0.4160    0.1886    0.4299
 000150   A  0.760014  0.522158  0.466039    0.2209    0.1791    0.2820    0.0760    0.4050    0.2015    0.4226
 000151   F  0.767904  0.538097  0.455791    0.1566    0.1914    0.3200    0.0950    0.4049    0.2108    0.4102
 000152   T  0.764760  0.553895  0.444542    0.2333    0.2609    0.2870    0.1040    0.4241    0.1893    0.4069
 000153   E  0.747135  0.561800  0.433484    0.3146    0.3494    0.2740    0.1000    0.4468    0.1634    0.4080
 000154   E  0.747337  0.565268  0.423530    0.3053    0.3529    0.3070    0.1120    0.4502    0.1598    0.4085
 000155   E  0.755863  0.570830  0.416582    0.3992    0.3249    0.3230    0.1180    0.4651    0.1539    0.4075
 000156   A  0.774314  0.572669  0.413505    0.4078    0.3182    0.2790    0.0740    0.4609    0.1679    0.4055
 000157   E  0.772716  0.551151  0.412469    0.3535    0.3667    0.2450    0.0650    0.4503    0.1702    0.4092
 000158   A  0.775607  0.535237  0.410291    0.3146    0.3087    0.2350    0.0760    0.4300    0.1811    0.4122
 000159   L  0.772066  0.525311  0.403816    0.3263    0.2951    0.2600    0.1190    0.4305    0.1754    0.4135
 000160   F  0.754413  0.531746  0.392594    0.3762    0.3667    0.2740    0.1350    0.4493    0.1559    0.4185
 000161   G  0.717692  0.523700  0.379990    0.3762    0.3667    0.2560    0.1260    0.4368    0.1477    0.4332
 000162   G  0.657679  0.534681  0.368553    0.4379    0.4979    0.2430    0.1190    0.4566    0.1303    0.4209
 000163   R  0.584296  0.540195  0.357881    0.3992    0.4901    0.2340    0.1150    0.4342    0.1184    0.4100
 000164   E  0.498955  0.531997  0.348049    0.3992    0.4766    0.2220    0.0840    0.4128    0.1052    0.4076
 000165   G  0.414829  0.538647  0.339122    0.3885    0.3460    0.2060    0.0670    0.3721    0.0995    0.4048
 000166   W  0.343277  0.553750  0.333403    0.3806    0.3019    0.2100    0.0700    0.3538    0.1039    0.4020
 000167   R  0.257633  0.545358  0.329188    0.3263    0.2541    0.1740    0.0610    0.3144    0.1157    0.3981
 000168   E  0.170995  0.537487  0.325633    0.2913    0.2680    0.1680    0.0650    0.2935    0.1238    0.4017
 000169   A  0.096171  0.523247  0.322370    0.2483    0.2164    0.1570    0.0520    0.2606    0.1370    0.4051
 000170   H  0.044919  0.499492  0.319870    0.3578    0.1914    0.1530    0.0380    0.2610    0.1489    0.4073
 000171   R  0.031099  0.459231  0.322676    0.3717    0.2193    0.1640    0.0440    0.2614    0.1410    0.4122
 000172   A  0.017276  0.452405  0.329224    0.2963    0.2164    0.1670    0.0460    0.2465    0.1363    0.4283
 000173   T  0.015362  0.455880  0.338408    0.2209    0.1881    0.1760    0.0550    0.2325    0.1376    0.4252
 000174   G  0.012466  0.462412  0.347704    0.2333    0.1092    0.2120    0.0820    0.2296    0.1473    0.4119
 000175   G  0.009397  0.484776  0.359760    0.1998    0.1070    0.2280    0.0930    0.2315    0.1562    0.4000
 000176   W  0.006378  0.506171  0.375382    0.1380    0.1070    0.2200    0.0880    0.2255    0.1688    0.3868
 000177   A  0.005105  0.524595  0.392787    0.2167    0.1823    0.1860    0.0820    0.2512    0.1661    0.3739
 000178   L  0.003183  0.496821  0.409762    0.2385    0.2193    0.1860    0.0820    0.2590    0.1592    0.3647
 000179   P  0.003353  0.514609  0.425271    0.1958    0.2328    0.1850    0.0730    0.2594    0.1676    0.3585
 000180   L  0.003870  0.545349  0.439057    0.2531    0.2817    0.2080    0.0810    0.2886    0.1719    0.3546
 000181   F  0.004168  0.555196  0.453424    0.2963    0.3087    0.2210    0.0880    0.3064    0.1743    0.3508
 000182   L  0.004104  0.571620  0.469568    0.3359    0.2918    0.2360    0.0970    0.3182    0.1796    0.3496
 000183   S  0.011261  0.583042  0.487972    0.3992    0.2918    0.2530    0.0910    0.3376    0.1837    0.3505
 000184   A  0.019411  0.579847  0.505869    0.3456    0.2002    0.2900    0.0960    0.3236    0.1863    0.3479
 000185   F  0.027511  0.587745  0.522314    0.3096    0.1323    0.3300    0.1040    0.3182    0.1973    0.3437
 000186   T  0.033999  0.602170  0.536072    0.2209    0.1349    0.3270    0.1070    0.3092    0.2048    0.3418
 000187   G  0.068173  0.621982  0.547385    0.2122    0.2328    0.3420    0.1220    0.3375    0.1933    0.3429
 000188   R  0.141418  0.647144  0.556538    0.2483    0.1852    0.3430    0.1270    0.3536    0.1879    0.3438
 000189   P  0.214656  0.659096  0.565729    0.3263    0.2470    0.3360    0.1230    0.3915    0.1640    0.3364
 000190   P  0.288117  0.666342  0.577570    0.2041    0.2328    0.3170    0.1040    0.3810    0.1761    0.3343
 000191   E  0.376040  0.688246  0.593681    0.2657    0.3087    0.3080    0.0870    0.4235    0.1595    0.3319
 000192   P  0.463577  0.693516  0.612866    0.3668    0.3356    0.3020    0.0810    0.4625    0.1454    0.3305
 000193   M  0.551140  0.701775  0.634090    0.4379    0.4149    0.3700    0.1040    0.5183    0.1206    0.3277
 000194   A  0.638125  0.703358  0.656067    0.3491    0.4330    0.4150    0.1050    0.5325    0.1372    0.3337
 000195   L  0.728276  0.701604  0.677540    0.3717    0.4801    0.4810    0.1160    0.5733    0.1349    0.3445
 000196   L  0.792399  0.701979  0.695823    0.4651    0.6427    0.4890    0.1110    0.6311    0.1178    0.3600
 000197   Q  0.816241  0.753527  0.709587    0.4749    0.4831    0.4410    0.1190    0.6131    0.1504    0.3770
 000198   G  0.836602  0.734642  0.721414    0.4879    0.4901    0.5190    0.1460    0.6316    0.1379    0.3902
 000199   L  0.854137  0.739137  0.733347    0.4149    0.5211    0.5800    0.1360    0.6404    0.1488    0.4045
 000200   R  0.855636  0.764859  0.746595    0.3992    0.4901    0.5620    0.1200    0.6365    0.1632    0.4245
 000201   E  0.850301  0.789237  0.759154    0.3885    0.3774    0.5520    0.1440    0.6193    0.1907    0.4329
 000202   S  0.845707  0.798902  0.768023    0.3806    0.2817    0.5690    0.1380    0.6074    0.2153    0.4248
 000203   L  0.841692  0.801494  0.774076    0.2700    0.1731    0.6070    0.1750    0.5780    0.2638    0.4206
 000204   S  0.836843  0.810306  0.778715    0.2333    0.1759    0.5880    0.1870    0.5705    0.2713    0.4162
 000205   E  0.828986  0.815284  0.783715    0.1805    0.1759    0.6150    0.1750    0.5666    0.2834    0.4182
 000206   E  0.822321  0.810134  0.787168    0.2292    0.1731    0.6080    0.1680    0.5717    0.2719    0.4211
 000207   E  0.821124  0.803712  0.788059    0.2865    0.2783    0.5870    0.1760    0.5940    0.2336    0.4262
 000208   F  0.819790  0.788106  0.787912    0.1766    0.1942    0.5980    0.1760    0.5608    0.2750    0.4331
 000209   Q  0.821733  0.780132  0.786673    0.2041    0.1275    0.5290    0.1980    0.5416    0.2831    0.4276
 000210   E  0.825219  0.752073  0.784180    0.2041    0.2193    0.5160    0.2050    0.5501    0.2587    0.4189
 000211   G  0.826300  0.707926  0.779399    0.1416    0.2064    0.5450    0.1880    0.5345    0.2700    0.4095
 000212   L  0.823369  0.715562  0.770104    0.1532    0.2064    0.5800    0.1440    0.5415    0.2666    0.4050
 000213   L  0.815025  0.697115  0.758166    0.1240    0.1969    0.5900    0.1430    0.5301    0.2710    0.4014
 000214   L  0.774798  0.672201  0.743769    0.2080    0.2470    0.5670    0.1490    0.5356    0.2276    0.4039
 000215   A  0.763323  0.608321  0.730061    0.1998    0.1759    0.5500    0.1480    0.5046    0.2351    0.4066
 000216   A  0.758463  0.639884  0.715400    0.1566    0.1881    0.5520    0.1460    0.5017    0.2417    0.4079
 000217   L  0.748829  0.631239  0.701036    0.0789    0.1206    0.5810    0.1350    0.4770    0.2721    0.4064
 000218   P  0.725451  0.609551  0.686087    0.0858    0.1184    0.5470    0.1370    0.4621    0.2609    0.4066
 000219   L  0.681466  0.617480  0.671453    0.0884    0.2224    0.5540    0.1370    0.4725    0.2313    0.4085
 000220   L  0.648479  0.588122  0.657199    0.0858    0.2164    0.5160    0.1480    0.4520    0.2210    0.4104
 000221   P  0.613756  0.566026  0.645220    0.0813    0.1373    0.4530    0.1450    0.4160    0.2255    0.4152
 000222   A  0.585081  0.567689  0.634565    0.0789    0.0719    0.4710    0.1480    0.4016    0.2357    0.4203
 000223   E  0.581139  0.562480  0.623554    0.0677    0.1206    0.4310    0.1550    0.3977    0.2231    0.4207
 000224   R  0.548444  0.547036  0.612317    0.0587    0.1791    0.3950    0.1320    0.3901    0.2055    0.4239
 000225   A  0.497346  0.533202  0.601277    0.1060    0.2575    0.3430    0.0920    0.3897    0.1718    0.4208
 000226   L  0.470237  0.534445  0.591589    0.1322    0.2064    0.2950    0.0670    0.3716    0.1708    0.4177
 000227   P  0.458336  0.540876  0.582369    0.1602    0.1611    0.2420    0.0670    0.3575    0.1757    0.4155
 000228   V  0.465500  0.519563  0.574535    0.1635    0.2436    0.2180    0.0650    0.3640    0.1607    0.4161
 000229   T  0.462482  0.499428  0.566857    0.0789    0.2002    0.1910    0.0520    0.3332    0.1832    0.4135
 000230   E  0.415656  0.520545  0.559267    0.1456    0.2094    0.1880    0.0470    0.3397    0.1655    0.4188
 000231   G  0.365471  0.502703  0.550506    0.2209    0.3182    0.1950    0.0560    0.3588    0.1323    0.4260
 000232   L  0.327273  0.492517  0.542101    0.1240    0.2609    0.1880    0.0620    0.3224    0.1519    0.4292
 000233   F  0.289074  0.462420  0.535348    0.1732    0.2918    0.1680    0.0540    0.3200    0.1373    0.4302
 000234   Q  0.254918  0.477171  0.530700    0.1349    0.1881    0.1540    0.0480    0.2900    0.1566    0.4153
 000235   K  0.208502  0.491565  0.527903    0.1495    0.1852    0.1520    0.0490    0.2859    0.1599    0.4075
 000236   G  0.156525  0.473044  0.525495    0.1150    0.1399    0.1600    0.0570    0.2617    0.1693    0.3954
 000237   L  0.100535  0.436161  0.524517    0.1844    0.2129    0.1710    0.0620    0.2716    0.1535    0.3841
 000238   L  0.045264  0.430858  0.525853    0.1018    0.2164    0.1800    0.0700    0.2500    0.1726    0.3735
 000239   Q  0.048329  0.458280  0.529310    0.1732    0.2064    0.1810    0.0760    0.2660    0.1699    0.3633
 000240   R  0.080130  0.455013  0.534563    0.1921    0.1298    0.1840    0.0780    0.2626    0.1698    0.3580
 000241   V  0.106921  0.463180  0.541320    0.1205    0.1115    0.1820    0.0810    0.2542    0.1785    0.3639
 000242   P  0.133524  0.471757  0.550967    0.0744    0.1184    0.1770    0.0840    0.2543    0.1856    0.3713
 000243   A  0.163271  0.499653  0.564086    0.1349    0.1554    0.1840    0.0880    0.2836    0.1771    0.3732
 000244   G  0.195644  0.507190  0.577715    0.2209    0.2258    0.1950    0.0950    0.3204    0.1587    0.3838
 000245   Y  0.230537  0.508134  0.590933    0.1844    0.2258    0.1980    0.0920    0.3229    0.1628    0.3959
 000246   R  0.290702  0.527411  0.603079    0.1532    0.2164    0.2070    0.1050    0.3330    0.1704    0.4034
 000247   L  0.327843  0.549476  0.615447    0.1566    0.1881    0.2070    0.1110    0.3408    0.1799    0.4129
 000248   H  0.355859  0.560252  0.625972    0.2385    0.1881    0.1980    0.0980    0.3610    0.1740    0.4228
 000249   P  0.348962  0.544713  0.634166    0.3005    0.2541    0.2140    0.1030    0.3827    0.1541    0.4278
 000250   L  0.344485  0.563178  0.641856    0.2080    0.2164    0.2470    0.1090    0.3702    0.1717    0.4263
 000251   L  0.357964  0.599775  0.649766    0.2041    0.2436    0.2510    0.1130    0.3843    0.1769    0.4192
 000252   R  0.381199  0.602619  0.656443    0.2483    0.2436    0.2490    0.1160    0.3968    0.1720    0.4056
 000253   E  0.416909  0.611102  0.661223    0.2209    0.2193    0.2590    0.1100    0.3980    0.1815    0.3923
 000254   M  0.435492  0.593025  0.666193    0.1844    0.2609    0.2810    0.1100    0.4034    0.1777    0.3794
 000255   A  0.463324  0.590964  0.671348    0.1878    0.2292    0.2960    0.1130    0.4064    0.1821    0.3572
 000256   Q  0.510077  0.595022  0.676254    0.2748    0.2470    0.2940    0.0970    0.4329    0.1684    0.3364
 000257   R  0.565390  0.613284  0.680218    0.2432    0.2503    0.3220    0.0930    0.4457    0.1788    0.3177
 000258   A  0.629283  0.588888  0.684451    0.2531    0.3286    0.3500    0.0860    0.4725    0.1667    0.3005
 000259   L  0.692648  0.633398  0.689018    0.2209    0.2918    0.3590    0.0720    0.4811    0.1956    0.2806
 000260   R  0.732311  0.676142  0.694205    0.1844    0.2783    0.3700    0.0570    0.4893    0.2189    0.2639
 000261   A  0.766177  0.690925  0.700147    0.2333    0.3566    0.3720    0.0500    0.5199    0.2054    0.2547
 000262   E  0.783478  0.699359  0.707551    0.3184    0.4256    0.3850    0.0720    0.5532    0.1816    0.2457
 000263   V  0.820465  0.714747  0.715815    0.3225    0.3566    0.4660    0.0820    0.5661    0.1925    0.2350
 000264   Q  0.825410  0.748192  0.723343    0.3005    0.3392    0.4780    0.0910    0.5691    0.2061    0.2284
 000265   E  0.833088  0.747134  0.729845    0.2385    0.4017    0.5320    0.0960    0.5804    0.2102    0.2275
 000266   A  0.833203  0.749822  0.735293    0.2748    0.4441    0.5190    0.0930    0.5926    0.1964    0.2320
 000267   V  0.832385  0.767075  0.740812    0.3053    0.3566    0.5140    0.0800    0.5860    0.2058    0.2362
 000268   R  0.831567  0.780924  0.744819    0.3263    0.2884    0.4950    0.0770    0.5778    0.2189    0.2417
 000269   K  0.835306  0.793384  0.747189    0.2700    0.2849    0.5170    0.0930    0.5746    0.2330    0.2518
 000270   A  0.836315  0.780140  0.747209    0.2748    0.3807    0.4970    0.0950    0.5860    0.2134    0.2657
 000271   E  0.834888  0.780454  0.747241    0.2483    0.3631    0.4740    0.1060    0.5747    0.2241    0.2804
 000272   G  0.824572  0.782945  0.747844    0.3005    0.3117    0.5330    0.1130    0.5834    0.2166    0.2940
 000273   R  0.816327  0.784225  0.750061    0.2602    0.1942    0.6240    0.1010    0.5715    0.2513    0.3116
 000274   L  0.807861  0.763994  0.752809    0.2558    0.2680    0.6660    0.1100    0.5858    0.2328    0.3403
 000275   S  0.804857  0.770974  0.755796    0.1732    0.2328    0.6230    0.1420    0.5602    0.2593    0.3657
 000276   P  0.804649  0.782742  0.756710    0.1698    0.2193    0.5840    0.1610    0.5529    0.2636    0.3903
 000277   E  0.806576  0.777268  0.756474    0.1698    0.1731    0.6010    0.1480    0.5473    0.2736    0.4123
 000278   L  0.806460  0.778879  0.755878    0.2432    0.2575    0.5930    0.1550    0.5725    0.2377    0.4299
 000279   L  0.805878  0.769375  0.758194    0.1732    0.2817    0.5600    0.1740    0.5581    0.2485    0.4105
 000280   A  0.804265  0.762871  0.761937    0.1958    0.3019    0.4970    0.1800    0.5540    0.2396    0.3993
 000281   E  0.808984  0.768028  0.763966    0.2432    0.2503    0.4930    0.1640    0.5546    0.2406    0.3933
 000282   A  0.808179  0.726399  0.762331    0.2483    0.1583    0.5070    0.1560    0.5351    0.2542    0.3837
 000283   L  0.805944  0.728431  0.757715    0.1602    0.1611    0.5360    0.1440    0.5249    0.2708    0.3744
 000284   F  0.797730  0.687282  0.752273    0.1088    0.1115    0.5260    0.1400    0.4973    0.2864    0.3733
 000285   G  0.793655  0.708896  0.748038    0.1878    0.1137    0.4940    0.1190    0.5077    0.2701    0.3828
 000286   A  0.787648  0.702937  0.743761    0.1178    0.1229    0.4990    0.1160    0.4956    0.2803    0.3905
 000287   G  0.787956  0.712272  0.739535    0.0526    0.1007    0.5020    0.1360    0.4825    0.3009    0.4005
 000288   L  0.784686  0.716501  0.734793    0.0526    0.1137    0.5180    0.1590    0.4867    0.2977    0.4089
 000289   E  0.785292  0.722183  0.731808    0.0935    0.0985    0.4930    0.1600    0.4874    0.2916    0.4180
 000290   E  0.786065  0.730514  0.730842    0.1698    0.1852    0.4840    0.1440    0.5145    0.2567    0.4299
 000291   E  0.795578  0.722921  0.731218    0.1178    0.1399    0.5050    0.1370    0.5020    0.2788    0.4320
 000292   L  0.806941  0.733257  0.731520    0.1292    0.1528    0.5010    0.0820    0.5091    0.2768    0.4286
 000293   L  0.820412  0.716239  0.731577    0.0858    0.1007    0.4740    0.0910    0.4881    0.2983    0.4236
 000294   Q  0.823792  0.739417  0.730495    0.1635    0.1852    0.4450    0.1120    0.5146    0.2675    0.4096
 000295   L  0.826969  0.729398  0.728076    0.1416    0.2575    0.4460    0.1020    0.5215    0.2579    0.4059
 000296   L  0.824839  0.729771  0.722732    0.1635    0.2715    0.4310    0.1060    0.5239    0.2499    0.4027
 000297   E  0.819946  0.726160  0.715873    0.1602    0.2988    0.4330    0.1060    0.5256    0.2438    0.3959
 000298   S  0.736426  0.749274  0.707295    0.1667    0.2129    0.4150    0.0930    0.4980    0.2455    0.3922
 000299   P  0.679753  0.747845  0.698661    0.2483    0.2609    0.3800    0.0960    0.5026    0.2114    0.3887
 000300   I  0.632894  0.741834  0.690326    0.1532    0.2129    0.3820    0.1070    0.4688    0.2321    0.3818
 000301   P  0.573904  0.735986  0.685023    0.1178    0.1115    0.3770    0.0990    0.4336    0.2520    0.3847
 000302   L  0.512674  0.725396  0.681649    0.0884    0.1092    0.4190    0.0990    0.4228    0.2506    0.3822
 000303   P  0.493306  0.725462  0.679250    0.0789    0.1731    0.4110    0.1090    0.4268    0.2391    0.3808
 000304   I  0.440705  0.686160  0.673601    0.1380    0.1731    0.4150    0.1260    0.4211    0.2145    0.3756
 000305   P  0.385102  0.693658  0.666858    0.1349    0.1115    0.3630    0.1330    0.3925    0.2281    0.3847
 000306   A  0.326407  0.696028  0.658184    0.1380    0.1611    0.3880    0.1300    0.3946    0.2181    0.3869
 000307   E  0.371527  0.679771  0.652343    0.1380    0.2224    0.3630    0.1230    0.4045    0.2018    0.3862
 000308   K  0.391229  0.671155  0.646941    0.1178    0.2094    0.3260    0.1070    0.3937    0.2065    0.3820
 000309   L  0.408767  0.657525  0.644271    0.1088    0.2129    0.3010    0.0900    0.3889    0.2061    0.3782
 000310   A  0.468171  0.633846  0.641110    0.0965    0.2129    0.2940    0.0910    0.3911    0.2063    0.3716
 000311   A  0.527343  0.628092  0.639205    0.1698    0.3019    0.3140    0.0690    0.4300    0.1780    0.3699
 000312   W  0.564124  0.613642  0.638402    0.1667    0.2399    0.3250    0.0600    0.4246    0.1877    0.3561
 000313   E  0.634055  0.610304  0.640703    0.2531    0.3117    0.3050    0.0580    0.4592    0.1704    0.3416
 000314   G  0.709714  0.648731  0.645863    0.1878    0.2002    0.3450    0.0590    0.4562    0.2188    0.3211
 000315   L  0.765044  0.700776  0.652239    0.2786    0.2918    0.3800    0.0940    0.5115    0.1998    0.3039
 000316   L  0.793448  0.700787  0.657927    0.1667    0.1823    0.3470    0.1020    0.4747    0.2526    0.2789
 000317   R  0.819054  0.712947  0.664286    0.1844    0.2094    0.3060    0.1050    0.4827    0.2562    0.2566
 000318   R  0.832031  0.732492  0.671679    0.1117    0.2064    0.3230    0.1060    0.4795    0.2768    0.2432
 000319   G  0.778918  0.753378  0.679686    0.1150    0.1823    0.3540    0.1300    0.4772    0.2713    0.2391
 000320   G  0.745751  0.761749  0.685766    0.1878    0.1881    0.4000    0.1200    0.4948    0.2477    0.2347
 000321   P  0.696049  0.756433  0.690065    0.1878    0.1501    0.4110    0.1320    0.4819    0.2470    0.2320
 000322   R  0.690502  0.760456  0.693170    0.1495    0.1852    0.4700    0.1360    0.4915    0.2463    0.2259
 000323   A  0.691010  0.755734  0.695323    0.1667    0.2258    0.3900    0.1180    0.4874    0.2372    0.2271
 000324   R  0.694849  0.745856  0.695907    0.1732    0.2129    0.3700    0.1200    0.4821    0.2384    0.2291
 000325   L  0.659217  0.730418  0.695445    0.1088    0.2002    0.3920    0.1290    0.4643    0.2462    0.2365
 000326   R  0.610111  0.720320  0.694568    0.1732    0.2680    0.4080    0.1300    0.4791    0.2101    0.2408
 000327   L  0.562092  0.723973  0.693956    0.2483    0.3599    0.3990    0.1300    0.4980    0.1755    0.2501
 000328   G  0.549605  0.710522  0.691718    0.2531    0.3740    0.3800    0.1320    0.4931    0.1705    0.2610
 000329   E  0.507355  0.701766  0.687256    0.2748    0.2783    0.3810    0.1140    0.4717    0.1756    0.2677
 000330   A  0.471005  0.676257  0.680575    0.2748    0.2503    0.4200    0.1320    0.4622    0.1710    0.2704
 000331   L  0.411957  0.676835  0.671828    0.1766    0.1791    0.4410    0.1400    0.4262    0.2029    0.2739
 000332   L  0.346538  0.635362  0.661669    0.1292    0.0985    0.4250    0.1540    0.3828    0.2198    0.2785
 000333   Q  0.333855  0.639467  0.650567    0.0832    0.1137    0.4040    0.1780    0.3708    0.2242    0.2860
 000334   V  0.364430  0.557946  0.638717    0.0587    0.1583    0.4400    0.2020    0.3697    0.2058    0.2891
 000335   G  0.409682  0.570817  0.627971    0.0677    0.1115    0.4530    0.2080    0.3735    0.2135    0.3007
 000336   R  0.455072  0.554188  0.616892    0.1416    0.1476    0.4540    0.1880    0.3949    0.1858    0.3118
 000337   R  0.495595  0.550315  0.608449    0.0884    0.1643    0.4490    0.1810    0.3927    0.1957    0.3279
 000338   E  0.555750  0.538101  0.600169    0.1150    0.2364    0.3900    0.1770    0.4060    0.1785    0.3443
 000339   G  0.613358  0.540797  0.594007    0.1150    0.2503    0.3320    0.1570    0.4075    0.1875    0.3590
 000340   F  0.645706  0.531990  0.587219    0.1088    0.2503    0.3200    0.1230    0.4073    0.1941    0.3747
 000341   A  0.680214  0.513726  0.581767    0.1380    0.3117    0.3300    0.1080    0.4259    0.1834    0.3849
 000342   L  0.685660  0.519265  0.576956    0.2167    0.3631    0.3530    0.0920    0.4524    0.1570    0.3978
 000343   L  0.697866  0.582150  0.572725    0.3359    0.3631    0.3540    0.0680    0.4842    0.1395    0.4072
 000344   E  0.713169  0.581243  0.567516    0.2865    0.3249    0.3400    0.0960    0.4689    0.1595    0.4164
 000345   P  0.709792  0.564017  0.561627    0.2748    0.3149    0.3710    0.1230    0.4660    0.1563    0.4261
 000346   L  0.712557  0.601562  0.556250    0.2333    0.3249    0.3840    0.1250    0.4688    0.1673    0.4272
 000347   A  0.712151  0.615588  0.551918    0.1667    0.3087    0.3220    0.1010    0.4461    0.1929    0.4244
 000348   Q  0.699628  0.616888  0.547358    0.1805    0.2399    0.2810    0.0860    0.4276    0.2008    0.4192
 000349   G  0.699755  0.622204  0.542353    0.1416    0.2258    0.3150    0.1020    0.4245    0.2082    0.4147
 000350   E  0.697123  0.621990  0.535938    0.0858    0.2328    0.3120    0.0980    0.4142    0.2196    0.4125
 000351   D  0.658999  0.608639  0.528943    0.1495    0.2575    0.2750    0.0760    0.4130    0.1937    0.4160
 000352   P  0.573404  0.592776  0.521148    0.1766    0.2575    0.2370    0.0500    0.3931    0.1724    0.4227
 000353   A  0.486572  0.569769  0.513020    0.1732    0.2470    0.2200    0.0490    0.3683    0.1583    0.4227
 000354   L  0.422495  0.545473  0.504748    0.2209    0.2364    0.2090    0.0490    0.3564    0.1395    0.4254
 000355   A  0.362733  0.514691  0.496615    0.1322    0.2193    0.1780    0.0480    0.3173    0.1507    0.4250
 000356   L  0.291717  0.494429  0.488036    0.0607    0.1611    0.1590    0.0520    0.2759    0.1664    0.4240
 000357   Q  0.223875  0.463225  0.478814    0.1088    0.2503    0.1440    0.0460    0.2781    0.1443    0.4224
 000358   A  0.147407  0.445291  0.470031    0.1117    0.3117    0.1320    0.0310    0.2698    0.1480    0.4238
 000359   L  0.070236  0.418585  0.464451    0.1150    0.2224    0.1380    0.0350    0.2381    0.1514    0.4280
 000360   G  0.033171  0.393849  0.463093    0.1416    0.1501    0.1430    0.0390    0.2208    0.1534    0.4302
 000361   H  0.031826  0.399926  0.465168    0.0789    0.1424    0.1500    0.0390    0.2114    0.1624    0.4322
 000362   L  0.028695  0.376795  0.469479    0.0425    0.1275    0.1500    0.0380    0.1992    0.1662    0.4282
 000363   A  0.021751  0.401179  0.474507    0.0327    0.0888    0.1510    0.0470    0.1950    0.1780    0.4185
 000364   Y  0.010460  0.405288  0.478256    0.0414    0.0646    0.1750    0.0640    0.1959    0.1823    0.4135
 000365   Y  0.008218  0.481350  0.480442    0.0587    0.1251    0.1990    0.0750    0.2255    0.1898    0.4117
 000366   K  0.014541  0.488425  0.481332    0.0414    0.1583    0.2110    0.0800    0.2325    0.1904    0.4151
 000367   A  0.016994  0.492472  0.482727    0.0909    0.2002    0.2170    0.0790    0.2501    0.1808    0.4203
 000368   E  0.020968  0.499744  0.483423    0.0884    0.1791    0.2190    0.0800    0.2485    0.1832    0.4293
 000369   P  0.032992  0.497643  0.484870    0.0832    0.1791    0.2200    0.0850    0.2496    0.1814    0.4319
 000370   L  0.083026  0.484262  0.488354    0.1322    0.2609    0.2380    0.0960    0.2810    0.1570    0.4266
 000371   L  0.171551  0.508913  0.492690    0.1060    0.1823    0.2650    0.0940    0.2877    0.1576    0.4240
 000372   G  0.262398  0.520751  0.496239    0.1060    0.1914    0.2730    0.0950    0.3083    0.1519    0.4198
 000373   K  0.351758  0.535765  0.495493    0.1018    0.2575    0.3250    0.1070    0.3445    0.1451    0.4258
 000374   A  0.435110  0.549382  0.493468    0.1322    0.2849    0.3020    0.0860    0.3663    0.1414    0.4311
 000375   L  0.487130  0.552977  0.491431    0.2080    0.2918    0.2630    0.0640    0.3824    0.1321    0.4333
 000376   P  0.546254  0.551476  0.491336    0.2963    0.3494    0.2100    0.0580    0.4074    0.1303    0.4328
 000377   E  0.602285  0.544179  0.492656    0.2080    0.2752    0.1940    0.0610    0.3860    0.1653    0.4303
 000378   A  0.652717  0.541244  0.493720    0.2122    0.2224    0.1890    0.0630    0.3852    0.1838    0.4284
 000379   R  0.665139  0.520754  0.495077    0.1349    0.2224    0.1870    0.0780    0.3709    0.1983    0.4298
 000380   A  0.615519  0.504365  0.496951    0.0701    0.1823    0.2020    0.1000    0.3452    0.2017    0.4245
 000381   H  0.591244  0.495325  0.500385    0.1292    0.1881    0.1980    0.0910    0.3503    0.1826    0.4104
 000382   L  0.568488  0.486214  0.504944    0.1844    0.2680    0.1860    0.0740    0.3664    0.1580    0.4030
 000383   E  0.540715  0.466706  0.509954    0.1349    0.2680    0.1630    0.0570    0.3472    0.1650    0.4003
 000384   R  0.514690  0.464500  0.514905    0.1380    0.2849    0.1590    0.0520    0.3460    0.1597    0.4037
 000385   G  0.476666  0.474285  0.520046    0.1698    0.2364    0.1510    0.0420    0.3380    0.1552    0.4009
 000386   L  0.433914  0.470541  0.526057    0.2700    0.2849    0.1560    0.0430    0.3570    0.1293    0.3939
 000387   A  0.386678  0.467387  0.534522    0.1698    0.2541    0.1560    0.0410    0.3281    0.1447    0.3903
 000388   L  0.341596  0.492920  0.545490    0.1380    0.2258    0.1640    0.0430    0.3179    0.1569    0.3864
 000389   L  0.319415  0.504679  0.557726    0.1766    0.1583    0.1700    0.0460    0.3144    0.1631    0.3912
 000390   D  0.266095  0.518958  0.568673    0.1635    0.1115    0.1740    0.0490    0.3004    0.1786    0.4000
 000391   R  0.211623  0.518759  0.578608    0.1380    0.1424    0.1940    0.0620    0.2972    0.1806    0.4121
 000392   V  0.164785  0.553430  0.587571    0.0909    0.1449    0.2140    0.0750    0.2926    0.2000    0.4194
 000393   G  0.145092  0.584043  0.596568    0.1532    0.1881    0.2340    0.0880    0.3168    0.1955    0.4218
 000394   G  0.135669  0.594018  0.604820    0.1532    0.1501    0.2610    0.0970    0.3165    0.2042    0.4217
 000395   E  0.133203  0.613631  0.614071    0.1322    0.1501    0.2860    0.1090    0.3216    0.2132    0.4189
 000396   L  0.138555  0.647269  0.625038    0.1205    0.1028    0.3080    0.1050    0.3237    0.2310    0.4209
 000397   A  0.166738  0.665696  0.638586    0.1698    0.1881    0.3160    0.1070    0.3575    0.2145    0.4274
 000398   G  0.221948  0.676840  0.652653    0.1456    0.1424    0.3340    0.1160    0.3622    0.2233    0.4309
 000399   R  0.258395  0.690780  0.666266    0.2432    0.2193    0.3730    0.1250    0.4086    0.1971    0.4317
 000400   F  0.301109  0.703544  0.677840    0.2432    0.3117    0.4130    0.1210    0.4417    0.1831    0.4267
 000401   L  0.367380  0.721752  0.685854    0.2432    0.2988    0.3820    0.0860    0.4499    0.1855    0.4249
 000402   N  0.433119  0.732188  0.692180    0.2657    0.2988    0.3700    0.0740    0.4653    0.1828    0.4272
 000403   D  0.500160  0.750683  0.697037    0.3311    0.4051    0.4000    0.0660    0.5140    0.1571    0.4329
 000404   A  0.577075  0.750410  0.704432    0.3096    0.4186    0.5160    0.0740    0.5461    0.1532    0.4280
 000405   A  0.647879  0.771276  0.712861    0.3359    0.4292    0.5590    0.0990    0.5761    0.1536    0.4208
 000406   R  0.695502  0.789830  0.722248    0.3359    0.3872    0.6200    0.0910    0.5918    0.1708    0.4126
 000407   V  0.716678  0.800025  0.730162    0.4203    0.4831    0.6510    0.0980    0.6335    0.1368    0.4083
 000408   P  0.763527  0.819083  0.735679    0.4203    0.4831    0.5970    0.1120    0.6364    0.1479    0.4061
 000409   Y  0.808390  0.832341  0.739546    0.4282    0.4051    0.6060    0.1300    0.6367    0.1714    0.4025
 000410   E  0.825416  0.841579  0.741798    0.4245    0.3356    0.5380    0.0960    0.6177    0.1966    0.3973
 000411   E  0.841336  0.851815  0.742573    0.4282    0.4582    0.5820    0.0750    0.6506    0.1715    0.3925
 000412   G  0.853359  0.854975  0.743021    0.4282    0.5577    0.5750    0.0800    0.6687    0.1598    0.3902
 000413   R  0.856155  0.861188  0.742957    0.4379    0.5098    0.5700    0.0750    0.6629    0.1663    0.3898
 000414   P  0.859013  0.862955  0.743423    0.4379    0.4149    0.5780    0.0580    0.6494    0.1840    0.3941
 000415   E  0.860066  0.864616  0.744298    0.4379    0.4330    0.6690    0.0630    0.6681    0.1777    0.3991
 000416   E  0.862908  0.869877  0.746410    0.3885    0.4507    0.6690    0.0760    0.6646    0.1872    0.4021
 000417   A  0.860918  0.869118  0.748279    0.3939    0.3840    0.5990    0.0920    0.6425    0.2003    0.4032
 000418   E  0.855031  0.868736  0.748850    0.4420    0.4901    0.5960    0.0720    0.6668    0.1682    0.4033
 000419   A  0.853060  0.867891  0.748103    0.3399    0.4901    0.6610    0.0550    0.6599    0.1913    0.4052
 000420   L  0.852374  0.870944  0.747007    0.4420    0.5901    0.6220    0.0610    0.6873    0.1519    0.4104
 000421   L  0.851092  0.870155  0.745115    0.4556    0.5758    0.5510    0.0690    0.6748    0.1567    0.4134
 000422   E  0.847093  0.860413  0.742161    0.4458    0.6043    0.4470    0.0950    0.6578    0.1714    0.4128
 000423   E  0.837524  0.860559  0.737821    0.4458    0.5017    0.4960    0.0910    0.6466    0.1705    0.4132
 000424   A  0.830903  0.849464  0.732279    0.5008    0.4979    0.5390    0.1230    0.6584    0.1509    0.4152
 000425   L  0.809416  0.839325  0.725885    0.3939    0.3840    0.5300    0.1300    0.6138    0.1870    0.4115
 000426   R  0.788854  0.832614  0.719646    0.3668    0.3426    0.5120    0.1480    0.5937    0.1968    0.4080
 000427   R  0.775614  0.814939  0.713530    0.2748    0.3631    0.4720    0.1560    0.5690    0.2091    0.4108
 000428   L  0.761920  0.812892  0.705525    0.2700    0.3117    0.4480    0.1350    0.5517    0.2175    0.4202
 000429   P  0.759014  0.808015  0.695898    0.2865    0.3117    0.4140    0.1220    0.5458    0.2146    0.4285
 000430   P  0.687941  0.791284  0.686963    0.2255    0.3566    0.3880    0.1260    0.5227    0.2084    0.4320
 000431   G  0.610551  0.797765  0.679343    0.3053    0.3566    0.3670    0.1190    0.5195    0.1857    0.4285
 000432   S  0.563306  0.791797  0.671591    0.3762    0.4087    0.3530    0.1150    0.5275    0.1629    0.4202
 000433   P  0.480264  0.777037  0.662815    0.2786    0.2884    0.3520    0.0910    0.4732    0.1893    0.4094
 000434   Y  0.416323  0.756511  0.653367    0.2385    0.2002    0.3630    0.0850    0.4380    0.2043    0.3971
 000435   R  0.356798  0.736507  0.643622    0.1766    0.2164    0.3400    0.1070    0.4116    0.2085    0.3852
 000436   L  0.295319  0.723443  0.633088    0.1667    0.1881    0.3620    0.1140    0.3947    0.2123    0.3699
 000437   A  0.232517  0.691238  0.621980    0.1732    0.2129    0.3540    0.1220    0.3810    0.2035    0.3562
 000438   P  0.159273  0.691425  0.609896    0.1150    0.2129    0.3170    0.1060    0.3510    0.2219    0.3449
 000439   L  0.153657  0.671078  0.598135    0.1732    0.3087    0.3290    0.1220    0.3723    0.1973    0.3411
 000440   T  0.154431  0.670064  0.586390    0.1532    0.2715    0.2910    0.1270    0.3544    0.2020    0.3403
 000441   N  0.132149  0.647017  0.576030    0.1380    0.2364    0.2860    0.1220    0.3360    0.2031    0.3434
 000442   L  0.142715  0.634092  0.565076    0.1349    0.1643    0.3330    0.1280    0.3291    0.2034    0.3416
 000443   A  0.147354  0.620254  0.553133    0.1349    0.1070    0.3580    0.1330    0.3201    0.2063    0.3419
 000444   F  0.147783  0.594463  0.541469    0.0701    0.0870    0.4000    0.1410    0.3067    0.2145    0.3425
 000445   L  0.142069  0.562802  0.530068    0.0677    0.1323    0.3820    0.1630    0.3028    0.1982    0.3514
 000446   R  0.137678  0.550607  0.519524    0.0744    0.0780    0.3930    0.1860    0.2922    0.2024    0.3678
 000447   F  0.140860  0.544685  0.508672    0.1205    0.1048    0.4130    0.1990    0.3054    0.1878    0.3863
 000448   E  0.166002  0.535002  0.499507    0.0771    0.1070    0.3710    0.1940    0.2926    0.1847    0.4078
 000449   R  0.198648  0.523392  0.493466    0.0502    0.0531    0.4030    0.2200    0.2870    0.1961    0.4316
 000450   E  0.227054  0.533662  0.488890    0.0723    0.0948    0.3670    0.2060    0.2973    0.1798    0.4190
 000451   G  0.286782  0.520477  0.482984    0.0363    0.0948    0.3180    0.1810    0.2899    0.1796    0.4006
 000452   S  0.326350  0.501397  0.477483    0.0395    0.0719    0.3100    0.1610    0.2878    0.1788    0.3835
 000453   L  0.385980  0.486814  0.472537    0.0723    0.0765    0.3050    0.1380    0.2999    0.1702    0.3634
 000454   L  0.460376  0.478862  0.469393    0.0701    0.0909    0.3180    0.1200    0.3145    0.1742    0.3403
 000455   G  0.528638  0.457627  0.465710    0.0744    0.1528    0.2960    0.1120    0.3293    0.1693    0.3124
 000456   R  0.593932  0.430699  0.462027    0.1205    0.1528    0.2810    0.1070    0.3401    0.1704    0.2903
 000457   I  0.629810  0.409176  0.458032    0.1205    0.1611    0.2740    0.0990    0.3421    0.1767    0.2838
 000458   A  0.667440  0.377327  0.454610    0.1150    0.2951    0.2590    0.1110    0.3614    0.1723    0.2816
 000459   A  0.703845  0.381935  0.453601    0.1060    0.2034    0.2690    0.0950    0.3529    0.1935    0.2839
 000460   L  0.715039  0.393649  0.455377    0.1292    0.2129    0.2730    0.0750    0.3633    0.1909    0.2899
 000461   E  0.746295  0.399133  0.457013    0.0701    0.2292    0.2780    0.0750    0.3633    0.2113    0.2892
 000462   E  0.756013  0.407184  0.459796    0.0701    0.2034    0.3020    0.0760    0.3665    0.2163    0.2953
 000463   A  0.758572  0.433687  0.464040    0.0858    0.2164    0.3050    0.0640    0.3773    0.2130    0.3052
 000464   V  0.765993  0.427258  0.471245    0.1150    0.2164    0.2940    0.0530    0.3817    0.2097    0.3148
 000465   G  0.760455  0.439565  0.480454    0.1732    0.2680    0.2710    0.0560    0.3987    0.1930    0.3317
 000466   R  0.761222  0.451606  0.491404    0.1060    0.2680    0.2700    0.0710    0.3913    0.2089    0.3540
 000467   L  0.754389  0.476995  0.503962    0.0909    0.2884    0.2590    0.0760    0.3956    0.2122    0.3814
 000468   G  0.721149  0.477534  0.517022    0.1602    0.3087    0.2230    0.0660    0.4012    0.1916    0.4023
 000469   P  0.671432  0.483894  0.531214    0.1921    0.3249    0.2110    0.0600    0.4025    0.1743    0.4190
 000470   L  0.624646  0.515430  0.545616    0.1495    0.3667    0.2070    0.0600    0.4014    0.1762    0.4280
 000471   G  0.572985  0.539103  0.559964    0.2292    0.3667    0.1910    0.0520    0.4098    0.1572    0.4307
 000472   P  0.511465  0.550079  0.573253    0.2255    0.3529    0.1880    0.0530    0.4002    0.1541    0.4310
 000473   A  0.433805  0.554780  0.587437    0.1456    0.3249    0.2000    0.0590    0.3744    0.1667    0.4329
 000474   N  0.363973  0.561124  0.602332    0.1766    0.2752    0.1990    0.0600    0.3630    0.1663    0.4278
 000475   L  0.290212  0.571833  0.617016    0.2483    0.2575    0.2040    0.0600    0.3648    0.1648    0.4248
 000476   A  0.215036  0.585707  0.630746    0.1844    0.1852    0.2030    0.0560    0.3341    0.1946    0.4216
 000477   G  0.184961  0.580454  0.643275    0.1349    0.1349    0.2160    0.0570    0.3157    0.2121    0.4205
 000478   H  0.162931  0.601321  0.655050    0.1635    0.1349    0.2430    0.0670    0.3267    0.2162    0.4217
 000479   L  0.142600  0.604609  0.665198    0.1150    0.1349    0.2640    0.0730    0.3211    0.2277    0.4202
 000480   R  0.146346  0.590326  0.673363    0.0554    0.1229    0.2580    0.0790    0.3077    0.2380    0.4168
 000481   D  0.154219  0.578223  0.681270    0.1041    0.1759    0.2850    0.1150    0.3297    0.2209    0.4194
 000482   L  0.193024  0.578081  0.691064    0.1117    0.1881    0.2920    0.1330    0.3423    0.2156    0.4224
 000483   G  0.240199  0.581366  0.701155    0.0884    0.1583    0.2850    0.1410    0.3423    0.2229    0.4251
 000484   R  0.286552  0.606473  0.711348    0.1178    0.1583    0.2840    0.1320    0.3608    0.2216    0.4309
 000485   L  0.335955  0.619744  0.720757    0.1240    0.1399    0.2780    0.1210    0.3697    0.2267    0.4258
 000486   Y  0.394492  0.636746  0.731304    0.1698    0.2164    0.2560    0.1100    0.4008    0.2134    0.4205
 000487   L  0.455347  0.617307  0.741832    0.1921    0.2541    0.2540    0.1050    0.4191    0.2045    0.4177
 000488   L  0.513878  0.678031  0.751523    0.1998    0.1823    0.2690    0.0970    0.4324    0.2281    0.4155
 000489   L  0.557907  0.701094  0.759220    0.2041    0.1611    0.3240    0.1100    0.4512    0.2346    0.4169
 000490   G  0.604340  0.732407  0.765104    0.1958    0.2193    0.3780    0.1390    0.4825    0.2308    0.4223
 000491   E  0.639018  0.766464  0.769843    0.1921    0.2064    0.4100    0.1260    0.4972    0.2423    0.4288
 000492   R  0.671740  0.785885  0.774973    0.1732    0.2064    0.5210    0.1360    0.5223    0.2508    0.4298
 000493   E  0.714300  0.808303  0.779095    0.2209    0.2988    0.5920    0.1380    0.5688    0.2299    0.4240
 000494   K  0.756143  0.823667  0.782396    0.2333    0.2715    0.6540    0.1130    0.5868    0.2422    0.4173
 000495   A  0.775562  0.841499  0.783541    0.2558    0.2951    0.6670    0.1000    0.6030    0.2376    0.4092
 000496   R  0.794981  0.848375  0.783359    0.2963    0.3774    0.6440    0.0910    0.6241    0.2135    0.3981
 000497   E  0.811988  0.851213  0.781431    0.3762    0.4725    0.6770    0.0860    0.6617    0.1781    0.3915
 000498   H  0.824676  0.855607  0.778807    0.4513    0.5992    0.7420    0.0980    0.7087    0.1410    0.3890
 000499   L  0.833360  0.859942  0.775756    0.5253    0.5992    0.7890    0.0920    0.7304    0.1239    0.3832
 000500   R  0.840281  0.863901  0.772190    0.6334    0.6712    0.7790    0.0860    0.7600    0.0833    0.3790
 000501   R  0.837204  0.872887  0.767974    0.5473    0.6322    0.8150    0.0710    0.7454    0.1169    0.3834
 000502   A  0.824438  0.877318  0.763523    0.5126    0.5139    0.8150    0.0600    0.7178    0.1484    0.3935
 000503   Q  0.819681  0.875370  0.758543    0.4918    0.5419    0.7710    0.0680    0.7097    0.1422    0.4049
 000504   E  0.800860  0.874443  0.753305    0.4037    0.4901    0.7810    0.0820    0.6840    0.1734    0.4148
 000505   A  0.782453  0.876689  0.748143    0.4078    0.4801    0.8130    0.0820    0.6847    0.1758    0.4252
 000506   E  0.767702  0.875778  0.744200    0.4116    0.4725    0.7580    0.1180    0.6717    0.1688    0.4328
 000507   G  0.759420  0.873655  0.740888    0.3992    0.4051    0.7180    0.1390    0.6494    0.1815    0.4223
 000508   H  0.749941  0.862844  0.737968    0.3578    0.3117    0.7160    0.1290    0.6226    0.2092    0.4084
 000509   P  0.745016  0.851186  0.733511    0.2786    0.2752    0.6710    0.1270    0.5924    0.2293    0.4001
 000510   L  0.745237  0.848429  0.728648    0.2913    0.3599    0.6490    0.1390    0.6037    0.2060    0.3917
 000511   A  0.749744  0.820065  0.721585    0.2786    0.2951    0.6290    0.1650    0.5824    0.2164    0.3814
 000512   A  0.746311  0.817530  0.713819    0.3005    0.3182    0.6220    0.1740    0.5864    0.2042    0.3736
 000513   L  0.755752  0.789752  0.705115    0.2333    0.3566    0.6140    0.1860    0.5757    0.2088    0.3708
 000514   E  0.764031  0.778325  0.696979    0.2333    0.3529    0.5490    0.2080    0.5623    0.2073    0.3707
 000515   A  0.769094  0.723280  0.689214    0.2385    0.3117    0.5660    0.1960    0.5497    0.2047    0.3700
 000516   R  0.764483  0.740882  0.681382    0.2820    0.3529    0.5360    0.1810    0.5596    0.1871    0.3686
 000517   M  0.766360  0.767999  0.673512    0.2385    0.3117    0.5490    0.1540    0.5512    0.2095    0.3601
 000518   L  0.760727  0.760038  0.665632    0.2558    0.2292    0.6060    0.1380    0.5462    0.2215    0.3595
 000519   L  0.751368  0.771307  0.656863    0.2167    0.1969    0.6120    0.1100    0.5342    0.2377    0.3633
 000520   A  0.748948  0.772288  0.648344    0.1117    0.1583    0.5710    0.1230    0.5017    0.2679    0.3668
 000521   H  0.737484  0.768573  0.640124    0.1495    0.1528    0.5550    0.1240    0.5007    0.2565    0.3709
 000522   L  0.726020  0.758955  0.632639    0.1602    0.1229    0.6390    0.0890    0.5067    0.2622    0.3788
 000523   E  0.724065  0.755396  0.625494    0.1041    0.1206    0.6200    0.1290    0.4917    0.2726    0.3890
 000524   E  0.717477  0.745163  0.619104    0.1018    0.1881    0.6200    0.1430    0.4986    0.2555    0.3972
 000525   D  0.715187  0.741626  0.613478    0.0744    0.1528    0.6210    0.1120    0.4863    0.2685    0.4040
 000526   A  0.716089  0.733487  0.608261    0.0935    0.1881    0.5510    0.1340    0.4818    0.2504    0.4130
 000527   E  0.719786  0.717809  0.603576    0.0832    0.1349    0.5200    0.1400    0.4632    0.2601    0.4219
 000528   A  0.732004  0.694827  0.599790    0.1088    0.1028    0.5260    0.1290    0.4606    0.2595    0.4337
 000529   L  0.737187  0.686413  0.595972    0.0965    0.1671    0.5120    0.1310    0.4659    0.2473    0.4260
 000530   A  0.745612  0.669910  0.592292    0.0858    0.2575    0.4980    0.1460    0.4749    0.2325    0.4158
 000531   R  0.747633  0.639225  0.588876    0.1088    0.3182    0.4830    0.1320    0.4809    0.2132    0.4046
 000532   L  0.748185  0.594096  0.584704    0.1060    0.2258    0.4920    0.1080    0.4585    0.2228    0.4059
 000533   V  0.755733  0.612343  0.579336    0.2080    0.2292    0.4540    0.1280    0.4731    0.2003    0.4061
 000534   A  0.758343  0.603644  0.573617    0.1292    0.1583    0.4510    0.1330    0.4457    0.2316    0.4110
 000535   Q  0.742253  0.579798  0.568902    0.0701    0.1583    0.4400    0.1310    0.4266    0.2390    0.4116
 000536   A  0.730918  0.587495  0.564393    0.0395    0.1424    0.4410    0.1160    0.4176    0.2476    0.4142
 000537   E  0.708630  0.568994  0.558304    0.0542    0.1643    0.4250    0.1120    0.4133    0.2322    0.4154
 000538   L  0.697623  0.529139  0.552625    0.0455    0.1424    0.4130    0.1110    0.3967    0.2312    0.4164
 000539   L  0.696268  0.533264  0.548223    0.0542    0.1449    0.3580    0.1220    0.3892    0.2285    0.4096
 000540   E  0.704042  0.534730  0.546990    0.0935    0.1449    0.3140    0.1320    0.3896    0.2229    0.4004
 000541   N  0.701286  0.544892  0.546251    0.0909    0.1092    0.2940    0.1260    0.3812    0.2318    0.3945
 000542   P  0.683392  0.533300  0.546952    0.0542    0.1007    0.2550    0.0990    0.3623    0.2385    0.3944
 000543   Y  0.646968  0.524511  0.548284    0.0542    0.1583    0.2390    0.0880    0.3619    0.2212    0.3805
 000544   L  0.600488  0.542133  0.551067    0.0701    0.1528    0.2200    0.0730    0.3561    0.2137    0.3715
 000545   V  0.555342  0.530947  0.554891    0.0909    0.1643    0.1930    0.0550    0.3483    0.2013    0.3600
 000546   E  0.518683  0.524575  0.559378    0.0441    0.1424    0.1800    0.0460    0.3282    0.2103    0.3491
 000547   R  0.472074  0.503920  0.564113    0.0514    0.1759    0.1890    0.0470    0.3260    0.1943    0.3274
 000548   G  0.418726  0.538951  0.569140    0.0441    0.1942    0.1950    0.0460    0.3267    0.1945    0.3163
 000549   R  0.358756  0.563656  0.574831    0.0884    0.2715    0.2020    0.0530    0.3432    0.1791    0.3094
 000550   A  0.306824  0.575614  0.583326    0.1766    0.2752    0.2090    0.0590    0.3544    0.1647    0.3138
 000551   L  0.267334  0.601568  0.593700    0.1667    0.1881    0.2120    0.0570    0.3382    0.1860    0.3224
 000552   L  0.256920  0.631374  0.605363    0.1018    0.1852    0.2000    0.0480    0.3301    0.2089    0.3306
 000553   A  0.269297  0.644429  0.616273    0.0441    0.1554    0.1890    0.0520    0.3198    0.2294    0.3324
 000554   G  0.257339  0.644130  0.625703    0.0789    0.1611    0.2010    0.0570    0.3280    0.2235    0.3362
 000555   L  0.239305  0.663242  0.633614    0.1322    0.2609    0.2350    0.0700    0.3606    0.2077    0.3389
 000556   R  0.226595  0.685566  0.640774    0.1266    0.3286    0.2680    0.0780    0.3794    0.2099    0.3407
 000557   R  0.216775  0.705074  0.647934    0.1322    0.2094    0.2850    0.0840    0.3661    0.2245    0.3509
 000558   D  0.210849  0.722677  0.654843    0.1456    0.1528    0.2870    0.0870    0.3623    0.2363    0.3768
 000559   P  0.204351  0.734048  0.661198    0.0884    0.1791    0.2650    0.0840    0.3553    0.2484    0.3963
 000560   G  0.194660  0.743027  0.667600    0.0587    0.1671    0.2680    0.0890    0.3499    0.2596    0.4126
 000561   L  0.178887  0.756846  0.673491    0.0935    0.1275    0.3040    0.0970    0.3557    0.2635    0.4252
 000562   L  0.161862  0.760850  0.678378    0.1380    0.1671    0.3270    0.1030    0.3722    0.2543    0.4319
 000563   E  0.161764  0.770231  0.683357    0.1532    0.2224    0.3530    0.1060    0.3907    0.2477    0.4239
 000564   G  0.163848  0.789967  0.688801    0.1635    0.2258    0.3210    0.1060    0.3921    0.2528    0.4180
 000565   L  0.192433  0.796946  0.694447    0.1495    0.1528    0.2900    0.0840    0.3794    0.2648    0.4103
 000566   P  0.209948  0.796648  0.698342    0.2122    0.1528    0.2540    0.0760    0.3873    0.2579    0.4017
 000567   G  0.233113  0.776128  0.702440    0.1566    0.1528    0.2700    0.0860    0.3818    0.2570    0.3922
 000568   F  0.257982  0.750224  0.706926    0.1088    0.1731    0.2790    0.0810    0.3793    0.2535    0.3930
 000569   L  0.286042  0.761020  0.710547    0.0935    0.1731    0.2720    0.0790    0.3827    0.2581    0.4046
 000570   P  0.283673  0.773994  0.712818    0.0789    0.1702    0.2720    0.0770    0.3820    0.2651    0.4181
 000571   A  0.285120  0.781265  0.714123    0.0813    0.1476    0.3210    0.0880    0.3883    0.2671    0.4318
 000572   L  0.299406  0.771088  0.716149    0.1602    0.1449    0.3410    0.1050    0.4055    0.2495    0.4215
 000573   A  0.302370  0.772988  0.718295    0.2209    0.1449    0.3420    0.1230    0.4169    0.2411    0.4077
 000574   R  0.278008  0.803340  0.720539    0.1416    0.1611    0.4010    0.1380    0.4176    0.2589    0.3967
 000575   A  0.311539  0.813311  0.722305    0.0858    0.1852    0.4690    0.1540    0.4312    0.2666    0.3992
 000576   L  0.345256  0.862454  0.723254    0.1635    0.2470    0.5300    0.1520    0.4785    0.2518    0.4024
 000577   L  0.342143  0.873479  0.723695    0.1667    0.2470    0.5590    0.1340    0.4854    0.2555    0.3959
 000578   R  0.361475  0.882550  0.724736    0.1416    0.2541    0.5810    0.1280    0.4910    0.2618    0.3886
 000579   E  0.432541  0.897628  0.725334    0.2432    0.3356    0.6300    0.1240    0.5441    0.2279    0.3907
 000580   D  0.486326  0.898093  0.725066    0.3225    0.4017    0.6930    0.0880    0.5878    0.2007    0.3964
 000581   P  0.540256  0.897366  0.722673    0.2657    0.3807    0.7190    0.0810    0.5876    0.2161    0.3990
 000582   A  0.602179  0.895947  0.718901    0.2748    0.4149    0.7500    0.0770    0.6095    0.2097    0.4000
 000583   L  0.634856  0.896581  0.714471    0.3578    0.4831    0.7610    0.0760    0.6413    0.1781    0.3990
 000584   L  0.620186  0.893573  0.709697    0.3939    0.4330    0.7270    0.0860    0.6296    0.1731    0.3889
 000585   P  0.621337  0.892510  0.705131    0.3939    0.3667    0.6580    0.0960    0.6063    0.1813    0.3794
 000586   P  0.627525  0.893840  0.700080    0.3359    0.2752    0.6500    0.1050    0.5805    0.2132    0.3634
 000587   R  0.603038  0.889953  0.695020    0.3456    0.3599    0.6790    0.1280    0.5955    0.1922    0.3385
 000588   P  0.547506  0.880543  0.689643    0.3053    0.4119    0.6130    0.1310    0.5747    0.1862    0.3304
 000589   E  0.519128  0.875654  0.684158    0.3146    0.4017    0.5390    0.1200    0.5556    0.1836    0.3225
 000590   A  0.479245  0.864911  0.678655    0.2865    0.3740    0.5480    0.1290    0.5386    0.1916    0.3129
 000591   R  0.442694  0.862446  0.673107    0.2602    0.2783    0.5690    0.1410    0.5143    0.2140    0.2977
 000592   E  0.481649  0.858687  0.667415    0.2122    0.2328    0.5060    0.1590    0.4932    0.2277    0.2939
 000593   E  0.493418  0.854231  0.660547    0.1698    0.1823    0.4670    0.1650    0.4712    0.2441    0.2866
 000594   R  0.461454  0.812212  0.652687    0.2255    0.1791    0.4220    0.1600    0.4588    0.2223    0.2840
 000595   L  0.473585  0.783314  0.644720    0.2333    0.2399    0.3820    0.1530    0.4594    0.2020    0.2972
 000596   Y  0.463679  0.781165  0.636888    0.1416    0.2224    0.3590    0.1490    0.4342    0.2230    0.3041
 000597   W  0.460340  0.727754  0.628383    0.1088    0.2002    0.3450    0.1570    0.4118    0.2199    0.3046
 000598   H  0.471168  0.711407  0.616991    0.1292    0.2258    0.3200    0.1390    0.4125    0.2074    0.3154
 000599   A  0.469508  0.706790  0.603861    0.1117    0.2064    0.3370    0.1260    0.4059    0.2101    0.3135
 000600   A  0.469069  0.722711  0.590995    0.1088    0.1298    0.3580    0.1380    0.3965    0.2254    0.3105
 000601   R  0.384378  0.688064  0.580471    0.1292    0.1476    0.3600    0.1360    0.3816    0.2051    0.3065
 000602   Y  0.334076  0.686137  0.575038    0.0858    0.1349    0.4120    0.1460    0.3713    0.2164    0.3124
 000603   R  0.324893  0.693446  0.573685    0.0789    0.0780    0.4280    0.1480    0.3628    0.2314    0.3125
 000604   L  0.331038  0.698383  0.575567    0.0660    0.0424    0.4710    0.1340    0.3640    0.2454    0.3255
 000605   L  0.364228  0.713090  0.577053    0.0425    0.0463    0.4750    0.1420    0.3697    0.2529    0.3363
 000606   R  0.401070  0.729445  0.577952    0.0425    0.0443    0.4740    0.1610    0.3783    0.2573    0.3361
 000607   E  0.400577  0.736921  0.579101    0.0677    0.0817    0.5000    0.1550    0.3944    0.2474    0.3504
 000608   E  0.437355  0.742379  0.580298    0.0813    0.1702    0.5240    0.1270    0.4225    0.2301    0.3745
 000609   E  0.474403  0.740964  0.581281    0.0884    0.1399    0.5090    0.1230    0.4223    0.2339    0.3995
 000610   D  0.550042  0.736400  0.582358    0.0991    0.1476    0.5250    0.1180    0.4401    0.2342    0.4330
 000611   L  0.618999  0.730792  0.583575    0.0935    0.1823    0.4760    0.0900    0.4476    0.2326    0.4035
 000612   K  0.673939  0.718562  0.585185    0.1018    0.1791    0.4210    0.0940    0.4466    0.2366    0.3813
 000613   A  0.696712  0.715369  0.586426    0.1532    0.1942    0.4720    0.1110    0.4697    0.2242    0.3692
 000614   L  0.716083  0.712416  0.586942    0.1635    0.1373    0.5230    0.1060    0.4732    0.2382    0.3589
 000615   L  0.718662  0.697914  0.587093    0.1667    0.2328    0.5060    0.1190    0.4849    0.2144    0.3611
 000616   S  0.709675  0.692666  0.587382    0.1635    0.3149    0.4440    0.1380    0.4854    0.1992    0.3697
 000617   L  0.656843  0.675202  0.588654    0.2041    0.2470    0.4040    0.1200    0.4626    0.1895    0.3759
 000618   T  0.621582  0.677401  0.590543    0.2041    0.1671    0.3310    0.1080    0.4320    0.2056    0.3921
 000619   D  0.561453  0.675532  0.591196    0.1322    0.1852    0.3320    0.0940    0.4129    0.2082    0.4175
 000620   A  0.495629  0.648774  0.591185    0.0884    0.1115    0.3360    0.1090    0.3785    0.2196    0.4192
 000621   R  0.438839  0.644842  0.590650    0.1041    0.1115    0.3270    0.1280    0.3695    0.2115    0.3816
 000622   E  0.374022  0.637435  0.591330    0.1060    0.1115    0.3150    0.1230    0.3559    0.2077    0.3600
 000623   R  0.337642  0.618411  0.593416    0.1150    0.0676    0.3140    0.1130    0.3410    0.2110    0.3483
 000624   V  0.353246  0.583055  0.597683    0.0813    0.0948    0.3150    0.1260    0.3376    0.2055    0.3502
 000625   L  0.392229  0.495782  0.603700    0.0813    0.1399    0.3000    0.1310    0.3355    0.1848    0.3539
 000626   P  0.445100  0.503796  0.610674    0.1532    0.2094    0.2800    0.1190    0.3670    0.1645    0.3489
 000627   G  0.475141  0.561943  0.617283    0.1380    0.1942    0.2700    0.0940    0.3761    0.1842    0.3483
 000628   L  0.528958  0.606641  0.623770    0.2122    0.3053    0.2630    0.0850    0.4233    0.1679    0.3394
 000629   V  0.594267  0.607348  0.632117    0.1878    0.2988    0.2510    0.0770    0.4285    0.1859    0.3287
 000630   P  0.622059  0.621928  0.641392    0.2080    0.2034    0.2600    0.0770    0.4262    0.2032    0.3172
 000631   L  0.655275  0.627693  0.650582    0.2385    0.2002    0.3080    0.0950    0.4467    0.2005    0.3087
 000632   D  0.686145  0.639555  0.657323    0.1732    0.2002    0.3300    0.1040    0.4477    0.2191    0.3008
 000633   L  0.662355  0.675493  0.659907    0.1456    0.1671    0.3920    0.0840    0.4505    0.2295    0.2794
 000634   L  0.650095  0.674659  0.659716    0.1380    0.1137    0.4330    0.0620    0.4448    0.2398    0.2562
 000635   P  0.658238  0.703347  0.655761    0.1732    0.1881    0.4080    0.0740    0.4644    0.2220    0.2306
 000636   R  0.670148  0.687986  0.652120    0.1732    0.1881    0.4170    0.0870    0.4648    0.2202    0.2081
 000637   K  0.675108  0.698508  0.648526    0.1698    0.1702    0.4290    0.1010    0.4652    0.2265    0.2016
 000638   R  0.671201  0.702538  0.645604    0.0965    0.1759    0.4400    0.1110    0.4553    0.2419    0.1947
 000639   P  0.697939  0.688216  0.643031    0.1602    0.1881    0.4260    0.1100    0.4672    0.2262    0.1964
 000640   E  0.728844  0.679203  0.640544    0.2209    0.1791    0.4310    0.1060    0.4800    0.2189    0.1990
 000641   L  0.738783  0.655262  0.636072    0.1292    0.1424    0.4280    0.0960    0.4549    0.2443    0.2099
 000642   A  0.789893  0.638312  0.629432    0.1266    0.2164    0.4040    0.1020    0.4674    0.2390    0.2150
 000643   R  0.818794  0.602156  0.619520    0.1117    0.2064    0.4260    0.1240    0.4641    0.2453    0.2206
 000644   A  0.819272  0.580034  0.608906    0.1698    0.1731    0.4240    0.0990    0.4625    0.2357    0.2379
 000645   Y  0.815713  0.562044  0.596732    0.2531    0.2503    0.4370    0.1240    0.4859    0.1995    0.2530
 000646   P  0.814196  0.559494  0.585310    0.1266    0.2328    0.4010    0.1260    0.4533    0.2298    0.2622
 000647   L  0.794897  0.502301  0.574024    0.1380    0.2193    0.4220    0.1130    0.4417    0.2191    0.2648
 000648   E  0.776442  0.528251  0.562633    0.1380    0.1583    0.4220    0.1250    0.4309    0.2260    0.2576
 000649   E  0.748773  0.508597  0.550095    0.1322    0.1476    0.4340    0.1300    0.4202    0.2199    0.2522
 000650   V  0.720829  0.502327  0.539644    0.0744    0.0780    0.4830    0.1370    0.3997    0.2413    0.2457
 000651   L  0.688744  0.487853  0.531254    0.0621    0.0676    0.5040    0.1370    0.3903    0.2392    0.2427
 000652   R  0.672058  0.484232  0.524568    0.0621    0.0676    0.5160    0.1400    0.3877    0.2359    0.2288
 000653   S  0.668569  0.460851  0.516576    0.0677    0.0676    0.5230    0.1320    0.3840    0.2323    0.2234
 000654   G  0.673367  0.441109  0.507328    0.0455    0.0799    0.5070    0.1310    0.3758    0.2324    0.2173
 000655   W  0.661002  0.433391  0.498296    0.0425    0.0494    0.5000    0.1240    0.3640    0.2352    0.2041
 000656   K  0.629590  0.428934  0.490422    0.0723    0.1007    0.4850    0.1200    0.3679    0.2081    0.1880
 000657   E  0.590148  0.407099  0.484258    0.0327    0.1007    0.4360    0.0910    0.3419    0.2037    0.1745
 000658   A  0.604929  0.373119  0.479424    0.0701    0.1028    0.4110    0.0700    0.3402    0.1936    0.1682
 000659   V  0.615917  0.364792  0.475685    0.0813    0.0870    0.4160    0.0660    0.3401    0.1966    0.1605
 000660   A  0.597564  0.362644  0.474449    0.0455    0.0531    0.4030    0.0730    0.3227    0.2066    0.1515
 000661   L  0.572151  0.341760  0.475156    0.0660    0.0888    0.3810    0.0500    0.3208    0.1870    0.1389
 000662   R  0.576047  0.349275  0.475462    0.0723    0.0967    0.3430    0.0710    0.3187    0.1836    0.1247
 000663   L  0.560956  0.377369  0.472769    0.0813    0.0646    0.3210    0.0590    0.3130    0.1856    0.1154
 000664   A  0.516840  0.395065  0.466748    0.0502    0.0662    0.2920    0.0560    0.2979    0.1830    0.1053
 000665   E  0.510654  0.390684  0.458704    0.0274    0.0646    0.2900    0.0680    0.2904    0.1858    0.0976
 000666   I  0.502274  0.363825  0.451578    0.0567    0.0676    0.2720    0.0640    0.2856    0.1736    0.0924
 000667   P  0.445865  0.351517  0.443177    0.0567    0.0618    0.2710    0.0820    0.2717    0.1614    0.0952
 000668   P  0.398221  0.313256  0.435431    0.0286    0.0372    0.2820    0.0900    0.2492    0.1611    0.0942
 000669   L  0.367535  0.289677  0.427986    0.0316    0.0398    0.2770    0.0920    0.2390    0.1522    0.0890
 000670   R  0.341827  0.267300  0.422599    0.0286    0.0676    0.2610    0.0980    0.2314    0.1407    0.0826
 000671   V  0.287862  0.245053  0.420413    0.0316    0.0948    0.2580    0.0920    0.2230    0.1278    0.0786
 000672   E  0.228939  0.248388  0.421316    0.0542    0.0967    0.2460    0.0860    0.2159    0.1188    0.0791
 000673   V  0.240497  0.257492  0.424338    0.0723    0.1070    0.2300    0.0790    0.2219    0.1142    0.0805
 000674   L  0.245048  0.257864  0.427384    0.0621    0.1702    0.2320    0.0780    0.2324    0.1093    0.0832
 000675   G  0.258356  0.270150  0.428207    0.0813    0.1373    0.2220    0.0700    0.2329    0.1099    0.0863
 000676   S  0.278764  0.308354  0.429101    0.0832    0.1373    0.2140    0.0620    0.2418    0.1138    0.0861
 000677   F  0.303869  0.308353  0.426642    0.0884    0.1528    0.2300    0.0660    0.2516    0.1106    0.0839
 000678   R  0.329293  0.307884  0.422497    0.0813    0.1298    0.2310    0.0710    0.2503    0.1174    0.0752
 000679   V  0.320333  0.311542  0.416192    0.0363    0.1137    0.2140    0.0740    0.2354    0.1295    0.0722
 000680   R  0.366132  0.319093  0.410298    0.0607    0.1702    0.1900    0.0670    0.2528    0.1223    0.0728
 000681   N  0.433662  0.337046  0.403004    0.0677    0.1611    0.1770    0.0550    0.2632    0.1355    0.0783
 000682   P  0.473033  0.347189  0.394945    0.1088    0.2064    0.1710    0.0540    0.2836    0.1300    0.0830
 000683   L  0.517069  0.368357  0.387378    0.0858    0.2064    0.1750    0.0490    0.2900    0.1467    0.0826
 000684   G  0.578895  0.386177  0.382132    0.1205    0.2034    0.1650    0.0610    0.3060    0.1590    0.0816
 000685   G  0.590032  0.420641  0.378227    0.1998    0.2034    0.2010    0.0710    0.3322    0.1459    0.0769
 000686   V  0.589419  0.435713  0.373953    0.1349    0.1791    0.2580    0.0850    0.3284    0.1563    0.0718
 000687   E  0.545508  0.456773  0.367720    0.0771    0.1048    0.2670    0.0720    0.3032    0.1723    0.0702
 000688   L  0.532151  0.465845  0.359665    0.1240    0.1251    0.3270    0.0560    0.3223    0.1551    0.0663
 000689   K  0.456458  0.458175  0.350732    0.0701    0.0870    0.3500    0.0740    0.2954    0.1595    0.0656
 000690   G  0.385255  0.415290  0.341957    0.0723    0.0780    0.3800    0.1010    0.2789    0.1456    0.0632
 000691   K  0.348402  0.377412  0.330533    0.0441    0.0888    0.3840    0.1130    0.2622    0.1401    0.0594
 000692   A  0.359825  0.334600  0.317208    0.0231    0.0473    0.3740    0.1040    0.2428    0.1480    0.0541
 000693   R  0.354593  0.279634  0.304023    0.0182    0.0483    0.3650    0.0970    0.2283    0.1412    0.0490
 000694   E  0.385314  0.226547  0.293729    0.0179    0.0734    0.3290    0.0770    0.2210    0.1336    0.0479
 000695   V  0.423005  0.184214  0.285517    0.0218    0.0780    0.2840    0.0530    0.2127    0.1354    0.0457
 000696   L  0.486637  0.131590  0.277378    0.0179    0.0817    0.2490    0.0380    0.2074    0.1539    0.0456
 000697   A  0.548049  0.113557  0.268278    0.0376    0.0817    0.2150    0.0370    0.2106    0.1699    0.0467
 000698   I  0.600224  0.087857  0.259812    0.0387    0.0631    0.1980    0.0420    0.2079    0.1918    0.0456
 000699   L  0.601732  0.079900  0.250717    0.0425    0.0506    0.1730    0.0520    0.1998    0.1942    0.0491
 000700   L  0.584783  0.085191  0.240421    0.0350    0.0433    0.1720    0.0530    0.1934    0.1894    0.0523
 000701   L  0.505384  0.093397  0.227789    0.0144    0.0258    0.1840    0.0620    0.1752    0.1667    0.0568
 000702   G  0.417649  0.114684  0.212214    0.0118    0.0138    0.1960    0.0670    0.1610    0.1389    0.0628
 000703   L  0.341059  0.129657  0.195995    0.0075    0.0188    0.2180    0.0640    0.1519    0.1163    0.0697
 000704   P  0.293313  0.145222  0.180073    0.0037    0.0214    0.2110    0.0500    0.1424    0.1023    0.0790
 000705   R  0.293606  0.159154  0.167090    0.0042    0.0133    0.2190    0.0480    0.1427    0.1044    0.0864
 000706   E  0.299859  0.165779  0.157657    0.0082    0.0184    0.1970    0.0550    0.1412    0.1016    0.0991
 000707   E  0.325929  0.154969  0.150433    0.0074    0.0306    0.1510    0.0430    0.1367    0.1037    0.1111
 000708   V  0.396141  0.144821  0.146497    0.0084    0.0380    0.1340    0.0420    0.1446    0.1247    0.1236
 000709   A  0.456438  0.138667  0.143572    0.0200    0.0605    0.1230    0.0540    0.1570    0.1411    0.1408
 000710   F  0.538629  0.130558  0.142340    0.0387    0.0851    0.1390    0.0870    0.1791    0.1649    0.1531
 000711   A  0.612461  0.130161  0.141050    0.0514    0.0835    0.1270    0.0740    0.1909    0.1911    0.1651
 000712   L  0.633418  0.145879  0.140453    0.0744    0.1449    0.1320    0.0740    0.2119    0.1901    0.1741
 000713   W  0.609598  0.163804  0.138998    0.0376    0.1554    0.1380    0.0680    0.2073    0.1847    0.1808
 000714   P  0.534864  0.193851  0.135927    0.0723    0.1554    0.1340    0.0590    0.2044    0.1521    0.1837
 000715   D  0.455241  0.238194  0.131337    0.0607    0.0817    0.1470    0.0470    0.1858    0.1331    0.1821
 000716   L  0.371563  0.289247  0.126424    0.0387    0.0581    0.1390    0.0380    0.1704    0.1208    0.1794
 000717   S  0.288194  0.304301  0.121633    0.0173    0.0253    0.1110    0.0350    0.1446    0.1142    0.1738
 000718   E  0.205774  0.315871  0.118188    0.0094    0.0153    0.0900    0.0320    0.1258    0.1077    0.1712
 000719   E  0.121712  0.305139  0.115190    0.0086    0.0244    0.0770    0.0290    0.1087    0.0974    0.1689
 000720   A  0.065374  0.272690  0.112789    0.0066    0.0258    0.0820    0.0350    0.0943    0.0871    0.1655
 000721   A  0.050794  0.218511  0.110235    0.0128    0.0320    0.0860    0.0420    0.0850    0.0679    0.1575
 000722   L  0.038426  0.184289  0.108264    0.0141    0.0341    0.0760    0.0320    0.0759    0.0574    0.1480
 000723   N  0.081485  0.145611  0.106903    0.0150    0.0555    0.0630    0.0220    0.0778    0.0411    0.1341
 000724   N  0.130051  0.110449  0.105390    0.0274    0.0985    0.0520    0.0180    0.0873    0.0357    0.1212
 000725   L  0.130289  0.090582  0.103977    0.0212    0.0483    0.0450    0.0140    0.0732    0.0380    0.1115
 000726   Y  0.130582  0.073762  0.103125    0.0157    0.0494    0.0420    0.0120    0.0690    0.0386    0.1026
 000727   V  0.130821  0.057798  0.102825    0.0173    0.0985    0.0380    0.0150    0.0742    0.0396    0.0959
 000728   W  0.129566  0.062212  0.103141    0.0194    0.0473    0.0400    0.0140    0.0669    0.0379    0.0910
 000729   L  0.109954  0.074624  0.103301    0.0226    0.0454    0.0440    0.0120    0.0666    0.0321    0.0835
 000730   N  0.097053  0.078435  0.103658    0.0087    0.0253    0.0490    0.0100    0.0603    0.0355    0.0756
 000731   R  0.094727  0.092087  0.104799    0.0121    0.0356    0.0520    0.0130    0.0652    0.0342    0.0694
 000732   L  0.051758  0.111646  0.107798    0.0081    0.0473    0.0590    0.0180    0.0642    0.0360    0.0685
 000733   R  0.003719  0.130154  0.113995    0.0218    0.0463    0.0570    0.0150    0.0622    0.0459    0.0697
 000734   K  0.011507  0.160880  0.123861    0.0231    0.0248    0.0580    0.0130    0.0670    0.0562    0.0763
 000735   A  0.080356  0.198333  0.136503    0.0118    0.0231    0.0620    0.0100    0.0853    0.0649    0.0857
 000736   L  0.149414  0.218253  0.150008    0.0118    0.0405    0.0650    0.0120    0.1059    0.0722    0.0968
 000737   E  0.215358  0.225742  0.161602    0.0245    0.0749    0.0610    0.0150    0.1271    0.0779    0.1133
 000738   P  0.221407  0.233807  0.171313    0.0405    0.1137    0.0640    0.0190    0.1408    0.0739    0.1319
 000739   W  0.228413  0.225033  0.179395    0.0789    0.1373    0.0740    0.0240    0.1539    0.0626    0.1483
 000740   G  0.228724  0.218799  0.187185    0.1349    0.2034    0.0690    0.0170    0.1737    0.0556    0.1710
 000741   L  0.229987  0.222464  0.194565    0.0789    0.1914    0.0740    0.0280    0.1652    0.0643    0.1961
 000742   P  0.233805  0.241860  0.201705    0.0858    0.1349    0.0720    0.0250    0.1616    0.0681    0.2234
 000743   T  0.230124  0.263426  0.208794    0.1349    0.1823    0.0920    0.0270    0.1853    0.0576    0.2452
 000744   Y  0.160858  0.283473  0.217737    0.0965    0.1424    0.1140    0.0430    0.1692    0.0639    0.2650
 000745   L  0.091475  0.332973  0.227641    0.0858    0.1501    0.1310    0.0590    0.1697    0.0867    0.2835
 000746   G  0.029720  0.371604  0.239162    0.0643    0.1092    0.1220    0.0460    0.1559    0.1163    0.2973
 000747   E  0.035719  0.393249  0.249872    0.1266    0.1702    0.1250    0.0370    0.1835    0.1133    0.3113
 000748   E  0.048654  0.387039  0.261072    0.0701    0.1399    0.1430    0.0400    0.1749    0.1166    0.3186
 000749   G  0.061037  0.391968  0.272663    0.0526    0.0719    0.1610    0.0500    0.1685    0.1259    0.3254
 000750   L  0.068155  0.367459  0.285822    0.0858    0.1501    0.1710    0.0580    0.1880    0.1067    0.3372
 000751   K  0.130647  0.344325  0.300931    0.0502    0.1554    0.1680    0.0610    0.1916    0.1007    0.3447
 000752   H  0.205004  0.316872  0.316081    0.1041    0.2064    0.1630    0.0630    0.2186    0.0771    0.3558
 000753   L  0.285826  0.306313  0.329445    0.1018    0.1184    0.1600    0.0590    0.2170    0.0927    0.3681
 000754   A  0.356903  0.284190  0.341220    0.0813    0.1007    0.1440    0.0450    0.2180    0.1132    0.3761
 000755   C  0.410806  0.269512  0.353281    0.0832    0.1476    0.1360    0.0450    0.2334    0.1201    0.3724
 000756   D  0.467414  0.276939  0.366670    0.1292    0.2292    0.1330    0.0450    0.2671    0.1215    0.3557
 000757   L  0.522654  0.323121  0.380413    0.1205    0.2364    0.1550    0.0540    0.2898    0.1373    0.3378
 000758   H  0.577380  0.366616  0.395012    0.1292    0.2034    0.1690    0.0630    0.3068    0.1559    0.3150
 000759   A  0.628089  0.428291  0.411447    0.1266    0.2002    0.2000    0.0820    0.3324    0.1734    0.2947
 000760   L  0.627752  0.478373  0.429485    0.1088    0.1759    0.2030    0.0910    0.3372    0.1867    0.2714
 000761   E  0.608233  0.533784  0.447112    0.1921    0.2292    0.1900    0.0930    0.3668    0.1699    0.2482
 000762   E  0.590624  0.564380  0.462965    0.1805    0.1373    0.2010    0.1040    0.3562    0.1882    0.2306
 000763   A  0.573639  0.601116  0.476372    0.1766    0.1184    0.2230    0.1010    0.3616    0.1949    0.2147
 000764   L  0.595703  0.616788  0.486414    0.1698    0.1206    0.2150    0.0930    0.3674    0.2048    0.2004
 000765   R  0.612790  0.627229  0.493059    0.1732    0.0870    0.1870    0.0770    0.3634    0.2207    0.1917
 000766   R  0.622066  0.631672  0.496602    0.1698    0.1162    0.1820    0.0730    0.3698    0.2190    0.1947
 000767   E  0.624487  0.623978  0.498516    0.1041    0.1184    0.1850    0.0780    0.3591    0.2285    0.2025
 000768   D  0.611884  0.602448  0.499745    0.1532    0.2094    0.1820    0.0810    0.3765    0.1988    0.2132
 000769   A  0.570512  0.584504  0.501059    0.1732    0.1424    0.1600    0.0740    0.3553    0.1986    0.2299
 000770   E  0.534001  0.574093  0.502961    0.2333    0.0888    0.1480    0.0630    0.3468    0.1958    0.2484
 000771   A  0.492445  0.551858  0.505550    0.2333    0.1671    0.1390    0.0560    0.3483    0.1716    0.2734
 000772   A  0.468867  0.533032  0.507888    0.1266    0.1611    0.1350    0.0490    0.3222    0.1824    0.3001
 000773   F  0.448786  0.475634  0.510461    0.1380    0.0985    0.1390    0.0440    0.3018    0.1779    0.3232
 000774   A  0.386345  0.458109  0.513807    0.1635    0.1206    0.1450    0.0440    0.2979    0.1597    0.3455
 000775   L  0.326473  0.480199  0.517190    0.1602    0.1852    0.1690    0.0460    0.3064    0.1472    0.3629
 000776   Y  0.275603  0.507624  0.520100    0.1766    0.2292    0.1820    0.0450    0.3152    0.1443    0.3750
 000777   R  0.240062  0.537947  0.520473    0.1921    0.1702    0.1730    0.0470    0.3056    0.1598    0.3825
 000778   E  0.225522  0.523188  0.522167    0.1998    0.1048    0.1740    0.0530    0.2917    0.1674    0.4028
 000779   P  0.221027  0.533368  0.525935    0.1292    0.1048    0.1830    0.0660    0.2829    0.1784    0.4262
 000780   L  0.228983  0.563968  0.531664    0.0991    0.1092    0.1860    0.0680    0.2864    0.1902    0.4229
 000781   F  0.248902  0.593757  0.537317    0.0935    0.1007    0.1840    0.0660    0.2931    0.2003    0.4181
 000782   P  0.240962  0.563868  0.540923    0.0965    0.1048    0.1960    0.0690    0.2905    0.1919    0.4218
 000783   G  0.248357  0.562550  0.544438    0.1060    0.1298    0.2280    0.0720    0.3032    0.1840    0.4303
 000784   L  0.270627  0.589215  0.548318    0.1667    0.2364    0.2400    0.0780    0.3419    0.1638    0.4166
 000785   D  0.272384  0.605406  0.553951    0.1878    0.1969    0.2320    0.0840    0.3413    0.1714    0.3961
 000786   H  0.279494  0.615625  0.560602    0.2700    0.1671    0.2410    0.0920    0.3557    0.1690    0.3783
 000787   P  0.300007  0.612490  0.567075    0.2700    0.2470    0.2620    0.0900    0.3764    0.1523    0.3607
 000788   L  0.323587  0.629639  0.572879    0.1921    0.2436    0.3490    0.0910    0.3852    0.1620    0.3409
 000789   L  0.331706  0.639199  0.577426    0.1766    0.1731    0.3580    0.0960    0.3759    0.1794    0.2998
 000790   D  0.309899  0.658543  0.580074    0.1349    0.1349    0.3720    0.1180    0.3650    0.2006    0.2538
 000791   R  0.285796  0.670337  0.581181    0.1456    0.1791    0.4250    0.1530    0.3811    0.1962    0.2073
 000792   K  0.340576  0.671727  0.581642    0.2167    0.2094    0.4280    0.1720    0.4081    0.1735    0.1803
 000793   R  0.404091  0.673716  0.582894    0.1698    0.1028    0.3940    0.1680    0.3879    0.2037    0.1636
 000794   E  0.493708  0.671015  0.584701    0.1060    0.0631    0.3670    0.1420    0.3809    0.2292    0.1608
 000795   E  0.584922  0.665298  0.586652    0.1041    0.1007    0.3660    0.1570    0.4013    0.2301    0.1604
 000796   V  0.663556  0.643200  0.588183    0.0567    0.0948    0.3590    0.1550    0.4010    0.2506    0.1631
 000797   F  0.732754  0.605613  0.589815    0.0554    0.0948    0.3410    0.1360    0.4033    0.2596    0.1663
 000798   H  0.802706  0.561996  0.592430    0.0455    0.0835    0.3240    0.1270    0.4017    0.2760    0.1704
 000799   R  0.832738  0.561707  0.595957    0.0789    0.1554    0.2970    0.1120    0.4202    0.2655    0.1701
 000800   V  0.864683  0.544481  0.598674    0.1292    0.2094    0.2700    0.1030    0.4360    0.2566    0.1849
 000801   R  0.836899  0.482946  0.600865    0.1495    0.1323    0.2670    0.1110    0.4116    0.2547    0.2012
 000802   A  0.798488  0.522995  0.603813    0.1416    0.0967    0.2520    0.0840    0.4025    0.2570    0.2321
 000803   L  0.759228  0.567795  0.609684    0.0935    0.1048    0.2730    0.0750    0.4013    0.2577    0.2563
 000804   F  0.738349  0.588690  0.616825    0.0567    0.1070    0.2910    0.0760    0.3997    0.2623    0.2687
 000805   L  0.717418  0.617242  0.623444    0.0554    0.0618    0.2910    0.0920    0.3944    0.2716    0.2633
 000806   K  0.675903  0.645607  0.628343    0.0502    0.0356    0.3270    0.1000    0.3937    0.2735    0.2538
 000807   K  0.647014  0.683822  0.632905    0.0490    0.0581    0.3870    0.1220    0.4097    0.2694    0.2476
 000808   G  0.650326  0.684980  0.637980    0.0526    0.0704    0.4200    0.1180    0.4194    0.2671    0.2402
 000809   E  0.642420  0.681310  0.643073    0.0554    0.0749    0.4090    0.1190    0.4177    0.2645    0.2363
 000810   P  0.646504  0.680121  0.646306    0.0350    0.1007    0.4060    0.1050    0.4191    0.2647    0.2366
 000811   R  0.653319  0.671036  0.647108    0.0554    0.0929    0.3950    0.1000    0.4191    0.2613    0.2296
 000812   Y  0.664820  0.689563  0.646321    0.0789    0.1092    0.3480    0.1120    0.4228    0.2588    0.2340
 000813   L  0.664071  0.671157  0.645282    0.0490    0.1298    0.3210    0.0960    0.4134    0.2597    0.2255
 000814   E  0.661839  0.670656  0.644456    0.0858    0.1969    0.3040    0.0780    0.4272    0.2403    0.2123
 000815   R  0.681983  0.676441  0.644417    0.1495    0.2817    0.3610    0.0750    0.4659    0.2113    0.2044
 000816   L  0.684117  0.675331  0.643988    0.2209    0.2849    0.4220    0.0740    0.4885    0.1892    0.2129
 000817   L  0.694089  0.676805  0.643838    0.1958    0.2129    0.4460    0.0710    0.4783    0.2100    0.2243
 000818   E  0.714465  0.688930  0.643857    0.1292    0.2470    0.3850    0.0910    0.4681    0.2277    0.2340
 000819   L  0.738209  0.718189  0.643344    0.0744    0.1731    0.4030    0.1090    0.4583    0.2620    0.2528
 000820   D  0.740499  0.712062  0.640849    0.0909    0.1206    0.3770    0.1260    0.4470    0.2684    0.2724
 000821   P  0.725659  0.723467  0.636884    0.0441    0.1070    0.3960    0.1110    0.4388    0.2800    0.2970
 000822   L  0.704373  0.726614  0.633243    0.0316    0.1092    0.4090    0.1110    0.4357    0.2788    0.3163
 000823   D  0.691683  0.732727  0.631051    0.0526    0.1162    0.3610    0.1140    0.4309    0.2727    0.3155
 000824   E  0.682023  0.713964  0.629430    0.0813    0.1184    0.3060    0.1250    0.4219    0.2638    0.3265
 000825   E  0.668181  0.645098  0.628658    0.0526    0.0967    0.2710    0.1120    0.3937    0.2625    0.3539
 000826   A  0.650385  0.614761  0.628705    0.0327    0.0967    0.2590    0.1050    0.3804    0.2600    0.3912
 000827   L  0.641815  0.636726  0.629456    0.0478    0.1501    0.2370    0.0890    0.3905    0.2515    0.4030
 000828   L  0.590527  0.637450  0.631093    0.0677    0.2258    0.2190    0.0700    0.3952    0.2308    0.4049
 000829   P  0.549349  0.633247  0.633385    0.0701    0.2034    0.2240    0.0660    0.3855    0.2267    0.3978
 000830   L  0.525515  0.628349  0.637165    0.1322    0.2575    0.2580    0.0730    0.4065    0.1984    0.3732
 000831   V  0.485442  0.691131  0.643253    0.1150    0.2292    0.2960    0.0720    0.4100    0.2129    0.3458
 000832   E  0.426837  0.702510  0.650998    0.0832    0.1852    0.3260    0.0740    0.3958    0.2262    0.3066
 000833   R  0.358900  0.705285  0.658670    0.1240    0.1881    0.3730    0.0930    0.4013    0.2174    0.2831
 000834   C  0.314633  0.737605  0.663972    0.1088    0.1643    0.4400    0.0980    0.4048    0.2355    0.2812
 000835   L  0.295970  0.779701  0.668365    0.0701    0.1583    0.5180    0.0750    0.4151    0.2604    0.2726
 000836   A  0.260874  0.779033  0.672579    0.0607    0.1007    0.5270    0.0700    0.4002    0.2763    0.2582
 000837   R  0.301255  0.796497  0.677388    0.0723    0.1206    0.5020    0.0790    0.4117    0.2705    0.2419
 000838   G  0.369897  0.805218  0.681674    0.0771    0.1643    0.4750    0.0930    0.4289    0.2598    0.2394
 000839   Q  0.436985  0.807775  0.686123    0.1266    0.1611    0.4630    0.0910    0.4470    0.2490    0.2352
 000840   R  0.521237  0.803298  0.690372    0.0935    0.1229    0.4660    0.0900    0.4496    0.2652    0.2412
 000841   A  0.616997  0.804552  0.694597    0.0935    0.1643    0.4290    0.0930    0.4672    0.2648    0.2527
 000842   R  0.715943  0.804130  0.698504    0.1240    0.2034    0.4250    0.1200    0.4952    0.2625    0.2577
 000843   A  0.803365  0.815540  0.701972    0.1088    0.1349    0.3900    0.1300    0.4925    0.2973    0.2678
 000844   L  0.865051  0.819494  0.705271    0.1117    0.0704    0.4050    0.1370    0.4962    0.3219    0.2741
 000845   A  0.932845  0.812045  0.708523    0.1060    0.1137    0.4620    0.1270    0.5225    0.3243    0.2648
 000846   H  0.928215  0.805100  0.712394    0.0935    0.1731    0.4480    0.1380    0.5267    0.3141    0.2521
 000847   L  0.890629  0.813359  0.716482    0.1060    0.1323    0.4650    0.1280    0.5207    0.3127    0.2362
 000848   E  0.851263  0.821779  0.719641    0.1205    0.1501    0.4370    0.1320    0.5167    0.3011    0.2188
 000849   R  0.779899  0.809587  0.721968    0.0723    0.1528    0.4900    0.1370    0.5044    0.2963    0.2010
 000850   Y  0.711181  0.813955  0.725341    0.0723    0.1298    0.5310    0.1240    0.4972    0.2929    0.1943
 000851   R  0.661352  0.821222  0.730855    0.0832    0.1702    0.4510    0.1260    0.4864    0.2788    0.1763
 000852   R  0.609285  0.815928  0.737863    0.0832    0.1914    0.4720    0.1170    0.4850    0.2698    0.1664
 000853   R  0.594987  0.830508  0.744792    0.1205    0.2364    0.5360    0.1070    0.5105    0.2557    0.1678
 000854   L  0.582993  0.846910  0.751605    0.1349    0.2680    0.5650    0.0860    0.5249    0.2510    0.1756
 000855   W  0.575274  0.848877  0.758275    0.2167    0.2752    0.5870    0.0910    0.5436    0.2313    0.1771
 000856   E  0.581316  0.854949  0.764340    0.2385    0.3053    0.5270    0.0760    0.5452    0.2226    0.1851
 000857   E  0.575501  0.867940  0.769906    0.1844    0.2783    0.6050    0.0680    0.5469    0.2451    0.1953
 000858   L  0.636868  0.880242  0.775587    0.2602    0.2783    0.6970    0.0960    0.5881    0.2375    0.2111
 000859   G  0.695505  0.888622  0.781556    0.2432    0.1969    0.7120    0.0950    0.5862    0.2666    0.2284
 000860   E  0.735866  0.888256  0.785969    0.2080    0.1969    0.7370    0.0900    0.5920    0.2801    0.2487
 000861   R  0.778102  0.892938  0.788983    0.2292    0.2817    0.7430    0.0980    0.6189    0.2615    0.2616
 000862   P  0.804048  0.902240  0.790706    0.2209    0.2224    0.7360    0.1030    0.6127    0.2808    0.2875
 000863   S  0.825943  0.902100  0.792426    0.2432    0.2503    0.7480    0.1040    0.6269    0.2728    0.3104
 000864   P  0.848100  0.898233  0.793844    0.1958    0.2752    0.7350    0.1190    0.6244    0.2804    0.3261
 000865   E  0.850601  0.902346  0.795864    0.2820    0.3392    0.7770    0.1050    0.6578    0.2493    0.3323
 000866   V  0.851346  0.905096  0.797718    0.4116    0.4541    0.8830    0.0710    0.7172    0.2041    0.3491
 000867   E  0.806461  0.905627  0.799416    0.4600    0.4292    0.9080    0.0530    0.7181    0.1982    0.3639
 000868   A  0.774645  0.896350  0.800233    0.5126    0.4017    0.9330    0.0330    0.7198    0.1959    0.3854
 000869   L  0.725952  0.898714  0.801592    0.6293    0.4766    0.9400    0.0240    0.7454    0.1585    0.4006
 000870   L  0.680895  0.908359  0.802805    0.6604    0.4507    0.9280    0.0330    0.7385    0.1639    0.4067
 000871   R  0.655693  0.910047  0.803417    0.6984    0.4186    0.9070    0.0430    0.7322    0.1696    0.4100
 000872   E  0.622297  0.919141  0.802870    0.7540    0.4220    0.9420    0.0330    0.7438    0.1789    0.4177
 000873   L  0.475010  0.922816  0.802358    0.7644    0.3460    0.9450    0.0370    0.7093    0.2235    0.4239
 000874   G  0.499905  0.928009  0.802707    0.8001    0.3117    0.9520    0.0310    0.7158    0.2329    0.4272
 000875   G  0.753209  0.930591  0.803156    0.8118    0.2164    0.9520    0.0440    0.7446    0.2465    0.4316
