#RESNUM RES     VL-XT     VSL2B       VL3  IUPred-S  IUPred-L  PONDRFIT  FITERROR       MDP  MDPERROR   ANCHOR2
 000001   M  0.914514  0.912257  0.361037    0.5126    0.1007    0.9550    0.0540    0.5659    0.3302    0.0245
 000002   R  0.543719  0.877204  0.354034    0.4781    0.0618    0.9480    0.0300    0.4849    0.3078    0.0227
 000003   N  0.549412  0.820943  0.346440    0.2913    0.0364    0.9310    0.0380    0.4382    0.3144    0.0205
 000004   A  0.449895  0.697103  0.339421    0.1349    0.0294    0.8810    0.0620    0.3653    0.3026    0.0176
 000005   K  0.402181  0.538612  0.332797    0.0464    0.0202    0.8140    0.1130    0.3036    0.2808    0.0160
 000006   G  0.305990  0.385639  0.326759    0.0173    0.0223    0.7520    0.1110    0.2471    0.2539    0.0141
 000007   F  0.245946  0.240728  0.320295    0.0053    0.0165    0.5780    0.1440    0.1810    0.2010    0.0119
 000008   T  0.185215  0.128469  0.314870    0.0026    0.0133    0.5300    0.1620    0.1433    0.1905    0.0099
 000009   L  0.135567  0.063192  0.310963    0.0006    0.0141    0.4150    0.1450    0.1047    0.1635    0.0073
 000010   I  0.109118  0.035837  0.307038    0.0002    0.0117    0.2940    0.1560    0.0751    0.1378    0.0060
 000011   E  0.071489  0.025625  0.303526    0.0002    0.0102    0.6050    0.2140    0.1188    0.2265    0.0055
 000012   L  0.044262  0.019168  0.299280    0.0001    0.0104    0.4050    0.1570    0.0798    0.1683    0.0049
 000013   L  0.021439  0.014502  0.293958    0.0001    0.0091    0.2990    0.1210    0.0573    0.1432    0.0046
 000014   I  0.007331  0.011714  0.289187    0.0001    0.0070    0.2270    0.0970    0.0421    0.1292    0.0046
 000015   V  0.002311  0.010287  0.284445    0.0001    0.0061    0.2080    0.0650    0.0378    0.1253    0.0051
 000016   I  0.002344  0.010007  0.279145    0.0001    0.0047    0.1730    0.0400    0.0317    0.1185    0.0056
 000017   A  0.002412  0.010670  0.270896    0.0001    0.0053    0.1510    0.0390    0.0282    0.1127    0.0066
 000018   I  0.002925  0.011253  0.261652    0.0001    0.0074    0.1530    0.0490    0.0291    0.1093    0.0082
 000019   I  0.004972  0.012164  0.251996    0.0001    0.0057    0.1720    0.0680    0.0325    0.1085    0.0107
 000020   A  0.006030  0.014000  0.242427    0.0001    0.0057    0.1940    0.0890    0.0367    0.1087    0.0150
 000021   I  0.006919  0.015980  0.233248    0.0001    0.0076    0.2160    0.1130    0.0411    0.1096    0.0202
 000022   L  0.008345  0.019380  0.225345    0.0001    0.0065    0.2330    0.1350    0.0445    0.1107    0.0266
 000023   A  0.010941  0.022631  0.215181    0.0001    0.0087    0.2740    0.1750    0.0527    0.1174    0.0344
 000024   A  0.013429  0.029067  0.208254    0.0001    0.0120    0.3560    0.2280    0.0684    0.1382    0.0443
 000025   V  0.018943  0.039580  0.204571    0.0002    0.0202    0.4390    0.2570    0.0863    0.1617    0.0573
 000026   L  0.030646  0.054566  0.200432    0.0003    0.0235    0.5020    0.2250    0.1018    0.1795    0.0716
 000027   I  0.041880  0.080903  0.198717    0.0006    0.0433    0.4990    0.1750    0.1110    0.1736    0.0876
 000028   P  0.063778  0.112645  0.199466    0.0006    0.0555    0.3690    0.1160    0.1002    0.1260    0.1074
 000029   N  0.111321  0.148307  0.198711    0.0013    0.0985    0.3780    0.1370    0.1229    0.1203    0.1256
 000030   L  0.159121  0.185568  0.200916    0.0055    0.1323    0.3940    0.1770    0.1461    0.1198    0.1426
 000031   L  0.201354  0.232775  0.205822    0.0078    0.1298    0.4600    0.2170    0.1720    0.1400    0.1577
 000032   N  0.242047  0.283464  0.211532    0.0137    0.2064    0.5380    0.2210    0.2139    0.1584    0.1734
 000033   A  0.306521  0.357487  0.220228    0.0268    0.2503    0.5560    0.1960    0.2496    0.1631    0.1859
 000034   R  0.386652  0.430292  0.228957    0.0376    0.2002    0.5610    0.1740    0.2693    0.1755    0.2009
 000035   R  0.417874  0.481580  0.238609    0.0414    0.1731    0.5620    0.1320    0.2794    0.1870    0.2124
 000036   N  0.450267  0.516189  0.248128    0.0478    0.2364    0.5290    0.1470    0.2967    0.1798    0.2197
 000037   A  0.494888  0.538956  0.258368    0.0643    0.3249    0.4640    0.1600    0.3145    0.1689    0.2273
 000038   N  0.535287  0.511461  0.270542    0.1495    0.3460    0.3830    0.1330    0.3209    0.1406    0.2373
 000039   T  0.565216  0.499358  0.278957    0.1266    0.2817    0.3160    0.0940    0.2982    0.1539    0.2422
 000040   T  0.576870  0.471184  0.284808    0.0884    0.2752    0.2640    0.0770    0.2792    0.1644    0.2452
 000041   A  0.612769  0.443028  0.290603    0.1532    0.3215    0.2270    0.0730    0.2929    0.1579    0.2458
 000042   A  0.636094  0.412829  0.296305    0.2657    0.3356    0.1900    0.0550    0.3067    0.1506    0.2478
 000043   Q  0.634159  0.384856  0.305762    0.2385    0.3426    0.1910    0.0560    0.2985    0.1513    0.2513
 000044   A  0.664331  0.341172  0.319807    0.2292    0.3426    0.2070    0.0700    0.2974    0.1591    0.2569
 000045   Y  0.700308  0.323844  0.333050    0.2531    0.3566    0.2080    0.0710    0.3070    0.1688    0.2636
 000046   V  0.711990  0.325277  0.346096    0.2255    0.3599    0.1960    0.0710    0.3031    0.1781    0.2698
 000047   R  0.703289  0.341340  0.359312    0.2432    0.3599    0.1920    0.0670    0.3066    0.1739    0.2809
 000048   N  0.706265  0.359293  0.372666    0.3005    0.4256    0.1970    0.0710    0.3315    0.1687    0.2927
 000049   V  0.732579  0.414703  0.386340    0.3225    0.4220    0.2110    0.0750    0.3505    0.1716    0.3048
 000050   A  0.728607  0.464500  0.400581    0.3456    0.4220    0.2210    0.0730    0.3637    0.1677    0.3185
 000051   T  0.719961  0.484475  0.418675    0.3399    0.4119    0.2250    0.0730    0.3636    0.1666    0.3352
 000052   A  0.723419  0.527910  0.436804    0.3762    0.4119    0.2350    0.0730    0.3790    0.1664    0.3512
 000053   V  0.735915  0.582556  0.454422    0.4149    0.3631    0.2470    0.0750    0.3905    0.1743    0.3658
 000054   E  0.753773  0.620892  0.473741    0.3806    0.3910    0.2520    0.0790    0.3998    0.1834    0.3829
 000055   A  0.772200  0.648526  0.490947    0.3535    0.4292    0.2910    0.1030    0.4158    0.1855    0.3970
 000056   E  0.792332  0.670769  0.504986    0.4556    0.4330    0.2820    0.1090    0.4390    0.1861    0.4099
 000057   R  0.803623  0.680594  0.519997    0.5229    0.5382    0.2790    0.1050    0.4708    0.1831    0.4225
 000058   D  0.811060  0.685235  0.532835    0.4556    0.5382    0.2540    0.0850    0.4574    0.1960    0.4315
 000059   P  0.825057  0.687335  0.543991    0.4781    0.4864    0.2440    0.0750    0.4534    0.2028    0.4307
 000060   T  0.819506  0.691996  0.554445    0.5412    0.4725    0.2520    0.0710    0.4628    0.1995    0.4267
 000061   T  0.771713  0.696459  0.561934    0.5473    0.5211    0.2590    0.0730    0.4660    0.1863    0.4256
 000062   G  0.725515  0.700344  0.567216    0.4420    0.5211    0.2470    0.0670    0.4394    0.1871    0.4247
 000063   A  0.639184  0.697652  0.574149    0.4918    0.4507    0.2470    0.0560    0.4210    0.1751    0.4232
 000064   L  0.566448  0.686599  0.577501    0.5549    0.4541    0.2590    0.0580    0.4202    0.1646    0.4194
 000065   P  0.518905  0.677261  0.578718    0.4781    0.3983    0.2210    0.0430    0.3822    0.1731    0.4184
 000066   Q  0.450419  0.647411  0.579846    0.4600    0.4476    0.2180    0.0470    0.3706    0.1653    0.4176
 000067   L  0.399937  0.634198  0.579635    0.4149    0.4582    0.1930    0.0470    0.3500    0.1716    0.4164
 000068   P  0.336378  0.605694  0.579323    0.4078    0.4831    0.1500    0.0370    0.3306    0.1822    0.4175
 000069   Q  0.281253  0.588779  0.578108    0.4203    0.4330    0.1470    0.0380    0.3117    0.1837    0.4180
 000070   A  0.265264  0.577463  0.581040    0.4245    0.3983    0.1450    0.0370    0.3017    0.1846    0.4166
 000071   C  0.233276  0.577550  0.580948    0.4037    0.3215    0.1420    0.0360    0.2796    0.1905    0.4156
 000072   D  0.224215  0.543347  0.574551    0.4078    0.3215    0.1470    0.0410    0.2740    0.1833    0.4098
 000073   Q  0.199747  0.548359  0.571072    0.3535    0.3321    0.1580    0.0410    0.2653    0.1833    0.4051
 000074   F  0.150133  0.528386  0.562513    0.3762    0.2884    0.1710    0.0360    0.2524    0.1853    0.4001
 000075   V  0.127068  0.527691  0.548391    0.4379    0.3807    0.1920    0.0370    0.2776    0.1836    0.4041
 000076   A  0.089676  0.574661  0.536635    0.3053    0.2817    0.1880    0.0420    0.2399    0.1964    0.4106
 000077   N  0.064802  0.557412  0.522955    0.3096    0.2817    0.2040    0.0480    0.2362    0.1929    0.4177
 000078   P  0.053034  0.549932  0.509967    0.3053    0.3286    0.2040    0.0400    0.2401    0.1903    0.4247
 000079   P  0.038116  0.544020  0.496847    0.2700    0.3087    0.2120    0.0420    0.2287    0.1897    0.4309
 000080   A  0.035232  0.540762  0.488593    0.2292    0.3149    0.2530    0.0450    0.2289    0.1872    0.4277
 000081   S  0.131952  0.548080  0.481391    0.2602    0.3631    0.2730    0.0400    0.2628    0.1615    0.4159
 000082   V  0.137885  0.520136  0.471995    0.3668    0.4441    0.2640    0.0380    0.2889    0.1531    0.4059
 000083   T  0.141893  0.517736  0.463681    0.3630    0.3599    0.2380    0.0520    0.2701    0.1488    0.3909
 000084   Q  0.145284  0.530372  0.448927    0.3535    0.3667    0.2440    0.0640    0.2733    0.1468    0.3789
 000085   C  0.145935  0.527231  0.435427    0.3630    0.3667    0.2300    0.0650    0.2722    0.1453    0.3658
 000086   N  0.145553  0.525847  0.420778    0.4116    0.4369    0.2510    0.0740    0.2951    0.1455    0.3663
 000087   V  0.136841  0.518370  0.406145    0.3578    0.4017    0.2590    0.0900    0.2789    0.1387    0.3698
 000088   T  0.128284  0.522923  0.391639    0.3456    0.3948    0.2500    0.0850    0.2736    0.1400    0.3734
 000089   A  0.123825  0.508733  0.376117    0.2483    0.3286    0.2890    0.0990    0.2497    0.1333    0.3765
 000090   N  0.024712  0.506307  0.358933    0.2041    0.3019    0.2670    0.0790    0.2173    0.1584    0.3806
 000091   N  0.017582  0.494271  0.346051    0.1998    0.2541    0.2910    0.0820    0.2095    0.1556    0.3882
 000092   D  0.012035  0.494954  0.333893    0.2041    0.2645    0.2500    0.0760    0.2042    0.1549    0.4024
 000093   G  0.009482  0.478630  0.323598    0.1998    0.3249    0.2040    0.0530    0.2027    0.1544    0.4125
 000094   V  0.011532  0.460453  0.311261    0.1958    0.2884    0.1840    0.0560    0.1900    0.1469    0.4248
 000095   N  0.016895  0.455395  0.300968    0.1878    0.2849    0.1590    0.0590    0.1840    0.1449    0.4327
 000096   F  0.020092  0.419608  0.293487    0.2602    0.2817    0.1800    0.0680    0.1936    0.1314    0.4236
 000097   T  0.026281  0.391774  0.285541    0.2602    0.2645    0.1860    0.0800    0.1881    0.1212    0.4260
 000098   V  0.027143  0.405091  0.278214    0.2531    0.3286    0.2050    0.0890    0.2031    0.1263    0.4274
 000099   T  0.027922  0.387902  0.269389    0.2602    0.2575    0.2170    0.0960    0.1917    0.1162    0.4329
 000100   A  0.028988  0.378920  0.261949    0.2865    0.2884    0.2310    0.1010    0.2024    0.1155    0.4327
 000101   Q  0.029724  0.386538  0.255433    0.2209    0.1823    0.2300    0.1020    0.1749    0.1137    0.4291
 000102   L  0.030134  0.410186  0.256826    0.2122    0.1852    0.2360    0.1060    0.1789    0.1198    0.4330
 000103   T  0.050415  0.422490  0.264406    0.1322    0.1702    0.2360    0.1060    0.1685    0.1248    0.4285
 000104   G  0.071256  0.429404  0.270599    0.1456    0.1671    0.2530    0.1050    0.1777    0.1225    0.4274
 000105   A  0.107012  0.457504  0.278961    0.1844    0.2328    0.2940    0.1000    0.2126    0.1179    0.4255
 000106   R  0.143761  0.495370  0.290895    0.1766    0.2193    0.3320    0.0910    0.2278    0.1266    0.4239
 000107   Y  0.177467  0.511926  0.299807    0.2432    0.3286    0.4290    0.0920    0.2817    0.1222    0.4169
 000108   G  0.210748  0.536874  0.305559    0.2531    0.2292    0.4310    0.0840    0.2768    0.1287    0.4100
 000109   S  0.292030  0.564148  0.311709    0.3184    0.2951    0.5270    0.0990    0.3328    0.1259    0.4087
 000110   V  0.340832  0.583039  0.317814    0.2385    0.2002    0.5980    0.1040    0.3267    0.1649    0.4120
 000111   S  0.389613  0.604478  0.318784    0.2700    0.2399    0.6380    0.1130    0.3570    0.1653    0.4153
 000112   F  0.428202  0.624127  0.318680    0.1766    0.2064    0.7180    0.1010    0.3589    0.2091    0.4193
 000113   D  0.444479  0.630527  0.316829    0.2385    0.2645    0.7490    0.0860    0.3879    0.1980    0.4100
 000114   S  0.468925  0.650144  0.313425    0.2963    0.2364    0.7880    0.0430    0.4067    0.2076    0.4015
 000115   S  0.468841  0.689252  0.316791    0.3399    0.2094    0.8580    0.0380    0.4276    0.2320    0.3955
 000116   T  0.464740  0.699268  0.318446    0.4245    0.2224    0.8640    0.0570    0.4459    0.2260    0.3937
 000117   G  0.450454  0.736133  0.322110    0.4600    0.1881    0.8550    0.0390    0.4482    0.2351    0.3971
 000118   Q  0.393815  0.740732  0.327021    0.5711    0.2645    0.8290    0.0740    0.4665    0.2172    0.3985
 000119   F  0.388495  0.773583  0.330837    0.6174    0.2328    0.9050    0.0610    0.4863    0.2494    0.4066
 000120   S  0.278224  0.783159  0.335966    0.6650    0.2034    0.9170    0.0510    0.4745    0.2765    0.4067
 000121   F  0.182736  0.805312  0.344729    0.7573    0.2715    0.9170    0.0330    0.4890    0.2936    0.4058
 000122   Q  0.235743  0.818863  0.350871    0.8036    0.2364    0.8970    0.0440    0.4985    0.2926    0.3976
