#RESNUM RES     VL-XT     VSL2B       VL3  IUPred-S  IUPred-L  PONDRFIT  FITERROR       MDP  MDPERROR   ANCHOR2
 000001   M  0.782471  0.741164  0.211891    0.5473    0.0136    0.9450    0.0320    0.5402    0.3286    0.0268
 000002   A  0.577835  0.762083  0.213593    0.5043    0.0194    0.9000    0.0230    0.4961    0.3020    0.0255
 000003   F  0.466825  0.720268  0.215237    0.3456    0.0148    0.8660    0.0370    0.4381    0.2889    0.0247
 000004   P  0.535162  0.660438  0.217355    0.2963    0.0218    0.7620    0.0610    0.4154    0.2590    0.0249
 000005   R  0.508266  0.556889  0.218449    0.1667    0.0334    0.6750    0.0930    0.3598    0.2324    0.0252
 000006   R  0.462124  0.454473  0.219603    0.1349    0.0227    0.6440    0.1190    0.3230    0.2145    0.0263
 000007   L  0.428798  0.363502  0.220904    0.1088    0.0349    0.5550    0.0850    0.2853    0.1813    0.0264
 000008   L  0.402693  0.307053  0.224558    0.0414    0.0364    0.6200    0.1020    0.2721    0.2044    0.0268
 000009   S  0.371852  0.274318  0.230047    0.0316    0.0372    0.5220    0.1110    0.2445    0.1744    0.0273
 000010   L  0.352625  0.281996  0.236012    0.0173    0.0275    0.5160    0.0680    0.2385    0.1757    0.0274
 000011   S  0.330277  0.293956  0.239890    0.0094    0.0171    0.4650    0.0690    0.2259    0.1649    0.0288
 000012   L  0.298619  0.299308  0.242204    0.0078    0.0115    0.4490    0.0840    0.2181    0.1602    0.0291
 000013   R  0.256638  0.315391  0.243072    0.0049    0.0092    0.3960    0.0820    0.2041    0.1478    0.0315
 000014   V  0.216546  0.309622  0.242886    0.0067    0.0163    0.3390    0.0700    0.1885    0.1315    0.0346
 000015   K  0.181800  0.292524  0.243158    0.0024    0.0146    0.2290    0.0400    0.1606    0.1123    0.0390
 000016   D  0.154876  0.286589  0.240037    0.0024    0.0101    0.1390    0.0240    0.1388    0.1061    0.0448
 000017   L  0.132088  0.264437  0.235988    0.0027    0.0076    0.0980    0.0150    0.1235    0.1010    0.0495
 000018   E  0.105264  0.230714  0.230606    0.0029    0.0107    0.0840    0.0230    0.1108    0.0923    0.0557
 000019   A  0.076976  0.193681  0.230245    0.0035    0.0108    0.0760    0.0300    0.0985    0.0857    0.0618
 000020   A  0.042652  0.172215  0.232503    0.0035    0.0109    0.0740    0.0340    0.0893    0.0850    0.0685
 000021   L  0.029948  0.160452  0.237601    0.0038    0.0123    0.0720    0.0340    0.0860    0.0857    0.0766
 000022   F  0.030006  0.146235  0.242992    0.0038    0.0134    0.0710    0.0290    0.0845    0.0853    0.0799
 000023   F  0.037611  0.138015  0.248963    0.0049    0.0181    0.0700    0.0260    0.0862    0.0847    0.0874
 000024   Y  0.048322  0.130212  0.255315    0.0059    0.0194    0.0730    0.0300    0.0887    0.0847    0.0920
 000025   R  0.046479  0.145165  0.262852    0.0081    0.0364    0.0830    0.0320    0.0970    0.0858    0.0954
 000026   D  0.052668  0.176381  0.272259    0.0082    0.0433    0.0920    0.0240    0.1074    0.0905    0.0988
 000027   L  0.058688  0.207108  0.283600    0.0097    0.0389    0.1160    0.0300    0.1190    0.0974    0.1005
 000028   L  0.058623  0.229864  0.297514    0.0297    0.0372    0.1150    0.0300    0.1279    0.1017    0.1014
 000029   G  0.068277  0.290357  0.313890    0.0268    0.0320    0.1170    0.0360    0.1414    0.1176    0.0997
 000030   L  0.089895  0.328535  0.331887    0.0182    0.0240    0.1230    0.0410    0.1526    0.1307    0.0958
 000031   K  0.121812  0.382314  0.349623    0.0226    0.0148    0.1210    0.0380    0.1687    0.1460    0.0931
 000032   V  0.146181  0.420918  0.366013    0.0231    0.0281    0.1550    0.0600    0.1899    0.1536    0.0871
 000033   E  0.173406  0.435703  0.380360    0.0252    0.0676    0.1470    0.0550    0.2049    0.1525    0.0877
 000034   A  0.195776  0.449975  0.393862    0.0567    0.1424    0.1530    0.0660    0.2319    0.1415    0.0863
 000035   D  0.211092  0.456588  0.405763    0.1117    0.2193    0.1300    0.0510    0.2558    0.1308    0.0880
 000036   P  0.225367  0.451896  0.416985    0.1178    0.2258    0.1220    0.0480    0.2600    0.1310    0.0873
 000037   P  0.260201  0.448167  0.428037    0.1041    0.1184    0.1120    0.0410    0.2452    0.1464    0.0842
 000038   R  0.274119  0.458250  0.438213    0.1805    0.1184    0.1020    0.0290    0.2618    0.1430    0.0772
 000039   Y  0.275323  0.444138  0.446405    0.1844    0.1206    0.1030    0.0300    0.2624    0.1406    0.0715
 000040   R  0.254458  0.427367  0.452944    0.1178    0.1298    0.1020    0.0400    0.2475    0.1451    0.0680
 000041   L  0.232411  0.422170  0.458795    0.1322    0.1323    0.1100    0.0490    0.2479    0.1420    0.0664
 000042   F  0.205252  0.424965  0.465243    0.1456    0.0835    0.1240    0.0600    0.2415    0.1489    0.0645
 000043   P  0.202001  0.414438  0.470722    0.1456    0.1251    0.1280    0.0660    0.2477    0.1410    0.0665
 000044   E  0.196211  0.389201  0.476717    0.0813    0.1229    0.1430    0.0650    0.2349    0.1463    0.0658
 000045   G  0.209244  0.399963  0.482881    0.0965    0.1702    0.1630    0.0820    0.2536    0.1390    0.0657
 000046   R  0.209950  0.400712  0.488274    0.0991    0.1759    0.1680    0.0800    0.2570    0.1389    0.0645
 000047   G  0.224831  0.370456  0.493652    0.0935    0.1298    0.1740    0.0800    0.2477    0.1409    0.0658
 000048   F  0.252803  0.387574  0.497076    0.0789    0.1298    0.1660    0.0750    0.2520    0.1476    0.0664
 000049   L  0.310917  0.379254  0.499239    0.0701    0.0851    0.1360    0.0630    0.2468    0.1607    0.0748
 000050   L  0.370214  0.376612  0.498547    0.1380    0.1449    0.1240    0.0550    0.2753    0.1460    0.0835
 000051   E  0.402774  0.383461  0.496641    0.0858    0.1731    0.1180    0.0470    0.2766    0.1571    0.0925
 000052   L  0.423453  0.397802  0.493122    0.1380    0.1643    0.1300    0.0440    0.2910    0.1502    0.1025
 000053   L  0.470764  0.432449  0.489071    0.2558    0.3087    0.1400    0.0490    0.3494    0.1262    0.1130
 000054   H  0.492826  0.451461  0.485684    0.1416    0.2817    0.1300    0.0480    0.3306    0.1545    0.1235
 000055   D  0.517147  0.494353  0.483489    0.1566    0.1881    0.1350    0.0530    0.3291    0.1702    0.1351
 000056   P  0.540516  0.535972  0.480689    0.1566    0.1914    0.1350    0.0470    0.3401    0.1807    0.1473
 000057   E  0.521810  0.558982  0.475532    0.0935    0.1323    0.1650    0.0430    0.3246    0.1968    0.1582
 000058   A  0.461835  0.566980  0.468676    0.0935    0.0749    0.2060    0.0380    0.3119    0.1946    0.1649
 000059   P  0.401859  0.571736  0.458602    0.0935    0.1528    0.2130    0.0380    0.3152    0.1732    0.1752
 000060   L  0.366141  0.547887  0.446815    0.0858    0.1251    0.2220    0.0530    0.2990    0.1683    0.1784
 000061   R  0.338499  0.522916  0.432676    0.1456    0.1671    0.1800    0.0400    0.2978    0.1442    0.1832
 000062   P  0.296180  0.495568  0.418668    0.0643    0.0985    0.1240    0.0310    0.2496    0.1654    0.1903
 000063   Y  0.245392  0.469270  0.404404    0.0935    0.1007    0.1070    0.0340    0.2367    0.1517    0.1965
 000064   P  0.183505  0.432661  0.389590    0.0884    0.1007    0.0840    0.0280    0.2131    0.1444    0.2100
 000065   S  0.121002  0.393336  0.375128    0.0514    0.1206    0.0690    0.0230    0.1884    0.1408    0.2207
 000066   L  0.088199  0.358440  0.361049    0.0268    0.1115    0.0650    0.0230    0.1684    0.1377    0.2326
 000067   G  0.074781  0.309540  0.347609    0.0279    0.0909    0.0620    0.0250    0.1520    0.1267    0.2454
 000068   L  0.061191  0.255892  0.333982    0.0252    0.0817    0.0580    0.0250    0.1361    0.1158    0.2567
 000069   Y  0.047561  0.218253  0.321174    0.0304    0.0817    0.0540    0.0220    0.1255    0.1073    0.2708
 000070   H  0.033516  0.230558  0.308895    0.0259    0.0414    0.0480    0.0200    0.1147    0.1122    0.2859
 000071   F  0.009858  0.209999  0.296440    0.0395    0.0581    0.0450    0.0180    0.1099    0.1054    0.2977
 000072   A  0.003521  0.213487  0.283205    0.0226    0.0605    0.0410    0.0160    0.1041    0.1054    0.3122
 000073   L  0.001796  0.203581  0.269955    0.0131    0.0327    0.0390    0.0150    0.0934    0.1039    0.3232
 000074   L  0.001549  0.201896  0.259082    0.0279    0.0281    0.0420    0.0160    0.0934    0.0991    0.3306
 000075   L  0.001554  0.216581  0.249171    0.0121    0.0231    0.0460    0.0210    0.0914    0.1014    0.3265
 000076   P  0.002656  0.221961  0.241102    0.0055    0.0223    0.0460    0.0220    0.0899    0.1013    0.3164
 000077   H  0.004482  0.231496  0.233695    0.0109    0.0223    0.0530    0.0240    0.0926    0.1001    0.3007
 000078   R  0.007613  0.239177  0.227398    0.0099    0.0143    0.0570    0.0230    0.0925    0.1009    0.2848
 000079   K  0.010563  0.234871  0.223546    0.0102    0.0240    0.0550    0.0220    0.0930    0.0975    0.2775
 000080   A  0.013594  0.231696  0.223768    0.0102    0.0349    0.0530    0.0190    0.0945    0.0953    0.2727
 000081   L  0.016206  0.241849  0.227245    0.0121    0.0356    0.0480    0.0160    0.0969    0.0982    0.2690
 000082   A  0.032636  0.232357  0.231869    0.0231    0.0631    0.0500    0.0160    0.1055    0.0904    0.2668
 000083   G  0.047056  0.225583  0.234653    0.0297    0.0749    0.0540    0.0150    0.1110    0.0853    0.2636
 000084   V  0.063855  0.222640  0.235745    0.0441    0.0581    0.0580    0.0150    0.1138    0.0819    0.2615
 000085   F  0.078183  0.216136  0.234650    0.0771    0.1048    0.0720    0.0150    0.1304    0.0682    0.2631
 000086   R  0.093527  0.208882  0.232888    0.0723    0.1643    0.0760    0.0130    0.1414    0.0642    0.2682
 000087   R  0.105176  0.207658  0.232832    0.0643    0.1206    0.0850    0.0160    0.1360    0.0625    0.2801
 000088   L  0.119568  0.231384  0.234574    0.0660    0.1007    0.0950    0.0270    0.1412    0.0668    0.3020
 000089   L  0.132697  0.245608  0.237793    0.0554    0.1115    0.0920    0.0370    0.1459    0.0717    0.3226
 000090   E  0.147098  0.262271  0.244260    0.0464    0.1115    0.0940    0.0420    0.1509    0.0784    0.3376
 000091   A  0.167328  0.306226  0.252382    0.0587    0.1323    0.1190    0.0500    0.1726    0.0834    0.3518
 000092   G  0.220855  0.341553  0.259337    0.1060    0.1399    0.1610    0.0700    0.2047    0.0794    0.3613
 000093   A  0.281819  0.367430  0.263644    0.1292    0.1611    0.2190    0.0820    0.2371    0.0790    0.3688
 000094   H  0.322044  0.394033  0.267968    0.0884    0.1759    0.2530    0.0830    0.2502    0.0982    0.3737
 000095   F  0.341914  0.447737  0.274934    0.1380    0.2094    0.2700    0.0840    0.2803    0.0977    0.3762
 000096   E  0.377313  0.477119  0.283606    0.2531    0.2470    0.2460    0.0680    0.3140    0.0860    0.3759
 000097   G  0.377507  0.499861  0.292413    0.2292    0.1643    0.2780    0.0690    0.3070    0.1077    0.3764
 000098   A  0.385442  0.554200  0.301303    0.1766    0.0851    0.3100    0.0740    0.3021    0.1491    0.3726
 000099   A  0.417656  0.534302  0.308430    0.1958    0.1323    0.2840    0.0950    0.3120    0.1337    0.3665
 000100   D  0.432161  0.471324  0.314599    0.2167    0.2094    0.2190    0.0750    0.3105    0.1065    0.3607
 000101   H  0.424865  0.442064  0.318806    0.1921    0.2164    0.1740    0.0540    0.2948    0.1083    0.3563
 000102   G  0.432254  0.404209  0.323029    0.2385    0.2680    0.1480    0.0410    0.3023    0.0973    0.3510
 000103   V  0.436063  0.387275  0.327248    0.2700    0.2680    0.1360    0.0360    0.3041    0.0963    0.3474
 000104   S  0.478469  0.375551  0.333208    0.3225    0.3117    0.1170    0.0330    0.3230    0.1078    0.3468
 000105   E  0.501965  0.376623  0.338376    0.3263    0.3149    0.1080    0.0330    0.3277    0.1164    0.3471
 000106   A  0.514647  0.365204  0.344789    0.4333    0.3566    0.1130    0.0330    0.3547    0.1226    0.3491
 000107   L  0.537514  0.352452  0.351460    0.4203    0.3566    0.1310    0.0360    0.3582    0.1210    0.3591
 000108   Y  0.532194  0.353785  0.360706    0.3491    0.2752    0.1400    0.0370    0.3351    0.1168    0.3678
 000109   F  0.508129  0.372916  0.369284    0.3992    0.2094    0.1420    0.0340    0.3335    0.1222    0.3841
 000110   R  0.484041  0.396951  0.375780    0.3630    0.2364    0.1470    0.0290    0.3338    0.1108    0.3987
 000111   D  0.441521  0.416116  0.380136    0.2748    0.2364    0.1570    0.0280    0.3177    0.1026    0.4134
 000112   P  0.424695  0.442453  0.384721    0.2657    0.2364    0.1600    0.0340    0.3189    0.1047    0.4293
 000113   E  0.388057  0.471559  0.392122    0.2786    0.2609    0.1610    0.0430    0.3254    0.1025    0.4256
 000114   G  0.326764  0.481205  0.403712    0.3359    0.3286    0.1830    0.0640    0.3431    0.0904    0.4143
 000115   N  0.336993  0.498188  0.419053    0.3630    0.3529    0.1850    0.0710    0.3592    0.0947    0.4066
 000116   G  0.396703  0.516595  0.436477    0.3456    0.3053    0.1790    0.0680    0.3633    0.1061    0.3992
 000117   L  0.445079  0.526869  0.453627    0.3847    0.2224    0.1760    0.0620    0.3681    0.1271    0.3924
 000118   E  0.513278  0.526676  0.467956    0.4282    0.3286    0.1590    0.0530    0.4039    0.1275    0.3951
 000119   L  0.566837  0.515408  0.480428    0.4037    0.4256    0.1500    0.0460    0.4237    0.1338    0.3963
 000120   Y  0.611749  0.514406  0.491392    0.5043    0.5577    0.1420    0.0410    0.4702    0.1523    0.4058
 000121   R  0.600044  0.523039  0.500921    0.5084    0.6043    0.1310    0.0420    0.4779    0.1607    0.4138
 000122   D  0.588517  0.532557  0.509620    0.5008    0.4979    0.1390    0.0490    0.4614    0.1475    0.4191
 000123   R  0.605259  0.561094  0.520193    0.4967    0.4220    0.1540    0.0550    0.4599    0.1478    0.4229
 000124   P  0.615407  0.586513  0.532893    0.4245    0.2918    0.1610    0.0540    0.4354    0.1637    0.4219
 000125   K  0.518133  0.607895  0.546071    0.4037    0.2988    0.1640    0.0520    0.4232    0.1533    0.4205
 000126   E  0.440152  0.623700  0.557965    0.3456    0.2575    0.1560    0.0480    0.3968    0.1630    0.4183
 000127   A  0.358040  0.632978  0.568426    0.3535    0.2817    0.1530    0.0470    0.3912    0.1640    0.4172
 000128   W  0.296990  0.634326  0.579410    0.4078    0.2849    0.1580    0.0410    0.3936    0.1680    0.4181
 000129   P  0.215153  0.637631  0.589957    0.4116    0.2817    0.1540    0.0370    0.3817    0.1822    0.4168
 000130   K  0.184286  0.634194  0.601914    0.4078    0.2849    0.1880    0.0620    0.3835    0.1821    0.4166
 000131   G  0.153090  0.627183  0.612317    0.4918    0.4051    0.1920    0.0630    0.4135    0.1864    0.4138
 000132   P  0.124559  0.618774  0.623737    0.4245    0.4087    0.1830    0.0530    0.3972    0.1921    0.4112
 000133   L  0.074373  0.601788  0.636422    0.4245    0.3249    0.2170    0.0490    0.3798    0.2000    0.4098
 000134   M  0.065571  0.633937  0.651771    0.4420    0.2575    0.2450    0.0610    0.3826    0.2138    0.4088
 000135   F  0.063748  0.636489  0.666685    0.3535    0.2064    0.2440    0.0680    0.3619    0.2218    0.4076
 000136   T  0.087874  0.627512  0.681184    0.3005    0.2258    0.2330    0.0870    0.3593    0.2185    0.4047
 000137   A  0.136509  0.599552  0.692824    0.2700    0.2224    0.2460    0.1060    0.3613    0.2074    0.4010
 000138   P  0.206903  0.655032  0.703135    0.3146    0.2783    0.2790    0.1300    0.4061    0.1961    0.3975
 000139   L  0.282945  0.712529  0.710636    0.4149    0.4051    0.3600    0.1490    0.4810    0.1685    0.3950
 000140   N  0.359138  0.739984  0.718513    0.4116    0.4051    0.3540    0.1490    0.4980    0.1650    0.3954
 000141   L  0.441153  0.743341  0.726855    0.4282    0.4149    0.3340    0.1280    0.5147    0.1596    0.3960
 000142   E  0.542249  0.751590  0.735221    0.4513    0.4441    0.3090    0.0970    0.5390    0.1598    0.3978
 000143   K  0.640873  0.743715  0.741841    0.4333    0.3426    0.3570    0.0900    0.5433    0.1713    0.4005
 000144   L  0.727521  0.754508  0.744715    0.5126    0.4476    0.4300    0.1160    0.6028    0.1419    0.4015
 000145   L  0.784306  0.762509  0.743992    0.4458    0.5211    0.4780    0.1140    0.6226    0.1431    0.4024
 000146   A  0.800789  0.753498  0.740943    0.5331    0.6991    0.4960    0.1150    0.6706    0.1147    0.4045
 000147   E  0.819547  0.757297  0.735413    0.5514    0.6991    0.4970    0.1080    0.6767    0.1145    0.4069
 000148   N  0.838060  0.769364  0.729403    0.5941    0.6427    0.5400    0.0830    0.6855    0.1030    0.4112
 000149   P  0.848147  0.771350  0.723380    0.5762    0.5176    0.5610    0.1020    0.6662    0.1216    0.4121
 000150   D  0.856280  0.774062  0.718721    0.5667    0.6183    0.6330    0.1230    0.6945    0.0992    0.4116
 000151   P  0.845332  0.771416  0.713733    0.4918    0.5992    0.6170    0.1550    0.6730    0.1173    0.4101
 000152   T  0.836266  0.760777  0.705873    0.5667    0.6089    0.6570    0.1500    0.6892    0.0909    0.4089
 000153   P  0.823567  0.748648  0.694925    0.5473    0.5807    0.7050    0.1150    0.6834    0.0945    0.4066
 000154   L  0.815610  0.734803  0.679825    0.4600    0.4940    0.7450    0.0970    0.6548    0.1321    0.4039
 000155   P  0.807871  0.718641  0.663443    0.5173    0.5854    0.6600    0.1530    0.6588    0.0924    0.4038
 000156   P  0.785091  0.697591  0.644832    0.4967    0.5992    0.6180    0.1890    0.6403    0.0886    0.4025
 000157   E  0.759556  0.670212  0.625515    0.5084    0.6661    0.4960    0.2040    0.6210    0.0930    0.3999
 000158   T  0.729862  0.625914  0.604616    0.4203    0.6531    0.4280    0.2000    0.5770    0.1148    0.3974
 000159   L  0.696156  0.597976  0.583060    0.4379    0.5419    0.3660    0.1780    0.5372    0.1081    0.3943
 000160   L  0.673158  0.521426  0.561562    0.4282    0.4831    0.3490    0.1680    0.5027    0.1020    0.3924
 000161   G  0.657414  0.481217  0.540277    0.3399    0.4476    0.3130    0.1620    0.4632    0.1170    0.3924
 000162   H  0.631796  0.431902  0.520851    0.2913    0.3983    0.3040    0.1550    0.4297    0.1191    0.3914
 000163   L  0.576568  0.379600  0.501740    0.2558    0.4087    0.2630    0.1220    0.3975    0.1166    0.3900
 000164   H  0.495184  0.360440  0.481439    0.1998    0.3599    0.2590    0.1180    0.3593    0.1071    0.3910
 000165   L  0.429042  0.341925  0.459027    0.3096    0.3356    0.2670    0.1360    0.3570    0.0667    0.3923
 000166   H  0.364566  0.364045  0.435799    0.2483    0.2094    0.2840    0.1490    0.3176    0.0775    0.3937
 000167   V  0.312676  0.377046  0.413392    0.1322    0.2002    0.2900    0.1390    0.2876    0.0968    0.3934
 000168   E  0.260465  0.364744  0.392272    0.0607    0.1852    0.2870    0.1270    0.2584    0.1114    0.3934
 000169   D  0.202147  0.370092  0.371067    0.0567    0.1731    0.2720    0.1120    0.2409    0.1115    0.3941
 000170   L  0.179698  0.349532  0.349553    0.0965    0.1759    0.2510    0.0920    0.2338    0.0933    0.3946
 000171   A  0.175037  0.308677  0.326787    0.1416    0.2470    0.2140    0.0700    0.2356    0.0668    0.3945
 000172   A  0.207547  0.269048  0.304231    0.0771    0.2034    0.2030    0.0700    0.2108    0.0709    0.3934
 000173   A  0.266764  0.258680  0.281680    0.0744    0.2224    0.1700    0.0710    0.2123    0.0717    0.3924
 000174   E  0.332590  0.235037  0.260017    0.0858    0.2399    0.1510    0.0650    0.2175    0.0791    0.3917
 000175   A  0.364210  0.227644  0.238709    0.0991    0.2503    0.1160    0.0430    0.2160    0.0889    0.3902
 000176   F  0.370459  0.224063  0.218342    0.1041    0.2541    0.1000    0.0320    0.2118    0.0925    0.3898
 000177   F  0.390902  0.234981  0.197653    0.1041    0.2503    0.1010    0.0260    0.2132    0.0985    0.3884
 000178   N  0.408647  0.235765  0.178426    0.0858    0.3215    0.1130    0.0310    0.2239    0.1134    0.3919
 000179   G  0.383870  0.241614  0.159548    0.0701    0.2064    0.1390    0.0380    0.2000    0.0982    0.3957
 000180   K  0.347408  0.249910  0.141719    0.0621    0.2193    0.1540    0.0420    0.1957    0.0904    0.4016
 000181   L  0.283831  0.235223  0.123165    0.0514    0.2951    0.1220    0.0280    0.1851    0.0913    0.4052
 000182   G  0.219343  0.227902  0.105301    0.0723    0.2988    0.0980    0.0280    0.1703    0.0829    0.4129
 000183   M  0.147515  0.232894  0.089772    0.0832    0.2575    0.0890    0.0250    0.1500    0.0710    0.4201
 000184   E  0.111053  0.232251  0.076727    0.0832    0.1914    0.0840    0.0280    0.1298    0.0601    0.4261
 000185   V  0.099991  0.217587  0.067713    0.0441    0.1028    0.0810    0.0250    0.1022    0.0553    0.4327
 000186   T  0.074736  0.211101  0.060349    0.0316    0.1048    0.0670    0.0190    0.0917    0.0576    0.4303
 000187   L  0.047591  0.190507  0.055208    0.0350    0.1028    0.0580    0.0160    0.0816    0.0530    0.4267
 000188   R  0.020442  0.157572  0.050351    0.0554    0.1881    0.0510    0.0160    0.0872    0.0623    0.4213
 000189   T  0.000720  0.123404  0.046865    0.0327    0.1823    0.0550    0.0160    0.0734    0.0610    0.4196
 000190   Y  0.000538  0.100447  0.044265    0.0327    0.1092    0.0540    0.0130    0.0569    0.0378    0.4174
 000191   P  0.000486  0.087716  0.042655    0.0327    0.1115    0.0430    0.0120    0.0530    0.0365    0.4193
 000192   G  0.000293  0.072596  0.041492    0.0336    0.1583    0.0410    0.0120    0.0579    0.0496    0.4208
 000193   A  0.000274  0.062632  0.040458    0.0327    0.1528    0.0390    0.0120    0.0547    0.0476    0.4263
 000194   L  0.000227  0.064309  0.039258    0.0464    0.1399    0.0430    0.0090    0.0555    0.0424    0.4322
 000195   F  0.000176  0.075289  0.038128    0.0376    0.1298    0.0510    0.0080    0.0554    0.0400    0.4318
 000196   F  0.000112  0.084881  0.037504    0.0376    0.1554    0.0550    0.0100    0.0618    0.0489    0.4308
 000197   A  0.000052  0.106401  0.037414    0.0363    0.1583    0.0580    0.0170    0.0661    0.0520    0.4329
 000198   W  0.000025  0.121496  0.037258    0.0554    0.2258    0.0800    0.0390    0.0866    0.0725    0.4312
 000199   D  0.000015  0.131536  0.037114    0.0587    0.1424    0.1040    0.0600    0.0790    0.0514    0.4284
 000200   G  0.000045  0.138053  0.037558    0.0587    0.1206    0.1560    0.0600    0.0851    0.0567    0.4277
 000201   Y  0.000123  0.139774  0.040053    0.0621    0.2002    0.2290    0.0760    0.1119    0.0841    0.4277
 000202   H  0.000553  0.145077  0.044414    0.0441    0.1759    0.2230    0.0800    0.1055    0.0804    0.4295
 000203   H  0.014326  0.161591  0.052651    0.0441    0.1702    0.2350    0.0810    0.1129    0.0801    0.4302
 000204   H  0.040842  0.214247  0.065287    0.0554    0.1852    0.2150    0.0630    0.1294    0.0765    0.4300
 000205   V  0.055967  0.265217  0.081240    0.0909    0.2224    0.2490    0.0650    0.1607    0.0862    0.4288
 000206   G  0.111332  0.317981  0.100000    0.1495    0.3392    0.2350    0.0670    0.2089    0.0953    0.4282
 000207   A  0.161412  0.368515  0.119727    0.1958    0.4619    0.2560    0.0800    0.2605    0.1198    0.4287
 000208   N  0.234243  0.394424  0.141736    0.2483    0.4901    0.2570    0.1130    0.2943    0.1146    0.4293
 000209   T  0.308745  0.405783  0.163857    0.3491    0.5901    0.3120    0.1580    0.3549    0.1281    0.4306
 000210   W  0.384844  0.405527  0.186162    0.3535    0.5807    0.3440    0.1560    0.3757    0.1158    0.4324
 000211   A  0.476812  0.431237  0.208078    0.3359    0.5807    0.3010    0.1290    0.3890    0.1222    0.4325
 000212   G  0.552301  0.429541  0.230104    0.4420    0.6227    0.3210    0.1070    0.4330    0.1316    0.4329
 000213   R  0.611934  0.469206  0.251315    0.4513    0.5419    0.3790    0.1170    0.4508    0.1151    0.4335
 000214   R  0.668312  0.483927  0.271337    0.4149    0.5493    0.4260    0.1440    0.4690    0.1226    0.4338
 000215   K  0.666803  0.500778  0.291811    0.3847    0.4441    0.3840    0.0970    0.4453    0.1177    0.4350
 000216   A  0.671146  0.519759  0.313995    0.4556    0.5139    0.3590    0.1250    0.4722    0.1167    0.4384
 000217   P  0.700424  0.532980  0.338454    0.3806    0.4409    0.2920    0.1230    0.4475    0.1366    0.4438
 000218   P  0.733625  0.514202  0.363527    0.4203    0.3983    0.2860    0.1160    0.4527    0.1428    0.4539
 000219   G  0.765179  0.515821  0.389110    0.3717    0.3599    0.2600    0.0910    0.4437    0.1620    0.4703
 000220   A  0.780687  0.498553  0.415249    0.3225    0.3774    0.2360    0.0680    0.4384    0.1730    0.4909
 000221   T  0.801115  0.461216  0.441844    0.4037    0.5055    0.2200    0.0570    0.4722    0.1726    0.5140
 000222   G  0.825599  0.416215  0.468469    0.4513    0.5382    0.2080    0.0510    0.4847    0.1833    0.5416
 000223   L  0.864770  0.405674  0.494985    0.4749    0.4685    0.2170    0.0540    0.4876    0.1928    0.5706
 000224   L  0.921699  0.420226  0.521573    0.4749    0.4979    0.2240    0.0510    0.5100    0.2086    0.5947
 000225   G  0.975989  0.471786  0.548498    0.4203    0.5296    0.2570    0.0630    0.5338    0.2196    0.6094
 000226   Y  0.983988  0.507081  0.575659    0.4379    0.5382    0.2950    0.0900    0.5562    0.2116    0.6219
 000227   T  0.985280  0.600707  0.602717    0.4879    0.5992    0.3430    0.1170    0.6031    0.1946    0.6385
 000228   L  0.987915  0.626393  0.629721    0.4703    0.5665    0.4460    0.1380    0.6211    0.1784    0.6509
 000229   L  0.990189  0.691429  0.657306    0.4749    0.5665    0.5140    0.1610    0.6491    0.1701    0.6512
 000230   A  0.991269  0.728435  0.685295    0.4781    0.5807    0.5300    0.1880    0.6657    0.1689    0.6370
 000231   P  0.991592  0.761564  0.713327    0.5126    0.6427    0.5300    0.2010    0.6920    0.1612    0.6189
 000232   P  0.991619  0.804211  0.739906    0.5331    0.6427    0.5810    0.1930    0.7154    0.1535    0.5998
 000233   G  0.991643  0.828390  0.765197    0.5473    0.6427    0.6350    0.1650    0.7350    0.1468    0.5831
 000234   V  0.993305  0.852064  0.787222    0.6035    0.6991    0.6570    0.1450    0.7654    0.1306    0.5654
 000235   P  0.993753  0.870058  0.805648    0.6516    0.7036    0.6290    0.1680    0.7756    0.1288    0.5509
 000236   P  0.995289  0.884299  0.821280    0.6374    0.6661    0.6470    0.1480    0.7752    0.1353    0.5596
 000237   G  0.995469  0.897687  0.834159    0.6715    0.7916    0.6530    0.1430    0.8073    0.1202    0.5778
 000238   E  0.988281  0.905472  0.845946    0.6474    0.7163    0.7030    0.1130    0.8010    0.1214    0.5907
 000239   H  0.980503  0.913585  0.855718    0.6984    0.7163    0.7620    0.0900    0.8210    0.1039    0.6094
 000240   P  0.966446  0.920439  0.865650    0.7034    0.8013    0.7830    0.0800    0.8400    0.0881    0.6459
 000241   D  0.950405  0.929024  0.875295    0.6944    0.8493    0.8130    0.0720    0.8518    0.0842    0.6952
 000242   P  0.919243  0.934923  0.884061    0.6906    0.8493    0.8320    0.0650    0.8517    0.0805    0.7404
 000243   T  0.888623  0.939440  0.891448    0.6944    0.8493    0.8540    0.0530    0.8528    0.0768    0.7826
 000244   G  0.830209  0.942632  0.898401    0.7034    0.8681    0.8650    0.0530    0.8512    0.0745    0.8189
 000245   A  0.801084  0.946331  0.906317    0.7605    0.9081    0.8750    0.0540    0.8662    0.0649    0.8485
 000246   L  0.789150  0.953666  0.913653    0.7540    0.9081    0.8850    0.0520    0.8672    0.0713    0.8747
 000247   A  0.788929  0.957357  0.919649    0.7418    0.8853    0.8850    0.0560    0.8631    0.0745    0.8825
 000248   R  0.796414  0.955217  0.923414    0.7501    0.8828    0.9700    0.0290    0.8796    0.0811    0.8873
 000249   V  0.810306  0.951495  0.926987    0.7688    0.8596    0.9790    0.0260    0.8828    0.0762    0.8947
 000250   L  0.826200  0.957691  0.930336    0.8036    0.8596    0.9830    0.0210    0.8933    0.0673    0.8957
 000251   T  0.857402  0.965153  0.933511    0.8311    0.8279    0.9620    0.0490    0.8962    0.0590    0.8796
 000252   E  0.888687  0.969666  0.936212    0.8424    0.8050    0.9860    0.0160    0.9047    0.0657    0.8528
 000253   P  0.947636  0.972799  0.938885    0.8650    0.7628    0.9790    0.0270    0.9110    0.0759    0.8435
 000254   P  0.994986  0.975063  0.942048    0.8886    0.7369    0.9840    0.0200    0.9202    0.0892    0.8297
 000255   P  0.997656  0.976892  0.946030    0.9119    0.7120    0.9780    0.0230    0.9204    0.0972    0.8096
 000256   S  0.999354  0.978586  0.950461    0.9447    0.7415    0.9550    0.0520    0.9283    0.0856    0.7816
 000257   P  0.999861  0.979973  0.952705    0.9753    0.8530    0.9490    0.0530    0.9517    0.0473    0.7433
