#RESNUM RES     VL-XT     VSL2B       VL3  IUPred-S  IUPred-L  PONDRFIT  FITERROR       MDP  MDPERROR   ANCHOR2
 000001   M  0.925775  0.808435  0.098265    0.6789    0.0349    0.9720    0.0140    0.5700    0.3799    0.0419
 000002   A  0.532139  0.750678  0.092240    0.6334    0.0494    0.9260    0.0240    0.4820    0.3251    0.0380
 000003   D  0.399607  0.707562  0.088010    0.5008    0.0349    0.9160    0.0300    0.4265    0.3143    0.0351
 000004   D  0.161336  0.609994  0.084256    0.4458    0.0463    0.8410    0.0820    0.3507    0.2933    0.0323
 000005   F  0.299616  0.481293  0.080845    0.3096    0.0605    0.8690    0.0780    0.3366    0.2732    0.0299
 000006   A  0.198533  0.365906  0.078106    0.2558    0.0799    0.8300    0.0880    0.2884    0.2570    0.0288
 000007   Y  0.186202  0.269929  0.077232    0.1958    0.1115    0.6880    0.1410    0.2420    0.2039    0.0276
 000008   L  0.174705  0.216183  0.075885    0.1635    0.0765    0.7290    0.1190    0.2266    0.2252    0.0256
 000009   N  0.200172  0.182345  0.073185    0.1292    0.0531    0.7190    0.0860    0.2140    0.2270    0.0244
 000010   A  0.211130  0.171052  0.069186    0.0526    0.0676    0.7830    0.0770    0.2143    0.2564    0.0231
 000011   R  0.201100  0.178620  0.066218    0.0200    0.0909    0.7590    0.0930    0.2082    0.2494    0.0226
 000012   V  0.218445  0.178896  0.063945    0.0274    0.1115    0.5060    0.1260    0.1736    0.1579    0.0231
 000013   R  0.234567  0.189206  0.065132    0.0395    0.0690    0.4350    0.1380    0.1612    0.1376    0.0253
 000014   V  0.260270  0.218457  0.066238    0.0387    0.0320    0.3750    0.1300    0.1541    0.1292    0.0288
 000015   R  0.286400  0.246546  0.068148    0.0173    0.0320    0.3840    0.1290    0.1611    0.1407    0.0344
 000016   R  0.270134  0.262147  0.070936    0.0173    0.0734    0.3090    0.0940    0.1554    0.1163    0.0416
 000017   G  0.266973  0.276401  0.063553    0.0245    0.0734    0.2770    0.0840    0.1530    0.1114    0.0510
 000018   T  0.244072  0.292658  0.058692    0.0455    0.0719    0.2520    0.0650    0.1510    0.1040    0.0620
 000019   L  0.225612  0.290167  0.052030    0.0621    0.1251    0.2320    0.0610    0.1559    0.0906    0.0736
 000020   L  0.219851  0.300731  0.053393    0.0308    0.0690    0.2060    0.0520    0.1378    0.1010    0.0860
 000021   K  0.208436  0.311705  0.059405    0.0441    0.0835    0.1640    0.0340    0.1353    0.0949    0.0996
 000022   E  0.189724  0.307687  0.065487    0.0252    0.0424    0.1370    0.0310    0.1171    0.0989    0.1153
 000023   S  0.163778  0.296755  0.072659    0.0455    0.0555    0.1390    0.0420    0.1167    0.0874    0.1285
 000024   F  0.141315  0.279573  0.078849    0.0252    0.0618    0.1370    0.0460    0.1075    0.0830    0.1380
 000025   F  0.115100  0.264404  0.085128    0.0363    0.0483    0.1270    0.0480    0.0985    0.0766    0.1455
 000026   Q  0.089671  0.262572  0.090604    0.0405    0.0306    0.0960    0.0350    0.0865    0.0778    0.1503
 000027   E  0.075509  0.264788  0.096946    0.0231    0.0306    0.0900    0.0380    0.0806    0.0818    0.1532
 000028   A  0.073173  0.248511  0.100069    0.0116    0.0191    0.0840    0.0380    0.0727    0.0800    0.1504
 000029   L  0.069453  0.231087  0.103770    0.0099    0.0119    0.0770    0.0330    0.0666    0.0761    0.1501
 000030   D  0.062687  0.210487  0.108905    0.0109    0.0184    0.0650    0.0230    0.0613    0.0694    0.1536
 000031   L  0.059575  0.177597  0.115060    0.0121    0.0327    0.0620    0.0200    0.0573    0.0584    0.1564
 000032   S  0.069179  0.162855  0.120165    0.0124    0.0349    0.0540    0.0130    0.0555    0.0550    0.1623
 000033   F  0.075643  0.158272  0.123081    0.0128    0.0209    0.0560    0.0120    0.0539    0.0562    0.1660
 000034   A  0.083240  0.152782  0.124932    0.0128    0.0134    0.0550    0.0140    0.0528    0.0567    0.1692
 000035   D  0.087637  0.148925  0.127715    0.0160    0.0248    0.0570    0.0150    0.0557    0.0539    0.1773
 000036   F  0.093219  0.148659  0.130520    0.0212    0.0518    0.0740    0.0180    0.0647    0.0489    0.1848
 000037   L  0.096356  0.143670  0.133089    0.0200    0.0543    0.0810    0.0200    0.0659    0.0482    0.1923
 000038   R  0.108929  0.144545  0.134895    0.0179    0.0300    0.0920    0.0250    0.0656    0.0535    0.1981
 000039   L  0.121291  0.155237  0.141100    0.0286    0.0300    0.1080    0.0290    0.0738    0.0556    0.2079
 000040   L  0.161787  0.174820  0.148495    0.0304    0.0518    0.1200    0.0260    0.0899    0.0602    0.2153
 000041   S  0.204847  0.190705  0.155009    0.0226    0.0518    0.1310    0.0340    0.1002    0.0724    0.2201
 000042   E  0.247563  0.210760  0.165521    0.0455    0.0909    0.1350    0.0300    0.1217    0.0738    0.2218
 000043   T  0.312399  0.245995  0.177838    0.0464    0.0531    0.1430    0.0310    0.1334    0.1007    0.2210
 000044   V  0.379081  0.269252  0.187478    0.0909    0.1323    0.1540    0.0450    0.1710    0.1012    0.2196
 000045   Y  0.442562  0.292586  0.197175    0.0621    0.1611    0.1460    0.0430    0.1841    0.1262    0.2252
 000046   G  0.506386  0.343692  0.209253    0.0771    0.1048    0.1470    0.0470    0.1966    0.1543    0.2227
 000047   G  0.566368  0.373717  0.222598    0.1456    0.1969    0.1800    0.0560    0.2437    0.1513    0.2177
 000048   E  0.619227  0.379302  0.233721    0.1532    0.2715    0.2010    0.0530    0.2707    0.1599    0.2143
 000049   L  0.607736  0.379952  0.242022    0.1732    0.2470    0.1700    0.0340    0.2630    0.1581    0.2108
 000050   A  0.586151  0.392320  0.255326    0.2531    0.2609    0.1350    0.0290    0.2712    0.1490    0.2055
 000051   G  0.570639  0.389289  0.269011    0.3096    0.2609    0.1330    0.0340    0.2772    0.1419    0.1990
 000052   Q  0.542806  0.386344  0.279731    0.2483    0.2541    0.1340    0.0440    0.2610    0.1365    0.1934
 000053   G  0.531034  0.396101  0.289067    0.1566    0.2503    0.1350    0.0390    0.2448    0.1453    0.1912
 000054   L  0.508199  0.402225  0.294730    0.1532    0.2503    0.1380    0.0400    0.2420    0.1403    0.1904
 000055   P  0.442405  0.387178  0.305163    0.2255    0.2918    0.1260    0.0380    0.2455    0.1149    0.1883
 000056   D  0.387853  0.374791  0.316103    0.3146    0.3740    0.1320    0.0350    0.2639    0.1021    0.1773
 000057   V  0.345677  0.366575  0.327087    0.2748    0.2918    0.1360    0.0300    0.2358    0.0932    0.1702
 000058   D  0.335192  0.353640  0.335992    0.2700    0.2193    0.1440    0.0290    0.2203    0.0937    0.1673
 000059   R  0.332435  0.328748  0.346110    0.1698    0.2064    0.1520    0.0320    0.1983    0.0999    0.1611
 000060   A  0.348292  0.311112  0.358624    0.1921    0.2988    0.1610    0.0380    0.2185    0.0962    0.1583
 000061   V  0.354350  0.280802  0.367479    0.2255    0.2436    0.1720    0.0440    0.2127    0.0926    0.1567
 000062   L  0.336452  0.277868  0.375493    0.2292    0.2783    0.1850    0.0510    0.2177    0.0890    0.1588
 000063   R  0.318197  0.276401  0.386258    0.1416    0.2645    0.1930    0.0550    0.1989    0.1025    0.1636
 000064   T  0.344574  0.294688  0.398446    0.1732    0.1823    0.1950    0.0550    0.1982    0.1093    0.1693
 000065   Q  0.358867  0.311319  0.407351    0.2602    0.1942    0.2040    0.0680    0.2215    0.1033    0.1747
 000066   A  0.364947  0.307997  0.418893    0.1456    0.1731    0.2270    0.0980    0.2030    0.1215    0.1812
 000067   K  0.385159  0.327587  0.431404    0.0909    0.1643    0.2370    0.1110    0.2009    0.1402    0.1953
 000068   L  0.426506  0.334991  0.446352    0.1416    0.2436    0.2300    0.0980    0.2295    0.1322    0.2092
 000069   V  0.448164  0.326609  0.457793    0.1349    0.2034    0.2210    0.0850    0.2223    0.1446    0.2200
 000070   G  0.475147  0.319188  0.465241    0.1416    0.2034    0.2160    0.0840    0.2258    0.1505    0.2356
 000071   D  0.503217  0.333277  0.472070    0.1416    0.2436    0.2000    0.0710    0.2369    0.1560    0.2464
 000072   L  0.536534  0.338656  0.484242    0.1958    0.2817    0.1780    0.0650    0.2552    0.1574    0.2547
 000073   P  0.556475  0.331744  0.491204    0.2748    0.2918    0.1590    0.0630    0.2690    0.1574    0.2609
 000074   R  0.545058  0.324636  0.491692    0.2531    0.2918    0.1700    0.0770    0.2641    0.1550    0.2581
 000075   L  0.538720  0.355451  0.494781    0.1766    0.2002    0.1830    0.0910    0.2424    0.1703    0.2543
 000076   V  0.521379  0.401329  0.498223    0.1732    0.1275    0.1780    0.0850    0.2336    0.1821    0.2514
 000077   T  0.474440  0.423412  0.497389    0.1322    0.0948    0.1800    0.0810    0.2175    0.1873    0.2548
 000078   G  0.422506  0.440201  0.494287    0.0884    0.0581    0.1940    0.0860    0.2006    0.1940    0.2556
 000079   E  0.365245  0.434389  0.492216    0.0909    0.0929    0.2090    0.0900    0.1987    0.1791    0.2597
 000080   A  0.310662  0.427705  0.487731    0.0813    0.1501    0.2070    0.0840    0.1962    0.1669    0.2646
 000081   R  0.264445  0.413139  0.481362    0.0744    0.1583    0.2100    0.0830    0.1868    0.1623    0.2688
 000082   E  0.224244  0.384149  0.474714    0.0744    0.0929    0.1960    0.0740    0.1620    0.1656    0.2784
 000083   A  0.217734  0.346162  0.469958    0.1349    0.1554    0.1790    0.0650    0.1721    0.1430    0.2908
 000084   V  0.211362  0.300548  0.466072    0.0587    0.1399    0.1440    0.0520    0.1425    0.1536    0.3056
 000085   R  0.205393  0.281355  0.465997    0.0587    0.0888    0.1200    0.0470    0.1257    0.1593    0.3278
 000086   L  0.187415  0.267130  0.463728    0.1088    0.1501    0.1140    0.0550    0.1379    0.1454    0.3576
 000087   L  0.177686  0.261736  0.459865    0.0935    0.1852    0.1060    0.0520    0.1373    0.1451    0.3812
 000088   L  0.159708  0.277632  0.453357    0.0991    0.1137    0.1050    0.0520    0.1258    0.1488    0.3975
 000089   L  0.141961  0.279107  0.441604    0.0813    0.0676    0.1110    0.0570    0.1135    0.1522    0.4112
 000090   R  0.122020  0.295265  0.435573    0.0455    0.0605    0.1170    0.0580    0.1068    0.1581    0.4201
 000091   N  0.102509  0.309753  0.426125    0.0308    0.0605    0.1270    0.0600    0.1052    0.1596    0.4327
 000092   D  0.078060  0.337411  0.418543    0.0286    0.0618    0.1360    0.0710    0.1071    0.1633    0.4217
 000093   L  0.056425  0.334207  0.407569    0.0226    0.0473    0.1460    0.0730    0.1011    0.1640    0.4156
 000094   H  0.046966  0.301727  0.397738    0.0286    0.0605    0.1350    0.0590    0.0954    0.1547    0.4148
 000095   N  0.044149  0.309199  0.388898    0.0387    0.0948    0.1190    0.0460    0.1010    0.1493    0.4212
 000096   L  0.049399  0.312866  0.383123    0.0405    0.0948    0.1050    0.0340    0.1004    0.1479    0.4283
 000097   Q  0.093968  0.311369  0.373694    0.0701    0.1823    0.0960    0.0240    0.1257    0.1318    0.4187
 000098   A  0.139934  0.296683  0.364986    0.1041    0.1554    0.1140    0.0270    0.1351    0.1160    0.4104
 000099   L  0.168744  0.320614  0.354356    0.1921    0.2399    0.1410    0.0410    0.1771    0.0979    0.4055
 000100   L  0.197123  0.324432  0.349358    0.1805    0.3356    0.1600    0.0520    0.1996    0.0987    0.3983
 000101   R  0.227866  0.338357  0.343156    0.1958    0.2752    0.1810    0.0640    0.2030    0.0859    0.3885
 000102   A  0.266325  0.364620  0.338480    0.1998    0.1791    0.2210    0.0790    0.2052    0.0894    0.3802
 000103   K  0.308468  0.377696  0.330563    0.1380    0.1115    0.2730    0.0990    0.2015    0.1129    0.3735
 000104   A  0.355296  0.370440  0.321912    0.1566    0.1137    0.2910    0.1200    0.2146    0.1118    0.3720
 000105   T  0.377460  0.378037  0.317516    0.1088    0.1349    0.2610    0.1150    0.2101    0.1199    0.3726
 000106   G  0.367058  0.376195  0.311402    0.0660    0.1229    0.2430    0.1080    0.1959    0.1288    0.3768
 000107   R  0.395958  0.358931  0.302397    0.1495    0.2002    0.2730    0.1110    0.2295    0.0991    0.3809
 000108   P  0.457018  0.353529  0.297130    0.1416    0.1251    0.2750    0.1150    0.2253    0.1257    0.3961
 000109   F  0.517513  0.346225  0.292858    0.1667    0.1424    0.2880    0.1230    0.2435    0.1330    0.4043
 000110   E  0.556109  0.325722  0.288565    0.1732    0.2258    0.2270    0.0850    0.2513    0.1336    0.4059
 000111   E  0.558903  0.308071  0.291288    0.2558    0.3249    0.1820    0.0590    0.2716    0.1261    0.4107
 000112   V  0.552219  0.280840  0.290759    0.2820    0.2609    0.1710    0.0550    0.2578    0.1268    0.4173
 000113   L  0.545755  0.257405  0.287243    0.3263    0.1914    0.1710    0.0680    0.2487    0.1324    0.4206
 000114   L  0.561034  0.241133  0.281191    0.2531    0.1881    0.1680    0.0660    0.2352    0.1387    0.4199
 000115   L  0.591190  0.239625  0.279859    0.1998    0.2224    0.1610    0.0610    0.2357    0.1502    0.4114
 000116   P  0.598283  0.244946  0.272897    0.1921    0.1852    0.1580    0.0600    0.2298    0.1562    0.3998
 000117   G  0.583470  0.245680  0.263352    0.1958    0.1184    0.1710    0.0670    0.2191    0.1573    0.3850
 000118   T  0.537561  0.255980  0.256547    0.1844    0.1323    0.1890    0.0720    0.2165    0.1385    0.3711
 000119   L  0.526250  0.274780  0.252737    0.0965    0.0888    0.1980    0.0670    0.1974    0.1523    0.3503
 000120   R  0.546617  0.294361  0.255709    0.1766    0.1759    0.1840    0.0710    0.2296    0.1373    0.3302
 000121   E  0.573237  0.294723  0.258553    0.1456    0.1731    0.1860    0.0830    0.2288    0.1504    0.3168
 000122   E  0.606338  0.308154  0.262902    0.1456    0.1942    0.1930    0.1030    0.2413    0.1591    0.3051
 000123   V  0.619982  0.312002  0.266471    0.2167    0.2292    0.1870    0.0980    0.2608    0.1528    0.2980
 000124   W  0.619721  0.316976  0.274971    0.3184    0.3117    0.1790    0.0790    0.2910    0.1429    0.2944
 000125   R  0.603782  0.327938  0.283303    0.3535    0.3599    0.1680    0.0660    0.3021    0.1391    0.2914
 000126   Q  0.594746  0.346503  0.287639    0.4379    0.4149    0.1890    0.0630    0.3305    0.1358    0.2966
 000127   A  0.627903  0.374935  0.290246    0.3630    0.3840    0.2140    0.0610    0.3274    0.1362    0.3056
 000128   Y  0.621035  0.389944  0.293447    0.3311    0.3149    0.2330    0.0660    0.3150    0.1333    0.3145
 000129   E  0.593619  0.417621  0.294959    0.3359    0.2258    0.2370    0.0720    0.3017    0.1353    0.3222
 000130   A  0.580357  0.445685  0.305784    0.3535    0.2817    0.2420    0.0780    0.3173    0.1252    0.3345
 000131   Q  0.604223  0.460647  0.311913    0.2865    0.2164    0.2480    0.0810    0.3027    0.1453    0.3481
 000132   D  0.641992  0.467392  0.316011    0.2483    0.2399    0.2760    0.0930    0.3122    0.1546    0.3623
 000133   P  0.677155  0.460715  0.317705    0.1732    0.2224    0.2840    0.1040    0.3029    0.1774    0.3791
 000134   A  0.715615  0.450507  0.323941    0.2748    0.3053    0.2860    0.1090    0.3388    0.1647    0.3896
 000135   G  0.752242  0.429703  0.330586    0.3630    0.4476    0.2380    0.0900    0.3718    0.1701    0.4017
 000136   M  0.781191  0.417653  0.339976    0.3717    0.3704    0.1990    0.0810    0.3566    0.1869    0.4175
 000137   A  0.830072  0.403014  0.341441    0.3939    0.3321    0.1830    0.0680    0.3571    0.2075    0.4225
 000138   Q  0.880778  0.384560  0.342929    0.3311    0.3566    0.1740    0.0580    0.3546    0.2277    0.4259
 000139   V  0.919003  0.362796  0.341250    0.3885    0.4119    0.1660    0.0490    0.3748    0.2389    0.4295
 000140   L  0.882215  0.371415  0.337616    0.3717    0.3182    0.1610    0.0400    0.3507    0.2312    0.4304
 000141   A  0.813034  0.368451  0.334975    0.3717    0.3426    0.1580    0.0330    0.3423    0.2070    0.4263
 000142   V  0.734715  0.338636  0.329824    0.2748    0.3053    0.1620    0.0360    0.3026    0.1868    0.4270
 000143   P  0.657591  0.341594  0.327987    0.2531    0.2292    0.1600    0.0400    0.2736    0.1684    0.4272
 000144   G  0.581970  0.362083  0.326217    0.1921    0.1275    0.1610    0.0360    0.2374    0.1644    0.4323
 000145   H  0.503494  0.371423  0.328336    0.1566    0.1449    0.1520    0.0340    0.2214    0.1463    0.4292
 000146   P  0.432745  0.366030  0.330531    0.0935    0.1554    0.1510    0.0410    0.1998    0.1383    0.4138
 000147   L  0.374178  0.356702  0.336591    0.1205    0.1914    0.1480    0.0430    0.1985    0.1181    0.3924
 000148   A  0.306821  0.362934  0.343817    0.1456    0.2292    0.1390    0.0300    0.1973    0.1064    0.3751
 000149   R  0.275524  0.361293  0.348443    0.1416    0.2258    0.1360    0.0260    0.1901    0.1066    0.3553
 000150   A  0.263005  0.370331  0.353837    0.1998    0.2129    0.1370    0.0220    0.1971    0.1023    0.3433
 000151   L  0.262250  0.363881  0.361446    0.2748    0.2645    0.1350    0.0270    0.2167    0.0975    0.3300
 000152   R  0.263384  0.342975  0.363963    0.2080    0.2884    0.1360    0.0340    0.2064    0.0987    0.3170
 000153   A  0.258918  0.321662  0.366868    0.2432    0.2884    0.1380    0.0390    0.2084    0.0940    0.3080
 000154   V  0.254453  0.356143  0.373801    0.2080    0.2645    0.1490    0.0490    0.2053    0.1002    0.2970
 000155   L  0.248788  0.409331  0.375514    0.1349    0.2328    0.1470    0.0570    0.1955    0.1214    0.2904
 000156   R  0.274503  0.425438  0.371096    0.1349    0.1528    0.1440    0.0670    0.1886    0.1310    0.2807
 000157   E  0.305442  0.444401  0.370411    0.0965    0.0765    0.1390    0.0680    0.1770    0.1546    0.2818
 000158   T  0.311754  0.444282  0.370103    0.0991    0.1048    0.1490    0.0750    0.1848    0.1488    0.2878
 000159   Q  0.302453  0.454224  0.368408    0.0701    0.1229    0.1460    0.0770    0.1826    0.1529    0.2938
 000160   D  0.301634  0.450889  0.370175    0.0567    0.1229    0.1340    0.0620    0.1777    0.1563    0.3027
 000161   L  0.295240  0.420309  0.361452    0.0701    0.0749    0.1330    0.0520    0.1656    0.1519    0.3028
 000162   A  0.295834  0.381336  0.355398    0.1150    0.0618    0.1280    0.0520    0.1636    0.1389    0.3027
 000163   R  0.311320  0.369452  0.350082    0.0607    0.0690    0.1190    0.0490    0.1549    0.1450    0.3044
 000164   V  0.317489  0.336488  0.350696    0.0395    0.0870    0.0980    0.0350    0.1464    0.1440    0.3092
 000165   E  0.292429  0.324213  0.344819    0.0660    0.0870    0.0800    0.0310    0.1416    0.1354    0.3196
 000166   A  0.261394  0.294252  0.337724    0.1178    0.1184    0.0850    0.0330    0.1462    0.1134    0.3249
 000167   L  0.265424  0.296044  0.330032    0.0744    0.1206    0.0950    0.0360    0.1419    0.1166    0.3315
 000168   L  0.304266  0.293349  0.326932    0.0542    0.0929    0.0950    0.0370    0.1400    0.1272    0.3299
 000169   A  0.324373  0.303100  0.325101    0.0514    0.0734    0.0990    0.0380    0.1418    0.1339    0.3225
 000170   K  0.319745  0.313708  0.322771    0.0405    0.0690    0.1090    0.0420    0.1420    0.1357    0.3148
 000171   R  0.319802  0.320914  0.321174    0.0316    0.0646    0.1240    0.0400    0.1435    0.1374    0.3075
 000172   F  0.286295  0.339996  0.319875    0.0526    0.0646    0.1310    0.0400    0.1458    0.1312    0.3045
 000173   F  0.262105  0.364141  0.318622    0.0660    0.0817    0.1320    0.0440    0.1510    0.1280    0.2978
 000174   E  0.237764  0.371447  0.316654    0.0363    0.0888    0.1270    0.0340    0.1436    0.1326    0.2868
 000175   D  0.273149  0.379763  0.315389    0.0621    0.1611    0.1510    0.0330    0.1712    0.1205    0.2730
 000176   V  0.311645  0.407791  0.311314    0.0607    0.1275    0.1700    0.0520    0.1796    0.1315    0.2578
 000177   A  0.266738  0.407412  0.301680    0.0965    0.0948    0.2090    0.0730    0.1791    0.1222    0.2467
 000178   K  0.222620  0.421799  0.294148    0.1240    0.1476    0.2550    0.0700    0.1952    0.1102    0.2363
 000179   A  0.220115  0.439185  0.291451    0.1178    0.2258    0.3030    0.0730    0.2176    0.1094    0.2281
 000180   A  0.243303  0.455105  0.289521    0.1380    0.1731    0.3570    0.0920    0.2277    0.1180    0.2232
 000181   K  0.285164  0.464851  0.285416    0.1495    0.1115    0.3550    0.0840    0.2277    0.1283    0.2204
 000182   G  0.313938  0.477291  0.278004    0.0991    0.0985    0.3500    0.0910    0.2232    0.1431    0.2172
 000183   L  0.355799  0.474305  0.269301    0.1150    0.1162    0.3160    0.0830    0.2295    0.1359    0.2126
 000184   D  0.338684  0.450806  0.258956    0.1667    0.2193    0.2230    0.0720    0.2331    0.1032    0.2098
 000185   Q  0.322748  0.417308  0.246612    0.0965    0.1449    0.1730    0.0550    0.1925    0.1171    0.2097
 000186   P  0.376392  0.391247  0.237718    0.1041    0.1476    0.1460    0.0370    0.1942    0.1201    0.2087
 000187   A  0.431240  0.353280  0.232490    0.0991    0.1791    0.1070    0.0290    0.1950    0.1287    0.2006
 000188   L  0.448324  0.312846  0.227608    0.1266    0.2164    0.0770    0.0200    0.1968    0.1274    0.1918
 000189   R  0.431798  0.276944  0.223937    0.1060    0.2328    0.0690    0.0210    0.1860    0.1242    0.1826
 000190   D  0.423449  0.260898  0.219265    0.1380    0.1823    0.0750    0.0230    0.1799    0.1157    0.1756
 000191   Y  0.411894  0.248324  0.211491    0.1667    0.2034    0.1070    0.0330    0.1896    0.1007    0.1679
 000192   L  0.397244  0.247956  0.204468    0.1088    0.2129    0.1110    0.0310    0.1797    0.1028    0.1579
 000193   A  0.369390  0.256202  0.196277    0.1060    0.1852    0.1020    0.0260    0.1697    0.0975    0.1499
 000194   L  0.324120  0.256925  0.192779    0.1766    0.1583    0.0970    0.0280    0.1689    0.0793    0.1417
 000195   E  0.286393  0.277561  0.182118    0.1416    0.1501    0.1040    0.0320    0.1599    0.0752    0.1337
 000196   V  0.268925  0.281603  0.172972    0.0813    0.0909    0.1250    0.0490    0.1414    0.0850    0.1254
 000197   D  0.282568  0.302636  0.169781    0.0607    0.0749    0.1160    0.0390    0.1394    0.0991    0.1201
 000198   A  0.307420  0.306611  0.164440    0.0405    0.0888    0.0960    0.0270    0.1399    0.1087    0.1194
 000199   E  0.331731  0.294578  0.160914    0.0813    0.1424    0.0800    0.0220    0.1549    0.1017    0.1198
 000200   N  0.380113  0.284145  0.159888    0.0832    0.1449    0.0760    0.0170    0.1614    0.1130    0.1200
 000201   L  0.425747  0.283472  0.160204    0.0789    0.0835    0.0760    0.0160    0.1579    0.1329    0.1188
 000202   R  0.450032  0.282287  0.162173    0.1266    0.1184    0.0820    0.0170    0.1766    0.1297    0.1197
 000203   T  0.449521  0.279761  0.161341    0.1150    0.2094    0.0970    0.0310    0.1918    0.1226    0.1226
 000204   A  0.425222  0.291098  0.159435    0.1150    0.2470    0.1030    0.0310    0.1968    0.1159    0.1268
 000205   F  0.388369  0.300734  0.155604    0.2122    0.2988    0.1280    0.0450    0.2214    0.0942    0.1330
 000206   K  0.341305  0.316052  0.151843    0.1998    0.1791    0.1430    0.0440    0.1965    0.0821    0.1407
 000207   L  0.285207  0.323250  0.150003    0.2432    0.1449    0.1820    0.0630    0.1965    0.0721    0.1532
 000208   Q  0.221507  0.346904  0.148925    0.1456    0.0870    0.1600    0.0570    0.1602    0.0859    0.1670
 000209   G  0.150027  0.342864  0.146172    0.1041    0.1028    0.1470    0.0580    0.1411    0.0853    0.1812
 000210   S  0.071236  0.330617  0.138612    0.0554    0.0948    0.1230    0.0400    0.1125    0.0945    0.1941
 000211   G  0.026989  0.319702  0.133645    0.0514    0.0870    0.1160    0.0360    0.1002    0.0979    0.2087
 000212   L  0.007104  0.290883  0.128191    0.0935    0.1349    0.0940    0.0250    0.1035    0.0877    0.2254
 000213   A  0.009089  0.277798  0.125850    0.0935    0.0719    0.0860    0.0250    0.0896    0.0852    0.2381
 000214   P  0.012603  0.274369  0.125146    0.0909    0.0433    0.0840    0.0280    0.0842    0.0863    0.2518
 000215   D  0.030755  0.266724  0.125997    0.0607    0.0555    0.0930    0.0420    0.0845    0.0809    0.2556
 000216   A  0.045556  0.237785  0.125908    0.0677    0.1092    0.0990    0.0450    0.0932    0.0648    0.2582
 000217   F  0.059385  0.213263  0.124101    0.0744    0.0719    0.1000    0.0430    0.0865    0.0559    0.2572
 000218   F  0.107537  0.197323  0.124021    0.1292    0.1162    0.0900    0.0300    0.1067    0.0395    0.2473
 000219   L  0.155759  0.180842  0.124772    0.0723    0.0543    0.0730    0.0240    0.0893    0.0514    0.2283
 000220   K  0.204083  0.184231  0.124119    0.0701    0.0454    0.0620    0.0200    0.0943    0.0646    0.2056
 000221   G  0.235555  0.188519  0.126324    0.0387    0.0433    0.0530    0.0140    0.0932    0.0791    0.1864
 000222   G  0.257301  0.189267  0.129514    0.0297    0.0258    0.0470    0.0110    0.0914    0.0901    0.1677
 000223   R  0.283200  0.184259  0.133575    0.0526    0.0356    0.0440    0.0100    0.0999    0.0925    0.1512
 000224   F  0.299109  0.181317  0.142426    0.0395    0.0463    0.0470    0.0090    0.1023    0.0972    0.1432
 000225   V  0.327938  0.174820  0.149558    0.0226    0.0372    0.0500    0.0100    0.1021    0.1094    0.1340
 000226   D  0.358028  0.181890  0.156315    0.0245    0.0372    0.0490    0.0080    0.1084    0.1195    0.1277
 000227   R  0.327018  0.195545  0.164162    0.0308    0.0258    0.0550    0.0100    0.1056    0.1119    0.1210
 000228   V  0.295126  0.190863  0.169876    0.0621    0.0424    0.0590    0.0120    0.1082    0.0953    0.1174
 000229   R  0.260847  0.186691  0.173917    0.0660    0.0568    0.0580    0.0110    0.1047    0.0836    0.1178
 000230   F  0.238905  0.183432  0.180250    0.0935    0.0555    0.0620    0.0130    0.1055    0.0753    0.1232
 000231   A  0.224276  0.191051  0.189736    0.0607    0.0592    0.0680    0.0180    0.1006    0.0772    0.1329
 000232   R  0.206674  0.199234  0.194995    0.0336    0.0631    0.0810    0.0270    0.0973    0.0790    0.1441
 000233   L  0.189457  0.207339  0.194630    0.0336    0.0364    0.0930    0.0330    0.0933    0.0809    0.1582
 000234   M  0.176395  0.231896  0.198144    0.0376    0.0380    0.1060    0.0310    0.0984    0.0829    0.1718
 000235   E  0.149381  0.231227  0.199101    0.0395    0.0765    0.1190    0.0300    0.1027    0.0741    0.1736
 000236   G  0.160168  0.248085  0.204863    0.0643    0.1229    0.1280    0.0340    0.1205    0.0685    0.1766
 000237   D  0.208063  0.256801  0.214084    0.0621    0.1399    0.1250    0.0330    0.1320    0.0743    0.1835
 000238   Y  0.250520  0.261238  0.219928    0.0621    0.0734    0.1310    0.0450    0.1297    0.0893    0.1974
 000239   A  0.312332  0.273180  0.229255    0.1292    0.1115    0.1250    0.0430    0.1585    0.0876    0.2070
 000240   V  0.380276  0.292655  0.242443    0.0677    0.1137    0.1330    0.0520    0.1646    0.1169    0.2128
 000241   L  0.441854  0.315389  0.254231    0.1266    0.1323    0.1420    0.0610    0.1931    0.1233    0.2151
 000242   D  0.459962  0.333920  0.261044    0.1532    0.1554    0.1470    0.0600    0.2083    0.1234    0.2124
 000243   E  0.455976  0.349647  0.268702    0.0991    0.1583    0.1640    0.0690    0.2044    0.1313    0.2104
 000244   L  0.465260  0.372564  0.279973    0.1566    0.1702    0.1860    0.0850    0.2250    0.1236    0.2081
 000245   S  0.479847  0.401862  0.294753    0.1921    0.1942    0.1600    0.0700    0.2380    0.1283    0.2035
 000246   G  0.458208  0.419409  0.309961    0.1292    0.1942    0.1610    0.0700    0.2270    0.1369    0.2016
 000247   T  0.440834  0.450883  0.327062    0.1266    0.1251    0.1590    0.0650    0.2171    0.1510    0.2002
 000248   P  0.449828  0.474307  0.343953    0.1292    0.1184    0.1360    0.0490    0.2180    0.1632    0.1955
 000249   F  0.437627  0.462314  0.359757    0.1349    0.1554    0.1390    0.0470    0.2216    0.1541    0.1806
 000250   S  0.391177  0.454913  0.374384    0.1532    0.1184    0.1440    0.0460    0.2103    0.1503    0.1700
 000251   G  0.385643  0.458647  0.387603    0.1844    0.1791    0.1710    0.0540    0.2298    0.1352    0.1609
 000252   L  0.387432  0.437126  0.397454    0.1878    0.2503    0.1930    0.0490    0.2427    0.1213    0.1529
 000253   S  0.380622  0.415673  0.406726    0.1998    0.2399    0.2310    0.0540    0.2445    0.1128    0.1449
 000254   G  0.355737  0.404633  0.408656    0.1958    0.1554    0.2780    0.0840    0.2315    0.1197    0.1346
 000255   V  0.324761  0.406370  0.410564    0.2786    0.2224    0.3170    0.1010    0.2582    0.0955    0.1250
 000256   R  0.303113  0.402412  0.413669    0.1878    0.1643    0.3420    0.1140    0.2333    0.1188    0.1166
 000257   D  0.274144  0.414831  0.419955    0.1844    0.1137    0.3590    0.1320    0.2244    0.1348    0.1150
 000258   L  0.291749  0.420989  0.429744    0.1292    0.0646    0.3600    0.1410    0.2111    0.1574    0.1121
 000259   K  0.353355  0.404749  0.438865    0.0701    0.0306    0.3490    0.1530    0.2013    0.1775    0.1106
 000260   A  0.434095  0.353048  0.440205    0.0884    0.0631    0.3950    0.1800    0.2223    0.1745    0.1126
 000261   L  0.516673  0.330215  0.443011    0.0514    0.0676    0.3930    0.1750    0.2265    0.1939    0.1140
 000262   E  0.608231  0.294974  0.438499    0.0514    0.0555    0.3320    0.1550    0.2237    0.2117    0.1135
 000263   R  0.698109  0.256840  0.436778    0.0909    0.0929    0.3050    0.1230    0.2406    0.2223    0.1136
 000264   G  0.783096  0.249381  0.442352    0.0701    0.0909    0.2520    0.0960    0.2410    0.2538    0.1171
 000265   L  0.874433  0.201956  0.443838    0.0677    0.0909    0.2000    0.0690    0.2391    0.2886    0.1219
 000266   R  0.920945  0.188285  0.451200    0.1018    0.0909    0.1480    0.0430    0.2416    0.3053    0.1258
 000267   C  0.929111  0.186588  0.454683    0.1041    0.0985    0.1370    0.0600    0.2426    0.3084    0.1314
 000268   V  0.937047  0.188661  0.451785    0.0607    0.0985    0.1760    0.1400    0.2435    0.3126    0.1261
 000269   L  0.894854  0.238804  0.448591    0.1018    0.1881    0.2080    0.1760    0.2719    0.2770    0.1241
 000270   L  0.792423  0.281411  0.444777    0.1041    0.1229    0.1680    0.1130    0.2448    0.2523    0.1219
 000271   K  0.687224  0.342506  0.440955    0.1495    0.1449    0.1570    0.0810    0.2469    0.2116    0.1197
 000272   E  0.586210  0.373350  0.434444    0.1349    0.1583    0.1820    0.0980    0.2392    0.1813    0.1175
 000273   A  0.490115  0.419862  0.431162    0.1292    0.1501    0.1770    0.0650    0.2277    0.1661    0.1172
 000274   K  0.382703  0.454255  0.426419    0.0813    0.0967    0.2010    0.0560    0.2026    0.1692    0.1170
 000275   K  0.284562  0.462301  0.417380    0.0813    0.0646    0.2530    0.0710    0.1910    0.1661    0.1171
 000276   G  0.190464  0.463274  0.405715    0.0771    0.0646    0.2850    0.0920    0.1801    0.1664    0.1176
 000277   V  0.091601  0.460038  0.392569    0.0490    0.0555    0.2800    0.0750    0.1560    0.1777    0.1208
 000278   Q  0.024349  0.425251  0.379146    0.0414    0.0494    0.2750    0.0690    0.1359    0.1785    0.1252
 000279   D  0.020778  0.393641  0.367130    0.0502    0.0494    0.2710    0.0940    0.1308    0.1682    0.1397
 000280   P  0.033602  0.331559  0.353688    0.0464    0.0817    0.2470    0.1070    0.1233    0.1457    0.1517
 000281   L  0.029816  0.263607  0.338373    0.0464    0.1399    0.2330    0.1130    0.1187    0.1264    0.1614
 000282   G  0.073391  0.213525  0.327102    0.0478    0.1373    0.2140    0.1100    0.1144    0.1093    0.1679
 000283   V  0.113855  0.187103  0.320570    0.0464    0.1373    0.2020    0.1160    0.1144    0.1005    0.1727
 000284   G  0.155651  0.161339  0.315009    0.0567    0.0929    0.1730    0.1090    0.1066    0.0965    0.1753
 000285   L  0.210945  0.147286  0.315902    0.0607    0.1007    0.1570    0.1000    0.1128    0.0974    0.1832
 000286   V  0.257429  0.137749  0.310775    0.0327    0.0835    0.1470    0.0960    0.1098    0.1088    0.1820
 000287   L  0.298499  0.136129  0.302912    0.0336    0.0543    0.1500    0.0880    0.1121    0.1174    0.1799
 000288   A  0.335332  0.152286  0.295674    0.0425    0.0817    0.1660    0.0920    0.1296    0.1166    0.1705
 000289   Y  0.349142  0.178265  0.284951    0.0268    0.0454    0.2020    0.1050    0.1336    0.1260    0.1566
 000290   V  0.383376  0.188627  0.273376    0.0245    0.0414    0.2270    0.0960    0.1442    0.1339    0.1391
 000291   K  0.400741  0.212914  0.272499    0.0090    0.0205    0.2370    0.0840    0.1466    0.1459    0.1235
 000292   E  0.463777  0.241239  0.269133    0.0167    0.0205    0.2500    0.0840    0.1653    0.1611    0.1130
 000293   R  0.526975  0.258111  0.270133    0.0086    0.0171    0.2820    0.0950    0.1821    0.1824    0.1078
 000294   E  0.574270  0.260012  0.272948    0.0083    0.0244    0.2850    0.0950    0.1919    0.1948    0.1038
 000295   W  0.619882  0.251124  0.275667    0.0069    0.0235    0.3110    0.1010    0.2021    0.2098    0.1008
 000296   E  0.676202  0.245616  0.283310    0.0116    0.0320    0.2760    0.0720    0.2068    0.2240    0.0901
 000297   A  0.732467  0.227151  0.287667    0.0160    0.0287    0.2470    0.0480    0.2085    0.2422    0.0854
 000298   V  0.735921  0.211264  0.289233    0.0268    0.0240    0.2090    0.0430    0.2012    0.2435    0.0825
 000299   R  0.804219  0.200746  0.291645    0.0182    0.0287    0.1760    0.0610    0.2046    0.2688    0.0838
 000300   L  0.800330  0.186689  0.293990    0.0157    0.0281    0.1770    0.0780    0.2012    0.2686    0.0879
 000301   R  0.776108  0.182487  0.303205    0.0297    0.0543    0.1920    0.1100    0.2058    0.2548    0.0939
 000302   L  0.709079  0.164171  0.306059    0.0137    0.0518    0.2210    0.1500    0.1934    0.2354    0.1036
 000303   L  0.644431  0.150298  0.313759    0.0157    0.0389    0.2110    0.1320    0.1768    0.2177    0.1093
 000304   A  0.578746  0.163678  0.322966    0.0131    0.0414    0.2330    0.1340    0.1716    0.1977    0.1101
 000305   R  0.504318  0.171779  0.331257    0.0102    0.0248    0.2450    0.0960    0.1594    0.1809    0.1074
 000306   R  0.471004  0.176606  0.340646    0.0245    0.0483    0.3000    0.1070    0.1700    0.1696    0.1062
 000307   A  0.484067  0.177854  0.347516    0.0128    0.0473    0.3180    0.1000    0.1733    0.1777    0.1116
 000308   Y  0.419569  0.192467  0.358710    0.0160    0.0605    0.3430    0.1030    0.1719    0.1646    0.1126
 000309   F  0.411303  0.203134  0.362158    0.0279    0.0605    0.3570    0.0960    0.1766    0.1624    0.1078
 000310   G  0.419486  0.237419  0.365845    0.0304    0.0405    0.3410    0.0930    0.1781    0.1655    0.0985
 000311   L  0.478347  0.250734  0.371344    0.0327    0.0463    0.3610    0.0980    0.1948    0.1782    0.0867
 000312   P  0.530839  0.280838  0.379403    0.0218    0.0592    0.3640    0.1080    0.2094    0.1910    0.0783
 000313   R  0.579291  0.293603  0.387528    0.0252    0.0967    0.4180    0.1240    0.2355    0.2006    0.0687
 000314   A  0.630576  0.312913  0.393366    0.0526    0.1323    0.7720    0.0810    0.3167    0.2631    0.0637
 000315   Q  0.616561  0.356006  0.397445    0.0909    0.1349    0.7770    0.1070    0.3293    0.2528    0.0601
 000316   V  0.617742  0.418367  0.401782    0.1292    0.1184    0.7740    0.1310    0.3429    0.2471    0.0593
 000317   E  0.622174  0.492775  0.409245    0.1805    0.1007    0.7780    0.1730    0.3624    0.2453    0.0592
 000318   E  0.624261  0.561332  0.418988    0.2602    0.1007    0.7730    0.1190    0.3866    0.2363    0.0598
 000319   E  0.579036  0.632466  0.428535    0.3885    0.1501    0.7650    0.0840    0.4192    0.2098    0.0581
 000320   V  0.451735  0.627508  0.437985    0.5412    0.2680    0.8130    0.0790    0.4503    0.1847    0.0590
 000321   V  0.407698  0.630711  0.448223    0.5802    0.2364    0.8160    0.0920    0.4451    0.1979    0.0624
 000322   C  0.462854  0.649778  0.457398    0.7111    0.3426    0.7910    0.1030    0.4928    0.1759    0.0687
 000323   P  0.393196  0.701342  0.465912    0.7317    0.2541    0.8320    0.0410    0.4853    0.2197    0.0730
