#RESNUM RES     VL-XT     VSL2B       VL3  IUPred-S  IUPred-L  PONDRFIT  FITERROR       MDP  MDPERROR   ANCHOR2
 000001   M  0.357052  0.469729  0.121868    0.3535    0.0052    0.8340    0.0990    0.3365    0.2650    0.0249
 000002   A  0.318605  0.370983  0.121831    0.2041    0.0044    0.7700    0.0810    0.2780    0.2440    0.0288
 000003   R  0.302192  0.321233  0.121766    0.1635    0.0059    0.7080    0.0920    0.2502    0.2241    0.0327
 000004   L  0.196628  0.210040  0.122038    0.0607    0.0050    0.4750    0.1060    0.1579    0.1521    0.0382
 000005   W  0.199383  0.134996  0.124882    0.0464    0.0056    0.4220    0.0570    0.1347    0.1362    0.0432
 000006   A  0.169516  0.068728  0.126690    0.0141    0.0073    0.4670    0.0730    0.1211    0.1576    0.0467
 000007   L  0.145752  0.045897  0.127610    0.0078    0.0064    0.3740    0.0860    0.0967    0.1285    0.0545
 000008   L  0.125906  0.032802  0.127257    0.0061    0.0056    0.4350    0.1570    0.1010    0.1505    0.0638
 000009   V  0.117596  0.027306  0.128703    0.0012    0.0047    0.3790    0.1310    0.0883    0.1325    0.0731
 000010   A  0.105964  0.026449  0.129836    0.0005    0.0043    0.3600    0.1950    0.0829    0.1264    0.0787
 000011   W  0.092808  0.032609  0.130779    0.0002    0.0056    0.3030    0.1020    0.0724    0.1067    0.0836
 000012   G  0.081767  0.038701  0.130676    0.0002    0.0048    0.1930    0.0660    0.0531    0.0728    0.0855
 000013   L  0.072163  0.044835  0.130266    0.0003    0.0056    0.1770    0.0510    0.0500    0.0678    0.0837
 000014   G  0.063345  0.049747  0.131221    0.0002    0.0060    0.1360    0.0570    0.0426    0.0580    0.0848
 000015   L  0.055784  0.056206  0.134489    0.0004    0.0078    0.1460    0.0740    0.0444    0.0606    0.0855
 000016   A  0.045747  0.056894  0.138247    0.0007    0.0133    0.1410    0.0740    0.0430    0.0600    0.0833
 000017   Q  0.033616  0.069654  0.145984    0.0008    0.0184    0.1340    0.0660    0.0427    0.0607    0.0836
 000018   L  0.086601  0.082546  0.154540    0.0029    0.0334    0.1390    0.0590    0.0575    0.0594    0.0832
 000019   L  0.088213  0.111549  0.162947    0.0079    0.0327    0.1540    0.0670    0.0657    0.0636    0.0809
 000020   Y  0.117314  0.144882  0.173612    0.0137    0.0414    0.1540    0.0510    0.0785    0.0661    0.0780
 000021   L  0.118120  0.187890  0.184706    0.0090    0.0618    0.1620    0.0490    0.0898    0.0730    0.0812
 000022   P  0.120505  0.239301  0.197489    0.0160    0.0780    0.1760    0.0510    0.1050    0.0822    0.0875
 000023   L  0.121013  0.304175  0.211524    0.0200    0.0631    0.2410    0.0580    0.1249    0.1064    0.0948
 000024   D  0.119554  0.349048  0.225951    0.0252    0.0568    0.2690    0.0550    0.1366    0.1223    0.1061
 000025   D  0.118740  0.384053  0.236165    0.0200    0.0568    0.2950    0.0790    0.1458    0.1365    0.1138
 000026   R  0.117386  0.400056  0.247666    0.0252    0.0646    0.2290    0.0590    0.1394    0.1334    0.1159
 000027   P  0.051714  0.404754  0.259220    0.0336    0.0531    0.1300    0.0370    0.1121    0.1419    0.1231
 000028   P  0.041963  0.360081  0.267140    0.0194    0.0275    0.0970    0.0340    0.0910    0.1385    0.1268
 000029   N  0.016850  0.324350  0.273052    0.0268    0.0320    0.0750    0.0330    0.0791    0.1333    0.1278
 000030   L  0.031543  0.269078  0.281018    0.0297    0.0704    0.0660    0.0320    0.0777    0.1173    0.1302
 000031   A  0.038802  0.216797  0.288058    0.0327    0.1583    0.0520    0.0190    0.0831    0.1088    0.1367
 000032   P  0.044453  0.169001  0.295912    0.0771    0.2328    0.0470    0.0130    0.0951    0.1080    0.1415
 000033   C  0.050814  0.144282  0.301109    0.0789    0.2193    0.0520    0.0150    0.0909    0.1055    0.1392
 000034   A  0.053430  0.108556  0.303361    0.1416    0.2817    0.0620    0.0230    0.1080    0.1115    0.1389
 000035   W  0.056586  0.115156  0.304660    0.1416    0.1671    0.0680    0.0250    0.0914    0.0966    0.1369
 000036   G  0.075262  0.141523  0.304773    0.1150    0.1449    0.0710    0.0260    0.0912    0.0933    0.1302
 000037   V  0.101247  0.150116  0.305420    0.0744    0.1501    0.0750    0.0230    0.0919    0.0940    0.1258
 000038   V  0.128513  0.166746  0.304926    0.0587    0.1501    0.0870    0.0220    0.0985    0.0936    0.1206
 000039   L  0.135774  0.184730  0.305460    0.0514    0.1399    0.1010    0.0270    0.1021    0.0942    0.1186
 000040   C  0.158354  0.216173  0.304623    0.0607    0.1298    0.1220    0.0380    0.1146    0.0927    0.1203
 000041   P  0.212255  0.269109  0.307018    0.1150    0.1731    0.1240    0.0480    0.1489    0.0874    0.1222
 000042   P  0.291576  0.339766  0.308995    0.1380    0.2129    0.1330    0.0560    0.1858    0.0965    0.1203
 000043   R  0.371315  0.381421  0.311490    0.1018    0.1137    0.1570    0.0750    0.1875    0.1294    0.1187
 000044   E  0.441699  0.431753  0.316602    0.1766    0.1759    0.1550    0.0660    0.2302    0.1319    0.1234
 000045   A  0.498415  0.470776  0.322227    0.1292    0.1759    0.1820    0.0770    0.2427    0.1553    0.1273
 000046   Y  0.511114  0.507697  0.327478    0.2209    0.1914    0.2110    0.0780    0.2736    0.1458    0.1315
 000047   R  0.531781  0.538160  0.327472    0.1878    0.1791    0.2330    0.0770    0.2783    0.1604    0.1468
 000048   G  0.548770  0.564102  0.320746    0.1732    0.2129    0.2970    0.0620    0.2994    0.1613    0.1650
 000049   P  0.549983  0.568140  0.313271    0.2255    0.1823    0.3030    0.0530    0.3048    0.1586    0.1846
 000050   E  0.542672  0.560437  0.305725    0.2748    0.1823    0.2580    0.0430    0.3030    0.1533    0.2054
 000051   G  0.489882  0.514580  0.294646    0.2786    0.1643    0.2050    0.0330    0.2754    0.1419    0.2264
 000052   A  0.442253  0.482844  0.283983    0.1805    0.1184    0.1540    0.0200    0.2297    0.1487    0.2518
 000053   D  0.398552  0.445234  0.273411    0.1060    0.1070    0.1240    0.0150    0.1969    0.1471    0.2822
 000054   L  0.366863  0.389198  0.260311    0.0935    0.1323    0.1030    0.0140    0.1808    0.1294    0.3080
 000055   E  0.357109  0.336168  0.245930    0.0884    0.1229    0.0880    0.0150    0.1654    0.1198    0.3293
 000056   A  0.326691  0.285496  0.236686    0.1240    0.1399    0.0760    0.0120    0.1588    0.0989    0.3462
 000057   L  0.290308  0.231176  0.226105    0.1878    0.2328    0.0700    0.0090    0.1688    0.0776    0.3590
 000058   R  0.260981  0.200195  0.215846    0.1921    0.1611    0.0680    0.0090    0.1470    0.0697    0.3591
 000059   A  0.209712  0.162073  0.208588    0.1958    0.1137    0.0680    0.0110    0.1249    0.0632    0.3659
 000060   W  0.178502  0.162358  0.202283    0.1178    0.0780    0.0730    0.0140    0.1016    0.0597    0.3736
 000061   L  0.147267  0.179822  0.193317    0.0723    0.0704    0.0760    0.0170    0.0910    0.0613    0.3735
 000062   L  0.118732  0.190658  0.185831    0.0607    0.0405    0.0880    0.0210    0.0831    0.0655    0.3660
 000063   A  0.075726  0.202045  0.178344    0.0771    0.0555    0.1160    0.0330    0.0877    0.0624    0.3489
 000064   T  0.044072  0.220507  0.172286    0.0405    0.0414    0.1520    0.0490    0.0831    0.0782    0.3331
 000065   P  0.025717  0.225882  0.170175    0.0789    0.0433    0.1890    0.0670    0.0938    0.0814    0.3155
 000066   G  0.026181  0.263318  0.175116    0.0554    0.0327    0.2010    0.0640    0.0964    0.0963    0.2956
 000067   R  0.048799  0.275833  0.179566    0.0395    0.0223    0.1750    0.0450    0.0936    0.0977    0.2786
 000068   G  0.082716  0.281080  0.184852    0.0542    0.0398    0.1480    0.0410    0.1009    0.0894    0.2640
 000069   L  0.150409  0.288743  0.184639    0.0316    0.0433    0.1260    0.0400    0.1067    0.0923    0.2520
 000070   V  0.232357  0.297794  0.185733    0.0414    0.0313    0.1150    0.0370    0.1197    0.1022    0.2325
 000071   A  0.303256  0.300533  0.185592    0.0723    0.0405    0.1080    0.0300    0.1375    0.1087    0.2122
 000072   S  0.322794  0.290548  0.183846    0.0607    0.0765    0.0960    0.0200    0.1411    0.1079    0.1965
 000073   L  0.328732  0.275389  0.181136    0.0607    0.1275    0.1010    0.0180    0.1490    0.0999    0.1857
 000074   D  0.349403  0.249040  0.178759    0.0832    0.1424    0.1040    0.0330    0.1547    0.0959    0.1792
 000075   A  0.353119  0.234706  0.175107    0.0789    0.1323    0.1030    0.0310    0.1503    0.0971    0.1659
 000076   L  0.345532  0.231302  0.171680    0.0643    0.0662    0.1150    0.0280    0.1370    0.1036    0.1594
 000077   A  0.376789  0.257425  0.165441    0.0660    0.0799    0.1160    0.0410    0.1493    0.1130    0.1549
 000078   Y  0.382036  0.259352  0.161164    0.0395    0.0483    0.1330    0.0520    0.1438    0.1228    0.1549
 000079   G  0.346562  0.274621  0.158838    0.0478    0.0398    0.1350    0.0510    0.1405    0.1151    0.1580
 000080   G  0.336928  0.275780  0.155157    0.0455    0.0851    0.1580    0.0510    0.1502    0.1048    0.1620
 000081   L  0.381060  0.277334  0.151757    0.0514    0.1349    0.1670    0.0400    0.1686    0.1096    0.1717
 000082   V  0.437791  0.281185  0.148906    0.0789    0.1702    0.1540    0.0290    0.1870    0.1199    0.1812
 000083   Q  0.470548  0.293015  0.144654    0.0858    0.1476    0.1540    0.0310    0.1918    0.1322    0.1921
 000084   S  0.506914  0.309564  0.142025    0.1532    0.1476    0.1750    0.0350    0.2153    0.1350    0.1995
 000085   R  0.539010  0.329949  0.141704    0.1088    0.1162    0.2190    0.0360    0.2188    0.1546    0.2048
 000086   H  0.536206  0.342351  0.140111    0.0744    0.1298    0.2760    0.0490    0.2265    0.1590    0.2186
 000087   L  0.508710  0.358115  0.138198    0.1041    0.1298    0.3170    0.0730    0.2364    0.1495    0.2237
 000088   P  0.505871  0.403257  0.136489    0.1205    0.1275    0.3270    0.0850    0.2473    0.1528    0.2249
 000089   L  0.499213  0.435606  0.135348    0.1205    0.2364    0.3430    0.0810    0.2724    0.1450    0.2174
 000090   A  0.439627  0.463231  0.134937    0.0965    0.1583    0.3280    0.0790    0.2476    0.1491    0.2098
 000091   P  0.377107  0.496794  0.134526    0.1117    0.0967    0.2930    0.0850    0.2293    0.1516    0.1993
 000092   E  0.322151  0.484051  0.135818    0.1178    0.1323    0.2520    0.0700    0.2180    0.1335    0.1817
 000093   D  0.283038  0.437532  0.138337    0.1117    0.1048    0.2040    0.0480    0.1902    0.1198    0.1670
 000094   A  0.241416  0.385758  0.139517    0.0858    0.0985    0.1500    0.0340    0.1603    0.1059    0.1533
 000095   L  0.182197  0.322211  0.141918    0.0455    0.0817    0.1230    0.0230    0.1257    0.0917    0.1449
 000096   A  0.145656  0.260929  0.145733    0.0478    0.0835    0.0890    0.0190    0.1045    0.0727    0.1396
 000097   R  0.109115  0.220038  0.141287    0.0387    0.0835    0.0700    0.0190    0.0869    0.0630    0.1320
 000098   L  0.056263  0.188367  0.136245    0.0621    0.1399    0.0730    0.0230    0.0866    0.0538    0.1283
 000099   A  0.053490  0.160824  0.130863    0.0526    0.1206    0.0780    0.0340    0.0776    0.0462    0.1281
 000100   P  0.059125  0.154392  0.132633    0.0991    0.1643    0.0790    0.0330    0.0926    0.0446    0.1303
 000101   L  0.057741  0.169922  0.132956    0.1266    0.1251    0.0810    0.0330    0.0935    0.0427    0.1277
 000102   L  0.053243  0.174225  0.134513    0.0858    0.0605    0.0780    0.0350    0.0753    0.0485    0.1279
 000103   A  0.043757  0.185806  0.132773    0.0441    0.0334    0.0750    0.0350    0.0637    0.0599    0.1294
 000104   W  0.038226  0.203934  0.130936    0.0218    0.0165    0.0750    0.0340    0.0593    0.0707    0.1292
 000105   K  0.027170  0.217782  0.130561    0.0157    0.0198    0.0780    0.0420    0.0598    0.0763    0.1260
 000106   A  0.016336  0.209890  0.129200    0.0157    0.0223    0.0830    0.0540    0.0578    0.0748    0.1191
 000107   R  0.013924  0.203712  0.125852    0.0226    0.0188    0.0710    0.0420    0.0551    0.0724    0.1132
 000108   G  0.011695  0.190071  0.126208    0.0128    0.0231    0.0660    0.0340    0.0506    0.0696    0.1095
 000109   G  0.004216  0.164592  0.129858    0.0144    0.0380    0.0710    0.0340    0.0488    0.0630    0.1074
 000110   G  0.005020  0.150333  0.137022    0.0259    0.0248    0.0760    0.0330    0.0469    0.0610    0.1032
 000111   A  0.015090  0.141320  0.142347    0.0200    0.0231    0.0790    0.0290    0.0465    0.0599    0.1004
 000112   L  0.056903  0.119063  0.146745    0.0182    0.0327    0.1040    0.0370    0.0551    0.0528    0.1003
 000113   Y  0.092895  0.115917  0.149254    0.0350    0.0568    0.1580    0.0680    0.0764    0.0514    0.1013
 000114   L  0.128663  0.110761  0.151784    0.0327    0.0662    0.2260    0.1000    0.0940    0.0667    0.1052
 000115   F  0.163671  0.092501  0.152075    0.0643    0.1184    0.2570    0.1200    0.1159    0.0666    0.1090
 000116   G  0.195846  0.075171  0.149525    0.0554    0.1275    0.1930    0.0940    0.1078    0.0590    0.1134
 000117   V  0.287503  0.086425  0.149055    0.0621    0.1449    0.1490    0.0510    0.1217    0.0756    0.1198
 000118   V  0.378634  0.108399  0.148826    0.0660    0.1643    0.1370    0.0310    0.1424    0.1027    0.1248
 000119   P  0.469577  0.135006  0.148856    0.0567    0.1028    0.1310    0.0290    0.1491    0.1378    0.1283
 000120   R  0.554302  0.182608  0.147997    0.0567    0.0985    0.1720    0.0400    0.1773    0.1652    0.1280
 000121   W  0.607766  0.244666  0.149779    0.0304    0.0646    0.2650    0.0530    0.2022    0.1921    0.1289
 000122   D  0.675430  0.311490  0.151215    0.0327    0.0463    0.2820    0.0460    0.2246    0.2191    0.1284
 000123   A  0.742958  0.375077  0.153301    0.0387    0.0835    0.3510    0.0730    0.2652    0.2396    0.1271
 000124   S  0.811703  0.429517  0.155420    0.0376    0.1184    0.3970    0.1050    0.2990    0.2617    0.1241
 000125   R  0.889057  0.461569  0.158128    0.0677    0.1184    0.3890    0.1270    0.3210    0.2825    0.1193
 000126   R  0.907798  0.448564  0.159645    0.1060    0.1823    0.3650    0.1270    0.3350    0.2734    0.1192
 000127   E  0.926075  0.444589  0.167662    0.0567    0.1791    0.2880    0.0940    0.3157    0.2880    0.1247
 000128   R  0.937635  0.425362  0.178536    0.0789    0.1501    0.2220    0.0700    0.3023    0.2926    0.1315
 000129   N  0.953131  0.397012  0.190005    0.1292    0.2002    0.1990    0.0830    0.3131    0.2862    0.1465
 000130   L  0.968232  0.341017  0.202607    0.0587    0.1759    0.1750    0.0710    0.2864    0.3031    0.1612
 000131   R  0.975084  0.299033  0.211524    0.0554    0.1184    0.1560    0.0570    0.2673    0.3121    0.1793
 000132   V  0.967021  0.250536  0.216179    0.1117    0.1881    0.1450    0.0570    0.2770    0.2981    0.2047
 000133   L  0.880425  0.212265  0.220217    0.0677    0.1759    0.1220    0.0440    0.2430    0.2762    0.2272
 000134   Q  0.787699  0.169327  0.221413    0.0789    0.1449    0.1120    0.0380    0.2154    0.2463    0.2480
 000135   A  0.678966  0.181218  0.225171    0.0832    0.0870    0.1010    0.0240    0.1886    0.2125    0.2697
 000136   L  0.570426  0.184392  0.228208    0.0607    0.0543    0.0920    0.0110    0.1602    0.1822    0.2924
 000137   A  0.467748  0.175460  0.231171    0.0414    0.0618    0.0870    0.0100    0.1389    0.1506    0.3086
 000138   S  0.357277  0.172224  0.237365    0.0259    0.0463    0.0860    0.0090    0.1146    0.1229    0.3155
 000139   W  0.247599  0.167231  0.242720    0.0274    0.0320    0.0950    0.0170    0.0949    0.0991    0.3207
 000140   R  0.138674  0.173117  0.247572    0.0231    0.0165    0.1140    0.0270    0.0776    0.0911    0.3113
 000141   G  0.044047  0.167609  0.249735    0.0297    0.0281    0.1350    0.0270    0.0674    0.0925    0.3073
 000142   L  0.040067  0.175908  0.258688    0.0160    0.0320    0.1590    0.0310    0.0705    0.0998    0.3030
 000143   R  0.040592  0.192421  0.268360    0.0297    0.0398    0.1770    0.0500    0.0799    0.1027    0.2952
 000144   G  0.059869  0.211209  0.280109    0.0587    0.0398    0.1950    0.0660    0.0941    0.1032    0.2954
 000145   V  0.082955  0.226881  0.297758    0.0464    0.0356    0.2090    0.0730    0.1002    0.1113    0.2973
 000146   Y  0.103099  0.270703  0.312720    0.0363    0.0473    0.2160    0.0730    0.1122    0.1198    0.2939
 000147   L  0.122314  0.289337  0.327109    0.0621    0.0780    0.2080    0.0600    0.1266    0.1153    0.2895
 000148   E  0.145440  0.322379  0.341629    0.0744    0.1137    0.2000    0.0490    0.1427    0.1160    0.2860
 000149   A  0.168857  0.352264  0.352431    0.0744    0.1137    0.1960    0.0550    0.1509    0.1230    0.2891
 000150   V  0.202388  0.353624  0.363845    0.1566    0.2193    0.1890    0.0600    0.1868    0.1012    0.2925
 000151   W  0.213074  0.341191  0.376908    0.1667    0.2193    0.1950    0.0690    0.1891    0.1003    0.3012
 000152   D  0.221024  0.382550  0.384758    0.1805    0.2328    0.2100    0.0720    0.2046    0.1048    0.3027
 000153   D  0.227340  0.399741  0.396945    0.2483    0.2849    0.2440    0.0810    0.2340    0.0974    0.3014
 000154   A  0.234427  0.426052  0.408198    0.2748    0.2884    0.3010    0.0850    0.2541    0.0979    0.2988
 000155   L  0.243448  0.461121  0.417982    0.2333    0.2541    0.3610    0.1050    0.2588    0.1137    0.2886
 000156   R  0.259624  0.497639  0.429147    0.2865    0.2364    0.3720    0.1200    0.2753    0.1185    0.2787
 000157   N  0.274347  0.555207  0.448650    0.3359    0.3249    0.4090    0.1340    0.3166    0.1192    0.2764
 000158   S  0.289083  0.591691  0.458671    0.3359    0.3182    0.4300    0.1200    0.3274    0.1285    0.2756
 000159   P  0.324850  0.622163  0.468126    0.3456    0.3356    0.4440    0.1130    0.3454    0.1303    0.2768
 000160   G  0.403206  0.638608  0.476675    0.2865    0.3356    0.4430    0.1130    0.3512    0.1378    0.2743
 000161   P  0.479795  0.651517  0.483584    0.3762    0.3948    0.3950    0.1170    0.3829    0.1238    0.2719
 000162   R  0.534311  0.642824  0.488875    0.4458    0.5382    0.3750    0.1230    0.4226    0.1166    0.2641
 000163   E  0.592812  0.637753  0.499885    0.4245    0.5211    0.3200    0.1020    0.4160    0.1341    0.2646
 000164   A  0.653407  0.623848  0.511265    0.4420    0.4725    0.3100    0.0950    0.4170    0.1430    0.2692
 000165   R  0.706530  0.619876  0.526718    0.4749    0.5211    0.2820    0.0730    0.4341    0.1579    0.2741
 000166   A  0.750822  0.597646  0.540327    0.5126    0.6482    0.2740    0.0690    0.4639    0.1724    0.2886
 000167   L  0.789393  0.574326  0.549636    0.5374    0.6136    0.2580    0.0500    0.4621    0.1814    0.3012
 000168   G  0.784188  0.565121  0.558945    0.5473    0.5951    0.2470    0.0530    0.4565    0.1830    0.3067
 000169   Y  0.763428  0.559972  0.563193    0.5126    0.6136    0.2890    0.0920    0.4564    0.1695    0.3118
 000170   P  0.726539  0.584800  0.568357    0.4879    0.4940    0.2950    0.1230    0.4314    0.1608    0.3131
 000171   A  0.683762  0.592694  0.569199    0.5084    0.4119    0.2880    0.1260    0.4141    0.1600    0.3124
 000172   R  0.659233  0.599105  0.567236    0.4203    0.2988    0.2920    0.1240    0.3782    0.1728    0.3170
 000173   P  0.588682  0.604276  0.565609    0.3630    0.2224    0.2590    0.1020    0.3395    0.1845    0.3329
 000174   G  0.519329  0.599774  0.561007    0.2865    0.2034    0.2870    0.1300    0.3159    0.1809    0.3462
 000175   A  0.457529  0.590710  0.561246    0.2483    0.2034    0.3000    0.1500    0.3000    0.1778    0.3560
 000176   D  0.403126  0.569187  0.554234    0.2531    0.1184    0.3390    0.1790    0.2804    0.1843    0.3658
 000177   E  0.356984  0.549244  0.549552    0.2483    0.1373    0.3000    0.1470    0.2653    0.1769    0.3717
 000178   A  0.298041  0.526593  0.547692    0.2333    0.2364    0.2310    0.0970    0.2543    0.1650    0.3785
 000179   G  0.249859  0.469927  0.541894    0.2209    0.2364    0.1980    0.0780    0.2293    0.1618    0.3876
 000180   Q  0.225709  0.434447  0.541700    0.3311    0.2436    0.1680    0.0740    0.2338    0.1576    0.3962
 000181   V  0.173864  0.413253  0.540343    0.3005    0.2094    0.1560    0.0730    0.2089    0.1653    0.4090
 000182   L  0.166794  0.421440  0.536336    0.2483    0.1759    0.1520    0.0730    0.1941    0.1706    0.4207
 000183   L  0.156263  0.423689  0.531092    0.2531    0.1528    0.1510    0.0790    0.1895    0.1730    0.4254
 000184   L  0.143744  0.397246  0.521857    0.1635    0.0888    0.1520    0.0910    0.1576    0.1803    0.4201
 000185   R  0.131957  0.404219  0.511775    0.1380    0.0592    0.1750    0.1050    0.1514    0.1841    0.4101
 000186   A  0.129326  0.403526  0.500555    0.1088    0.0398    0.1920    0.1080    0.1455    0.1860    0.4059
 000187   F  0.122215  0.376656  0.488396    0.0643    0.0398    0.2120    0.1210    0.1357    0.1838    0.4048
 000188   R  0.119688  0.364381  0.469791    0.0376    0.0398    0.2180    0.1200    0.1299    0.1803    0.3990
 000189   P  0.121388  0.359782  0.453106    0.0490    0.0518    0.2020    0.1030    0.1307    0.1705    0.3999
 000190   G  0.125618  0.332103  0.437427    0.0526    0.0414    0.2110    0.1160    0.1271    0.1624    0.3989
 000191   L  0.140215  0.302705  0.422656    0.0490    0.0231    0.2070    0.1090    0.1203    0.1566    0.3971
 000192   R  0.150060  0.261141  0.407880    0.0554    0.0334    0.1750    0.0830    0.1125    0.1439    0.3910
 000193   V  0.159876  0.242101  0.402561    0.0490    0.0443    0.1530    0.0770    0.1081    0.1396    0.3872
 000194   A  0.179408  0.225337  0.393372    0.0701    0.0734    0.1470    0.0750    0.1159    0.1277    0.3837
 000195   V  0.203247  0.228120  0.381679    0.0832    0.0799    0.1490    0.0840    0.1238    0.1210    0.3818
 000196   V  0.246604  0.251076  0.372359    0.0832    0.0888    0.1570    0.0820    0.1378    0.1193    0.3793
 000197   Y  0.290745  0.279902  0.363887    0.0587    0.1298    0.1870    0.0980    0.1577    0.1201    0.3729
 000198   E  0.332865  0.303087  0.357490    0.1088    0.1449    0.1930    0.0910    0.1804    0.1127    0.3615
 000199   D  0.391406  0.324824  0.354526    0.1292    0.1583    0.2120    0.0850    0.2026    0.1162    0.3550
 000200   E  0.438861  0.332240  0.353552    0.0643    0.1349    0.2480    0.0850    0.2030    0.1419    0.3375
 000201   A  0.501059  0.331750  0.353162    0.0677    0.0835    0.2990    0.0840    0.2138    0.1640    0.3195
 000202   L  0.553859  0.328735  0.358175    0.1150    0.1583    0.3080    0.0840    0.2439    0.1551    0.3055
 000203   R  0.596031  0.323668  0.366511    0.0744    0.1028    0.3030    0.0870    0.2334    0.1847    0.2943
 000204   A  0.646023  0.314710  0.367461    0.1292    0.1611    0.3240    0.0990    0.2624    0.1792    0.2865
 000205   R  0.675084  0.318504  0.369664    0.0909    0.1942    0.3090    0.1050    0.2647    0.1913    0.2868
 000206   V  0.706170  0.320656  0.362020    0.1495    0.2715    0.2880    0.0910    0.2893    0.1825    0.2902
 000207   T  0.730491  0.320555  0.355548    0.1998    0.2752    0.2760    0.0940    0.3004    0.1825    0.3043
 000208   P  0.731303  0.335013  0.349344    0.2820    0.3356    0.2670    0.0920    0.3251    0.1688    0.3095
 000209   Y  0.739867  0.342424  0.342145    0.1921    0.3215    0.2840    0.0860    0.3133    0.1822    0.3104
 000210   E  0.740566  0.353835  0.339415    0.1495    0.2470    0.3020    0.0820    0.2988    0.1936    0.3051
 000211   G  0.750694  0.370550  0.334880    0.1380    0.1611    0.3420    0.0870    0.2937    0.2084    0.2993
 000212   L  0.758344  0.382215  0.331440    0.1178    0.1611    0.3760    0.0900    0.2992    0.2147    0.2965
 000213   P  0.754733  0.372822  0.332254    0.1266    0.2399    0.3790    0.0900    0.3121    0.2017    0.2878
 000214   L  0.748178  0.362897  0.333939    0.1041    0.2129    0.4090    0.0920    0.3062    0.2079    0.2781
 000215   E  0.728231  0.361675  0.339150    0.1349    0.2436    0.4080    0.0810    0.3128    0.1920    0.2622
 000216   K  0.706137  0.342894  0.341900    0.1117    0.2129    0.4040    0.0630    0.2963    0.1936    0.2403
 000217   T  0.685951  0.316135  0.344195    0.1732    0.2129    0.4200    0.0570    0.3014    0.1771    0.2182
 000218   V  0.634659  0.306065  0.346796    0.1380    0.1702    0.3950    0.0510    0.2740    0.1734    0.1886
 000219   A  0.605150  0.289418  0.346927    0.0813    0.1007    0.3850    0.0490    0.2436    0.1872    0.1689
 000220   G  0.582321  0.266917  0.345721    0.1117    0.1914    0.3760    0.0520    0.2547    0.1607    0.1550
 000221   V  0.573372  0.258369  0.340973    0.0660    0.1162    0.3660    0.0500    0.2300    0.1777    0.1477
 000222   L  0.565763  0.263745  0.336346    0.0813    0.0967    0.3620    0.0500    0.2283    0.1750    0.1464
 000223   A  0.581026  0.249221  0.332573    0.0771    0.1671    0.3590    0.0460    0.2389    0.1692    0.1428
 000224   S  0.597472  0.259643  0.323932    0.0502    0.1399    0.3530    0.0360    0.2334    0.1817    0.1438
 000225   A  0.622828  0.252234  0.317703    0.0991    0.2399    0.3540    0.0420    0.2614    0.1680    0.1418
 000226   R  0.637585  0.248017  0.315494    0.0832    0.2399    0.3570    0.0510    0.2609    0.1762    0.1441
 000227   A  0.668527  0.253338  0.311195    0.1041    0.1643    0.3660    0.0650    0.2594    0.1891    0.1502
 000228   V  0.679746  0.271562  0.309872    0.1088    0.1070    0.3780    0.0860    0.2575    0.2002    0.1592
 000229   A  0.682964  0.277283  0.308793    0.1018    0.0985    0.3800    0.0990    0.2567    0.2037    0.1741
 000230   V  0.676477  0.281803  0.304279    0.0858    0.0690    0.3690    0.0940    0.2470    0.2087    0.1922
 000231   P  0.656863  0.293864  0.298564    0.0514    0.0454    0.3520    0.0850    0.2333    0.2121    0.2135
 000232   L  0.623256  0.295101  0.287379    0.0464    0.0389    0.3640    0.0850    0.2279    0.2047    0.2311
 000233   A  0.571117  0.284866  0.275586    0.0464    0.0646    0.3140    0.0580    0.2135    0.1812    0.2462
 000234   E  0.539431  0.268116  0.262647    0.0316    0.0780    0.2590    0.0670    0.1960    0.1696    0.2659
 000235   G  0.530120  0.257531  0.253220    0.0308    0.0765    0.2360    0.0830    0.1885    0.1660    0.2806
 000236   P  0.515681  0.236866  0.248823    0.0395    0.1007    0.1960    0.0860    0.1815    0.1561    0.3005
 000237   D  0.509153  0.217341  0.246246    0.0395    0.1251    0.1720    0.0940    0.1772    0.1518    0.3172
 000238   L  0.488264  0.201769  0.244961    0.0514    0.1476    0.1480    0.0840    0.1729    0.1423    0.3299
 000239   V  0.463199  0.177299  0.247579    0.0965    0.2064    0.1180    0.0550    0.1770    0.1276    0.3326
 000240   L  0.430007  0.183610  0.252476    0.1150    0.2064    0.1040    0.0410    0.1731    0.1167    0.3305
 000241   Y  0.376447  0.190169  0.256444    0.1698    0.2399    0.1130    0.0440    0.1816    0.0929    0.3160
 000242   V  0.346269  0.203838  0.260155    0.1205    0.1424    0.1100    0.0370    0.1539    0.0948    0.2955
 000243   Y  0.297977  0.230186  0.265476    0.1602    0.2258    0.1190    0.0400    0.1721    0.0751    0.2801
 000244   G  0.239615  0.264934  0.267543    0.1266    0.1881    0.1260    0.0400    0.1576    0.0744    0.2664
 000245   G  0.198834  0.318358  0.273426    0.1240    0.1162    0.1580    0.0540    0.1526    0.0879    0.2541
 000246   G  0.153113  0.361621  0.276818    0.0771    0.1184    0.1790    0.0710    0.1483    0.1072    0.2466
 000247   D  0.153421  0.387025  0.282671    0.0387    0.0605    0.1780    0.0610    0.1362    0.1301    0.2418
 000248   P  0.154064  0.406774  0.289756    0.0350    0.0414    0.1780    0.0590    0.1358    0.1404    0.2332
 000249   R  0.185447  0.421690  0.299374    0.0363    0.0555    0.1880    0.0760    0.1479    0.1426    0.2217
 000250   K  0.232341  0.414165  0.310763    0.0405    0.0835    0.1830    0.0800    0.1590    0.1378    0.2122
 000251   A  0.282129  0.398045  0.321713    0.0542    0.1373    0.1670    0.0740    0.1732    0.1291    0.2026
 000252   A  0.317679  0.386585  0.334866    0.0935    0.2436    0.1480    0.0680    0.1982    0.1183    0.2048
 000253   L  0.353450  0.358368  0.346427    0.1380    0.2399    0.1300    0.0610    0.2033    0.1141    0.2152
 000254   D  0.385675  0.332834  0.352588    0.2483    0.2918    0.1050    0.0370    0.2273    0.1092    0.2225
 000255   L  0.397669  0.315460  0.356563    0.1805    0.2129    0.0970    0.0310    0.2005    0.1210    0.2234
 000256   L  0.360126  0.305805  0.362564    0.1566    0.1823    0.0980    0.0290    0.1839    0.1197    0.2220
 000257   R  0.330423  0.285425  0.366447    0.0991    0.1969    0.1090    0.0370    0.1701    0.1205    0.2145
 000258   L  0.283004  0.268318  0.370647    0.0723    0.1206    0.1300    0.0500    0.1456    0.1230    0.2064
 000259   M  0.236070  0.262414  0.372717    0.0621    0.0799    0.1480    0.0600    0.1313    0.1252    0.2017
 000260   A  0.215708  0.265895  0.376453    0.0376    0.0817    0.1580    0.0650    0.1266    0.1296    0.1994
 000261   R  0.204192  0.301498  0.381380    0.0279    0.0518    0.1740    0.0670    0.1265    0.1409    0.2034
 000262   H  0.203326  0.295961  0.388710    0.0376    0.0704    0.1890    0.0770    0.1328    0.1374    0.2057
 000263   P  0.213500  0.310809  0.394933    0.0279    0.0835    0.1930    0.0700    0.1381    0.1412    0.1984
 000264   V  0.240932  0.313853  0.401979    0.0490    0.1298    0.1980    0.0700    0.1553    0.1336    0.1835
 000265   A  0.287555  0.326305  0.408576    0.0464    0.1298    0.1920    0.0690    0.1637    0.1399    0.1710
 000266   L  0.326004  0.334424  0.415254    0.0744    0.2193    0.1700    0.0610    0.1874    0.1334    0.1656
 000267   A  0.366444  0.326761  0.415121    0.1266    0.2951    0.1600    0.0640    0.2126    0.1256    0.1617
 000268   D  0.384539  0.335213  0.419945    0.1495    0.2094    0.1550    0.0700    0.2056    0.1294    0.1629
 000269   L  0.379241  0.350675  0.422810    0.2255    0.2364    0.1560    0.0760    0.2246    0.1183    0.1600
 000270   A  0.366582  0.366691  0.425331    0.1766    0.2470    0.1440    0.0650    0.2169    0.1265    0.1540
 000271   R  0.348101  0.382391  0.426371    0.1667    0.1914    0.1470    0.0580    0.2060    0.1324    0.1491
 000272   V  0.318835  0.416515  0.429404    0.1416    0.1251    0.1600    0.0630    0.1937    0.1469    0.1404
 000273   N  0.294031  0.440358  0.432784    0.0832    0.1298    0.1570    0.0560    0.1840    0.1600    0.1367
 000274   R  0.265578  0.451624  0.433776    0.0395    0.1070    0.1640    0.0650    0.1712    0.1722    0.1357
 000275   G  0.239750  0.456838  0.436727    0.0643    0.1206    0.1800    0.0790    0.1769    0.1662    0.1362
 000276   D  0.219578  0.453885  0.438815    0.0813    0.1424    0.1880    0.0850    0.1808    0.1602    0.1396
 000277   P  0.222213  0.432060  0.435169    0.0991    0.1424    0.1960    0.0820    0.1819    0.1511    0.1389
 000278   R  0.220502  0.415602  0.436719    0.1178    0.1048    0.2230    0.0760    0.1803    0.1495    0.1367
 000279   L  0.228587  0.391802  0.437822    0.0621    0.0765    0.2310    0.0720    0.1649    0.1595    0.1304
 000280   M  0.232887  0.349019  0.432384    0.0607    0.1251    0.2340    0.0720    0.1669    0.1446    0.1260
 000281   A  0.235342  0.332026  0.426572    0.0587    0.0948    0.2380    0.0830    0.1598    0.1455    0.1261
 000282   Y  0.242641  0.325996  0.420832    0.0567    0.0765    0.2780    0.1100    0.1633    0.1478    0.1258
 000283   L  0.249501  0.310934  0.414667    0.0542    0.0948    0.3030    0.1240    0.1687    0.1436    0.1243
 000284   E  0.256251  0.313000  0.409783    0.0414    0.0817    0.3360    0.1370    0.1714    0.1506    0.1180
 000285   G  0.262325  0.309609  0.410144    0.0316    0.0676    0.6230    0.0740    0.2157    0.2123    0.1088
 000286   M  0.262579  0.324897  0.414283    0.0441    0.0543    0.6490    0.1310    0.2224    0.2201    0.1026
 000287   G  0.264916  0.340149  0.416052    0.0567    0.0380    0.7060    0.0960    0.2344    0.2373    0.0948
 000288   L  0.282012  0.348602  0.419176    0.0621    0.0227    0.7440    0.0680    0.2433    0.2503    0.0886
 000289   Y  0.298721  0.412611  0.422598    0.0813    0.0168    0.7640    0.0820    0.2623    0.2564    0.0815
 000290   A  0.326992  0.475263  0.425048    0.1805    0.0231    0.7870    0.0470    0.2988    0.2505    0.0809
 000291   R  0.263883  0.546243  0.427061    0.2700    0.0244    0.8510    0.0500    0.3259    0.2683    0.0806
 000292   L  0.391160  0.647877  0.427251    0.3535    0.0235    0.8860    0.0400    0.3837    0.2753    0.0781
 000293   A  0.377422  0.664241  0.424980    0.4918    0.0389    0.8820    0.0400    0.4090    0.2689    0.0741
 000294   A  0.467181  0.717503  0.428427    0.6219    0.0676    0.9040    0.0230    0.4631    0.2715    0.0695
