#RESNUM RES     VL-XT     VSL2B       VL3  IUPred-S  IUPred-L  PONDRFIT  FITERROR       MDP  MDPERROR   ANCHOR2
 000001   M  0.879488  0.765945  0.404729    0.7111    0.0223    0.9410    0.0380    0.5533    0.3243    0.2289
 000002   R  0.506996  0.691482  0.401689    0.5900    0.0306    0.9030    0.0340    0.4537    0.2773    0.2132
 000003   T  0.423560  0.698164  0.398470    0.5084    0.0433    0.8600    0.0360    0.4223    0.2644    0.2012
 000004   L  0.497518  0.614522  0.395053    0.4600    0.0605    0.7630    0.0660    0.3993    0.2261    0.1929
 000005   G  0.402581  0.493865  0.391932    0.4149    0.1048    0.7810    0.1190    0.3662    0.2087    0.1848
 000006   E  0.341908  0.396685  0.387393    0.3668    0.1449    0.7730    0.1580    0.3371    0.1973    0.1799
 000007   I  0.340985  0.328357  0.385139    0.3578    0.0948    0.7110    0.1740    0.3054    0.1913    0.1644
 000008   L  0.333976  0.274971  0.377490    0.3184    0.1115    0.7090    0.1570    0.2914    0.1903    0.1553
 000009   S  0.322130  0.232840  0.369596    0.1878    0.1092    0.5920    0.1790    0.2406    0.1667    0.1450
 000010   I  0.334989  0.229987  0.362452    0.1495    0.1229    0.5480    0.1100    0.2309    0.1566    0.1332
 000011   L  0.343361  0.240832  0.354452    0.0965    0.0749    0.7210    0.0670    0.2462    0.2232    0.1258
 000012   A  0.364831  0.268498  0.346548    0.1088    0.0948    0.6050    0.0750    0.2404    0.1823    0.1195
 000013   R  0.373925  0.307220  0.339276    0.0621    0.0662    0.5940    0.0820    0.2340    0.1931    0.1164
 000014   H  0.383826  0.369048  0.332960    0.0587    0.0581    0.5420    0.1350    0.2353    0.1854    0.1141
 000015   K  0.385561  0.381932  0.325853    0.0660    0.1115    0.4480    0.1260    0.2322    0.1547    0.1068
 000016   P  0.355861  0.407548  0.319996    0.0621    0.0631    0.3090    0.0620    0.1996    0.1481    0.1021
 000017   E  0.342952  0.434416  0.306309    0.0677    0.0483    0.2550    0.0480    0.1914    0.1500    0.0930
 000018   L  0.328532  0.429787  0.299934    0.0660    0.0483    0.2120    0.0570    0.1808    0.1470    0.0839
 000019   R  0.310183  0.388478  0.289583    0.0991    0.0405    0.1540    0.0540    0.1655    0.1331    0.0751
 000020   A  0.289779  0.353140  0.283436    0.0542    0.0414    0.1080    0.0320    0.1410    0.1329    0.0692
 000021   R  0.269183  0.294569  0.271460    0.0526    0.0765    0.0840    0.0260    0.1294    0.1138    0.0652
 000022   F  0.250530  0.226951  0.258886    0.0965    0.0749    0.0740    0.0210    0.1204    0.0933    0.0634
 000023   G  0.230521  0.189486  0.246822    0.1178    0.0749    0.0560    0.0140    0.1114    0.0848    0.0608
 000024   V  0.208564  0.162336  0.235621    0.0723    0.0749    0.0520    0.0160    0.0949    0.0817    0.0577
 000025   R  0.200214  0.153539  0.227468    0.0587    0.0780    0.0550    0.0180    0.0909    0.0786    0.0549
 000026   E  0.191920  0.146228  0.220704    0.0526    0.0870    0.0520    0.0170    0.0882    0.0756    0.0554
 000027   L  0.180949  0.142218  0.213534    0.0455    0.0581    0.0580    0.0190    0.0807    0.0750    0.0553
 000028   A  0.180714  0.141227  0.205042    0.0455    0.0568    0.0600    0.0210    0.0807    0.0723    0.0573
 000029   I  0.211957  0.142295  0.198902    0.0643    0.1206    0.0630    0.0210    0.1004    0.0670    0.0609
 000030   F  0.229138  0.165074  0.193234    0.0677    0.0835    0.0760    0.0180    0.1035    0.0708    0.0687
 000031   G  0.251566  0.190514  0.187447    0.1060    0.1007    0.0880    0.0190    0.1228    0.0674    0.0753
 000032   S  0.291339  0.208995  0.180298    0.0643    0.1115    0.1130    0.0350    0.1315    0.0809    0.0825
 000033   Y  0.296342  0.251346  0.173174    0.1205    0.1424    0.1660    0.0620    0.1627    0.0683    0.0876
 000034   A  0.303141  0.305050  0.166452    0.1266    0.1476    0.1890    0.0720    0.1785    0.0769    0.0919
 000035   R  0.308450  0.350551  0.159221    0.1205    0.1275    0.2550    0.0820    0.1936    0.0935    0.0985
 000036   G  0.314090  0.408302  0.151944    0.1322    0.0817    0.2940    0.0910    0.2051    0.1186    0.1056
 000037   E  0.365701  0.462636  0.146625    0.0660    0.0483    0.3340    0.1110    0.2127    0.1599    0.1111
 000038   A  0.376788  0.442156  0.139129    0.0660    0.0704    0.3620    0.1230    0.2196    0.1565    0.1154
 000039   T  0.397020  0.419109  0.136713    0.0490    0.0483    0.3010    0.0770    0.2025    0.1561    0.1207
 000040   P  0.424956  0.387374  0.135262    0.0677    0.0967    0.2380    0.0850    0.2024    0.1407    0.1215
 000041   V  0.435946  0.312866  0.134816    0.0660    0.1702    0.1960    0.0650    0.1968    0.1240    0.1154
 000042   S  0.460536  0.254968  0.136315    0.0771    0.1969    0.1210    0.0290    0.1851    0.1285    0.1113
 000043   D  0.510351  0.231003  0.136093    0.0660    0.1251    0.0780    0.0160    0.1685    0.1540    0.1080
 000044   V  0.521324  0.202807  0.136212    0.1380    0.1969    0.0670    0.0130    0.1877    0.1479    0.1046
 000045   D  0.527173  0.167736  0.136503    0.0909    0.1298    0.0580    0.0090    0.1622    0.1586    0.1050
 000046   I  0.473030  0.143947  0.137627    0.1018    0.1476    0.0560    0.0110    0.1537    0.1382    0.1039
 000047   L  0.422270  0.122193  0.138523    0.0502    0.0835    0.0590    0.0120    0.1229    0.1296    0.1067
 000048   V  0.367009  0.107489  0.134879    0.0542    0.0494    0.0540    0.0110    0.1053    0.1138    0.1066
 000049   A  0.305072  0.094187  0.128664    0.0363    0.0646    0.0510    0.0090    0.0919    0.0934    0.1090
 000050   L  0.240402  0.088926  0.126479    0.0218    0.0341    0.0490    0.0070    0.0724    0.0774    0.1117
 000051   E  0.198057  0.086521  0.123204    0.0182    0.0263    0.0530    0.0110    0.0636    0.0655    0.1158
 000052   R  0.137652  0.087164  0.123255    0.0167    0.0433    0.0620    0.0210    0.0578    0.0473    0.1185
 000053   P  0.120952  0.091233  0.122613    0.0141    0.0248    0.0710    0.0280    0.0537    0.0472    0.1247
 000054   L  0.109850  0.099734  0.123371    0.0141    0.0148    0.0720    0.0320    0.0517    0.0483    0.1294
 000055   G  0.102032  0.104830  0.125054    0.0141    0.0235    0.0740    0.0350    0.0531    0.0467    0.1337
 000056   W  0.109034  0.105858  0.126891    0.0069    0.0188    0.0730    0.0330    0.0523    0.0505    0.1372
 000057   E  0.116552  0.109521  0.127399    0.0144    0.0198    0.0680    0.0270    0.0548    0.0502    0.1401
 000058   I  0.121878  0.107842  0.127608    0.0245    0.0194    0.0680    0.0270    0.0570    0.0490    0.1382
 000059   V  0.127378  0.098419  0.127213    0.0212    0.0294    0.0630    0.0190    0.0566    0.0479    0.1422
 000060   D  0.126767  0.094525  0.126512    0.0131    0.0205    0.0520    0.0110    0.0512    0.0511    0.1462
 000061   L  0.116660  0.095529  0.125611    0.0304    0.0424    0.0490    0.0100    0.0557    0.0429    0.1460
 000062   R  0.100062  0.096977  0.124721    0.0118    0.0248    0.0450    0.0090    0.0465    0.0469    0.1498
 000063   D  0.098375  0.096322  0.123647    0.0173    0.0275    0.0440    0.0090    0.0472    0.0450    0.1597
 000064   Y  0.088319  0.109648  0.127038    0.0081    0.0146    0.0460    0.0100    0.0444    0.0504    0.1656
 000065   L  0.080055  0.123136  0.133344    0.0173    0.0146    0.0490    0.0130    0.0474    0.0519    0.1732
 000066   E  0.082263  0.126063  0.139268    0.0090    0.0153    0.0530    0.0140    0.0477    0.0552    0.1841
 000067   A  0.073281  0.124870  0.146546    0.0109    0.0294    0.0620    0.0170    0.0502    0.0541    0.1963
 000068   L  0.068952  0.126926  0.150874    0.0094    0.0287    0.0710    0.0200    0.0508    0.0559    0.2126
 000069   L  0.066021  0.123830  0.155273    0.0212    0.0662    0.0790    0.0250    0.0594    0.0505    0.2329
 000070   G  0.063619  0.125570  0.164904    0.0350    0.0494    0.0980    0.0370    0.0619    0.0530    0.2543
 000071   L  0.064753  0.140638  0.175828    0.0405    0.0473    0.1240    0.0440    0.0696    0.0587    0.2744
 000072   P  0.050976  0.147871  0.185397    0.0376    0.0817    0.1400    0.0470    0.0764    0.0623    0.2984
 000073   V  0.074600  0.152947  0.196653    0.0425    0.0799    0.1840    0.0680    0.0890    0.0673    0.3109
 000074   D  0.089059  0.169429  0.211744    0.0387    0.0749    0.2520    0.1000    0.1041    0.0848    0.3114
 000075   L  0.108353  0.189081  0.228693    0.0607    0.0749    0.3550    0.1380    0.1314    0.1093    0.3087
 000076   L  0.153006  0.208738  0.230811    0.1150    0.1275    0.4840    0.1720    0.1813    0.1308    0.3010
 000077   T  0.201101  0.251479  0.233439    0.0607    0.1115    0.5860    0.1750    0.2018    0.1729    0.2882
 000078   G  0.279680  0.302112  0.235632    0.0771    0.1092    0.7280    0.1630    0.2493    0.2168    0.2667
 000079   T  0.382752  0.366046  0.239807    0.1292    0.1759    0.7340    0.1580    0.2980    0.2035    0.2446
 000080   P  0.481557  0.418244  0.246181    0.1805    0.2918    0.7150    0.1280    0.3478    0.1821    0.2216
 000081   W  0.586206  0.473063  0.252195    0.1805    0.2680    0.7280    0.0700    0.3726    0.2017    0.1931
 000082   S  0.663171  0.558184  0.258895    0.3263    0.3426    0.7820    0.1080    0.4454    0.1970    0.1658
 000083   K  0.749359  0.648084  0.265468    0.3359    0.2849    0.8230    0.0660    0.4736    0.2334    0.1386
 000084   R  0.820258  0.728700  0.272589    0.4556    0.3426    0.8620    0.0560    0.5349    0.2375    0.1197
 000085   S  0.883722  0.804231  0.280052    0.4967    0.3087    0.8200    0.0890    0.5522    0.2521    0.1118
 000086   L  0.931520  0.858957  0.287069    0.6219    0.4017    0.8320    0.0930    0.6077    0.2462    0.1057
 000087   S  0.989829  0.852259  0.294266    0.7388    0.5139    0.8720    0.0730    0.6612    0.2420    0.1009
 000088   R  0.990004  0.886858  0.304442    0.7724    0.4725    0.9060    0.0360    0.6712    0.2541    0.0960
 000089   A  0.993466  0.830375  0.316361    0.8118    0.4476    0.9280    0.0290    0.6685    0.2557    0.0951
 000090   G  0.915519  0.781764  0.331550    0.8457    0.4017    0.9150    0.0580    0.6433    0.2462    0.0936
