#RESNUM RES     VL-XT     VSL2B       VL3  IUPred-S  IUPred-L  PONDRFIT  FITERROR       MDP  MDPERROR   ANCHOR2
 000001   M  0.922529  0.883489  0.176001    0.6219    0.0070    0.9760    0.0140    0.5685    0.3792    0.0041
 000002   A  0.669586  0.828085  0.169656    0.4556    0.0048    0.9330    0.0210    0.4819    0.3378    0.0045
 000003   P  0.544240  0.752514  0.162943    0.2963    0.0042    0.9190    0.0360    0.4193    0.3238    0.0051
 000004   I  0.548584  0.632400  0.156923    0.1532    0.0052    0.8250    0.0680    0.3607    0.2987    0.0054
 000005   Q  0.422082  0.481675  0.151823    0.0660    0.0045    0.7650    0.1130    0.2899    0.2679    0.0063
 000006   E  0.321901  0.327773  0.147473    0.0490    0.0047    0.7700    0.1120    0.2456    0.2563    0.0069
 000007   Y  0.247911  0.209864  0.143518    0.0182    0.0039    0.5200    0.0720    0.1666    0.1743    0.0078
 000008   V  0.187733  0.129881  0.139670    0.0087    0.0029    0.5280    0.1290    0.1429    0.1772    0.0097
 000009   G  0.127574  0.075535  0.135985    0.0029    0.0024    0.3610    0.0770    0.0949    0.1232    0.0128
 000010   T  0.070261  0.052579  0.132437    0.0007    0.0030    0.2900    0.1000    0.0694    0.1017    0.0160
 000011   L  0.024731  0.039834  0.129395    0.0003    0.0027    0.5180    0.0950    0.0976    0.1847    0.0187
 000012   I  0.008105  0.030088  0.126512    0.0005    0.0029    0.4260    0.0860    0.0779    0.1540    0.0210
 000013   Y  0.004818  0.023855  0.124265    0.0004    0.0030    0.3290    0.0810    0.0602    0.1208    0.0232
 000014   V  0.004419  0.022352  0.121489    0.0003    0.0019    0.2730    0.1070    0.0504    0.1021    0.0245
 000015   G  0.002225  0.021205  0.118909    0.0005    0.0020    0.1880    0.0770    0.0357    0.0751    0.0268
 000016   V  0.001871  0.020797  0.116941    0.0003    0.0014    0.1540    0.0510    0.0297    0.0652    0.0263
 000017   A  0.001607  0.020411  0.112685    0.0002    0.0013    0.1290    0.0260    0.0255    0.0580    0.0260
 000018   L  0.000878  0.020583  0.110774    0.0002    0.0016    0.1030    0.0160    0.0211    0.0517    0.0264
 000019   F  0.000757  0.023155  0.109922    0.0004    0.0016    0.0990    0.0270    0.0208    0.0504    0.0245
 000020   I  0.001563  0.027960  0.112453    0.0003    0.0011    0.1030    0.0300    0.0224    0.0517    0.0203
 000021   G  0.002753  0.031540  0.115116    0.0002    0.0010    0.1000    0.0340    0.0225    0.0516    0.0174
 000022   V  0.004843  0.035648  0.115353    0.0002    0.0016    0.1020    0.0400    0.0241    0.0516    0.0152
 000023   A  0.008176  0.039967  0.118201    0.0004    0.0024    0.1170    0.0470    0.0280    0.0548    0.0142
 000024   A  0.009574  0.041680  0.122103    0.0008    0.0035    0.1700    0.0790    0.0376    0.0683    0.0134
 000025   L  0.012037  0.048520  0.128805    0.0026    0.0048    0.1730    0.0860    0.0402    0.0695    0.0130
 000026   L  0.115115  0.068076  0.137347    0.0026    0.0048    0.1660    0.0660    0.0595    0.0669    0.0125
 000027   V  0.217755  0.088628  0.140580    0.0067    0.0064    0.1620    0.0700    0.0803    0.0819    0.0120
 000028   G  0.319247  0.128221  0.144953    0.0084    0.0064    0.1520    0.0680    0.1023    0.1080    0.0121
 000029   A  0.426540  0.180184  0.149416    0.0194    0.0092    0.1520    0.0630    0.1311    0.1401    0.0119
 000030   L  0.522845  0.249155  0.154820    0.0308    0.0102    0.2140    0.0860    0.1711    0.1720    0.0126
 000031   L  0.534639  0.340275  0.162215    0.0660    0.0127    0.2690    0.0990    0.2037    0.1777    0.0140
 000032   G  0.564405  0.443968  0.170157    0.0395    0.0146    0.3090    0.1000    0.2286    0.2044    0.0153
 000033   P  0.620460  0.542983  0.177027    0.0502    0.0123    0.3600    0.1140    0.2643    0.2347    0.0170
 000034   K  0.687589  0.634066  0.180124    0.0813    0.0178    0.3880    0.1140    0.3014    0.2617    0.0173
 000035   K  0.646850  0.670569  0.182795    0.0567    0.0223    0.4170    0.1330    0.3023    0.2648    0.0177
 000036   P  0.628212  0.676370  0.185218    0.1088    0.0433    0.4920    0.1430    0.3247    0.2546    0.0177
 000037   G  0.623144  0.689149  0.188183    0.1732    0.0967    0.5110    0.1530    0.3489    0.2372    0.0174
 000038   R  0.620376  0.670717  0.190225    0.2432    0.1702    0.4810    0.1500    0.3643    0.2065    0.0175
 000039   A  0.615472  0.638321  0.192483    0.2558    0.1942    0.4080    0.1010    0.3519    0.1889    0.0171
 000040   K  0.682365  0.620146  0.193744    0.3096    0.1914    0.3640    0.0720    0.3613    0.1957    0.0178
 000041   L  0.729963  0.611574  0.194699    0.4203    0.2988    0.3500    0.1080    0.4018    0.1863    0.0173
 000042   M  0.772544  0.587100  0.194878    0.4703    0.4369    0.3440    0.1100    0.4352    0.1845    0.0175
 000043   P  0.786675  0.583375  0.195358    0.4749    0.3460    0.3620    0.1130    0.4255    0.1920    0.0193
 000044   Y  0.811161  0.604380  0.196765    0.4556    0.3215    0.4030    0.1000    0.4326    0.2009    0.0197
 000045   E  0.795910  0.629184  0.199402    0.3717    0.3215    0.4250    0.0870    0.4239    0.2017    0.0226
 000046   S  0.760989  0.644959  0.201716    0.3668    0.1759    0.4380    0.0540    0.3978    0.2173    0.0247
 000047   G  0.703666  0.681742  0.203438    0.3359    0.1759    0.4420    0.0650    0.3899    0.2121    0.0253
 000048   N  0.619737  0.691631  0.204736    0.2292    0.1092    0.4400    0.0820    0.3483    0.2206    0.0268
 000049   D  0.545800  0.689372  0.202779    0.2432    0.1048    0.4160    0.0900    0.3331    0.2066    0.0263
 000050   P  0.468492  0.676402  0.200377    0.1998    0.0568    0.4070    0.0910    0.3015    0.2082    0.0249
 000051   A  0.404451  0.669116  0.193972    0.1878    0.0258    0.3900    0.0960    0.2795    0.2081    0.0215
 000052   G  0.329012  0.611358  0.186821    0.1667    0.0306    0.3840    0.1200    0.2537    0.1882    0.0191
 000053   E  0.246336  0.551945  0.182067    0.1292    0.0275    0.3140    0.1210    0.2116    0.1679    0.0158
 000054   V  0.178466  0.474791  0.175295    0.0660    0.0184    0.2700    0.1110    0.1680    0.1514    0.0113
 000055   K  0.117305  0.378621  0.168751    0.0723    0.0244    0.2050    0.0820    0.1330    0.1173    0.0086
 000056   R  0.069303  0.272108  0.158806    0.0502    0.0120    0.1460    0.0510    0.0915    0.0900    0.0061
 000057   F  0.060628  0.194918  0.146498    0.0316    0.0072    0.1140    0.0340    0.0680    0.0701    0.0041
 000058   P  0.053845  0.133141  0.139144    0.0157    0.0050    0.0820    0.0350    0.0483    0.0571    0.0029
 000059   V  0.050411  0.087230  0.131502    0.0069    0.0035    0.0720    0.0370    0.0367    0.0499    0.0019
 000060   H  0.014330  0.058374  0.124364    0.0028    0.0022    0.0710    0.0460    0.0247    0.0488    0.0013
 000061   F  0.006031  0.038754  0.117738    0.0008    0.0021    0.0770    0.0580    0.0209    0.0481    0.0009
 000062   Y  0.002387  0.025100  0.110755    0.0005    0.0018    0.0820    0.0650    0.0186    0.0473    0.0007
 000063   V  0.001451  0.018840  0.104046    0.0006    0.0020    0.0750    0.0540    0.0164    0.0445    0.0005
 000064   V  0.000829  0.015070  0.098199    0.0003    0.0014    0.0640    0.0330    0.0135    0.0412    0.0004
 000065   A  0.000754  0.013565  0.096579    0.0005    0.0016    0.0490    0.0150    0.0109    0.0389    0.0004
 000066   M  0.000743  0.012322  0.095506    0.0003    0.0009    0.0450    0.0130    0.0099    0.0384    0.0004
 000067   L  0.000681  0.012455  0.095178    0.0002    0.0005    0.0440    0.0120    0.0097    0.0382    0.0003
 000068   F  0.000642  0.012434  0.095254    0.0002    0.0007    0.0440    0.0120    0.0097    0.0382    0.0003
 000069   I  0.000604  0.013754  0.095569    0.0001    0.0007    0.0420    0.0120    0.0095    0.0381    0.0003
 000070   L  0.000566  0.014481  0.095843    0.0001    0.0006    0.0410    0.0120    0.0094    0.0381    0.0003
 000071   F  0.000036  0.016714  0.097361    0.0001    0.0005    0.0420    0.0110    0.0099    0.0387    0.0003
 000072   D  0.000029  0.017776  0.098515    0.0001    0.0006    0.0400    0.0110    0.0098    0.0390    0.0004
 000073   V  0.000017  0.018186  0.100248    0.0001    0.0011    0.0380    0.0110    0.0096    0.0395    0.0004
 000074   E  0.000022  0.018012  0.101421    0.0001    0.0013    0.0370    0.0100    0.0094    0.0399    0.0004
 000075   V  0.000040  0.019753  0.100785    0.0001    0.0016    0.0370    0.0100    0.0098    0.0396    0.0003
 000076   A  0.000057  0.022154  0.099751    0.0001    0.0019    0.0410    0.0110    0.0109    0.0393    0.0003
 000077   F  0.000060  0.026805  0.099954    0.0002    0.0017    0.0500    0.0160    0.0132    0.0399    0.0003
 000078   L  0.000078  0.034695  0.100036    0.0002    0.0024    0.0550    0.0190    0.0153    0.0402    0.0003
 000079   W  0.000076  0.042800  0.100476    0.0002    0.0026    0.0720    0.0230    0.0196    0.0425    0.0003
 000080   P  0.000074  0.053049  0.101659    0.0003    0.0026    0.0680    0.0220    0.0206    0.0428    0.0003
 000081   Y  0.000071  0.065570  0.102462    0.0002    0.0036    0.0860    0.0280    0.0259    0.0463    0.0003
 000082   A  0.000068  0.076372  0.103363    0.0002    0.0036    0.0870    0.0250    0.0278    0.0477    0.0002
 000083   V  0.000064  0.097370  0.105315    0.0002    0.0025    0.0880    0.0220    0.0314    0.0514    0.0002
 000084   S  0.000062  0.115580  0.106333    0.0002    0.0033    0.0910    0.0220    0.0351    0.0551    0.0002
 000085   A  0.000045  0.137661  0.105906    0.0001    0.0023    0.1020    0.0250    0.0404    0.0609    0.0001
 000086   G  0.000057  0.155259  0.105409    0.0001    0.0022    0.1100    0.0310    0.0447    0.0659    0.0001
 000087   G  0.000042  0.166240  0.106325    0.0001    0.0022    0.1140    0.0330    0.0471    0.0691    0.0001
 000088   L  0.000076  0.154433  0.107394    0.0001    0.0022    0.1160    0.0320    0.0454    0.0667    0.0000
 000089   G  0.000098  0.147242  0.108423    0.0002    0.0032    0.0950    0.0270    0.0410    0.0627    0.0000
 000090   L  0.000106  0.122715  0.110170    0.0002    0.0032    0.0790    0.0220    0.0342    0.0561    0.0000
 000091   Y  0.000110  0.098317  0.112079    0.0001    0.0021    0.0700    0.0180    0.0285    0.0515    0.0000
 000092   G  0.000116  0.076697  0.113460    0.0001    0.0021    0.0620    0.0130    0.0235    0.0482    0.0000
 000093   F  0.000101  0.062495  0.113689    0.0001    0.0015    0.0570    0.0140    0.0202    0.0466    0.0000
 000094   L  0.000101  0.045950  0.113468    0.0001    0.0015    0.0540    0.0140    0.0169    0.0453    0.0000
 000095   G  0.000086  0.036554  0.113488    0.0001    0.0015    0.0520    0.0150    0.0151    0.0450    0.0000
 000096   V  0.000082  0.027949  0.113505    0.0001    0.0011    0.0560    0.0160    0.0143    0.0454    0.0000
 000097   L  0.000047  0.024378  0.114336    0.0001    0.0007    0.0620    0.0160    0.0145    0.0464    0.0000
 000098   A  0.000025  0.020969  0.113968    0.0001    0.0004    0.0640    0.0170    0.0142    0.0466    0.0000
 000099   F  0.000016  0.017852  0.113490    0.0001    0.0007    0.0670    0.0170    0.0142    0.0469    0.0000
 000100   T  0.000010  0.016926  0.113615    0.0001    0.0004    0.0630    0.0180    0.0134    0.0466    0.0000
 000101   L  0.000004  0.015866  0.113240    0.0001    0.0004    0.0630    0.0160    0.0133    0.0466    0.0000
 000102   L  0.006544  0.012767  0.112432    0.0001    0.0007    0.0610    0.0160    0.0135    0.0455    0.0000
 000103   L  0.008324  0.011058  0.112212    0.0001    0.0007    0.0600    0.0170    0.0134    0.0453    0.0000
 000104   F  0.009793  0.009929  0.111730    0.0001    0.0009    0.0640    0.0200    0.0142    0.0455    0.0000
 000105   V  0.011231  0.009917  0.112026    0.0001    0.0011    0.0800    0.0350    0.0170    0.0476    0.0000
 000106   G  0.014914  0.009623  0.112872    0.0001    0.0011    0.1080    0.0540    0.0223    0.0527    0.0000
 000107   F  0.020923  0.011076  0.113566    0.0001    0.0010    0.1890    0.1060    0.0370    0.0736    0.0000
 000108   L  0.024332  0.015272  0.113250    0.0001    0.0015    0.2880    0.1340    0.0549    0.1051    0.0000
 000109   Y  0.027267  0.017461  0.113228    0.0001    0.0017    0.3720    0.1250    0.0697    0.1336    0.0000
 000110   E  0.028614  0.022747  0.112891    0.0001    0.0022    0.3310    0.0840    0.0641    0.1187    0.0000
 000111   W  0.024017  0.039307  0.112819    0.0001    0.0016    0.4420    0.0480    0.0844    0.1571    0.0000
 000112   W  0.022929  0.058477  0.112613    0.0003    0.0019    0.4890    0.0860    0.0954    0.1730    0.0000
 000113   K  0.022780  0.089850  0.113346    0.0007    0.0023    0.4910    0.0730    0.1010    0.1722    0.0000
 000114   G  0.025333  0.151422  0.112546    0.0029    0.0026    0.4230    0.1130    0.1008    0.1478    0.0001
 000115   V  0.023003  0.241805  0.112266    0.0109    0.0037    0.4190    0.1920    0.1164    0.1526    0.0001
 000116   M  0.006235  0.313933  0.113478    0.0316    0.0042    0.5200    0.1040    0.1460    0.1924    0.0001
 000117   R  0.011890  0.434357  0.114851    0.0441    0.0032    0.6570    0.0820    0.1918    0.2487    0.0001
 000118   W  0.035922  0.497123  0.115217    0.1416    0.0049    0.7350    0.0770    0.2357    0.2689    0.0001
 000119   H  0.012173  0.553434  0.115585    0.3005    0.0066    0.7880    0.0480    0.2767    0.2907    0.0001
