#RESNUM RES     VL-XT     VSL2B       VL3  IUPred-S  IUPred-L  PONDRFIT  FITERROR       MDP  MDPERROR   ANCHOR2
 000001   M  0.944934  0.746150  0.406110    0.8920    0.4220    0.9820    0.0160    0.7321    0.2365    0.4028
 000002   A  0.814357  0.783361  0.406808    0.8650    0.4017    0.9690    0.0260    0.7066    0.2214    0.3895
 000003   R  0.859414  0.760000  0.408811    0.8391    0.3149    0.9580    0.0280    0.6900    0.2406    0.3791
 000004   K  0.836099  0.676688  0.411937    0.7688    0.3426    0.9450    0.0170    0.6636    0.2186    0.3709
 000005   R  0.693432  0.654376  0.415526    0.6557    0.2752    0.9260    0.0270    0.6033    0.2083    0.3638
 000006   G  0.636300  0.622261  0.420733    0.6255    0.2129    0.8920    0.0140    0.5682    0.2095    0.3565
 000007   L  0.573603  0.535128  0.428212    0.5043    0.2129    0.8000    0.0740    0.5090    0.1750    0.3463
 000008   S  0.506621  0.450509  0.433923    0.3847    0.1583    0.7800    0.0840    0.4523    0.1833    0.3370
 000009   T  0.439820  0.387846  0.435063    0.3096    0.1251    0.7580    0.0970    0.4092    0.1889    0.3276
 000010   V  0.391437  0.345080  0.430742    0.1878    0.1298    0.7350    0.1150    0.3699    0.1952    0.3203
 000011   Q  0.351654  0.309406  0.424100    0.0991    0.1583    0.8890    0.1240    0.3719    0.2564    0.3171
 000012   Q  0.336538  0.286937  0.416543    0.0965    0.1942    0.8390    0.1580    0.3617    0.2365    0.3152
 000013   A  0.307909  0.265573  0.409398    0.1205    0.2541    0.6370    0.2290    0.3324    0.1605    0.3257
 000014   L  0.310351  0.218015  0.403372    0.1266    0.2715    0.5080    0.2300    0.3062    0.1233    0.3399
 000015   R  0.304718  0.203066  0.398243    0.1495    0.2783    0.3490    0.1630    0.2805    0.0840    0.3535
 000016   L  0.303562  0.194409  0.392744    0.1532    0.2193    0.2740    0.1060    0.2563    0.0785    0.3651
 000017   L  0.345504  0.189697  0.387676    0.1495    0.2224    0.2370    0.0970    0.2554    0.0842    0.3756
 000018   A  0.384215  0.186959  0.383652    0.1532    0.2752    0.2170    0.0970    0.2666    0.0907    0.3800
 000019   Y  0.429444  0.211478  0.379996    0.1456    0.2752    0.2290    0.0830    0.2785    0.0980    0.3852
 000020   L  0.467435  0.237315  0.374830    0.1178    0.2783    0.2270    0.0690    0.2837    0.1118    0.3903
 000021   A  0.488409  0.264771  0.367213    0.1667    0.2783    0.2150    0.0590    0.2968    0.1053    0.3904
 000022   D  0.510423  0.309788  0.360546    0.1732    0.2470    0.2040    0.0530    0.3008    0.1126    0.3878
 000023   H  0.522994  0.354873  0.356000    0.1117    0.2399    0.2150    0.0600    0.3001    0.1305    0.3832
 000024   P  0.533113  0.388080  0.356210    0.1060    0.1942    0.2390    0.0880    0.3028    0.1401    0.3670
 000025   E  0.564629  0.436209  0.359315    0.1667    0.1942    0.2420    0.0900    0.3273    0.1414    0.3479
 000026   G  0.560030  0.482283  0.364718    0.0965    0.1969    0.2680    0.1040    0.3280    0.1599    0.3349
 000027   V  0.572461  0.496423  0.369924    0.0909    0.2645    0.2390    0.0850    0.3389    0.1619    0.3264
 000028   G  0.589739  0.493645  0.375803    0.1380    0.3356    0.1750    0.0510    0.3513    0.1605    0.3227
 000029   A  0.570180  0.482864  0.380505    0.1602    0.2849    0.1510    0.0420    0.3383    0.1560    0.3241
 000030   K  0.562339  0.457651  0.383550    0.2292    0.3631    0.1370    0.0500    0.3555    0.1401    0.3291
 000031   E  0.551465  0.422499  0.385286    0.2167    0.4330    0.1220    0.0430    0.3551    0.1436    0.3350
 000032   V  0.500055  0.402558  0.387580    0.2531    0.4292    0.1170    0.0460    0.3482    0.1270    0.3436
 000033   A  0.454705  0.397141  0.390824    0.2483    0.3321    0.1140    0.0440    0.3229    0.1130    0.3566
 000034   R  0.401875  0.393388  0.393795    0.2041    0.2988    0.1230    0.0410    0.3025    0.1067    0.3748
 000035   L  0.342650  0.397835  0.395373    0.1117    0.1942    0.1410    0.0410    0.2638    0.1187    0.3997
 000036   L  0.269244  0.428563  0.394887    0.0909    0.1251    0.1510    0.0350    0.2433    0.1314    0.4241
 000037   G  0.198792  0.441920  0.391441    0.0587    0.1275    0.1470    0.0310    0.2276    0.1406    0.4254
 000038   K  0.161439  0.435554  0.387109    0.0607    0.1759    0.1490    0.0380    0.2283    0.1353    0.4057
 000039   S  0.153574  0.443257  0.385230    0.0660    0.1184    0.1570    0.0400    0.2205    0.1412    0.3886
 000040   L  0.164011  0.444544  0.387500    0.0858    0.1162    0.1710    0.0390    0.2281    0.1369    0.3731
 000041   S  0.155932  0.435169  0.395353    0.0502    0.1251    0.1930    0.0600    0.2257    0.1412    0.3599
 000042   S  0.156340  0.431331  0.406016    0.0363    0.1251    0.2180    0.0830    0.2288    0.1447    0.3491
 000043   A  0.159973  0.424987  0.419459    0.0607    0.1759    0.2210    0.0870    0.2437    0.1350    0.3412
 000044   Y  0.153895  0.408895  0.433679    0.0858    0.1162    0.2280    0.0950    0.2377    0.1370    0.3379
 000045   A  0.182499  0.386712  0.448601    0.0884    0.0817    0.2350    0.1150    0.2372    0.1393    0.3379
 000046   L  0.204860  0.360047  0.462642    0.0884    0.0870    0.2410    0.1340    0.2407    0.1364    0.3394
 000047   L  0.235696  0.359180  0.475799    0.1018    0.1323    0.2270    0.1320    0.2552    0.1287    0.3447
 000048   H  0.222588  0.341891  0.488875    0.0660    0.1424    0.2230    0.1280    0.2474    0.1369    0.3527
 000049   S  0.182148  0.348129  0.503143    0.0660    0.1528    0.2260    0.1260    0.2464    0.1427    0.3649
 000050   L  0.220479  0.398033  0.519332    0.0771    0.1554    0.2270    0.1170    0.2662    0.1490    0.3778
 000051   M  0.293313  0.422563  0.537613    0.1416    0.2258    0.2110    0.0980    0.3053    0.1353    0.3945
 000052   E  0.364601  0.442542  0.557921    0.1495    0.1349    0.2160    0.0920    0.3110    0.1566    0.4166
 000053   E  0.444611  0.484228  0.578732    0.1532    0.1323    0.2390    0.0950    0.3386    0.1718    0.4331
 000054   G  0.495669  0.510495  0.598121    0.1088    0.1028    0.2700    0.1130    0.3476    0.1976    0.4150
 000055   F  0.550063  0.516407  0.614246    0.1602    0.1449    0.2960    0.1220    0.3803    0.1884    0.4028
 000056   V  0.596883  0.513793  0.626372    0.1240    0.1611    0.2800    0.1140    0.3837    0.2037    0.3913
 000057   V  0.646995  0.524361  0.635053    0.1532    0.2364    0.2770    0.1050    0.4122    0.1973    0.3787
 000058   K  0.723091  0.543909  0.641982    0.1958    0.3087    0.2630    0.0860    0.4461    0.1999    0.3676
 000059   E  0.758819  0.552307  0.647332    0.1998    0.3321    0.2610    0.0680    0.4585    0.2068    0.3601
 000060   E  0.758724  0.562378  0.652601    0.1878    0.2715    0.2740    0.0630    0.4512    0.2162    0.3552
 000061   G  0.761551  0.565443  0.658916    0.2963    0.3740    0.2730    0.0820    0.4882    0.1853    0.3496
 000062   G  0.772747  0.559108  0.666737    0.2602    0.3286    0.2790    0.0800    0.4777    0.1994    0.3471
 000063   F  0.782928  0.558165  0.674949    0.2786    0.3286    0.2750    0.0790    0.4830    0.2005    0.3518
 000064   R  0.789022  0.540581  0.681795    0.1921    0.3460    0.2670    0.0730    0.4694    0.2181    0.3503
 000065   L  0.794783  0.531370  0.687067    0.1998    0.3566    0.2750    0.0740    0.4741    0.2161    0.3535
 000066   A  0.799991  0.557914  0.692610    0.3184    0.4940    0.2690    0.0840    0.5220    0.1888    0.3519
 000067   R  0.801029  0.583070  0.698922    0.3939    0.4831    0.2700    0.0820    0.5384    0.1791    0.3528
 000068   Q  0.810501  0.601215  0.707039    0.4918    0.5707    0.2760    0.0840    0.5761    0.1684    0.3613
 000069   K  0.823313  0.621038  0.714365    0.4149    0.5951    0.2940    0.0920    0.5770    0.1772    0.3714
 000070   P  0.835101  0.645351  0.720975    0.4078    0.5419    0.2970    0.0940    0.5747    0.1827    0.3818
 000071   V  0.838107  0.668782  0.726852    0.3939    0.4441    0.3040    0.0860    0.5627    0.1929    0.3914
 000072   P  0.834569  0.683784  0.731652    0.3630    0.4582    0.3140    0.0920    0.5642    0.1957    0.4053
 000073   L  0.829563  0.683135  0.736041    0.2820    0.4725    0.3830    0.0970    0.5643    0.1980    0.4154
 000074   E  0.823985  0.704217  0.738849    0.3885    0.5055    0.3890    0.1070    0.5917    0.1722    0.4204
 000075   P  0.818065  0.726554  0.740611    0.4037    0.4220    0.4260    0.1000    0.5894    0.1748    0.4333
 000076   T  0.819719  0.731375  0.741028    0.4078    0.4220    0.4460    0.1190    0.5946    0.1721    0.4216
 000077   P  0.822896  0.737459  0.741540    0.3717    0.4441    0.4400    0.1520    0.5930    0.1781    0.4065
 000078   L  0.823161  0.747985  0.742339    0.3184    0.4582    0.4180    0.1650    0.5847    0.1928    0.3966
 000079   E  0.818492  0.756187  0.741691    0.3005    0.4476    0.3840    0.1510    0.5747    0.2033    0.3942
 000080   E  0.810781  0.758414  0.738524    0.3225    0.4685    0.3850    0.1470    0.5807    0.1944    0.3936
 000081   A  0.803989  0.758557  0.733667    0.2913    0.4330    0.4120    0.1520    0.5720    0.1994    0.3933
 000082   L  0.795585  0.757479  0.728336    0.3668    0.4292    0.4140    0.1470    0.5819    0.1806    0.3950
 000083   E  0.783682  0.748284  0.723368    0.3399    0.3149    0.3880    0.1390    0.5497    0.2040    0.4015
 000084   E  0.760671  0.719894  0.718126    0.3491    0.3149    0.3870    0.1360    0.5416    0.1929    0.4047
 000085   L  0.738470  0.683221  0.712691    0.2748    0.2783    0.4070    0.1440    0.5158    0.2011    0.4045
 000086   Y  0.711508  0.704628  0.706741    0.1844    0.1791    0.3840    0.1550    0.4784    0.2389    0.4086
 000087   L  0.661025  0.703180  0.701866    0.1602    0.1162    0.3800    0.1560    0.4538    0.2491    0.4121
 000088   R  0.615416  0.715194  0.698528    0.0965    0.1028    0.3780    0.1560    0.4344    0.2610    0.4160
 000089   T  0.575849  0.717812  0.695188    0.1041    0.1791    0.3540    0.1710    0.4376    0.2412    0.4164
 000090   R  0.511189  0.705105  0.691577    0.1041    0.1731    0.3570    0.1800    0.4236    0.2338    0.4161
 000091   E  0.445745  0.680954  0.687638    0.1240    0.1611    0.3680    0.1860    0.4113    0.2226    0.4153
 000092   R  0.413497  0.691387  0.684781    0.1456    0.1298    0.3790    0.1820    0.4073    0.2251    0.4134
 000093   C  0.394565  0.699267  0.680761    0.2080    0.1852    0.3930    0.1930    0.4268    0.2030    0.4094
 000094   Y  0.429559  0.719662  0.674935    0.1532    0.1162    0.3730    0.1610    0.4110    0.2310    0.4050
 000095   L  0.419106  0.667247  0.666612    0.1416    0.1028    0.3420    0.1460    0.3900    0.2239    0.4016
 000096   A  0.482141  0.660168  0.657838    0.1349    0.1643    0.3650    0.1500    0.4107    0.2111    0.4008
 000097   L  0.494260  0.655910  0.647253    0.1921    0.2364    0.3650    0.1440    0.4319    0.1828    0.3977
 000098   L  0.508353  0.630312  0.636527    0.2700    0.3087    0.3840    0.1170    0.4564    0.1456    0.3984
 000099   T  0.501234  0.616265  0.625809    0.2700    0.3087    0.3830    0.1140    0.4508    0.1403    0.3999
 000100   P  0.516467  0.609288  0.616809    0.2657    0.3053    0.4290    0.1050    0.4571    0.1370    0.4059
 000101   Q  0.489300  0.593187  0.606952    0.2657    0.3117    0.4410    0.1080    0.4513    0.1290    0.4143
 000102   G  0.501586  0.621106  0.595978    0.2602    0.3019    0.4390    0.1300    0.4532    0.1362    0.4242
 000103   V  0.431670  0.595137  0.583713    0.2657    0.2292    0.4430    0.1080    0.4247    0.1404    0.4309
 000104   R  0.440422  0.610197  0.570527    0.3399    0.2988    0.5000    0.1230    0.4599    0.1134    0.4189
 000105   L  0.411851  0.608176  0.555989    0.3184    0.4119    0.5060    0.1330    0.4687    0.0979    0.4104
 000106   K  0.432356  0.613889  0.540098    0.3806    0.4087    0.4710    0.1260    0.4744    0.0803    0.3991
 000107   T  0.410048  0.624686  0.523999    0.4333    0.4369    0.4860    0.1010    0.4858    0.0726    0.3947
 000108   R  0.455900  0.625679  0.509649    0.4078    0.5296    0.4900    0.1190    0.5031    0.0674    0.3895
 000109   G  0.500721  0.621162  0.496470    0.4781    0.6427    0.4730    0.1110    0.5353    0.0693    0.3913
 000110   R  0.573788  0.626549  0.484949    0.4825    0.5296    0.4580    0.1120    0.5259    0.0586    0.3955
 000111   Q  0.549958  0.620445  0.473750    0.4556    0.5296    0.4230    0.1250    0.5087    0.0659    0.4076
 000112   G  0.547370  0.600298  0.464254    0.3578    0.5533    0.4750    0.1540    0.4996    0.0788    0.4235
 000113   Q  0.526580  0.591880  0.456006    0.3847    0.5707    0.4360    0.1610    0.4943    0.0745    0.4289
 000114   L  0.479820  0.583677  0.448870    0.4825    0.5211    0.4220    0.1640    0.4897    0.0519    0.4119
 000115   H  0.433735  0.580846  0.441490    0.5008    0.5382    0.3220    0.1030    0.4695    0.0836    0.4049
 000116   P  0.410948  0.556885  0.434222    0.4967    0.5951    0.2970    0.0860    0.4652    0.0986    0.3998
 000117   L  0.367482  0.557801  0.425496    0.4967    0.5055    0.3180    0.1050    0.4452    0.0832    0.3924
 000118   G  0.297905  0.551145  0.415751    0.4600    0.4619    0.2850    0.1070    0.4120    0.0942    0.3893
 000119   E  0.211215  0.536153  0.405181    0.3939    0.3910    0.3090    0.1180    0.3745    0.0989    0.3845
 000120   T  0.178794  0.525633  0.398691    0.3717    0.3910    0.2500    0.0830    0.3526    0.1116    0.3786
 000121   L  0.147746  0.518501  0.394680    0.3005    0.3948    0.2200    0.0620    0.3294    0.1225    0.3745
 000122   P  0.107718  0.489734  0.392085    0.3005    0.3182    0.1540    0.0480    0.2937    0.1310    0.3771
 000123   P  0.077755  0.449164  0.386897    0.3005    0.2399    0.1390    0.0560    0.2655    0.1302    0.3820
 000124   E  0.047426  0.428716  0.382406    0.2255    0.1643    0.1440    0.0620    0.2321    0.1340    0.3845
 000125   W  0.032650  0.406987  0.380310    0.2432    0.2094    0.1330    0.0500    0.2343    0.1308    0.3848
 000126   H  0.018724  0.409761  0.382653    0.1766    0.1184    0.1230    0.0440    0.2048    0.1433    0.3812
 000127   A  0.013835  0.396293  0.386510    0.1322    0.1028    0.1120    0.0350    0.1907    0.1467    0.3769
 000128   L  0.010516  0.386610  0.391616    0.1349    0.1671    0.1120    0.0280    0.2005    0.1417    0.3727
 000129   A  0.008506  0.385905  0.393837    0.1380    0.0909    0.1110    0.0280    0.1881    0.1481    0.3699
 000130   L  0.006497  0.389586  0.394930    0.1416    0.0985    0.1270    0.0400    0.1930    0.1473    0.3662
 000131   G  0.003208  0.375610  0.394835    0.0813    0.0581    0.1240    0.0470    0.1729    0.1544    0.3649
 000132   K  0.002851  0.380282  0.397221    0.1602    0.1115    0.1210    0.0540    0.1956    0.1448    0.3625
 000133   V  0.002347  0.365418  0.401618    0.0832    0.1092    0.1220    0.0590    0.1806    0.1488    0.3573
 000134   L  0.000857  0.406477  0.407739    0.0813    0.0592    0.1230    0.0440    0.1798    0.1647    0.3539
 000135   L  0.001145  0.410301  0.415256    0.0884    0.0592    0.1310    0.0450    0.1842    0.1662    0.3510
 000136   A  0.001607  0.394343  0.424101    0.0909    0.1323    0.1560    0.0700    0.1999    0.1559    0.3492
 000137   F  0.001637  0.403755  0.433365    0.0909    0.1251    0.1880    0.0930    0.2072    0.1595    0.3473
 000138   G  0.001657  0.409390  0.443174    0.1240    0.1583    0.2070    0.1000    0.2239    0.1562    0.3491
 000139   D  0.001811  0.412652  0.451885    0.1732    0.2541    0.2590    0.1190    0.2588    0.1496    0.3481
 000140   F  0.002072  0.429833  0.462090    0.1958    0.2002    0.2940    0.1130    0.2640    0.1554    0.3458
 000141   P  0.003734  0.444424  0.473486    0.2963    0.2918    0.2690    0.0980    0.2965    0.1526    0.3479
 000142   L  0.010372  0.458019  0.487287    0.1958    0.2164    0.2940    0.0720    0.2769    0.1626    0.3486
 000143   P  0.013950  0.490956  0.500740    0.2041    0.2328    0.3030    0.0800    0.2910    0.1692    0.3512
 000144   P  0.061428  0.528886  0.512647    0.1921    0.3182    0.3830    0.1070    0.3327    0.1668    0.3555
 000145   L  0.084718  0.554226  0.523313    0.2657    0.4220    0.4810    0.1510    0.3886    0.1647    0.3606
 000146   T  0.129967  0.579358  0.533315    0.3578    0.4292    0.4160    0.1500    0.4076    0.1446    0.3670
 000147   P  0.226388  0.597549  0.543679    0.4078    0.4330    0.4020    0.1500    0.4351    0.1180    0.3717
 000148   K  0.311492  0.605974  0.554438    0.4149    0.4766    0.3460    0.1230    0.4515    0.1059    0.3770
 000149   T  0.396515  0.604745  0.564003    0.3762    0.4864    0.2670    0.0830    0.4492    0.1155    0.3761
 000150   P  0.438250  0.580676  0.571248    0.2820    0.4831    0.2500    0.0940    0.4342    0.1290    0.3762
 000151   Y  0.503882  0.547393  0.574504    0.3939    0.6375    0.2500    0.0980    0.4845    0.1284    0.3757
 000152   T  0.574405  0.515562  0.576781    0.3847    0.5098    0.2450    0.1030    0.4676    0.1183    0.3701
 000153   L  0.617331  0.481796  0.577894    0.4879    0.5992    0.2420    0.1090    0.5010    0.1270    0.3660
 000154   T  0.682057  0.457902  0.579673    0.3847    0.5533    0.2080    0.0880    0.4776    0.1525    0.3663
 000155   D  0.725055  0.443631  0.580531    0.3456    0.4507    0.2240    0.0990    0.4616    0.1601    0.3697
 000156   P  0.717380  0.466397  0.582039    0.4245    0.5211    0.2380    0.1160    0.4916    0.1468    0.3767
 000157   L  0.716046  0.465764  0.584278    0.3456    0.4801    0.2900    0.1380    0.4803    0.1420    0.3830
 000158   A  0.719424  0.487278  0.589006    0.3146    0.4541    0.2940    0.1360    0.4764    0.1483    0.3932
 000159   L  0.763507  0.511546  0.596269    0.2865    0.4652    0.3430    0.1670    0.4944    0.1581    0.4024
 000160   E  0.782629  0.544358  0.607794    0.2820    0.3807    0.3280    0.1500    0.4876    0.1751    0.4164
 000161   E  0.800102  0.573999  0.619742    0.2558    0.3286    0.3590    0.1760    0.4896    0.1907    0.4306
 000162   E  0.802214  0.587771  0.630594    0.2786    0.3529    0.4010    0.1830    0.5089    0.1808    0.4210
 000163   L  0.806323  0.588699  0.638802    0.2432    0.3529    0.4110    0.1670    0.5068    0.1898    0.4017
 000164   K  0.807278  0.575626  0.646227    0.2531    0.3983    0.3970    0.1540    0.5130    0.1836    0.3836
 000165   R  0.807745  0.566021  0.652484    0.2602    0.3948    0.4330    0.1450    0.5190    0.1794    0.3727
 000166   V  0.813052  0.550495  0.656618    0.2041    0.3948    0.4380    0.1520    0.5095    0.1945    0.3672
 000167   R  0.813863  0.533688  0.658980    0.1958    0.2849    0.4280    0.1520    0.4859    0.2112    0.3655
 000168   A  0.814597  0.536735  0.661402    0.2963    0.3286    0.4370    0.1530    0.5124    0.1827    0.3645
 000169   S  0.810381  0.530786  0.663403    0.2432    0.2849    0.4690    0.1570    0.5004    0.1988    0.3665
 000170   G  0.808331  0.517303  0.665476    0.2820    0.3599    0.4710    0.1570    0.5174    0.1774    0.3681
 000171   L  0.802827  0.531609  0.665810    0.1805    0.2849    0.5130    0.1710    0.4965    0.2116    0.3723
 000172   A  0.798611  0.510892  0.664639    0.1635    0.2715    0.5100    0.1690    0.4866    0.2164    0.3731
 000173   V  0.797752  0.519953  0.660267    0.0991    0.2609    0.5330    0.1570    0.4784    0.2348    0.3766
 000174   E  0.798219  0.505081  0.653693    0.1532    0.2715    0.5470    0.1340    0.4882    0.2185    0.3832
 000175   M  0.794485  0.505890  0.645131    0.1635    0.2503    0.5740    0.1250    0.4889    0.2191    0.3881
 000176   E  0.782016  0.507003  0.635389    0.1150    0.1969    0.5860    0.1190    0.4704    0.2381    0.3886
 000177   E  0.772998  0.493399  0.624334    0.1416    0.2884    0.5970    0.1180    0.4862    0.2127    0.3864
 000178   Y  0.775210  0.470792  0.612937    0.0935    0.2224    0.5940    0.1250    0.4614    0.2350    0.3834
 000179   A  0.774003  0.419957  0.602173    0.1292    0.1823    0.5580    0.1150    0.4442    0.2291    0.3808
 000180   L  0.777518  0.410346  0.593398    0.0771    0.1791    0.5460    0.1140    0.4306    0.2411    0.3773
 000181   G  0.782335  0.359707  0.585678    0.0425    0.1969    0.5330    0.1010    0.4167    0.2474    0.3714
 000182   V  0.784764  0.374036  0.579669    0.0660    0.2783    0.5040    0.0910    0.4312    0.2282    0.3641
 000183   S  0.782728  0.356945  0.575446    0.0935    0.3087    0.4760    0.0870    0.4323    0.2164    0.3614
 000184   G  0.786076  0.366824  0.574302    0.1495    0.3631    0.4560    0.0880    0.4493    0.1971    0.3566
 000185   V  0.797847  0.399957  0.575644    0.1349    0.2783    0.4470    0.0960    0.4390    0.2111    0.3479
 000186   A  0.786379  0.414542  0.578085    0.1635    0.2364    0.4340    0.0830    0.4355    0.2072    0.3445
 000187   V  0.789316  0.410279  0.579517    0.0909    0.2292    0.4300    0.0590    0.4215    0.2261    0.3454
 000188   P  0.777647  0.443599  0.577455    0.0455    0.1969    0.4440    0.0340    0.4142    0.2393    0.3503
 000189   L  0.739067  0.455690  0.572298    0.0789    0.2034    0.4670    0.0490    0.4194    0.2205    0.3542
 000190   L  0.674249  0.467883  0.565587    0.0744    0.2328    0.4690    0.0580    0.4140    0.2020    0.3582
 000191   S  0.629821  0.466623  0.559921    0.0723    0.2399    0.4280    0.0600    0.3995    0.1900    0.3623
 000192   P  0.615883  0.475267  0.555798    0.0701    0.2328    0.3940    0.0740    0.3906    0.1883    0.3672
 000193   E  0.600006  0.465979  0.552338    0.0643    0.2328    0.3610    0.0900    0.3795    0.1858    0.3691
 000194   G  0.594205  0.457006  0.548752    0.0660    0.2575    0.3060    0.0940    0.3716    0.1821    0.3680
 000195   R  0.539261  0.443742  0.544036    0.0376    0.2541    0.2720    0.0850    0.3485    0.1803    0.3683
 000196   L  0.471590  0.408442  0.539805    0.0701    0.3019    0.2260    0.0680    0.3362    0.1577    0.3756
 000197   L  0.407517  0.409042  0.536716    0.0858    0.3149    0.1890    0.0570    0.3239    0.1497    0.3756
 000198   G  0.366558  0.389986  0.535096    0.1349    0.2752    0.1620    0.0410    0.3107    0.1378    0.3697
 000199   A  0.344697  0.390856  0.534536    0.1205    0.2752    0.1600    0.0440    0.3043    0.1400    0.3651
 000200   L  0.299029  0.377731  0.533211    0.1041    0.2399    0.1540    0.0470    0.2847    0.1427    0.3623
 000201   G  0.234300  0.375501  0.531858    0.1878    0.2884    0.1430    0.0440    0.2934    0.1297    0.3576
 000202   V  0.161849  0.401255  0.529713    0.1117    0.1881    0.1500    0.0480    0.2571    0.1536    0.3539
 000203   K  0.079565  0.420732  0.528589    0.0789    0.1702    0.1570    0.0520    0.2392    0.1729    0.3577
 000204   V  0.077924  0.436552  0.529548    0.0395    0.1501    0.1720    0.0600    0.2342    0.1832    0.3660
 000205   P  0.063675  0.444017  0.534038    0.0405    0.0948    0.1780    0.0670    0.2258    0.1927    0.3753
 000206   S  0.059445  0.460431  0.542700    0.0414    0.0870    0.1990    0.0900    0.2317    0.1987    0.3864
 000207   R  0.058829  0.465626  0.553113    0.0464    0.1229    0.2130    0.1040    0.2433    0.1973    0.3948
 000208   R  0.076921  0.432442  0.565624    0.0677    0.1554    0.2190    0.1120    0.2529    0.1853    0.4043
 000209   F  0.100819  0.493616  0.578595    0.0660    0.0985    0.2210    0.1060    0.2597    0.2028    0.4177
 000210   P  0.107238  0.520046  0.592409    0.0723    0.0967    0.2170    0.1070    0.2676    0.2101    0.4291
 000211   F  0.134637  0.552259  0.605538    0.0813    0.1583    0.2220    0.1110    0.2923    0.2074    0.4280
 000212   A  0.161337  0.565247  0.619158    0.0660    0.1070    0.2100    0.1120    0.2882    0.2201    0.4210
 000213   F  0.177484  0.580880  0.632503    0.1266    0.1323    0.2160    0.1090    0.3109    0.2118    0.4163
 000214   G  0.181394  0.604721  0.645047    0.0789    0.1275    0.2290    0.1120    0.3110    0.2269    0.4160
 000215   R  0.181658  0.622722  0.655785    0.1150    0.1275    0.2880    0.1200    0.3318    0.2246    0.4182
 000216   L  0.180214  0.656766  0.665181    0.0935    0.1070    0.3170    0.1370    0.3367    0.2405    0.4194
 000217   A  0.161954  0.659973  0.674210    0.0607    0.0948    0.3140    0.1460    0.3276    0.2529    0.4229
 000218   R  0.149199  0.685602  0.683564    0.0607    0.1092    0.3380    0.1680    0.3377    0.2598    0.4257
 000219   A  0.161823  0.681478  0.694375    0.0526    0.0799    0.3530    0.1750    0.3372    0.2659    0.4267
 000220   L  0.216209  0.704118  0.706194    0.1240    0.0967    0.3460    0.1600    0.3656    0.2530    0.4281
 000221   A  0.278372  0.732889  0.718472    0.0701    0.0967    0.3350    0.1490    0.3720    0.2669    0.4290
 000222   E  0.342394  0.727913  0.729638    0.0909    0.1823    0.3610    0.1640    0.4057    0.2462    0.4303
 000223   V  0.421165  0.718543  0.739699    0.1240    0.2129    0.3780    0.1640    0.4324    0.2319    0.4308
 000224   A  0.505685  0.733120  0.749301    0.2167    0.3286    0.3670    0.1470    0.4834    0.2009    0.4311
 000225   R  0.592066  0.761237  0.759153    0.2255    0.2988    0.3880    0.1310    0.5041    0.2130    0.4315
 000226   V  0.682582  0.776207  0.769650    0.2432    0.3356    0.4550    0.1140    0.5437    0.2105    0.4310
 000227   S  0.770058  0.799433  0.779845    0.2913    0.4256    0.4810    0.1110    0.5912    0.2002    0.4307
 000228   A  0.841342  0.815612  0.789901    0.3456    0.4801    0.5600    0.1260    0.6388    0.1882    0.4302
 000229   Q  0.860601  0.841255  0.800084    0.3578    0.5211    0.6220    0.1110    0.6671    0.1846    0.4303
 000230   V  0.875856  0.863577  0.810920    0.4149    0.5854    0.6950    0.1110    0.7076    0.1654    0.4314
 000231   L  0.884795  0.883290  0.823331    0.5126    0.6620    0.7600    0.0830    0.7544    0.1325    0.4326
 000232   P  0.897184  0.902766  0.835524    0.5623    0.5951    0.6760    0.1020    0.7448    0.1396    0.4335
 000233   E  0.909595  0.917234  0.847361    0.5331    0.6136    0.6890    0.1030    0.7517    0.1485    0.4351
 000234   E  0.915070  0.930013  0.857012    0.5549    0.7163    0.6740    0.0900    0.7745    0.1369    0.4366
 000235   E  0.918500  0.941464  0.865170    0.5992    0.7799    0.6760    0.0940    0.7967    0.1254    0.4385
 000236   A  0.920278  0.948786  0.870880    0.6174    0.7163    0.6800    0.0990    0.7923    0.1265    0.4414
 000237   P  0.919435  0.954050  0.874867    0.6984    0.7843    0.6490    0.1250    0.8133    0.1125    0.4443
 000238   T  0.916415  0.957931  0.878097    0.6474    0.7080    0.6780    0.0990    0.7977    0.1232    0.4466
 000239   P  0.912241  0.961529  0.881213    0.6681    0.7547    0.6370    0.1130    0.8024    0.1234    0.4479
 000240   P  0.911322  0.964219  0.883963    0.5941    0.7250    0.6050    0.1210    0.7807    0.1472    0.4492
 000241   P  0.906381  0.962902  0.886205    0.6715    0.6906    0.6190    0.1210    0.7894    0.1329    0.4489
 000242   A  0.901440  0.965693  0.888380    0.7232    0.7951    0.6660    0.1130    0.8234    0.1049    0.4493
 000243   L  0.901157  0.966850  0.890749    0.6557    0.7982    0.6980    0.1330    0.8185    0.1121    0.4503
 000244   P  0.898524  0.970460  0.893020    0.6650    0.8125    0.5980    0.1170    0.8062    0.1332    0.4458
 000245   E  0.890439  0.973482  0.894154    0.6681    0.8085    0.5650    0.1210    0.7999    0.1414    0.4405
 000246   P  0.871224  0.974161  0.893714    0.6756    0.7672    0.4970    0.1150    0.7798    0.1582    0.4339
 000247   V  0.847507  0.974052  0.892272    0.7111    0.7080    0.4870    0.1420    0.7699    0.1582    0.4279
 000248   R  0.816755  0.975478  0.890942    0.6827    0.6531    0.4540    0.1500    0.7455    0.1716    0.4236
 000249   V  0.786995  0.976134  0.888817    0.6334    0.6183    0.4650    0.1670    0.7282    0.1736    0.4204
 000250   E  0.755871  0.973543  0.884854    0.5992    0.5493    0.4320    0.1620    0.6992    0.1901    0.4158
 000251   R  0.724748  0.968907  0.878230    0.5583    0.4901    0.4480    0.1570    0.6781    0.1955    0.4131
 000252   I  0.663053  0.961829  0.870861    0.5296    0.4766    0.4300    0.1440    0.6553    0.1996    0.4170
 000253   D  0.604471  0.958775  0.862007    0.5331    0.4186    0.4330    0.1290    0.6351    0.2062    0.4191
 000254   P  0.556618  0.952721  0.853039    0.5900    0.5254    0.4370    0.1370    0.6524    0.1853    0.4233
 000255   P  0.518756  0.946699  0.840951    0.5126    0.5055    0.4230    0.1420    0.6246    0.1954    0.4303
 000256   E  0.487823  0.936892  0.827556    0.5253    0.5254    0.4140    0.1120    0.6195    0.1921    0.4378
 000257   A  0.456043  0.931451  0.814107    0.5173    0.4801    0.4380    0.1170    0.6062    0.1931    0.4451
 000258   L  0.424472  0.925816  0.803767    0.5941    0.5211    0.4480    0.1070    0.6195    0.1852    0.4451
 000259   R  0.396225  0.920532  0.794020    0.5711    0.5055    0.4540    0.0820    0.6069    0.1883    0.4434
 000260   R  0.391317  0.916876  0.781618    0.6124    0.5854    0.5720    0.0940    0.6433    0.1668    0.4456
 000261   A  0.399928  0.908529  0.764753    0.5802    0.5577    0.6560    0.1090    0.6446    0.1611    0.4501
 000262   A  0.400409  0.905901  0.744647    0.5667    0.5419    0.6890    0.1130    0.6414    0.1615    0.4488
 000263   N  0.388021  0.893383  0.722577    0.6035    0.6531    0.6740    0.1130    0.6558    0.1504    0.4458
 000264   L  0.382642  0.882040  0.699577    0.5583    0.5342    0.7100    0.1140    0.6278    0.1582    0.4436
 000265   P  0.379543  0.866863  0.676716    0.5374    0.5139    0.6930    0.1140    0.6112    0.1554    0.4401
 000266   D  0.404582  0.851676  0.654517    0.4420    0.4940    0.7430    0.1240    0.5982    0.1638    0.4370
 000267   P  0.423281  0.838143  0.633362    0.4333    0.5139    0.7190    0.1310    0.5935    0.1517    0.4346
 000268   R  0.405458  0.819076  0.614221    0.4458    0.5533    0.7350    0.1220    0.5954    0.1472    0.4328
 000269   A  0.385829  0.806305  0.596690    0.5084    0.6183    0.7140    0.1330    0.6049    0.1354    0.4307
 000270   A  0.385031  0.794449  0.578342    0.5253    0.5055    0.7270    0.1210    0.5859    0.1378    0.4279
 000271   H  0.373392  0.780863  0.557587    0.5253    0.4149    0.7280    0.1210    0.5633    0.1495    0.4262
 000272   R  0.364620  0.765828  0.533873    0.4651    0.4507    0.7150    0.1560    0.5492    0.1447    0.4250
 000273   A  0.347831  0.749092  0.509341    0.3939    0.4801    0.6640    0.1550    0.5241    0.1417    0.4193
 000274   S  0.325256  0.735124  0.484610    0.3885    0.3599    0.6630    0.1380    0.4927    0.1551    0.4132
 000275   L  0.277614  0.711841  0.460108    0.4556    0.4149    0.6770    0.1370    0.4995    0.1508    0.4034
 000276   E  0.236312  0.680834  0.436147    0.3578    0.3774    0.6770    0.1430    0.4609    0.1652    0.3924
 000277   D  0.221923  0.645565  0.413254    0.3263    0.3704    0.6780    0.1130    0.4426    0.1658    0.3817
 000278   P  0.189655  0.627121  0.390980    0.2748    0.2399    0.6300    0.1700    0.3921    0.1778    0.3693
 000279   E  0.155607  0.583735  0.368658    0.3096    0.2258    0.5290    0.1560    0.3621    0.1534    0.3535
 000280   A  0.142302  0.554505  0.346501    0.2531    0.1611    0.4130    0.1440    0.3118    0.1445    0.3378
 000281   F  0.124358  0.496823  0.325102    0.2483    0.1914    0.3530    0.1440    0.2898    0.1203    0.3210
 000282   W  0.107617  0.440047  0.304863    0.1921    0.1791    0.3420    0.1580    0.2609    0.1122    0.3092
 000283   E  0.090579  0.446522  0.284194    0.2209    0.2164    0.3560    0.1930    0.2690    0.1127    0.3060
 000284   G  0.075204  0.388981  0.264268    0.2122    0.1528    0.4600    0.2080    0.2590    0.1321    0.3042
 000285   F  0.059711  0.352291  0.244047    0.2432    0.1528    0.6630    0.2290    0.2859    0.1912    0.2974
 000286   A  0.051721  0.288434  0.226972    0.2385    0.1969    0.6770    0.2090    0.2798    0.1919    0.2985
 000287   R  0.098374  0.260771  0.211465    0.2255    0.1373    0.6430    0.2340    0.2628    0.1787    0.3016
 000288   G  0.181713  0.254653  0.196463    0.1958    0.0704    0.6130    0.2590    0.2520    0.1705    0.3001
 000289   F  0.246808  0.240348  0.178740    0.1292    0.0568    0.7580    0.1440    0.2683    0.2283    0.2958
 000290   A  0.351375  0.222434  0.161251    0.0771    0.0494    0.7380    0.1010    0.2666    0.2330    0.3028
 000291   W  0.459505  0.224447  0.146899    0.0701    0.0631    0.5930    0.1490    0.2595    0.1999    0.3175
 000292   E  0.569215  0.225295  0.136606    0.0935    0.1229    0.3540    0.1030    0.2502    0.1667    0.3402
 000293   R  0.679962  0.208733  0.128335    0.1532    0.1942    0.2930    0.1080    0.2763    0.1878    0.3582
 000294   P  0.785978  0.218811  0.121468    0.1532    0.1942    0.1750    0.0900    0.2747    0.2307    0.3693
 000295   W  0.890774  0.232379  0.115649    0.1292    0.1162    0.1420    0.0710    0.2710    0.2800    0.3869
 000296   K  0.939828  0.223421  0.110599    0.1921    0.1162    0.1450    0.0880    0.2879    0.2943    0.4071
 000297   A  0.951453  0.217178  0.105099    0.1456    0.1162    0.2220    0.1760    0.2930    0.2979    0.4162
 000298   V  0.976107  0.208707  0.098349    0.1088    0.1251    0.2520    0.1840    0.2948    0.3097    0.4243
 000299   F  0.966463  0.204479  0.088863    0.0884    0.1251    0.2580    0.1830    0.2886    0.3094    0.4266
 000300   R  0.865952  0.197942  0.077843    0.1380    0.1424    0.2230    0.1540    0.2742    0.2687    0.4023
 000301   R  0.763073  0.210776  0.068015    0.1566    0.1731    0.1360    0.0440    0.2513    0.2329    0.3933
 000302   E  0.659614  0.206412  0.061167    0.1380    0.2752    0.1110    0.0390    0.2419    0.1989    0.3963
 000303   D  0.559737  0.203421  0.057851    0.1349    0.2034    0.0960    0.0380    0.2091    0.1655    0.4048
 000304   R  0.459859  0.201819  0.057512    0.1566    0.1914    0.0880    0.0320    0.1926    0.1303    0.4152
 000305   T  0.356938  0.194838  0.058215    0.0909    0.1092    0.0830    0.0270    0.1489    0.1023    0.4330
 000306   W  0.263265  0.166511  0.058951    0.1266    0.1942    0.0840    0.0260    0.1489    0.0686    0.4111
 000307   F  0.173035  0.152457  0.058225    0.0858    0.1759    0.0800    0.0270    0.1210    0.0475    0.3992
 000308   A  0.076717  0.145498  0.056685    0.1018    0.1349    0.0720    0.0250    0.0980    0.0328    0.3969
 000309   G  0.066910  0.137960  0.054356    0.1266    0.1942    0.0830    0.0260    0.1105    0.0480    0.3982
 000310   G  0.059028  0.130684  0.051241    0.1292    0.2849    0.0970    0.0400    0.1253    0.0777    0.4009
 000311   L  0.051917  0.123287  0.048378    0.1495    0.2988    0.1150    0.0580    0.1312    0.0836    0.4054
 000312   T  0.045941  0.131775  0.047376    0.1602    0.2292    0.1000    0.0420    0.1190    0.0644    0.4175
 000313   N  0.046732  0.154360  0.048116    0.1495    0.2503    0.1080    0.0470    0.1261    0.0701    0.4328
 000314   V  0.071763  0.169679  0.050537    0.0935    0.2503    0.1070    0.0410    0.1238    0.0676    0.4199
 000315   A  0.090288  0.194566  0.053547    0.1292    0.2575    0.0900    0.0290    0.1359    0.0698    0.4012
 000316   L  0.098259  0.222931  0.057500    0.1322    0.2193    0.0900    0.0310    0.1367    0.0636    0.3724
 000317   N  0.113219  0.247607  0.061969    0.1878    0.3286    0.1090    0.0420    0.1747    0.0912    0.3442
 000318   A  0.132538  0.262462  0.066624    0.2432    0.4476    0.1360    0.0480    0.2148    0.1239    0.3253
 000319   L  0.144264  0.285570  0.072604    0.2748    0.4087    0.1600    0.0540    0.2243    0.1109    0.3072
 000320   D  0.155975  0.315940  0.080007    0.2786    0.3807    0.1920    0.0740    0.2339    0.1015    0.2936
 000321   R  0.165530  0.341459  0.088358    0.2080    0.3019    0.2240    0.0780    0.2215    0.0836    0.2864
 000322   H  0.185267  0.376412  0.096882    0.2700    0.3053    0.2410    0.0710    0.2459    0.0886    0.2898
 000323   L  0.195180  0.423297  0.105804    0.1958    0.3019    0.2480    0.0870    0.2450    0.0994    0.2963
 000324   P  0.236953  0.455251  0.114372    0.1322    0.2129    0.2200    0.0730    0.2286    0.1111    0.3027
 000325   E  0.290642  0.463746  0.123076    0.1878    0.2817    0.2240    0.0760    0.2619    0.1066    0.3059
 000326   K  0.346345  0.448807  0.130463    0.1349    0.3087    0.1720    0.0470    0.2569    0.1194    0.3134
 000327   A  0.400404  0.421478  0.137400    0.1998    0.3948    0.1100    0.0280    0.2774    0.1311    0.3239
 000328   Q  0.461386  0.366738  0.143819    0.1958    0.3840    0.0900    0.0240    0.2737    0.1370    0.3315
 000329   Q  0.517812  0.319749  0.150647    0.2255    0.3948    0.0780    0.0200    0.2811    0.1482    0.3386
 000330   V  0.524293  0.269096  0.158257    0.3096    0.3872    0.0770    0.0190    0.2875    0.1460    0.3465
 000331   A  0.507341  0.231981  0.165484    0.3053    0.3807    0.0770    0.0190    0.2780    0.1409    0.3542
 000332   L  0.467134  0.209821  0.173362    0.2255    0.3910    0.0800    0.0190    0.2579    0.1314    0.3544
 000333   L  0.393067  0.223099  0.181317    0.2385    0.2849    0.0980    0.0280    0.2365    0.0906    0.3443
 000334   T  0.319585  0.249017  0.190395    0.3225    0.3740    0.1370    0.0430    0.2654    0.0820    0.3330
 000335   L  0.245670  0.259187  0.198286    0.1921    0.2541    0.1780    0.0430    0.2212    0.0326    0.3219
 000336   D  0.194371  0.291754  0.206563    0.1878    0.2399    0.1860    0.0300    0.2177    0.0378    0.3113
 000337   G  0.182274  0.313101  0.214748    0.1266    0.2503    0.1760    0.0390    0.2106    0.0593    0.3017
 000338   E  0.164895  0.323573  0.223714    0.1456    0.2129    0.1790    0.0450    0.2082    0.0581    0.2941
 000339   G  0.214982  0.329811  0.232902    0.1456    0.1914    0.1940    0.0630    0.2181    0.0567    0.2909
 000340   R  0.282951  0.333067  0.242543    0.0935    0.1881    0.1890    0.0830    0.2215    0.0766    0.2869
 000341   L  0.386187  0.334716  0.253472    0.1349    0.1671    0.1640    0.0790    0.2401    0.0937    0.2874
 000342   G  0.489424  0.340750  0.264678    0.1602    0.1852    0.1580    0.0830    0.2665    0.1189    0.2840
 000343   K  0.590017  0.331248  0.273924    0.1456    0.2541    0.1420    0.0710    0.2894    0.1506    0.2846
 000344   W  0.691507  0.321283  0.281180    0.2122    0.3182    0.1200    0.0490    0.3240    0.1785    0.2898
 000345   T  0.754654  0.346063  0.285561    0.2080    0.2224    0.0960    0.0240    0.3188    0.2093    0.2890
 000346   Y  0.727578  0.356991  0.288611    0.2913    0.2715    0.0960    0.0180    0.3386    0.1914    0.2874
 000347   K  0.710214  0.364576  0.289621    0.1998    0.2645    0.0910    0.0180    0.3200    0.1937    0.2869
 000348   E  0.686718  0.379339  0.289481    0.1732    0.1823    0.0930    0.0170    0.3007    0.1952    0.2827
 000349   V  0.640332  0.393852  0.289762    0.1698    0.0948    0.1110    0.0200    0.2832    0.1906    0.2756
 000350   R  0.549033  0.389283  0.289397    0.1088    0.0870    0.1170    0.0200    0.2567    0.1705    0.2699
 000351   E  0.478004  0.379235  0.289810    0.0643    0.0985    0.1100    0.0170    0.2367    0.1561    0.2644
 000352   L  0.409012  0.387241  0.288556    0.1060    0.0967    0.1050    0.0180    0.2321    0.1347    0.2575
 000353   S  0.348138  0.378203  0.286558    0.1060    0.0967    0.0950    0.0150    0.2185    0.1222    0.2529
 000354   S  0.284120  0.349342  0.284421    0.0567    0.0631    0.0940    0.0150    0.1887    0.1198    0.2462
 000355   R  0.271706  0.330953  0.282584    0.1060    0.1162    0.0900    0.0120    0.1996    0.0975    0.2381
 000356   L  0.283880  0.310872  0.280782    0.0607    0.1028    0.0840    0.0130    0.1871    0.1059    0.2337
 000357   A  0.262366  0.267558  0.278820    0.0991    0.1671    0.0800    0.0130    0.1924    0.0817    0.2274
 000358   G  0.253764  0.240936  0.276584    0.0965    0.1731    0.0800    0.0160    0.1868    0.0766    0.2199
 000359   L  0.264139  0.236324  0.274322    0.0884    0.1554    0.0820    0.0170    0.1834    0.0792    0.2150
 000360   F  0.252927  0.219426  0.270867    0.1349    0.1528    0.0810    0.0180    0.1853    0.0678    0.2084
 000361   R  0.236118  0.216611  0.267225    0.1349    0.1373    0.0800    0.0230    0.1786    0.0658    0.1957
 000362   T  0.201215  0.227553  0.263651    0.0832    0.0799    0.0840    0.0260    0.1565    0.0765    0.1841
 000363   L  0.188913  0.235288  0.259169    0.1150    0.0765    0.0870    0.0240    0.1603    0.0715    0.1717
 000364   G  0.177458  0.238579  0.253785    0.0607    0.0454    0.0850    0.0240    0.1435    0.0839    0.1622
 000365   V  0.138684  0.247433  0.247131    0.0336    0.0555    0.0930    0.0260    0.1358    0.0853    0.1560
 000366   G  0.131948  0.264504  0.239375    0.0167    0.0646    0.0970    0.0300    0.1357    0.0895    0.1551
 000367   R  0.136857  0.268088  0.230448    0.0395    0.1092    0.0990    0.0340    0.1472    0.0786    0.1586
 000368   G  0.157072  0.259047  0.221406    0.0490    0.0765    0.0990    0.0350    0.1436    0.0764    0.1635
 000369   D  0.167912  0.252475  0.213394    0.0464    0.0799    0.0940    0.0330    0.1424    0.0744    0.1717
 000370   R  0.194046  0.233096  0.206935    0.0395    0.1115    0.0890    0.0310    0.1457    0.0699    0.1768
 000371   V  0.227313  0.206473  0.201104    0.0771    0.1731    0.0770    0.0290    0.1604    0.0610    0.1836
 000372   A  0.254155  0.182635  0.195267    0.0587    0.1162    0.0710    0.0260    0.1464    0.0702    0.1957
 000373   L  0.277844  0.167142  0.189092    0.0441    0.0909    0.0720    0.0250    0.1402    0.0799    0.2080
 000374   Y  0.286800  0.157406  0.185092    0.0414    0.1275    0.0760    0.0240    0.1456    0.0793    0.2187
 000375   L  0.286228  0.172483  0.182545    0.0327    0.0765    0.0720    0.0230    0.1370    0.0860    0.2247
 000376   P  0.267107  0.182356  0.182991    0.0425    0.0967    0.0700    0.0240    0.1403    0.0775    0.2255
 000377   T  0.227956  0.201474  0.183792    0.0245    0.0662    0.0870    0.0310    0.1317    0.0760    0.2151
 000378   G  0.203055  0.219936  0.186292    0.0179    0.0592    0.0980    0.0360    0.1307    0.0766    0.2004
 000379   L  0.167115  0.224601  0.191073    0.0102    0.0568    0.1060    0.0360    0.1259    0.0756    0.1865
 000380   E  0.136566  0.238930  0.198318    0.0081    0.0294    0.1140    0.0350    0.1209    0.0830    0.1715
 000381   A  0.105201  0.234766  0.208003    0.0079    0.0313    0.1280    0.0380    0.1192    0.0833    0.1544
 000382   A  0.081389  0.224800  0.216982    0.0069    0.0405    0.1390    0.0390    0.1183    0.0830    0.1396
 000383   L  0.069356  0.215270  0.226373    0.0082    0.0320    0.1450    0.0360    0.1161    0.0854    0.1256
 000384   A  0.057401  0.203206  0.235429    0.0124    0.0568    0.1430    0.0350    0.1180    0.0819    0.1099
 000385   A  0.052959  0.208434  0.242970    0.0131    0.0835    0.1480    0.0320    0.1248    0.0825    0.0995
 000386   L  0.053241  0.202250  0.250387    0.0279    0.1162    0.1510    0.0310    0.1335    0.0781    0.0906
 000387   A  0.054540  0.229198  0.257484    0.0157    0.0592    0.1390    0.0300    0.1259    0.0912    0.0830
 000388   C  0.050832  0.230290  0.266196    0.0116    0.0662    0.1440    0.0300    0.1282    0.0941    0.0786
 000389   A  0.045438  0.232954  0.273674    0.0066    0.0398    0.1380    0.0310    0.1227    0.1013    0.0749
 000390   R  0.067788  0.234163  0.279032    0.0160    0.0690    0.1440    0.0360    0.1350    0.0946    0.0722
 000391   I  0.071902  0.272372  0.282197    0.0075    0.0389    0.1520    0.0360    0.1374    0.1082    0.0695
 000392   G  0.081699  0.265126  0.284754    0.0090    0.0463    0.1510    0.0370    0.1396    0.1049    0.0725
 000393   A  0.093497  0.274231  0.289183    0.0067    0.0676    0.1660    0.0430    0.1496    0.1046    0.0753
 000394   V  0.101460  0.292480  0.295378    0.0118    0.1229    0.1590    0.0360    0.1638    0.1021    0.0813
 000395   H  0.134229  0.270227  0.302104    0.0218    0.1229    0.1450    0.0330    0.1661    0.0944    0.0913
 000396   A  0.162553  0.272013  0.308901    0.0304    0.0909    0.1610    0.0380    0.1710    0.0962    0.0954
 000397   A  0.183879  0.279299  0.317289    0.0414    0.1424    0.1780    0.0420    0.1905    0.0901    0.1007
 000398   L  0.236600  0.308152  0.327162    0.0286    0.1611    0.1870    0.0480    0.2081    0.0999    0.1074
 000399   P  0.254335  0.335827  0.339207    0.0464    0.2129    0.1770    0.0340    0.2276    0.1004    0.1142
 000400   L  0.279423  0.371507  0.352629    0.0587    0.1643    0.1940    0.0360    0.2367    0.1097    0.1181
 000401   G  0.294698  0.417646  0.367396    0.0587    0.1852    0.2050    0.0480    0.2549    0.1201    0.1204
 000402   L  0.317486  0.437295  0.382261    0.0621    0.2849    0.2220    0.0530    0.2844    0.1206    0.1236
 000403   G  0.347188  0.472645  0.397281    0.0643    0.2034    0.2170    0.0560    0.2836    0.1364    0.1247
 000404   P  0.350591  0.497755  0.411957    0.0858    0.2258    0.2310    0.0670    0.3006    0.1356    0.1250
 000405   E  0.353865  0.498864  0.425168    0.0789    0.3215    0.2700    0.0990    0.3248    0.1321    0.1186
 000406   A  0.366662  0.503527  0.435260    0.0771    0.3117    0.2540    0.1020    0.3247    0.1369    0.1126
 000407   L  0.348529  0.500682  0.443423    0.1178    0.2575    0.2020    0.0740    0.3116    0.1335    0.1113
 000408   R  0.342467  0.510024  0.451266    0.1416    0.2094    0.1890    0.0710    0.3072    0.1380    0.1091
 000409   R  0.343109  0.516821  0.458601    0.1495    0.2224    0.1880    0.0700    0.3130    0.1380    0.1058
 000410   R  0.353278  0.532743  0.462842    0.0744    0.1702    0.1820    0.0640    0.2959    0.1659    0.1011
 000411   L  0.349627  0.522990  0.462054    0.0858    0.2129    0.1710    0.0550    0.3007    0.1574    0.1003
 000412   E  0.349985  0.501269  0.457793    0.0723    0.2224    0.1400    0.0470    0.2906    0.1586    0.1013
 000413   D  0.345791  0.473139  0.450870    0.1117    0.2715    0.1410    0.0480    0.2990    0.1392    0.1020
 000414   L  0.399227  0.443555  0.441911    0.1266    0.1852    0.1480    0.0760    0.2908    0.1392    0.1000
 000415   R  0.399191  0.395939  0.429651    0.0858    0.0851    0.1670    0.1080    0.2605    0.1507    0.1007
 000416   P  0.376635  0.351936  0.416106    0.0514    0.0443    0.1680    0.1140    0.2347    0.1534    0.1054
 000417   R  0.350399  0.307794  0.401860    0.0350    0.0531    0.1650    0.1070    0.2188    0.1431    0.1079
 000418   L  0.323902  0.251509  0.388382    0.0395    0.0870    0.1280    0.0730    0.2030    0.1273    0.1101
 000419   L  0.309792  0.213923  0.375306    0.0363    0.0929    0.1070    0.0570    0.1893    0.1219    0.1131
 000420   V  0.300944  0.184704  0.363890    0.0376    0.1137    0.0930    0.0480    0.1823    0.1160    0.1171
 000421   A  0.325231  0.145440  0.354832    0.0395    0.0765    0.0850    0.0460    0.1711    0.1238    0.1253
 000422   A  0.308876  0.153070  0.348503    0.0884    0.1206    0.0730    0.0400    0.1821    0.1073    0.1319
 000423   D  0.232940  0.143403  0.342897    0.0526    0.0734    0.0640    0.0310    0.1516    0.1055    0.1362
 000424   A  0.206834  0.148407  0.335675    0.0464    0.0676    0.0700    0.0300    0.1459    0.1012    0.1374
 000425   Y  0.207101  0.152605  0.326973    0.0526    0.1206    0.0750    0.0340    0.1557    0.0917    0.1388
 000426   F  0.213710  0.164417  0.318482    0.0514    0.0817    0.0820    0.0350    0.1519    0.0928    0.1375
 000427   Y  0.221301  0.193777  0.309914    0.0455    0.0443    0.0900    0.0340    0.1509    0.0985    0.1331
 000428   R  0.214518  0.220800  0.299832    0.0286    0.0494    0.1060    0.0420    0.1531    0.0986    0.1288
 000429   G  0.209126  0.230474  0.288199    0.0308    0.0676    0.1090    0.0370    0.1559    0.0927    0.1265
 000430   Q  0.166469  0.242443  0.274797    0.0526    0.0909    0.1090    0.0310    0.1561    0.0804    0.1249
 000431   P  0.167529  0.247540  0.260967    0.0677    0.0734    0.1170    0.0380    0.1557    0.0771    0.1255
 000432   V  0.171518  0.248189  0.247096    0.0660    0.0948    0.1170    0.0380    0.1574    0.0712    0.1205
 000433   R  0.199475  0.249713  0.233935    0.0414    0.1137    0.1110    0.0390    0.1581    0.0749    0.1166
 000434   V  0.254623  0.258997  0.221082    0.0395    0.0618    0.1090    0.0450    0.1574    0.0906    0.1186
 000435   R  0.313238  0.259011  0.208564    0.0490    0.0780    0.0980    0.0330    0.1677    0.0984    0.1244
 000436   E  0.363513  0.249564  0.197075    0.0441    0.0799    0.0890    0.0300    0.1706    0.1118    0.1338
 000437   V  0.360045  0.230381  0.189680    0.0935    0.1501    0.0860    0.0300    0.1850    0.0931    0.1452
 000438   V  0.346518  0.211687  0.183683    0.0884    0.1671    0.0650    0.0230    0.1771    0.0917    0.1600
 000439   E  0.328005  0.193354  0.180427    0.0965    0.1070    0.0520    0.0180    0.1595    0.0897    0.1767
 000440   A  0.312462  0.177158  0.177524    0.0587    0.0543    0.0500    0.0180    0.1384    0.0953    0.1972
 000441   A  0.298604  0.169486  0.175578    0.0363    0.0518    0.0500    0.0190    0.1303    0.0943    0.2183
 000442   I  0.263961  0.151623  0.173613    0.0141    0.0275    0.0520    0.0180    0.1139    0.0901    0.2398
 000443   Q  0.192688  0.143076  0.171874    0.0279    0.0414    0.0600    0.0200    0.1062    0.0653    0.2742
 000444   G  0.127699  0.137323  0.171201    0.0179    0.0424    0.0730    0.0250    0.0950    0.0545    0.3067
 000445   L  0.061423  0.135720  0.171888    0.0286    0.0662    0.0820    0.0210    0.0909    0.0483    0.3350
 000446   D  0.046655  0.127264  0.174310    0.0327    0.0799    0.0870    0.0220    0.0912    0.0479    0.3584
 000447   L  0.044208  0.125033  0.179891    0.0308    0.0817    0.0950    0.0300    0.0928    0.0499    0.3714
 000448   K  0.045756  0.122545  0.189378    0.0607    0.0605    0.1070    0.0380    0.0976    0.0493    0.3804
 000449   V  0.047127  0.131949  0.200829    0.1088    0.0543    0.1160    0.0390    0.1099    0.0514    0.3918
 000450   L  0.043233  0.132111  0.213453    0.0587    0.0555    0.1300    0.0340    0.1056    0.0599    0.4072
 000451   W  0.050018  0.133629  0.226267    0.0455    0.0676    0.1480    0.0410    0.1118    0.0646    0.4120
 000452   H  0.065455  0.145966  0.241131    0.0621    0.0483    0.1610    0.0420    0.1206    0.0689    0.4149
 000453   V  0.075701  0.173538  0.257770    0.1178    0.0494    0.1650    0.0410    0.1399    0.0689    0.4151
 000454   R  0.103297  0.213232  0.276277    0.0701    0.0506    0.1700    0.0450    0.1473    0.0804    0.4110
 000455   G  0.123962  0.247921  0.295830    0.0405    0.0414    0.1720    0.0490    0.1536    0.0964    0.4108
 000456   S  0.162703  0.302192  0.317953    0.0813    0.0719    0.1700    0.0590    0.1843    0.0963    0.4109
 000457   P  0.208788  0.348044  0.341986    0.0607    0.0799    0.1700    0.0670    0.2015    0.1132    0.4097
 000458   E  0.293611  0.373736  0.367987    0.1018    0.1115    0.1800    0.0720    0.2380    0.1128    0.4111
 000459   F  0.382883  0.403703  0.394181    0.1178    0.1229    0.1910    0.0730    0.2687    0.1272    0.4160
 000460   L  0.464414  0.426848  0.420223    0.1495    0.2002    0.1940    0.0790    0.3092    0.1297    0.4145
 000461   E  0.544435  0.441928  0.445339    0.2255    0.3019    0.2000    0.0760    0.3599    0.1258    0.4049
 000462   R  0.617359  0.453559  0.468042    0.3456    0.4409    0.2250    0.0870    0.4251    0.1199    0.3983
 000463   L  0.680503  0.482620  0.487278    0.3399    0.3631    0.2430    0.0920    0.4327    0.1393    0.3928
 000464   Y  0.753129  0.491560  0.505309    0.4282    0.4685    0.2470    0.0710    0.4824    0.1485    0.3841
 000465   E  0.803826  0.520000  0.523397    0.3847    0.4409    0.2360    0.0620    0.4849    0.1723    0.3750
 000466   A  0.844700  0.562365  0.541623    0.3939    0.4051    0.2780    0.0610    0.5042    0.1798    0.3665
 000467   R  0.845498  0.605337  0.557138    0.3717    0.4087    0.3110    0.0730    0.5166    0.1791    0.3588
 000468   P  0.837140  0.634812  0.569104    0.3311    0.4087    0.3470    0.0890    0.5214    0.1798    0.3549
 000469   A  0.831642  0.666980  0.580945    0.3225    0.3053    0.4010    0.1060    0.5181    0.1922    0.3510
 000470   E  0.827265  0.710148  0.591651    0.4379    0.3053    0.3710    0.0920    0.5406    0.1863    0.3476
 000471   P  0.825494  0.715170  0.602792    0.4703    0.3053    0.3340    0.0990    0.5422    0.1908    0.3492
 000472   E  0.823105  0.725567  0.610756    0.3806    0.2034    0.3110    0.0890    0.5090    0.2255    0.3564
 000473   P  0.823584  0.697380  0.616264    0.3359    0.2292    0.2850    0.0790    0.4980    0.2249    0.3662
 000474   V  0.830725  0.653069  0.616894    0.3535    0.3249    0.2690    0.0810    0.5081    0.2047    0.3767
 000475   P  0.830381  0.593697  0.615494    0.4556    0.4220    0.2320    0.0800    0.5248    0.1860    0.3919
 000476   A  0.832834  0.532220  0.613518    0.4458    0.4087    0.2050    0.0620    0.5064    0.1926    0.4081
 000477   A  0.798380  0.488360  0.612825    0.4749    0.4369    0.1840    0.0500    0.4993    0.1853    0.4232
 000478   H  0.761064  0.421208  0.610132    0.4825    0.4541    0.1750    0.0410    0.4840    0.1794    0.4308
 000479   P  0.754503  0.386624  0.603837    0.4600    0.4292    0.1630    0.0350    0.4662    0.1834    0.4209
 000480   L  0.729730  0.375912  0.594008    0.4918    0.4652    0.1610    0.0330    0.4696    0.1770    0.4103
 000481   F  0.706102  0.404749  0.582330    0.4825    0.4766    0.1730    0.0290    0.4709    0.1638    0.4042
 000482   L  0.646699  0.461234  0.570549    0.4703    0.4507    0.1860    0.0210    0.4643    0.1427    0.4032
 000483   L  0.566468  0.487017  0.557519    0.4781    0.4369    0.1980    0.0260    0.4540    0.1231    0.4082
 000484   P  0.495009  0.525175  0.543068    0.4651    0.3426    0.2080    0.0370    0.4299    0.1183    0.4166
 000485   T  0.422269  0.554650  0.526549    0.5253    0.3460    0.2430    0.0680    0.4363    0.1124    0.4244
 000486   S  0.384257  0.588575  0.508792    0.4458    0.3182    0.3010    0.1080    0.4245    0.1021    0.4332
 000487   G  0.359124  0.615805  0.488840    0.4078    0.3529    0.3850    0.1480    0.4349    0.0925    0.4230
 000488   S  0.374299  0.634488  0.467365    0.4282    0.3872    0.4020    0.1650    0.4489    0.0883    0.4127
 000489   T  0.409834  0.661902  0.444111    0.4203    0.3910    0.4850    0.1800    0.4687    0.0913    0.4033
 000490   G  0.446411  0.637434  0.420640    0.4037    0.3667    0.4990    0.1800    0.4624    0.0881    0.3939
 000491   K  0.514680  0.645219  0.396533    0.4556    0.3599    0.5380    0.1980    0.4850    0.0946    0.3827
 000492   P  0.595360  0.694473  0.372159    0.5253    0.4441    0.5280    0.1940    0.5265    0.1029    0.3709
 000493   K  0.668470  0.679650  0.347915    0.4879    0.4619    0.5190    0.1730    0.5276    0.1163    0.3616
 000494   G  0.695266  0.616479  0.324287    0.5126    0.5620    0.4960    0.1580    0.5344    0.1151    0.3547
 000495   V  0.717624  0.530319  0.300505    0.4282    0.4541    0.4980    0.1670    0.4881    0.1255    0.3470
 000496   V  0.710053  0.489246  0.275727    0.4245    0.4149    0.4710    0.1800    0.4642    0.1295    0.3376
 000497   H  0.634284  0.426825  0.250703    0.3578    0.3019    0.4860    0.1630    0.4095    0.1266    0.3284
 000498   G  0.537693  0.391812  0.227149    0.3225    0.2752    0.4360    0.1340    0.3651    0.1037    0.3204
 000499   H  0.433489  0.360616  0.205430    0.2385    0.1942    0.3770    0.1170    0.3016    0.0925    0.3116
 000500   G  0.330762  0.317357  0.183324    0.1998    0.1791    0.2860    0.0820    0.2494    0.0637    0.3030
 000501   G  0.230997  0.262160  0.160692    0.1292    0.1759    0.2180    0.0650    0.1961    0.0451    0.2941
 000502   Y  0.135997  0.217286  0.137685    0.1266    0.1251    0.1980    0.0630    0.1568    0.0367    0.2844
 000503   M  0.087304  0.173688  0.118549    0.1088    0.0518    0.1800    0.0690    0.1200    0.0453    0.2815
 000504   V  0.052560  0.145665  0.104007    0.0701    0.0555    0.1670    0.0490    0.0992    0.0443    0.2750
 000505   G  0.034866  0.120735  0.094454    0.0336    0.0313    0.1370    0.0490    0.0753    0.0439    0.2706
 000506   V  0.010408  0.101614  0.087360    0.0502    0.0473    0.0920    0.0240    0.0648    0.0318    0.2652
 000507   A  0.002166  0.077314  0.081963    0.0387    0.0851    0.0690    0.0190    0.0591    0.0297    0.2609
 000508   W  0.000428  0.055361  0.077961    0.0376    0.0870    0.0630    0.0210    0.0535    0.0285    0.2570
 000509   A  0.000438  0.045826  0.075332    0.0425    0.0929    0.0550    0.0170    0.0520    0.0289    0.2491
 000510   L  0.000479  0.048663  0.073680    0.0414    0.0618    0.0520    0.0140    0.0463    0.0229    0.2449
 000511   R  0.000538  0.055459  0.073080    0.0478    0.0294    0.0510    0.0160    0.0428    0.0228    0.2417
 000512   H  0.000597  0.068323  0.072497    0.0279    0.0281    0.0600    0.0170    0.0429    0.0260    0.2388
 000513   V  0.000941  0.081744  0.071174    0.0231    0.0543    0.0940    0.0200    0.0543    0.0328    0.2383
 000514   F  0.001141  0.130148  0.068950    0.0274    0.0734    0.1550    0.0290    0.0761    0.0536    0.2367
 000515   D  0.004173  0.195424  0.066741    0.0414    0.0948    0.2030    0.0460    0.1009    0.0747    0.2409
 000516   L  0.004207  0.275914  0.065677    0.0414    0.0985    0.2270    0.0590    0.1188    0.0990    0.2417
 000517   K  0.004313  0.341482  0.065881    0.0455    0.0909    0.2290    0.0590    0.1294    0.1176    0.2462
 000518   P  0.004251  0.381897  0.065853    0.0554    0.0543    0.2180    0.0560    0.1299    0.1306    0.2518
 000519   G  0.004197  0.374438  0.064485    0.0478    0.0581    0.2210    0.0630    0.1283    0.1291    0.2562
 000520   E  0.004127  0.334019  0.061853    0.0274    0.0380    0.1980    0.0640    0.1106    0.1180    0.2657
 000521   V  0.004098  0.256695  0.058990    0.0245    0.0424    0.1750    0.0650    0.0936    0.0911    0.2658
 000522   F  0.003723  0.186994  0.057184    0.0116    0.0454    0.1220    0.0460    0.0712    0.0646    0.2633
 000523   H  0.003498  0.136253  0.056393    0.0074    0.0443    0.0670    0.0240    0.0524    0.0442    0.2617
 000524   T  0.000366  0.100315  0.057210    0.0109    0.0676    0.0440    0.0110    0.0467    0.0338    0.2593
 000525   T  0.000249  0.078037  0.058674    0.0231    0.0676    0.0350    0.0070    0.0438    0.0270    0.2542
 000526   A  0.000126  0.071039  0.060536    0.0226    0.0662    0.0340    0.0080    0.0424    0.0257    0.2399
 000527   D  0.000122  0.063834  0.062213    0.0218    0.0676    0.0320    0.0070    0.0413    0.0251    0.2274
 000528   L  0.000113  0.063453  0.063827    0.0231    0.0356    0.0320    0.0050    0.0364    0.0223    0.2132
 000529   F  0.000107  0.058208  0.065641    0.0097    0.0263    0.0310    0.0060    0.0318    0.0237    0.1928
 000530   W  0.000066  0.049025  0.067316    0.0059    0.0300    0.0290    0.0050    0.0302    0.0232    0.1761
 000531   I  0.000062  0.044145  0.068935    0.0035    0.0178    0.0310    0.0040    0.0276    0.0239    0.1592
 000532   V  0.000055  0.044444  0.070142    0.0081    0.0165    0.0340    0.0060    0.0289    0.0238    0.1498
 000533   G  0.000021  0.040887  0.071116    0.0097    0.0198    0.0360    0.0070    0.0295    0.0233    0.1408
 000534   H  0.000027  0.041424  0.071767    0.0069    0.0205    0.0380    0.0070    0.0297    0.0240    0.1303
 000535   S  0.000034  0.045611  0.072720    0.0031    0.0202    0.0400    0.0070    0.0302    0.0254    0.1210
 000536   F  0.000109  0.055074  0.074692    0.0033    0.0202    0.0460    0.0100    0.0331    0.0274    0.1133
 000537   G  0.000499  0.073132  0.078330    0.0052    0.0231    0.0510    0.0160    0.0386    0.0309    0.1127
 000538   L  0.002008  0.099488  0.082216    0.0052    0.0143    0.0710    0.0190    0.0458    0.0396    0.1119
 000539   Y  0.008802  0.133224  0.085536    0.0099    0.0148    0.0920    0.0240    0.0574    0.0486    0.1119
 000540   A  0.017676  0.152326  0.087512    0.0124    0.0194    0.1120    0.0370    0.0668    0.0538    0.1171
 000541   P  0.039406  0.155344  0.089537    0.0131    0.0398    0.1390    0.0400    0.0793    0.0531    0.1227
 000542   L  0.057297  0.156025  0.092260    0.0157    0.0780    0.1630    0.0440    0.0938    0.0523    0.1293
 000543   L  0.096890  0.150839  0.097098    0.0327    0.1115    0.1420    0.0440    0.1051    0.0384    0.1381
 000544   L  0.148222  0.143819  0.104386    0.0350    0.1229    0.1100    0.0310    0.1107    0.0375    0.1484
 000545   G  0.218866  0.159555  0.113501    0.0376    0.1349    0.1100    0.0390    0.1290    0.0548    0.1649
 000546   G  0.309465  0.194506  0.122033    0.0455    0.1349    0.1730    0.0830    0.1633    0.0804    0.1811
 000547   T  0.400666  0.219405  0.129012    0.0965    0.2609    0.2780    0.1220    0.2307    0.1004    0.1986
 000548   S  0.476856  0.258605  0.134824    0.0909    0.2541    0.3320    0.1340    0.2579    0.1268    0.2132
 000549   L  0.513373  0.317563  0.141200    0.1698    0.3566    0.3790    0.1330    0.3129    0.1268    0.2298
 000550   L  0.535091  0.409375  0.148845    0.2558    0.4652    0.3850    0.1250    0.3665    0.1291    0.2489
 000551   V  0.595855  0.502954  0.158328    0.3184    0.4652    0.4120    0.1170    0.4087    0.1402    0.2646
 000552   E  0.607664  0.596585  0.169444    0.2963    0.3321    0.4050    0.1010    0.4012    0.1583    0.2810
 000553   D  0.600043  0.664193  0.180543    0.3456    0.3149    0.4650    0.0990    0.4283    0.1671    0.2975
 000554   R  0.573220  0.691191  0.192117    0.3263    0.4119    0.5050    0.1100    0.4500    0.1631    0.3103
 000555   P  0.515899  0.683035  0.203554    0.3399    0.4901    0.4850    0.1260    0.4530    0.1496    0.3250
 000556   D  0.456857  0.673924  0.217951    0.3578    0.4051    0.4320    0.1690    0.4240    0.1359    0.3330
 000557   H  0.414718  0.667748  0.234511    0.3535    0.3774    0.3570    0.1380    0.4008    0.1315    0.3414
 000558   P  0.410171  0.647040  0.253472    0.2700    0.3631    0.2610    0.0600    0.3675    0.1377    0.3477
 000559   S  0.384982  0.627342  0.272158    0.2483    0.2918    0.1970    0.0270    0.3368    0.1417    0.3523
 000560   P  0.325966  0.610425  0.288424    0.3399    0.3740    0.1610    0.0370    0.3499    0.1345    0.3557
 000561   G  0.299198  0.538273  0.303938    0.3668    0.3910    0.1570    0.0380    0.3426    0.1149    0.3551
 000562   A  0.268548  0.464133  0.318647    0.4513    0.4652    0.1490    0.0400    0.3528    0.1188    0.3544
 000563   F  0.236170  0.417263  0.333541    0.3668    0.3910    0.1420    0.0370    0.3144    0.0961    0.3547
 000564   Y  0.224519  0.387074  0.346427    0.3578    0.3019    0.1310    0.0400    0.2915    0.0884    0.3560
 000565   E  0.212868  0.347368  0.358054    0.3053    0.2292    0.1150    0.0470    0.2613    0.0851    0.3595
 000566   R  0.189635  0.307932  0.367843    0.2122    0.2164    0.1100    0.0430    0.2340    0.0831    0.3615
 000567   L  0.157262  0.300086  0.376030    0.1456    0.2034    0.1080    0.0360    0.2150    0.0939    0.3679
 000568   A  0.143776  0.259481  0.383556    0.1566    0.2292    0.1090    0.0310    0.2135    0.0916    0.3740
 000569   H  0.131263  0.270039  0.393446    0.1349    0.1852    0.1190    0.0320    0.2057    0.0982    0.3806
 000570   L  0.123744  0.303753  0.405420    0.1602    0.1399    0.1330    0.0330    0.2110    0.1062    0.3873
 000571   G  0.123964  0.324818  0.418645    0.1178    0.0780    0.1410    0.0370    0.2007    0.1253    0.3956
 000572   V  0.117973  0.299533  0.431916    0.0813    0.0734    0.1570    0.0520    0.1935    0.1305    0.4051
 000573   D  0.101482  0.310278  0.446060    0.0587    0.0909    0.1780    0.0780    0.1975    0.1383    0.4133
 000574   V  0.084679  0.347686  0.457913    0.1117    0.1092    0.1920    0.0890    0.2173    0.1390    0.4212
 000575   L  0.073017  0.345457  0.463841    0.1732    0.1791    0.2050    0.0940    0.2399    0.1281    0.4287
 000576   L  0.083348  0.333680  0.464561    0.1018    0.1611    0.2120    0.0940    0.2261    0.1346    0.4295
 000577   T  0.101959  0.352343  0.462746    0.0991    0.1643    0.1970    0.0740    0.2295    0.1342    0.4257
 000578   S  0.121796  0.375522  0.461488    0.1456    0.2364    0.1960    0.0590    0.2561    0.1230    0.4183
 000579   P  0.137307  0.382260  0.460951    0.1667    0.2752    0.1900    0.0740    0.2688    0.1181    0.4115
 000580   A  0.163997  0.370761  0.462314    0.1698    0.2541    0.1960    0.0830    0.2695    0.1112    0.4025
 000581   V  0.206080  0.361366  0.465716    0.2333    0.3215    0.2130    0.0900    0.3001    0.0936    0.3929
 000582   L  0.248163  0.401022  0.468823    0.1998    0.3426    0.2190    0.0780    0.3132    0.0990    0.3765
 000583   R  0.317236  0.394942  0.469852    0.2483    0.4149    0.2160    0.0760    0.3435    0.0911    0.3581
 000584   T  0.380603  0.420798  0.467290    0.2700    0.4087    0.2500    0.0890    0.3663    0.0795    0.3438
 000585   L  0.428113  0.446229  0.461651    0.3399    0.3910    0.3160    0.1200    0.3972    0.0538    0.3275
 000586   R  0.465861  0.470643  0.453760    0.4116    0.4619    0.3530    0.1440    0.4361    0.0420    0.3106
 000587   R  0.502660  0.499819  0.443379    0.3885    0.4619    0.4020    0.1440    0.4497    0.0439    0.3007
 000588   H  0.533792  0.540524  0.430055    0.3668    0.4256    0.4070    0.1340    0.4507    0.0645    0.3017
 000589   G  0.563227  0.568011  0.413336    0.2786    0.4051    0.4710    0.1550    0.4499    0.0999    0.3070
 000590   E  0.559476  0.602254  0.395364    0.2292    0.3774    0.5120    0.1810    0.4460    0.1265    0.3134
 000591   A  0.552766  0.619826  0.378640    0.2385    0.3392    0.4610    0.1670    0.4317    0.1289    0.3220
 000592   R  0.519379  0.628000  0.362442    0.3005    0.4051    0.4350    0.1570    0.4418    0.1067    0.3295
 000593   P  0.517881  0.579461  0.347212    0.3184    0.4979    0.3380    0.1210    0.4332    0.1019    0.3481
 000594   T  0.544522  0.527181  0.332633    0.3311    0.4409    0.2960    0.0970    0.4120    0.0983    0.3695
 000595   G  0.577436  0.484946  0.320336    0.3225    0.3494    0.2590    0.0970    0.3856    0.1097    0.3895
 000596   L  0.605909  0.424195  0.309308    0.3535    0.4256    0.2220    0.0950    0.3902    0.1190    0.4107
 000597   R  0.580152  0.353954  0.299564    0.2786    0.4582    0.1970    0.0850    0.3612    0.1259    0.4286
 000598   L  0.541656  0.326119  0.290412    0.2865    0.4766    0.1640    0.0700    0.3476    0.1261    0.4180
 000599   A  0.499373  0.318828  0.280234    0.3096    0.3910    0.1530    0.0530    0.3254    0.1053    0.4080
 000600   A  0.459319  0.313882  0.267195    0.3096    0.2849    0.1550    0.0520    0.2982    0.0895    0.4068
 000601   S  0.422189  0.314746  0.252067    0.2333    0.2609    0.1650    0.0580    0.2746    0.0795    0.4061
 000602   V  0.371677  0.310614  0.237198    0.1921    0.1881    0.1550    0.0580    0.2424    0.0758    0.4077
 000603   G  0.295668  0.295643  0.222522    0.1921    0.2034    0.1340    0.0430    0.2238    0.0576    0.4055
 000604   E  0.208947  0.266778  0.207037    0.1178    0.1702    0.1180    0.0210    0.1815    0.0530    0.4083
 000605   V  0.127643  0.237625  0.192233    0.1178    0.1759    0.1000    0.0130    0.1585    0.0479    0.4116
 000606   L  0.090130  0.230460  0.181336    0.1018    0.1671    0.0830    0.0180    0.1424    0.0544    0.4181
 000607   S  0.060003  0.225664  0.174005    0.1732    0.1671    0.0670    0.0160    0.1445    0.0604    0.4266
 000608   P  0.058916  0.223068  0.170209    0.1667    0.1554    0.0620    0.0160    0.1393    0.0598    0.4299
 000609   E  0.061788  0.220548  0.166553    0.1732    0.1349    0.0610    0.0190    0.1364    0.0585    0.4326
 000610   I  0.061352  0.199026  0.162524    0.1732    0.1759    0.0620    0.0180    0.1390    0.0557    0.4295
 000611   W  0.044683  0.187718  0.155092    0.1266    0.1476    0.0650    0.0180    0.1212    0.0504    0.4231
 000612   R  0.033273  0.187457  0.144720    0.1380    0.1583    0.0580    0.0210    0.1200    0.0552    0.4187
 000613   W  0.033449  0.175060  0.132950    0.1380    0.2224    0.0670    0.0260    0.1281    0.0632    0.4121
 000614   T  0.028816  0.169793  0.121522    0.1416    0.1323    0.0730    0.0320    0.1112    0.0468    0.4097
 000615   R  0.029048  0.164037  0.113293    0.1416    0.0662    0.0680    0.0280    0.0971    0.0468    0.4061
 000616   E  0.031548  0.166780  0.109613    0.1266    0.1028    0.0610    0.0240    0.0997    0.0438    0.3990
 000617   H  0.035755  0.146814  0.109409    0.1266    0.1671    0.0550    0.0210    0.1067    0.0473    0.3889
 000618   L  0.032680  0.137503  0.111643    0.1456    0.1823    0.0570    0.0220    0.1110    0.0518    0.3773
 000619   A  0.029413  0.136208  0.116580    0.1380    0.1070    0.0570    0.0200    0.0974    0.0405    0.3698
 000620   W  0.028921  0.157169  0.124678    0.1416    0.1007    0.0650    0.0200    0.1030    0.0445    0.3637
 000621   P  0.023483  0.154980  0.134301    0.1380    0.1449    0.0650    0.0210    0.1100    0.0486    0.3630
 000622   V  0.016080  0.178229  0.143675    0.2122    0.2609    0.0700    0.0210    0.1469    0.0829    0.3618
 000623   D  0.010254  0.181295  0.152638    0.2122    0.2470    0.0820    0.0210    0.1476    0.0799    0.3607
 000624   N  0.011542  0.159147  0.161620    0.2963    0.2752    0.1030    0.0250    0.1679    0.0972    0.3591
 000625   W  0.017244  0.172093  0.173225    0.2748    0.2918    0.1280    0.0430    0.1763    0.0919    0.3531
 000626   W  0.017126  0.182703  0.187547    0.2167    0.2884    0.1390    0.0470    0.1719    0.0827    0.3526
 000627   Q  0.051069  0.219373  0.205029    0.2209    0.2988    0.1450    0.0450    0.1900    0.0766    0.3571
 000628   T  0.065354  0.229452  0.223028    0.2255    0.3321    0.1580    0.0540    0.2057    0.0808    0.3635
 000629   E  0.082260  0.260126  0.242266    0.3184    0.3356    0.1740    0.0660    0.2354    0.0865    0.3706
 000630   L  0.172284  0.292895  0.262883    0.3535    0.3840    0.2090    0.0610    0.2791    0.0745    0.3777
 000631   G  0.265530  0.337567  0.285767    0.3668    0.4685    0.2040    0.0610    0.3214    0.0837    0.3879
 000632   A  0.367502  0.396280  0.310614    0.3630    0.4369    0.2050    0.0530    0.3466    0.0737    0.3982
 000633   P  0.475398  0.450281  0.336500    0.4078    0.5296    0.2330    0.0720    0.4054    0.0974    0.4084
 000634   A  0.576411  0.497963  0.362513    0.3939    0.5211    0.2600    0.0930    0.4353    0.1072    0.4155
 000635   L  0.680414  0.545791  0.388414    0.4037    0.5098    0.2980    0.1150    0.4711    0.1239    0.4222
 000636   P  0.756045  0.591951  0.414242    0.4967    0.5620    0.3030    0.1220    0.5207    0.1423    0.4280
 000637   R  0.851914  0.616973  0.440293    0.5711    0.7120    0.3670    0.1460    0.5933    0.1615    0.4314
 000638   P  0.945352  0.637584  0.466192    0.5008    0.5951    0.3960    0.1460    0.5901    0.1778    0.4335
 000639   P  0.965772  0.665492  0.491609    0.5008    0.6136    0.3950    0.1420    0.6054    0.1833    0.4359
 000640   L  0.982400  0.684237  0.516923    0.4379    0.5055    0.4360    0.1370    0.5939    0.1923    0.4395
 000641   P  0.989565  0.695204  0.542099    0.5296    0.6375    0.3640    0.1390    0.6264    0.1923    0.4425
 000642   A  0.990114  0.703965  0.567450    0.4600    0.6375    0.3620    0.1350    0.6201    0.1998    0.4469
 000643   K  0.989286  0.716389  0.592141    0.4918    0.5854    0.3430    0.1210    0.6197    0.2003    0.4507
 000644   P  0.988750  0.726796  0.616542    0.4879    0.5707    0.3510    0.1200    0.6235    0.1999    0.4563
 000645   G  0.975555  0.730643  0.641301    0.4420    0.5707    0.3840    0.1380    0.6241    0.1952    0.4642
 000646   H  0.945410  0.722713  0.666122    0.5296    0.6620    0.3570    0.1340    0.6471    0.1795    0.4744
 000647   V  0.928650  0.714200  0.689189    0.4967    0.5456    0.3180    0.1180    0.6155    0.1917    0.4873
 000648   G  0.910523  0.710484  0.710046    0.5229    0.4940    0.3170    0.1030    0.6109    0.1902    0.4993
 000649   L  0.893340  0.716600  0.727517    0.4556    0.4801    0.3210    0.0910    0.5990    0.1954    0.5092
 000650   P  0.873909  0.728475  0.741778    0.3885    0.4685    0.2880    0.0530    0.5815    0.2118    0.5166
 000651   L  0.853631  0.776004  0.752942    0.4749    0.5665    0.2810    0.0490    0.6174    0.1982    0.5245
 000652   P  0.832294  0.760710  0.763560    0.4749    0.5419    0.2660    0.0370    0.6065    0.1988    0.5302
 000653   G  0.816184  0.773532  0.775185    0.5084    0.5533    0.3300    0.0670    0.6260    0.1766    0.5333
 000654   V  0.813693  0.769999  0.788297    0.5126    0.5951    0.3610    0.0950    0.6400    0.1660    0.5349
 000655   E  0.828154  0.776376  0.801691    0.5043    0.4725    0.3530    0.1010    0.6227    0.1858    0.5322
 000656   A  0.831136  0.809413  0.813094    0.5173    0.4940    0.3550    0.1080    0.6367    0.1882    0.5328
 000657   R  0.834478  0.831619  0.822176    0.4556    0.5254    0.4140    0.1010    0.6472    0.1851    0.5292
 000658   V  0.838627  0.838226  0.826472    0.5331    0.6043    0.4240    0.1100    0.6775    0.1655    0.5274
 000659   V  0.843179  0.841825  0.829082    0.5473    0.5951    0.4340    0.0880    0.6818    0.1634    0.5222
 000660   D  0.846503  0.843203  0.828884    0.6035    0.6906    0.4460    0.0880    0.7098    0.1482    0.5155
 000661   E  0.852169  0.843936  0.828683    0.5900    0.6620    0.4530    0.0800    0.7050    0.1499    0.5069
 000662   E  0.849564  0.841174  0.825328    0.6442    0.7547    0.4960    0.0960    0.7351    0.1281    0.4980
 000663   G  0.845057  0.834144  0.818615    0.6374    0.6269    0.5480    0.1000    0.7184    0.1179    0.4931
 000664   R  0.841826  0.820175  0.806717    0.6374    0.5456    0.6400    0.1170    0.7152    0.1125    0.4897
 000665   P  0.838375  0.807788  0.791559    0.6412    0.5342    0.6870    0.1130    0.7167    0.1069    0.4933
 000666   L  0.838528  0.793806  0.774112    0.5802    0.5211    0.7400    0.0950    0.7079    0.1162    0.5031
 000667   P  0.844433  0.778918  0.756319    0.5514    0.5254    0.6400    0.1080    0.6828    0.1188    0.5060
 000668   P  0.857393  0.765353  0.737428    0.5473    0.5533    0.5970    0.1100    0.6763    0.1173    0.5110
 000669   G  0.872056  0.748760  0.716840    0.5762    0.6375    0.5920    0.1090    0.6906    0.1021    0.5155
 000670   S  0.886459  0.721792  0.693888    0.6334    0.7505    0.5110    0.1440    0.6996    0.1139    0.5204
 000671   K  0.906022  0.685913  0.669775    0.6174    0.7080    0.4840    0.1350    0.6786    0.1253    0.5253
 000672   G  0.910435  0.648801  0.644935    0.6293    0.6906    0.4390    0.1360    0.6605    0.1377    0.5301
 000673   H  0.913573  0.610015  0.620202    0.5846    0.6269    0.4560    0.1390    0.6352    0.1373    0.5331
 000674   L  0.898425  0.566922  0.595863    0.5762    0.5419    0.4370    0.1350    0.6027    0.1418    0.5342
 000675   V  0.859098  0.526544  0.572396    0.5412    0.5758    0.3850    0.1420    0.5767    0.1416    0.5304
 000676   L  0.812842  0.512672  0.548916    0.4781    0.4652    0.3830    0.1450    0.5335    0.1348    0.5235
 000677   G  0.722233  0.501924  0.524650    0.5514    0.5620    0.3630    0.1510    0.5376    0.1055    0.5115
 000678   A  0.662998  0.500834  0.499462    0.4703    0.5382    0.3710    0.1500    0.5071    0.0869    0.5034
 000679   T  0.631707  0.478574  0.474145    0.4703    0.5139    0.3640    0.1360    0.4887    0.0789    0.4970
 000680   G  0.548255  0.466714  0.449699    0.4703    0.4940    0.3420    0.1240    0.4619    0.0620    0.4926
 000681   P  0.486535  0.443234  0.426657    0.4600    0.4940    0.2890    0.1140    0.4332    0.0687    0.4881
 000682   A  0.443908  0.421018  0.405418    0.4513    0.5296    0.2750    0.1030    0.4210    0.0762    0.4807
 000683   H  0.445436  0.397387  0.385132    0.4458    0.4292    0.2830    0.0860    0.3977    0.0560    0.4733
 000684   M  0.440664  0.419998  0.365583    0.4749    0.4149    0.2600    0.0660    0.3961    0.0688    0.4662
 000685   V  0.435105  0.423858  0.346048    0.4333    0.4979    0.2080    0.0420    0.3908    0.0927    0.4586
 000686   D  0.438879  0.436600  0.326128    0.4781    0.5707    0.2090    0.0610    0.4098    0.1152    0.4542
 000687   L  0.407554  0.444483  0.304847    0.5331    0.5665    0.1920    0.0650    0.4080    0.1288    0.4496
 000688   Q  0.340096  0.456442  0.282527    0.5296    0.4582    0.2400    0.0880    0.3844    0.1041    0.4458
 000689   G  0.317735  0.428535  0.261903    0.4781    0.3910    0.3050    0.0970    0.3637    0.0752    0.4414
 000690   G  0.288338  0.403707  0.242623    0.3885    0.3910    0.3140    0.1120    0.3380    0.0603    0.4381
 000691   R  0.239667  0.378201  0.225007    0.3053    0.3910    0.3150    0.1180    0.3090    0.0625    0.4343
 000692   S  0.167221  0.359072  0.206153    0.2820    0.3840    0.2800    0.0960    0.2797    0.0767    0.4299
 000693   P  0.118195  0.331205  0.188623    0.3096    0.3286    0.1890    0.0680    0.2442    0.0827    0.4249
 000694   W  0.078456  0.306809  0.172350    0.3263    0.3087    0.1730    0.0630    0.2275    0.0921    0.4205
 000695   R  0.073695  0.272094  0.159826    0.2865    0.3529    0.1340    0.0590    0.2132    0.0974    0.4183
 000696   G  0.080309  0.237415  0.149587    0.3096    0.3774    0.1080    0.0420    0.2104    0.1076    0.4154
 000697   G  0.095371  0.213223  0.140999    0.3053    0.3774    0.0960    0.0370    0.2047    0.1063    0.4120
 000698   L  0.094862  0.170259  0.132460    0.3225    0.4619    0.0900    0.0380    0.2119    0.1363    0.4066
 000699   Y  0.091808  0.138016  0.125220    0.3096    0.4652    0.0900    0.0420    0.2033    0.1388    0.3996
 000700   W  0.089290  0.143539  0.121031    0.3146    0.4685    0.0980    0.0440    0.2058    0.1397    0.3911
 000701   T  0.086437  0.175849  0.120129    0.3225    0.3704    0.1130    0.0550    0.1980    0.1092    0.3836
 000702   G  0.084832  0.212216  0.120861    0.3359    0.2918    0.1470    0.0710    0.1988    0.0907    0.3782
 000703   D  0.074727  0.251654  0.122152    0.2558    0.2817    0.1560    0.0500    0.1904    0.0770    0.3741
 000704   L  0.061329  0.288256  0.123737    0.1635    0.1791    0.1770    0.0530    0.1654    0.0683    0.3734
 000705   A  0.041034  0.318805  0.127141    0.2209    0.1942    0.1630    0.0390    0.1775    0.0851    0.3762
 000706   E  0.055307  0.334119  0.131242    0.1602    0.2094    0.1790    0.0490    0.1782    0.0846    0.3770
 000707   M  0.142770  0.340506  0.136538    0.1041    0.1969    0.2270    0.0800    0.1912    0.0780    0.3809
 000708   D  0.230710  0.365136  0.142173    0.1041    0.2034    0.2110    0.1100    0.2093    0.0820    0.3866
 000709   E  0.314029  0.365025  0.148765    0.1349    0.2849    0.2130    0.1090    0.2434    0.0848    0.3943
 000710   E  0.390910  0.345349  0.155834    0.2080    0.3872    0.1890    0.1010    0.2794    0.0974    0.4008
 000711   G  0.472120  0.307803  0.162911    0.3053    0.4119    0.1530    0.0750    0.3022    0.1173    0.4077
 000712   Y  0.554022  0.273955  0.170132    0.3184    0.3149    0.1460    0.0690    0.2962    0.1331    0.4104
 000713   F  0.634407  0.232189  0.177137    0.2483    0.3053    0.1380    0.0600    0.2892    0.1632    0.4122
 000714   R  0.713346  0.206295  0.183013    0.1635    0.2258    0.1430    0.0650    0.2725    0.1990    0.4214
 000715   I  0.763142  0.194430  0.186708    0.2080    0.3053    0.1440    0.0610    0.3003    0.2126    0.4281
 000716   L  0.752306  0.182215  0.188033    0.1698    0.3356    0.1460    0.0600    0.2957    0.2132    0.4331
 000717   G  0.723016  0.178089  0.189027    0.1635    0.3019    0.1650    0.0620    0.2868    0.2008    0.4271
 000718   R  0.703164  0.203832  0.192460    0.2167    0.3286    0.1880    0.0690    0.3055    0.1841    0.4206
 000719   T  0.693136  0.241160  0.198373    0.1732    0.2258    0.1990    0.0650    0.2885    0.1822    0.4172
 000720   E  0.703323  0.261667  0.208542    0.1532    0.2164    0.2000    0.0760    0.2905    0.1873    0.4140
 000721   E  0.711790  0.287877  0.221721    0.0884    0.2328    0.1970    0.0760    0.2900    0.1979    0.4105
 000722   V  0.721727  0.333101  0.237869    0.0884    0.2034    0.2030    0.0850    0.2979    0.2026    0.4059
 000723   I  0.732510  0.351383  0.255423    0.1602    0.3053    0.2150    0.1080    0.3367    0.1872    0.4001
 000724   K  0.737336  0.352131  0.274271    0.1878    0.3321    0.2390    0.1320    0.3538    0.1801    0.3944
 000725   V  0.749744  0.371242  0.293189    0.2255    0.3566    0.2470    0.1400    0.3738    0.1762    0.3930
 000726   G  0.781150  0.374738  0.309566    0.2292    0.4149    0.2370    0.1270    0.3911    0.1869    0.3924
 000727   E  0.805812  0.358345  0.323113    0.3263    0.4256    0.2370    0.1110    0.4126    0.1845    0.3924
 000728   A  0.812296  0.356434  0.335492    0.2963    0.3494    0.2360    0.1000    0.3977    0.1898    0.3923
 000729   R  0.804228  0.363026  0.347888    0.2558    0.2884    0.2350    0.0740    0.3824    0.1941    0.3922
 000730   I  0.800215  0.352619  0.359809    0.1878    0.2884    0.2490    0.0790    0.3730    0.2000    0.3954
 000731   G  0.796111  0.358731  0.371473    0.1178    0.2817    0.2490    0.0900    0.3624    0.2111    0.3993
 000732   P  0.792834  0.367055  0.382443    0.1117    0.2988    0.2730    0.1160    0.3709    0.2083    0.4069
 000733   A  0.791132  0.364885  0.393177    0.1732    0.3704    0.2760    0.1240    0.3948    0.1923    0.4160
 000734   E  0.789336  0.353323  0.403343    0.2700    0.3910    0.2610    0.1250    0.4113    0.1777    0.4238
 000735   V  0.788819  0.344170  0.416249    0.2913    0.3704    0.2530    0.1190    0.4106    0.1772    0.4294
 000736   E  0.787778  0.327937  0.429505    0.2820    0.4507    0.2350    0.1060    0.4188    0.1817    0.4329
 000737   A  0.799022  0.308764  0.443822    0.2483    0.4220    0.2320    0.1010    0.4090    0.1918    0.4292
 000738   V  0.803435  0.302812  0.457358    0.2483    0.3840    0.2390    0.1000    0.4058    0.1934    0.4264
 000739   L  0.796666  0.301999  0.472653    0.2531    0.3872    0.2330    0.0950    0.4074    0.1922    0.4221
 000740   L  0.794228  0.300609  0.488467    0.2385    0.3321    0.2360    0.0960    0.3982    0.1961    0.4185
 000741   T  0.777685  0.320100  0.502445    0.2963    0.4220    0.2320    0.0970    0.4251    0.1804    0.4185
 000742   H  0.776103  0.324725  0.515444    0.2255    0.3529    0.2520    0.1180    0.4077    0.1892    0.4205
 000743   P  0.768019  0.381336  0.527517    0.2041    0.3566    0.2830    0.1440    0.4202    0.1841    0.4269
 000744   Q  0.762930  0.420324  0.540207    0.1698    0.3807    0.3080    0.1530    0.4304    0.1862    0.4331
 000745   V  0.767919  0.444440  0.553807    0.1732    0.3840    0.3340    0.1580    0.4429    0.1853    0.4278
 000746   A  0.774510  0.463074  0.570577    0.2432    0.4582    0.3060    0.1480    0.4692    0.1739    0.4249
 000747   E  0.781232  0.491706  0.591061    0.2531    0.4476    0.2920    0.1250    0.4761    0.1785    0.4216
 000748   A  0.796157  0.513869  0.612415    0.2865    0.4864    0.3030    0.1200    0.4997    0.1757    0.4184
 000749   A  0.806188  0.515737  0.631081    0.3535    0.5707    0.3110    0.1240    0.5313    0.1671    0.4149
 000750   A  0.825437  0.516096  0.646750    0.4458    0.5533    0.3190    0.1170    0.5511    0.1584    0.4111
 000751   V  0.827313  0.523492  0.657716    0.5374    0.6183    0.3170    0.1190    0.5801    0.1544    0.4060
 000752   G  0.837299  0.531914  0.662377    0.4420    0.5254    0.3320    0.1190    0.5552    0.1608    0.4041
 000753   V  0.846442  0.546878  0.660063    0.3992    0.4186    0.3550    0.1050    0.5378    0.1717    0.4037
 000754   P  0.843187  0.558412  0.652905    0.3096    0.3286    0.3420    0.0880    0.5057    0.1980    0.4072
 000755   G  0.837119  0.557783  0.643385    0.2292    0.2575    0.4160    0.1330    0.4901    0.2146    0.4105
 000756   E  0.830754  0.547012  0.633998    0.2385    0.3460    0.4430    0.1420    0.5066    0.1935    0.4124
 000757   T  0.828154  0.540280  0.627189    0.1998    0.3807    0.4360    0.1620    0.5020    0.1975    0.4133
 000758   G  0.823043  0.521707  0.625408    0.2080    0.3392    0.4530    0.1770    0.4950    0.1974    0.4118
 000759   E  0.822735  0.493233  0.625071    0.2432    0.3566    0.4930    0.1990    0.5056    0.1854    0.4107
 000760   E  0.828006  0.462980  0.625848    0.2432    0.3948    0.4820    0.2000    0.5062    0.1834    0.4092
 000761   I  0.834725  0.445372  0.626068    0.2602    0.3182    0.4520    0.1940    0.4895    0.1928    0.4077
 000762   A  0.837619  0.403118  0.628109    0.3491    0.4087    0.3750    0.1560    0.5002    0.1763    0.4109
 000763   V  0.839470  0.345940  0.632078    0.2483    0.4186    0.3420    0.1450    0.4710    0.2026    0.4115
 000764   F  0.843080  0.356766  0.636906    0.3456    0.4979    0.2960    0.1250    0.4960    0.1926    0.4131
 000765   V  0.845112  0.318184  0.639881    0.3359    0.3910    0.2550    0.0900    0.4641    0.2093    0.4085
 000766   V  0.839344  0.385814  0.637710    0.3399    0.3807    0.2390    0.0750    0.4704    0.2041    0.4060
 000767   P  0.824691  0.418848  0.633294    0.2432    0.3983    0.2380    0.0640    0.4593    0.2102    0.4046
 000768   Q  0.820827  0.470078  0.629551    0.2292    0.3117    0.2670    0.0600    0.4547    0.2127    0.4039
 000769   A  0.804434  0.516856  0.628580    0.2483    0.2364    0.3000    0.0730    0.4558    0.2124    0.4071
 000770   R  0.785475  0.538700  0.628547    0.1602    0.2002    0.3130    0.0640    0.4377    0.2297    0.4109
 000771   E  0.761979  0.557979  0.629431    0.0935    0.2002    0.3690    0.0830    0.4354    0.2366    0.4170
 000772   F  0.746313  0.578914  0.632770    0.1349    0.2752    0.3630    0.1030    0.4552    0.2141    0.4220
 000773   P  0.726986  0.606289  0.637376    0.1635    0.2224    0.3200    0.1180    0.4461    0.2187    0.4220
 000774   E  0.699369  0.615966  0.642997    0.2255    0.2752    0.3200    0.1190    0.4631    0.1932    0.4234
 000775   E  0.669067  0.624567  0.647909    0.2122    0.3426    0.3190    0.1230    0.4692    0.1829    0.4244
 000776   L  0.682746  0.628069  0.652924    0.2820    0.4087    0.2530    0.0940    0.4845    0.1774    0.4291
 000777   K  0.643570  0.628682  0.656947    0.3311    0.3872    0.1900    0.0550    0.4730    0.1801    0.4333
 000778   P  0.577053  0.628278  0.658678    0.3096    0.2884    0.1830    0.0520    0.4409    0.1861    0.4308
 000779   L  0.526622  0.622020  0.658870    0.2292    0.2680    0.2000    0.0570    0.4174    0.1903    0.4257
 000780   L  0.482399  0.627171  0.658374    0.1998    0.2951    0.2030    0.0590    0.4110    0.1889    0.4236
 000781   A  0.411568  0.629230  0.659678    0.2041    0.2258    0.1980    0.0570    0.3881    0.1952    0.4219
 000782   E  0.347118  0.644610  0.662123    0.1958    0.2164    0.1910    0.0560    0.3762    0.2029    0.4212
 000783   K  0.301746  0.648282  0.666767    0.2122    0.3426    0.1800    0.0610    0.3919    0.1954    0.4181
 000784   L  0.269436  0.642749  0.674078    0.1998    0.2470    0.1700    0.0550    0.3671    0.2086    0.4121
 000785   K  0.200978  0.618435  0.684341    0.2122    0.2645    0.1600    0.0510    0.3567    0.2115    0.4085
 000786   A  0.177155  0.623693  0.696646    0.1380    0.2783    0.1620    0.0530    0.3460    0.2274    0.4042
 000787   H  0.168275  0.610976  0.708947    0.2292    0.3774    0.1630    0.0560    0.3763    0.2145    0.4007
 000788   I  0.140372  0.595644  0.720320    0.2657    0.3740    0.1750    0.0590    0.3785    0.2140    0.3999
 000789   L  0.114571  0.591379  0.728992    0.2700    0.2849    0.1840    0.0610    0.3623    0.2216    0.3996
 000790   R  0.115566  0.598458  0.736106    0.3491    0.2645    0.2010    0.0750    0.3774    0.2202    0.4031
 000791   H  0.135906  0.595420  0.741613    0.3456    0.2399    0.2280    0.1060    0.3812    0.2162    0.3995
 000792   L  0.132748  0.652667  0.747545    0.2786    0.2575    0.2530    0.1220    0.3870    0.2279    0.3963
 000793   G  0.124416  0.658909  0.752893    0.1732    0.2575    0.2560    0.1350    0.3705    0.2432    0.3956
 000794   P  0.136079  0.679824  0.758576    0.1732    0.2575    0.2940    0.1610    0.3831    0.2442    0.3981
 000795   V  0.144141  0.696409  0.764069    0.2602    0.2575    0.3240    0.1540    0.4077    0.2350    0.4025
 000796   P  0.221638  0.710120  0.772168    0.2558    0.2951    0.3030    0.1600    0.4263    0.2249    0.4033
 000797   P  0.255052  0.720400  0.782807    0.1998    0.3087    0.3300    0.1550    0.4328    0.2299    0.4056
 000798   P  0.286876  0.726352  0.794384    0.2255    0.3182    0.3920    0.1290    0.4572    0.2208    0.4102
 000799   R  0.374890  0.728373  0.803201    0.3005    0.3948    0.4850    0.1420    0.5145    0.1869    0.4132
 000800   V  0.438968  0.725105  0.808557    0.3717    0.4685    0.5050    0.1410    0.5530    0.1582    0.4152
 000801   F  0.517250  0.708431  0.811310    0.3762    0.4831    0.4930    0.1330    0.5649    0.1478    0.4145
 000802   F  0.611138  0.710051  0.810870    0.3717    0.4725    0.4620    0.1260    0.5730    0.1527    0.4206
 000803   R  0.688537  0.726483  0.807980    0.4600    0.4619    0.4810    0.1560    0.6044    0.1413    0.4287
 000804   E  0.765597  0.710087  0.801675    0.4513    0.3872    0.5030    0.1900    0.6032    0.1617    0.4331
 000805   R  0.793939  0.707620  0.794864    0.3535    0.3529    0.5980    0.2200    0.6001    0.1866    0.4327
 000806   L  0.870420  0.702016  0.789306    0.3668    0.4119    0.6620    0.2490    0.6338    0.1854    0.4315
 000807   P  0.946393  0.709403  0.786866    0.3311    0.3117    0.6410    0.2570    0.6210    0.2314    0.4332
 000808   R  0.963611  0.686282  0.785532    0.2963    0.2129    0.6810    0.2280    0.6042    0.2654    0.4327
 000809   T  0.980976  0.679561  0.784732    0.2080    0.1823    0.6860    0.2130    0.5869    0.2944    0.4321
 000810   R  0.998394  0.691240  0.784060    0.1532    0.1671    0.6670    0.1930    0.5769    0.3134    0.4305
 000811   S  0.998997  0.704397  0.784454    0.2209    0.2364    0.6180    0.1920    0.5939    0.2829    0.4287
 000812   G  0.992126  0.708510  0.783616    0.2865    0.2575    0.5800    0.1670    0.6013    0.2631    0.4285
 000813   K  0.990853  0.678345  0.781781    0.3939    0.2817    0.5580    0.1810    0.6141    0.2367    0.4269
 000814   I  0.989579  0.662972  0.780253    0.3225    0.2951    0.5650    0.1740    0.6025    0.2447    0.4239
 000815   L  0.969235  0.655345  0.778896    0.2531    0.2094    0.5120    0.1550    0.5630    0.2720    0.4215
 000816   R  0.958524  0.630338  0.776975    0.2531    0.2292    0.4610    0.1640    0.5516    0.2658    0.4206
 000817   R  0.919703  0.624710  0.772488    0.2700    0.3321    0.5020    0.1720    0.5701    0.2300    0.4200
 000818   L  0.880847  0.628237  0.766999    0.2432    0.3053    0.5360    0.1590    0.5601    0.2296    0.4178
 000819   L  0.842188  0.666434  0.763279    0.2786    0.3286    0.5620    0.1410    0.5736    0.2097    0.4169
 000820   K  0.765057  0.687792  0.761977    0.2700    0.3321    0.5530    0.1310    0.5616    0.1980    0.4186
 000821   A  0.732633  0.678611  0.763962    0.2786    0.3392    0.5580    0.1370    0.5585    0.1886    0.4204
 000822   E  0.710097  0.704703  0.766888    0.2786    0.3426    0.5140    0.1340    0.5528    0.1891    0.4231
 000823   L  0.688743  0.722006  0.770420    0.2748    0.2680    0.5260    0.1140    0.5416    0.2053    0.4252
 000824   L  0.648120  0.730006  0.772678    0.2700    0.2849    0.5340    0.1210    0.5400    0.2000    0.4278
 000825   G  0.612649  0.721566  0.773530    0.2748    0.3807    0.6020    0.1010    0.5609    0.1778    0.4308
 000826   L  0.615933  0.750146  0.774480    0.3491    0.4652    0.6540    0.0950    0.6015    0.1512    0.4337
 000827   D  0.645262  0.753751  0.775335    0.3668    0.3872    0.6800    0.0970    0.6014    0.1645    0.4355
 000828   P  0.667498  0.757289  0.776079    0.3762    0.3983    0.7490    0.0980    0.6208    0.1687    0.4368
 000829   G  0.724954  0.759287  0.775006    0.3578    0.4507    0.7800    0.1000    0.6412    0.1706    0.4377
 000830   D  0.753011  0.763222  0.773439    0.4282    0.5342    0.7800    0.0750    0.6720    0.1386    0.4377
 000831   T  0.775676  0.776904  0.771033    0.4078    0.5342    0.8010    0.0420    0.6778    0.1510    0.4373
 000832   S  0.794254  0.780151  0.768915    0.4333    0.5382    0.8300    0.0320    0.6907    0.1492    0.4364
 000833   G  0.850392  0.783092  0.768333    0.4116    0.5533    0.8370    0.0420    0.7006    0.1621    0.4358
 000834   L  0.884414  0.787337  0.769998    0.4458    0.6427    0.8640    0.0510    0.7323    0.1500    0.4353
 000835   E  0.908178  0.791228  0.775530    0.5549    0.7250    0.9390    0.0680    0.7823    0.1262    0.4350
 000836   E  0.915751  0.800668  0.781753    0.5900    0.7120    0.9360    0.0720    0.7894    0.1179    0.4350
 000837   D  0.925277  0.807900  0.786557    0.6906    0.8013    0.9590    0.0470    0.8284    0.0898    0.4352
 000838   Y  0.923808  0.812007  0.787097    0.7317    0.7799    0.9370    0.0740    0.8286    0.0759    0.4365
 000839   G  0.891145  0.818155  0.785367    0.7388    0.7289    0.9570    0.0350    0.8199    0.0815    0.4377
 000840   A  0.888107  0.826451  0.782999    0.7724    0.7120    0.9650    0.0300    0.8244    0.0824    0.4392
 000841   G  0.935729  0.839252  0.781660    0.8118    0.6712    0.9730    0.0290    0.8354    0.0994    0.4405
 000842   K  0.807586  0.849081  0.780443    0.8424    0.6227    0.9700    0.0290    0.8121    0.1034    0.4411
 000843   A  0.604176  0.854957  0.779878    0.8713    0.5951    0.9500    0.0580    0.7760    0.1342    0.4430
 000844   P  0.961625  0.872364  0.779304    0.9009    0.5620    0.9210    0.0840    0.8328    0.1334    0.4451
