#RESNUM RES     VL-XT     VSL2B       VL3  IUPred-S  IUPred-L  PONDRFIT  FITERROR       MDP  MDPERROR   ANCHOR2
 000001   M  0.781393  0.831757  0.751320    0.8036    0.1942    0.9590    0.0210    0.5950    0.2744    0.2858
 000002   G  0.723317  0.813700  0.731028    0.7772    0.2783    0.9270    0.0520    0.5866    0.2375    0.2727
 000003   R  0.654857  0.796803  0.714074    0.7501    0.1852    0.9120    0.0370    0.5499    0.2593    0.2572
 000004   P  0.642090  0.757493  0.699104    0.7342    0.2541    0.8870    0.0430    0.5458    0.2290    0.2494
 000005   W  0.646439  0.685897  0.682884    0.6219    0.2988    0.8710    0.0460    0.5206    0.2048    0.2413
 000006   V  0.629808  0.632575  0.666875    0.6035    0.3356    0.8200    0.0660    0.5036    0.1814    0.2322
 000007   R  0.616877  0.566118  0.651841    0.5667    0.3321    0.7700    0.1040    0.4752    0.1708    0.2132
 000008   A  0.617515  0.584426  0.641853    0.5374    0.3774    0.8080    0.0850    0.4875    0.1672    0.2085
 000009   R  0.632932  0.580782  0.627124    0.4651    0.3740    0.8050    0.1160    0.4764    0.1717    0.2003
 000010   F  0.685488  0.569819  0.610942    0.4458    0.3249    0.8360    0.0660    0.4770    0.1929    0.2044
 000011   P  0.676553  0.607438  0.601435    0.3806    0.3286    0.8610    0.0270    0.4756    0.2051    0.2069
 000012   E  0.700349  0.625401  0.594335    0.3456    0.3704    0.8710    0.0310    0.4855    0.2078    0.2125
 000013   P  0.693214  0.662369  0.584811    0.3096    0.3704    0.8820    0.0290    0.4863    0.2179    0.2223
 000014   L  0.713264  0.672625  0.579873    0.3359    0.2849    0.8940    0.0310    0.4834    0.2337    0.2397
 000015   P  0.738501  0.691489  0.574301    0.3263    0.2817    0.8170    0.0730    0.4758    0.2242    0.2560
 000016   E  0.768675  0.683803  0.566484    0.3184    0.3631    0.7530    0.1280    0.4812    0.2023    0.2754
 000017   E  0.797237  0.669477  0.550460    0.4116    0.3631    0.6400    0.1600    0.4802    0.1757    0.2952
 000018   A  0.811087  0.645021  0.535260    0.3992    0.3910    0.5270    0.1460    0.4622    0.1701    0.3181
 000019   Q  0.809845  0.606248  0.516338    0.3399    0.3286    0.4200    0.1160    0.4174    0.1886    0.3283
 000020   A  0.819039  0.579003  0.497447    0.3717    0.3599    0.3240    0.0830    0.4089    0.1897    0.3395
 000021   V  0.798142  0.535059  0.479104    0.3630    0.4831    0.2280    0.0690    0.4012    0.1913    0.3392
 000022   A  0.775460  0.511361  0.457140    0.3578    0.3529    0.1770    0.0540    0.3624    0.1984    0.3441
 000023   E  0.705594  0.492774  0.435087    0.3535    0.2470    0.1780    0.0550    0.3295    0.1868    0.3459
 000024   G  0.621816  0.464363  0.413153    0.2432    0.1528    0.1850    0.0610    0.2779    0.1811    0.3544
 000025   F  0.536187  0.426715  0.390209    0.2432    0.2436    0.2130    0.0790    0.2770    0.1347    0.3580
 000026   P  0.444636  0.383995  0.368475    0.1495    0.1476    0.1780    0.0670    0.2172    0.1375    0.3573
 000027   R  0.354435  0.344286  0.347796    0.1566    0.1275    0.1690    0.0670    0.1920    0.1153    0.3566
 000028   V  0.269551  0.341972  0.328831    0.0884    0.1298    0.1550    0.0510    0.1641    0.1132    0.3618
 000029   E  0.211729  0.338612  0.310226    0.0884    0.0929    0.1480    0.0510    0.1466    0.1112    0.3713
 000030   L  0.143537  0.341032  0.297762    0.0813    0.0749    0.1460    0.0450    0.1311    0.1139    0.3880
 000031   D  0.096145  0.331967  0.288655    0.0542    0.0433    0.1370    0.0410    0.1104    0.1221    0.4097
 000032   G  0.152493  0.326518  0.278928    0.0744    0.0765    0.1270    0.0440    0.1261    0.1075    0.4334
 000033   F  0.215807  0.331193  0.270011    0.0464    0.0463    0.1230    0.0480    0.1271    0.1176    0.4157
 000034   W  0.211244  0.308710  0.261495    0.0526    0.0398    0.1240    0.0450    0.1226    0.1107    0.3991
 000035   L  0.215543  0.267796  0.251758    0.0279    0.0327    0.1150    0.0350    0.1098    0.1072    0.4028
 000036   D  0.213723  0.293946  0.244356    0.0425    0.0631    0.0990    0.0210    0.1186    0.1040    0.4151
 000037   L  0.208487  0.320434  0.237919    0.0308    0.0275    0.0840    0.0120    0.1118    0.1178    0.4299
 000038   R  0.198267  0.307419  0.231301    0.0387    0.0327    0.0770    0.0140    0.1090    0.1111    0.4250
 000039   G  0.200814  0.303195  0.223278    0.0336    0.0433    0.0770    0.0190    0.1096    0.1080    0.4181
 000040   L  0.196818  0.294317  0.224484    0.0316    0.0223    0.0780    0.0220    0.1038    0.1096    0.4056
 000041   A  0.131633  0.314468  0.229373    0.0478    0.0433    0.0780    0.0230    0.1026    0.1072    0.3924
 000042   F  0.068206  0.297147  0.231366    0.0218    0.0414    0.0930    0.0310    0.0869    0.1094    0.3721
 000043   P  0.062875  0.293139  0.233842    0.0252    0.0235    0.0980    0.0350    0.0837    0.1111    0.3455
 000044   W  0.051944  0.282294  0.235554    0.0455    0.0398    0.1270    0.0440    0.0911    0.1041    0.3214
 000045   R  0.047132  0.301690  0.232831    0.0414    0.0443    0.1310    0.0540    0.0943    0.1089    0.2972
 000046   R  0.068285  0.289315  0.233132    0.0587    0.0483    0.1480    0.0560    0.1021    0.1002    0.2929
 000047   S  0.095954  0.289563  0.236670    0.0304    0.0518    0.1940    0.0710    0.1103    0.1042    0.3047
 000048   F  0.121909  0.281533  0.245484    0.0316    0.0780    0.2280    0.0790    0.1234    0.1010    0.3212
 000049   E  0.163846  0.284460  0.250444    0.0441    0.0780    0.2340    0.0740    0.1341    0.0986    0.3244
 000050   A  0.213348  0.309861  0.267748    0.0376    0.0631    0.2950    0.0650    0.1532    0.1175    0.3152
 000051   W  0.263560  0.322309  0.281792    0.0554    0.1115    0.3560    0.0570    0.1848    0.1197    0.3047
 000052   P  0.319027  0.353919  0.294054    0.0542    0.1399    0.3290    0.0540    0.1994    0.1216    0.2890
 000053   E  0.377260  0.357066  0.298318    0.1060    0.2129    0.3810    0.0820    0.2390    0.1118    0.2766
 000054   L  0.479135  0.352680  0.303294    0.1018    0.1229    0.4570    0.1200    0.2523    0.1557    0.2731
 000055   A  0.555865  0.347093  0.309311    0.1456    0.2164    0.4360    0.1220    0.2834    0.1447    0.2679
 000056   L  0.629657  0.366792  0.315794    0.1060    0.2129    0.4600    0.1300    0.2959    0.1764    0.2626
 000057   V  0.703292  0.362128  0.322775    0.1292    0.2258    0.5050    0.1310    0.3208    0.1947    0.2409
 000058   P  0.767198  0.375792  0.329353    0.1178    0.2034    0.7620    0.0910    0.3710    0.2594    0.2136
 000059   R  0.817034  0.445102  0.334293    0.2333    0.2918    0.7880    0.0890    0.4292    0.2400    0.1844
 000060   R  0.866071  0.507601  0.342082    0.2748    0.2575    0.7610    0.0880    0.4445    0.2436    0.1719
 000061   A  0.917658  0.590325  0.351530    0.3456    0.2541    0.7520    0.0460    0.4765    0.2468    0.1721
 000062   G  0.954499  0.653630  0.360452    0.4918    0.3566    0.7840    0.0600    0.5401    0.2282    0.1729
 000063   P  0.952533  0.725397  0.370373    0.5084    0.2951    0.8000    0.0620    0.5469    0.2438    0.1710
 000064   A  0.997078  0.759891  0.383028    0.5473    0.2503    0.8180    0.0560    0.5620    0.2656    0.1698
 000065   L  0.982280  0.739811  0.395315    0.6789    0.3426    0.8550    0.0560    0.5998    0.2399    0.1654
 000066   G  0.889670  0.738757  0.411052    0.7388    0.3392    0.8240    0.0930    0.5885    0.2180    0.1628
 000067   R  0.933176  0.737281  0.427664    0.8556    0.4507    0.7770    0.1000    0.6257    0.2052    0.1585
