#RESNUM RES     VL-XT     VSL2B       VL3  IUPred-S  IUPred-L  PONDRFIT  FITERROR       MDP  MDPERROR   ANCHOR2
 000001   M  0.873093  0.760862  0.332215    0.8200    0.0967    0.9710    0.0180    0.5870    0.3213    0.2363
 000002   G  0.887588  0.687512  0.323980    0.7111    0.1298    0.9460    0.0180    0.5604    0.2989    0.2229
 000003   R  0.859414  0.695042  0.321039    0.6756    0.1251    0.9260    0.0200    0.5469    0.2913    0.2130
 000004   L  0.594180  0.698580  0.317992    0.6334    0.1229    0.8900    0.0220    0.4899    0.2580    0.2046
 000005   S  0.564749  0.620057  0.315780    0.5514    0.1501    0.8180    0.0790    0.4506    0.2217    0.1952
 000006   G  0.508461  0.547086  0.317948    0.4703    0.1791    0.7150    0.0990    0.4034    0.1785    0.1876
 000007   K  0.465574  0.470509  0.319621    0.4245    0.1070    0.6030    0.0740    0.3451    0.1635    0.1751
 000008   T  0.424960  0.392729  0.318730    0.3806    0.1298    0.6090    0.0660    0.3229    0.1517    0.1591
 000009   I  0.387013  0.320887  0.314784    0.2385    0.1476    0.5820    0.0850    0.2793    0.1445    0.1377
 000010   L  0.351863  0.294398  0.313570    0.1958    0.1449    0.5110    0.0850    0.2497    0.1283    0.1258
 000011   V  0.334313  0.300218  0.310575    0.1566    0.1399    0.5470    0.0630    0.2463    0.1440    0.1103
 000012   T  0.298332  0.290135  0.306091    0.1532    0.1048    0.4780    0.0610    0.2208    0.1306    0.0981
 000013   G  0.262301  0.292130  0.301937    0.1292    0.1115    0.4800    0.0500    0.2125    0.1326    0.0873
 000014   A  0.228464  0.304287  0.298719    0.0701    0.0676    0.3900    0.0700    0.1767    0.1308    0.0794
 000015   A  0.199525  0.316646  0.298044    0.1322    0.0581    0.2970    0.0630    0.1673    0.1084    0.0741
 000016   S  0.159303  0.323937  0.300582    0.0789    0.0473    0.2170    0.0450    0.1378    0.1152    0.0723
 000017   G  0.123768  0.318514  0.297163    0.0441    0.0454    0.1990    0.0510    0.1218    0.1206    0.0698
 000018   I  0.120826  0.317011  0.298577    0.0336    0.0531    0.1870    0.0570    0.1185    0.1211    0.0676
 000019   G  0.120253  0.318947  0.301970    0.0308    0.0483    0.1770    0.0440    0.1159    0.1234    0.0725
 000020   R  0.111907  0.303222  0.303313    0.0621    0.0749    0.1810    0.0500    0.1223    0.1118    0.0798
 000021   A  0.128501  0.301464  0.306316    0.1018    0.1251    0.1840    0.0670    0.1401    0.0978    0.0862
 000022   A  0.142949  0.297041  0.309933    0.1240    0.1137    0.1760    0.0680    0.1423    0.0952    0.0976
 000023   L  0.155957  0.300910  0.312620    0.1205    0.0690    0.1730    0.0670    0.1366    0.1037    0.1116
 000024   D  0.158729  0.311769  0.316168    0.0660    0.0568    0.1670    0.0710    0.1267    0.1164    0.1286
 000025   L  0.163324  0.302932  0.321580    0.0514    0.0433    0.1710    0.0770    0.1220    0.1210    0.1415
 000026   F  0.178410  0.318917  0.325188    0.0514    0.0581    0.1760    0.0820    0.1305    0.1220    0.1497
 000027   A  0.187706  0.322056  0.329994    0.0308    0.0568    0.1870    0.0880    0.1307    0.1279    0.1533
 000028   R  0.197034  0.326633  0.334744    0.0350    0.0662    0.2100    0.0870    0.1391    0.1278    0.1582
 000029   E  0.205622  0.340820  0.342666    0.0587    0.1373    0.2230    0.0820    0.1609    0.1171    0.1662
 000030   G  0.218419  0.351678  0.350062    0.0701    0.1349    0.2370    0.0820    0.1686    0.1186    0.1647
 000031   A  0.270464  0.349201  0.358915    0.0858    0.0835    0.2490    0.0820    0.1730    0.1268    0.1629
 000032   S  0.327354  0.380831  0.372181    0.0991    0.0592    0.2650    0.0820    0.1886    0.1417    0.1632
 000033   L  0.398382  0.398143  0.388941    0.0701    0.0592    0.2850    0.0790    0.2018    0.1617    0.1591
 000034   V  0.463860  0.399018  0.403662    0.0723    0.1162    0.2950    0.0690    0.2244    0.1632    0.1530
 000035   A  0.518466  0.428788  0.415526    0.0542    0.0888    0.3080    0.0750    0.2330    0.1877    0.1531
 000036   V  0.564285  0.453488  0.424605    0.1060    0.0967    0.3430    0.0950    0.2605    0.1888    0.1565
 000037   D  0.621015  0.469006  0.430860    0.1495    0.1528    0.3610    0.1050    0.2922    0.1840    0.1618
 000038   R  0.681956  0.481939  0.439275    0.1178    0.1528    0.3740    0.1100    0.3015    0.2071    0.1646
 000039   E  0.740501  0.499606  0.450943    0.0991    0.0948    0.3680    0.0860    0.3003    0.2393    0.1689
 000040   E  0.763842  0.509993  0.464117    0.0677    0.0948    0.4070    0.0780    0.3072    0.2539    0.1629
 000041   R  0.782036  0.489153  0.478187    0.0395    0.0765    0.4400    0.0690    0.3046    0.2686    0.1572
 000042   L  0.786172  0.489050  0.496529    0.0567    0.1070    0.4470    0.0660    0.3143    0.2625    0.1525
 000043   L  0.790309  0.513917  0.513432    0.0455    0.0870    0.4410    0.0620    0.3130    0.2731    0.1487
 000044   A  0.790952  0.519742  0.530018    0.0991    0.0799    0.4340    0.0700    0.3206    0.2660    0.1444
 000045   E  0.799356  0.500572  0.541985    0.1266    0.1007    0.4390    0.0680    0.3276    0.2590    0.1383
 000046   A  0.797758  0.501962  0.546949    0.0884    0.0780    0.4410    0.0750    0.3179    0.2714    0.1257
 000047   V  0.789088  0.500521  0.547291    0.1178    0.0780    0.4220    0.0700    0.3179    0.2634    0.1137
 000048   A  0.778244  0.475460  0.546453    0.0621    0.0581    0.4250    0.0720    0.2999    0.2742    0.1034
 000049   A  0.770060  0.496354  0.542186    0.0414    0.0646    0.4310    0.0750    0.3005    0.2760    0.0962
 000050   L  0.772683  0.507314  0.538265    0.0286    0.0349    0.4440    0.0750    0.2980    0.2858    0.0917
 000051   E  0.773195  0.488409  0.534190    0.0279    0.0300    0.4400    0.0840    0.2933    0.2851    0.0902
 000052   A  0.767631  0.454987  0.528853    0.0173    0.0334    0.4270    0.0860    0.2834    0.2823    0.0870
 000053   E  0.758765  0.434863  0.526419    0.0327    0.0734    0.4080    0.0820    0.2846    0.2674    0.0863
 000054   A  0.760349  0.413199  0.524456    0.0643    0.1229    0.3900    0.0870    0.2918    0.2511    0.0835
 000055   I  0.765581  0.385559  0.518254    0.0991    0.1206    0.3820    0.0890    0.2922    0.2445    0.0813
 000056   A  0.775572  0.377988  0.512154    0.0789    0.0690    0.3680    0.0930    0.2783    0.2593    0.0837
 000057   V  0.785890  0.378251  0.504804    0.0771    0.0967    0.3830    0.0930    0.2868    0.2564    0.0863
 000058   V  0.781527  0.383362  0.497124    0.0771    0.1184    0.3720    0.0880    0.2887    0.2503    0.0916
 000059   A  0.777070  0.391092  0.486657    0.1117    0.0948    0.3680    0.0840    0.2904    0.2455    0.0995
 000060   D  0.764550  0.399692  0.473520    0.1117    0.0568    0.4170    0.1020    0.2917    0.2489    0.1063
 000061   V  0.751538  0.439088  0.465905    0.1240    0.0799    0.4810    0.1270    0.3126    0.2416    0.1083
 000062   S  0.758288  0.453587  0.453109    0.0554    0.0780    0.4750    0.1090    0.3034    0.2562    0.1139
 000063   D  0.760911  0.467109  0.436496    0.0554    0.0799    0.4920    0.1170    0.3092    0.2568    0.1235
 000064   P  0.758644  0.471889  0.417399    0.0542    0.0389    0.4830    0.1170    0.3011    0.2630    0.1281
 000065   K  0.763174  0.461274  0.398404    0.0554    0.0543    0.4600    0.1140    0.2991    0.2572    0.1292
 000066   A  0.767446  0.427549  0.382106    0.0567    0.1162    0.4590    0.1030    0.3045    0.2437    0.1345
 000067   V  0.777523  0.406280  0.370280    0.0832    0.0690    0.4280    0.1040    0.2940    0.2467    0.1372
 000068   E  0.776162  0.370852  0.357861    0.1495    0.1048    0.3820    0.1050    0.2971    0.2253    0.1428
 000069   A  0.783886  0.317391  0.342948    0.1178    0.1528    0.3520    0.0920    0.2873    0.2242    0.1429
 000070   V  0.797422  0.281434  0.327036    0.1416    0.1137    0.3110    0.0740    0.2742    0.2314    0.1380
 000071   F  0.791389  0.271751  0.312040    0.1150    0.1137    0.2640    0.0590    0.2592    0.2339    0.1331
 000072   A  0.777005  0.259205  0.293989    0.1060    0.1643    0.2350    0.0600    0.2570    0.2250    0.1363
 000073   E  0.744049  0.274041  0.273165    0.1041    0.1115    0.2400    0.0740    0.2456    0.2191    0.1361
 000074   A  0.710682  0.299979  0.253512    0.0965    0.0835    0.2910    0.1180    0.2469    0.2118    0.1302
 000075   L  0.647446  0.309411  0.234007    0.0490    0.0734    0.2720    0.1090    0.2253    0.2007    0.1259
 000076   E  0.585274  0.310614  0.217948    0.0441    0.0349    0.2000    0.0660    0.1958    0.1890    0.1304
 000077   E  0.527671  0.344920  0.206820    0.0567    0.0349    0.1650    0.0510    0.1881    0.1739    0.1291
 000078   F  0.494867  0.336157  0.196483    0.0502    0.0555    0.1570    0.0530    0.1823    0.1611    0.1247
 000079   G  0.467415  0.305615  0.185037    0.0336    0.0306    0.1470    0.0500    0.1640    0.1569    0.1219
 000080   R  0.399472  0.289924  0.172835    0.0441    0.0306    0.1520    0.0560    0.1528    0.1334    0.1195
 000081   L  0.330394  0.273959  0.160246    0.0425    0.0518    0.1300    0.0490    0.1381    0.1100    0.1222
 000082   H  0.292231  0.228828  0.151418    0.0677    0.1070    0.1060    0.0360    0.1337    0.0820    0.1311
 000083   G  0.233220  0.211558  0.143567    0.0832    0.1070    0.1000    0.0330    0.1225    0.0618    0.1314
 000084   V  0.204351  0.230674  0.135615    0.0677    0.0543    0.1010    0.0310    0.1096    0.0698    0.1321
 000085   A  0.178892  0.246235  0.128498    0.0677    0.0676    0.1120    0.0350    0.1120    0.0667    0.1382
 000086   H  0.150223  0.250289  0.121744    0.0643    0.0704    0.1220    0.0330    0.1095    0.0650    0.1462
 000087   F  0.097857  0.297795  0.114082    0.0542    0.0676    0.1430    0.0470    0.1100    0.0831    0.1529
 000088   A  0.040818  0.296829  0.108409    0.0268    0.0334    0.1420    0.0490    0.0900    0.0961    0.1639
 000089   G  0.027558  0.272869  0.102136    0.0554    0.0888    0.1630    0.0510    0.1013    0.0826    0.1769
 000090   V  0.018219  0.258575  0.097468    0.0297    0.0518    0.1440    0.0440    0.0837    0.0843    0.1912
 000091   A  0.001453  0.255051  0.093457    0.0387    0.0605    0.1160    0.0380    0.0786    0.0823    0.2101
 000092   H  0.001429  0.203810  0.086721    0.0376    0.0851    0.0980    0.0300    0.0710    0.0643    0.2276
 000093   S  0.001432  0.206144  0.085359    0.0395    0.0473    0.0860    0.0250    0.0633    0.0659    0.2321
 000094   A  0.001749  0.205527  0.084611    0.0304    0.0555    0.0890    0.0250    0.0636    0.0661    0.2547
 000095   L  0.001933  0.192964  0.084050    0.0268    0.0870    0.0860    0.0220    0.0658    0.0619    0.2816
 000096   S  0.001970  0.191822  0.084342    0.0363    0.0704    0.0770    0.0180    0.0629    0.0602    0.3085
 000097   W  0.002166  0.206716  0.084913    0.0363    0.0364    0.0820    0.0150    0.0605    0.0671    0.3303
 000098   N  0.002092  0.191465  0.084287    0.0455    0.0749    0.0780    0.0090    0.0653    0.0590    0.3296
 000099   L  0.002437  0.171145  0.082930    0.0308    0.0592    0.0660    0.0060    0.0550    0.0544    0.3254
 000100   P  0.002693  0.172892  0.082005    0.0279    0.0662    0.0540    0.0080    0.0539    0.0554    0.3179
 000101   L  0.003090  0.155056  0.081352    0.0279    0.0605    0.0560    0.0080    0.0504    0.0496    0.3016
 000102   E  0.003133  0.134308  0.080699    0.0350    0.0835    0.0490    0.0100    0.0508    0.0437    0.2817
 000103   A  0.002719  0.137282  0.084268    0.0194    0.0780    0.0500    0.0100    0.0479    0.0467    0.2603
 000104   W  0.002932  0.145916  0.086605    0.0212    0.0780    0.0490    0.0120    0.0496    0.0491    0.2456
 000105   E  0.003293  0.144879  0.092438    0.0279    0.0473    0.0430    0.0100    0.0445    0.0489    0.2103
 000106   K  0.004797  0.144225  0.097299    0.0526    0.0494    0.0440    0.0120    0.0491    0.0472    0.1727
 000107   V  0.006121  0.145023  0.104635    0.0286    0.0320    0.0480    0.0130    0.0434    0.0514    0.1409
 000108   L  0.008010  0.128291  0.108697    0.0304    0.0443    0.0530    0.0110    0.0440    0.0463    0.1162
 000109   R  0.008869  0.116365  0.111242    0.0173    0.0398    0.0610    0.0110    0.0405    0.0460    0.1017
 000110   V  0.010935  0.115417  0.122673    0.0286    0.0690    0.0770    0.0200    0.0502    0.0458    0.0907
 000111   N  0.044013  0.116846  0.130865    0.0212    0.0454    0.1030    0.0270    0.0551    0.0470    0.0846
 000112   L  0.045495  0.121321  0.137587    0.0395    0.0799    0.1190    0.0360    0.0676    0.0445    0.0797
 000113   T  0.073408  0.134686  0.144104    0.0286    0.0799    0.1180    0.0350    0.0724    0.0467    0.0756
 000114   G  0.149817  0.147359  0.148130    0.0363    0.0631    0.1120    0.0310    0.0848    0.0512    0.0716
 000115   S  0.229142  0.153400  0.150659    0.0723    0.0618    0.1150    0.0350    0.1052    0.0616    0.0676
 000116   F  0.309196  0.157338  0.153319    0.0405    0.0618    0.1230    0.0360    0.1153    0.0907    0.0664
 000117   L  0.391963  0.163499  0.157601    0.0218    0.0704    0.1290    0.0360    0.1294    0.1197    0.0683
 000118   V  0.473301  0.190011  0.163529    0.0387    0.1092    0.1210    0.0300    0.1553    0.1410    0.0708
 000119   A  0.554414  0.234527  0.169568    0.0744    0.1759    0.1240    0.0290    0.1939    0.1590    0.0737
 000120   R  0.601965  0.279343  0.175404    0.0789    0.1791    0.1490    0.0480    0.2146    0.1731    0.0767
 000121   K  0.680230  0.319577  0.179379    0.1205    0.1643    0.2000    0.0680    0.2474    0.1925    0.0793
 000122   A  0.730023  0.392348  0.185376    0.1178    0.1048    0.2580    0.0800    0.2671    0.2181    0.0789
 000123   G  0.738286  0.432825  0.192912    0.1178    0.1048    0.3730    0.0820    0.2945    0.2235    0.0794
 000124   E  0.743519  0.468222  0.198664    0.0744    0.1048    0.4310    0.1100    0.3037    0.2380    0.0802
 000125   V  0.749950  0.498386  0.204316    0.0414    0.1048    0.4220    0.1000    0.3028    0.2482    0.0814
 000126   L  0.753555  0.530747  0.209968    0.0414    0.1048    0.4160    0.1020    0.3078    0.2523    0.0836
 000127   E  0.746179  0.533512  0.212287    0.0744    0.1298    0.3630    0.0990    0.3079    0.2386    0.0885
 000128   E  0.749997  0.524385  0.214036    0.1266    0.1702    0.3330    0.1000    0.3174    0.2232    0.0889
 000129   G  0.756709  0.511787  0.213937    0.1205    0.2328    0.2760    0.0710    0.3163    0.2197    0.0863
 000130   G  0.757930  0.460414  0.213765    0.1150    0.1823    0.2130    0.0630    0.2881    0.2246    0.0838
 000131   S  0.722009  0.418516  0.215455    0.1205    0.1881    0.1780    0.0550    0.2711    0.2107    0.0806
 000132   L  0.675107  0.378444  0.216414    0.0677    0.1611    0.1540    0.0450    0.2393    0.2052    0.0768
 000133   V  0.637483  0.336719  0.216400    0.0858    0.1028    0.1290    0.0320    0.2154    0.1957    0.0731
 000134   L  0.553707  0.319425  0.213622    0.0643    0.1028    0.1240    0.0310    0.1941    0.1710    0.0697
 000135   T  0.467259  0.307428  0.212695    0.0297    0.0531    0.1210    0.0320    0.1631    0.1568    0.0660
 000136   G  0.393912  0.294319  0.210030    0.0455    0.0676    0.1150    0.0320    0.1527    0.1302    0.0611
 000137   S  0.307957  0.271186  0.207061    0.0455    0.1206    0.0980    0.0230    0.1406    0.1006    0.0560
 000138   V  0.221593  0.245115  0.204687    0.0304    0.0592    0.0940    0.0240    0.1084    0.0908    0.0530
 000139   A  0.141824  0.228718  0.205404    0.0286    0.0424    0.0940    0.0240    0.0893    0.0833    0.0527
 000140   G  0.100321  0.225906  0.208809    0.0144    0.0349    0.0950    0.0230    0.0785    0.0871    0.0536
 000141   L  0.064345  0.221316  0.203851    0.0109    0.0349    0.0970    0.0230    0.0714    0.0873    0.0541
 000142   G  0.017077  0.222774  0.200634    0.0083    0.0349    0.1010    0.0220    0.0640    0.0926    0.0554
 000143   A  0.013598  0.217287  0.198283    0.0150    0.0356    0.1080    0.0360    0.0649    0.0902    0.0579
 000144   F  0.011981  0.209016  0.196860    0.0274    0.0568    0.1040    0.0370    0.0682    0.0843    0.0616
 000145   G  0.010616  0.196097  0.198954    0.0245    0.0631    0.0910    0.0310    0.0642    0.0824    0.0649
 000146   L  0.009576  0.183238  0.200919    0.0226    0.0372    0.0790    0.0300    0.0553    0.0833    0.0688
 000147   A  0.008740  0.181493  0.201582    0.0124    0.0380    0.0650    0.0270    0.0509    0.0850    0.0731
 000148   H  0.007887  0.177939  0.200041    0.0074    0.0235    0.0540    0.0210    0.0452    0.0866    0.0793
 000149   Y  0.007162  0.177858  0.196327    0.0109    0.0300    0.0560    0.0190    0.0470    0.0844    0.0794
 000150   A  0.004910  0.194892  0.194407    0.0078    0.0364    0.0510    0.0160    0.0492    0.0877    0.0781
 000151   A  0.010913  0.209775  0.192018    0.0059    0.0398    0.0560    0.0190    0.0537    0.0892    0.0777
 000152   G  0.013405  0.231019  0.191766    0.0118    0.0414    0.0550    0.0190    0.0588    0.0930    0.0794
 000153   K  0.016106  0.248681  0.189578    0.0124    0.0349    0.0520    0.0170    0.0607    0.0975    0.0820
 000154   L  0.018957  0.236410  0.185407    0.0083    0.0253    0.0490    0.0150    0.0563    0.0947    0.0827
 000155   G  0.027518  0.216331  0.183157    0.0131    0.0592    0.0430    0.0140    0.0599    0.0848    0.0847
 000156   V  0.037021  0.193382  0.182070    0.0070    0.0341    0.0410    0.0130    0.0520    0.0812    0.0887
 000157   V  0.047399  0.166409  0.183370    0.0144    0.0494    0.0410    0.0140    0.0531    0.0725    0.0957
 000158   G  0.055549  0.140124  0.179451    0.0094    0.0605    0.0380    0.0120    0.0506    0.0666    0.1054
 000159   L  0.087329  0.134221  0.175339    0.0070    0.0568    0.0360    0.0100    0.0536    0.0645    0.1156
 000160   A  0.087315  0.131821  0.171144    0.0137    0.1028    0.0350    0.0100    0.0618    0.0608    0.1294
 000161   R  0.095964  0.132501  0.168504    0.0200    0.0817    0.0400    0.0110    0.0617    0.0580    0.1452
 000162   T  0.100574  0.141918  0.164337    0.0279    0.0985    0.0440    0.0090    0.0689    0.0557    0.1613
 000163   L  0.103831  0.158085  0.161120    0.0160    0.0646    0.0560    0.0120    0.0665    0.0597    0.1723
 000164   A  0.100257  0.183645  0.158561    0.0157    0.0704    0.0590    0.0140    0.0716    0.0635    0.1811
 000165   L  0.099242  0.205335  0.155029    0.0212    0.0799    0.0700    0.0170    0.0793    0.0652    0.1900
 000166   E  0.104306  0.235240  0.150953    0.0226    0.0463    0.0750    0.0200    0.0806    0.0753    0.1966
 000167   L  0.105761  0.247345  0.146926    0.0245    0.0433    0.0980    0.0250    0.0866    0.0772    0.2005
 000168   A  0.076975  0.250711  0.145254    0.0245    0.0817    0.0910    0.0200    0.0875    0.0754    0.2009
 000169   R  0.072968  0.240769  0.141078    0.0128    0.0799    0.1060    0.0160    0.0854    0.0743    0.2035
 000170   K  0.067239  0.225489  0.137151    0.0327    0.0799    0.1200    0.0280    0.0876    0.0658    0.2049
 000171   G  0.072169  0.208933  0.133826    0.0464    0.0531    0.1410    0.0470    0.0869    0.0619    0.2078
 000172   V  0.089604  0.185788  0.129467    0.0268    0.0568    0.1560    0.0610    0.0859    0.0595    0.2047
 000173   R  0.115130  0.162539  0.127701    0.0128    0.0568    0.1460    0.0580    0.0822    0.0565    0.2025
 000174   V  0.159317  0.145158  0.128779    0.0304    0.1137    0.1560    0.0670    0.1007    0.0489    0.2063
 000175   N  0.202160  0.131431  0.130001    0.0425    0.1092    0.1480    0.0580    0.1055    0.0523    0.2147
 000176   V  0.267555  0.115670  0.132628    0.0965    0.1823    0.1510    0.0580    0.1355    0.0603    0.2271
 000177   L  0.361464  0.115397  0.138515    0.0701    0.1399    0.1470    0.0570    0.1390    0.0956    0.2416
 000178   L  0.461632  0.125462  0.145131    0.1380    0.2129    0.1300    0.0490    0.1780    0.1221    0.2526
 000179   P  0.535355  0.139799  0.150904    0.1532    0.1671    0.1160    0.0420    0.1852    0.1483    0.2624
 000180   G  0.623095  0.174544  0.160095    0.1566    0.1969    0.1280    0.0460    0.2131    0.1747    0.2680
 000181   L  0.681185  0.192555  0.167845    0.1041    0.2292    0.1430    0.0550    0.2250    0.1974    0.2774
 000182   I  0.689900  0.221635  0.177727    0.1205    0.1501    0.1400    0.0550    0.2204    0.2015    0.2898
 000183   Q  0.693114  0.251161  0.187332    0.2041    0.1823    0.1430    0.0530    0.2456    0.1915    0.3177
 000184   T  0.656405  0.273043  0.193879    0.1456    0.1162    0.1440    0.0570    0.2225    0.1893    0.3451
 000185   P  0.609292  0.286118  0.196455    0.1878    0.1823    0.1400    0.0520    0.2343    0.1625    0.3731
 000186   M  0.527011  0.283868  0.196456    0.1292    0.1791    0.1290    0.0390    0.2080    0.1420    0.3961
 000187   T  0.435872  0.282639  0.197202    0.2041    0.2645    0.1250    0.0360    0.2186    0.1024    0.4116
 000188   A  0.391893  0.279293  0.204053    0.3005    0.2783    0.1210    0.0380    0.2285    0.0905    0.4234
 000189   G  0.374990  0.270841  0.219938    0.4116    0.3599    0.1230    0.0410    0.2567    0.1066    0.4304
 000190   L  0.351644  0.271103  0.239168    0.3146    0.2988    0.1250    0.0410    0.2268    0.0826    0.4165
 000191   P  0.377153  0.274381  0.256328    0.3184    0.2988    0.1210    0.0400    0.2316    0.0895    0.4019
 000192   P  0.338884  0.277518  0.270857    0.3762    0.4119    0.1250    0.0460    0.2549    0.1033    0.3927
 000193   W  0.333793  0.287925  0.281475    0.4651    0.4256    0.1470    0.0470    0.2766    0.1139    0.3871
 000194   A  0.326200  0.317780  0.289869    0.4825    0.4186    0.1580    0.0520    0.2839    0.1129    0.3968
 000195   W  0.326549  0.339168  0.298577    0.3939    0.4051    0.1730    0.0540    0.2730    0.0912    0.4056
 000196   E  0.342131  0.378951  0.309620    0.3717    0.3426    0.1580    0.0510    0.2655    0.0909    0.4242
 000197   Q  0.379214  0.379929  0.318003    0.3992    0.3807    0.1590    0.0460    0.2830    0.0986    0.4233
 000198   E  0.380453  0.387348  0.323558    0.3578    0.3704    0.1720    0.0480    0.2779    0.0920    0.4101
 000199   V  0.400047  0.403497  0.329629    0.3885    0.4330    0.1950    0.0410    0.3033    0.0965    0.3953
 000200   G  0.427182  0.429041  0.334645    0.3717    0.4541    0.2180    0.0560    0.3167    0.0974    0.3831
 000201   A  0.501819  0.464139  0.345573    0.4703    0.5707    0.2310    0.0750    0.3730    0.1254    0.3728
 000202   S  0.580133  0.501695  0.352139    0.4651    0.4582    0.2150    0.0630    0.3701    0.1307    0.3663
 000203   P  0.656202  0.547573  0.359118    0.4600    0.3910    0.2310    0.0560    0.3809    0.1489    0.3614
 000204   L  0.735876  0.578020  0.363264    0.4600    0.4940    0.2830    0.0750    0.4252    0.1580    0.3572
 000205   G  0.776378  0.607839  0.369113    0.4556    0.4940    0.3210    0.1020    0.4425    0.1642    0.3558
 000206   R  0.769603  0.614895  0.369781    0.5374    0.5620    0.3920    0.1520    0.4793    0.1486    0.3537
 000207   A  0.742884  0.615842  0.367085    0.4918    0.4541    0.4520    0.1690    0.4595    0.1381    0.3605
 000208   G  0.726997  0.606817  0.361595    0.4513    0.3460    0.4640    0.1390    0.4326    0.1477    0.3738
 000209   R  0.717450  0.594210  0.356105    0.3535    0.2541    0.4670    0.1310    0.3976    0.1683    0.3927
 000210   P  0.714201  0.586326  0.354910    0.3578    0.2436    0.3790    0.1260    0.3801    0.1702    0.4198
 000211   E  0.710183  0.559884  0.350657    0.2820    0.2436    0.3460    0.1290    0.3569    0.1754    0.4192
 000212   E  0.704539  0.494872  0.344305    0.2432    0.2951    0.3520    0.1280    0.3482    0.1645    0.3941
 000213   V  0.698579  0.427876  0.338725    0.2432    0.3149    0.3280    0.1060    0.3354    0.1578    0.3731
 000214   A  0.717074  0.372187  0.335359    0.2333    0.2849    0.2620    0.0970    0.3116    0.1722    0.3516
 000215   Q  0.737384  0.329351  0.335733    0.3359    0.3356    0.2150    0.0800    0.3255    0.1743    0.3335
 000216   A  0.758570  0.290500  0.335486    0.3311    0.2436    0.1770    0.0480    0.3001    0.1961    0.3165
 000217   A  0.770582  0.271763  0.333803    0.3146    0.1554    0.1440    0.0300    0.2761    0.2165    0.3036
 000218   L  0.758373  0.262289  0.330064    0.2602    0.1942    0.1260    0.0170    0.2668    0.2125    0.2941
 000219   F  0.701869  0.276203  0.318198    0.1805    0.1942    0.1230    0.0160    0.2459    0.1984    0.2895
 000220   L  0.619655  0.282079  0.305651    0.1958    0.2034    0.1330    0.0240    0.2389    0.1662    0.2935
 000221   L  0.535326  0.289007  0.290822    0.1732    0.1476    0.1580    0.0460    0.2172    0.1426    0.3040
 000222   S  0.452562  0.300781  0.282298    0.1732    0.0851    0.1880    0.0540    0.2000    0.1257    0.3180
 000223   E  0.372295  0.317286  0.277992    0.1322    0.0414    0.2320    0.0630    0.1825    0.1212    0.3288
 000224   E  0.293417  0.324990  0.276702    0.1349    0.0414    0.3060    0.1000    0.1835    0.1143    0.3395
 000225   S  0.239196  0.323025  0.279203    0.1060    0.0581    0.3540    0.1120    0.1801    0.1186    0.3507
 000226   A  0.233515  0.319438  0.283373    0.0660    0.0543    0.3760    0.1020    0.1749    0.1310    0.3595
 000227   Y  0.232358  0.310529  0.285284    0.0935    0.0662    0.3750    0.0900    0.1796    0.1222    0.3705
 000228   I  0.272094  0.301645  0.285421    0.1117    0.0799    0.3510    0.0950    0.1861    0.1116    0.3809
 000229   T  0.332448  0.287974  0.286595    0.1667    0.1251    0.3100    0.0880    0.2038    0.0908    0.3906
 000230   G  0.412798  0.289457  0.285439    0.2333    0.1298    0.2850    0.0910    0.2251    0.0964    0.3980
 000231   Q  0.514244  0.283506  0.284264    0.3005    0.1373    0.2480    0.0920    0.2473    0.1217    0.4014
 000232   A  0.613201  0.265805  0.277939    0.2913    0.2034    0.2310    0.0970    0.2675    0.1447    0.4022
 000233   L  0.702379  0.250268  0.278291    0.2255    0.2328    0.2210    0.0910    0.2720    0.1789    0.4034
 000234   Y  0.785308  0.252342  0.285598    0.2041    0.2436    0.2000    0.0810    0.2809    0.2118    0.4060
 000235   V  0.827228  0.279686  0.297160    0.2122    0.2224    0.1810    0.0610    0.2871    0.2284    0.4068
 000236   D  0.868598  0.298959  0.303641    0.2385    0.1528    0.1970    0.0570    0.2927    0.2461    0.4077
 000237   G  0.854950  0.326687  0.315307    0.2700    0.2064    0.2110    0.0590    0.3115    0.2304    0.4099
 000238   G  0.846820  0.352401  0.330505    0.2865    0.3286    0.2140    0.0610    0.3381    0.2149    0.4115
 000239   R  0.847366  0.369545  0.349035    0.3939    0.4256    0.2310    0.0840    0.3779    0.2023    0.4135
 000240   S  0.821177  0.396410  0.371473    0.4149    0.3149    0.2610    0.1100    0.3681    0.1926    0.4149
 000241   I  0.803387  0.442021  0.392163    0.4116    0.3149    0.2930    0.1100    0.3775    0.1817    0.4142
 000242   V  0.806446  0.477287  0.413956    0.3146    0.3392    0.2630    0.0930    0.3668    0.1923    0.4143
 000243   G  0.799247  0.526153  0.437617    0.3456    0.3667    0.2650    0.1040    0.3837    0.1879    0.4147
 000244   P  0.783305  0.565599  0.458462    0.4333    0.4507    0.3050    0.1220    0.4230    0.1664    0.4146
 000245   P  0.750876  0.587029  0.476233    0.5126    0.5620    0.3980    0.1290    0.4684    0.1351    0.4142
 000246   G  0.787088  0.586264  0.493456    0.5802    0.6806    0.5130    0.1510    0.5246    0.1299    0.4151
 000247   L  0.801248  0.616110  0.516897    0.5583    0.6531    0.5420    0.1690    0.5284    0.1284    0.4148
 000248   P  0.794137  0.652342  0.543248    0.5762    0.6620    0.4930    0.1770    0.5296    0.1331    0.4159
 000249   P  0.791834  0.672616  0.556320    0.5846    0.6227    0.5120    0.1800    0.5306    0.1297    0.4175
 000250   G  0.810927  0.695412  0.569902    0.5941    0.6322    0.6030    0.1780    0.5560    0.1252    0.4201
 000251   F  0.813376  0.718349  0.583061    0.5667    0.5456    0.6630    0.1480    0.5511    0.1357    0.4219
 000252   G  0.816994  0.722620  0.597003    0.6516    0.5758    0.6360    0.1830    0.5672    0.1287    0.4254
 000253   P  0.824654  0.742178  0.608280    0.6715    0.6576    0.6520    0.1810    0.5913    0.1238    0.4263
 000254   K  0.833024  0.751406  0.618297    0.6374    0.6482    0.7950    0.0830    0.6109    0.1325    0.4275
 000255   G  0.803818  0.757742  0.630017    0.6474    0.5901    0.7560    0.1310    0.5925    0.1311    0.4281
 000256   G  0.795692  0.767565  0.639363    0.6604    0.5296    0.8110    0.1010    0.5941    0.1463    0.4289
 000257   E  0.768312  0.773570  0.647207    0.6984    0.5139    0.8140    0.1300    0.5947    0.1474    0.4306
 000258   R  0.722338  0.764733  0.655282    0.8001    0.6227    0.7890    0.1220    0.6164    0.1279    0.4340
 000259   H  0.624818  0.767465  0.671036    0.8118    0.5533    0.7850    0.1080    0.5904    0.1457    0.4386
 000260   A  0.605075  0.779582  0.691289    0.8283    0.4831    0.8340    0.1190    0.5883    0.1714    0.4437
 000261   H  0.477042  0.817962  0.715334    0.8626    0.4582    0.8620    0.0940    0.5796    0.2083    0.4506
 000262   V  0.297963  0.833065  0.744164    0.9392    0.6322    0.7670    0.1100    0.5782    0.2380    0.4591
 000263   L  0.086578  0.842829  0.774643    0.9604    0.6089    0.7910    0.1500    0.5483    0.3119    0.4701
