#RESNUM RES     VL-XT     VSL2B       VL3  IUPred-S  IUPred-L  PONDRFIT  FITERROR       MDP  MDPERROR   ANCHOR2
 000001   M  0.485831  0.685769  0.207674    0.4420    0.0059    0.8890    0.0750    0.4181    0.2924    0.0462
 000002   K  0.372771  0.624689  0.203355    0.3535    0.0048    0.8000    0.0370    0.3592    0.2628    0.0430
 000003   R  0.297443  0.544943  0.198661    0.2602    0.0053    0.7430    0.0740    0.3085    0.2419    0.0391
 000004   G  0.231435  0.398649  0.193900    0.1322    0.0067    0.5370    0.0960    0.2177    0.1768    0.0350
 000005   L  0.250129  0.274644  0.189148    0.0771    0.0057    0.4100    0.0670    0.1695    0.1360    0.0322
 000006   F  0.208917  0.178059  0.184772    0.0554    0.0061    0.4600    0.0810    0.1514    0.1475    0.0303
 000007   V  0.174042  0.110773  0.180538    0.0194    0.0053    0.3900    0.0820    0.1165    0.1315    0.0258
 000008   L  0.153165  0.071340  0.176706    0.0097    0.0064    0.3970    0.1350    0.1063    0.1368    0.0225
 000009   V  0.142817  0.057361  0.173194    0.0033    0.0080    0.3430    0.1410    0.0925    0.1213    0.0197
 000010   L  0.136303  0.053386  0.169966    0.0022    0.0095    0.3050    0.1260    0.0845    0.1097    0.0181
 000011   A  0.110806  0.056277  0.166015    0.0012    0.0099    0.5560    0.1070    0.1224    0.1924    0.0173
 000012   A  0.090080  0.071222  0.163075    0.0026    0.0099    0.4790    0.1230    0.1088    0.1647    0.0167
 000013   L  0.094725  0.092972  0.160763    0.0013    0.0075    0.4180    0.1330    0.1024    0.1428    0.0164
 000014   A  0.093901  0.118271  0.158609    0.0008    0.0075    0.3290    0.1420    0.0915    0.1131    0.0166
 000015   G  0.093078  0.144094  0.157311    0.0006    0.0059    0.3260    0.1360    0.0950    0.1129    0.0181
 000016   L  0.116984  0.175519  0.154699    0.0013    0.0070    0.2970    0.1080    0.0996    0.1050    0.0191
 000017   A  0.184812  0.197491  0.150255    0.0026    0.0107    0.2570    0.0890    0.1088    0.0986    0.0199
 000018   L  0.208637  0.211081  0.144923    0.0033    0.0099    0.2440    0.0770    0.1128    0.0997    0.0226
 000019   G  0.230888  0.239118  0.139174    0.0078    0.0151    0.2090    0.0530    0.1170    0.0993    0.0255
 000020   Q  0.325183  0.246192  0.134284    0.0067    0.0275    0.1750    0.0330    0.1301    0.1150    0.0296
 000021   G  0.419435  0.241619  0.127375    0.0124    0.0555    0.1630    0.0350    0.1487    0.1353    0.0342
 000022   A  0.479308  0.242278  0.120922    0.0226    0.0543    0.1600    0.0540    0.1597    0.1530    0.0398
 000023   M  0.550456  0.240461  0.114047    0.0336    0.0851    0.1570    0.0640    0.1778    0.1716    0.0464
 000024   V  0.608152  0.228575  0.108115    0.0490    0.1184    0.1470    0.0630    0.1918    0.1869    0.0534
 000025   R  0.647345  0.240836  0.102700    0.0813    0.0929    0.1700    0.0750    0.2055    0.1985    0.0634
 000026   V  0.615685  0.262832  0.097008    0.0621    0.1048    0.2190    0.1000    0.2108    0.1884    0.0689
 000027   A  0.620134  0.289112  0.091816    0.0771    0.1162    0.2290    0.0720    0.2219    0.1881    0.0822
 000028   H  0.624582  0.337527  0.088084    0.1150    0.0851    0.2910    0.0850    0.2421    0.1925    0.0966
 000029   L  0.577235  0.379381  0.084654    0.1349    0.0929    0.3280    0.0970    0.2521    0.1802    0.1020
 000030   S  0.515878  0.414058  0.080816    0.0884    0.1048    0.3600    0.1090    0.2472    0.1760    0.1075
 000031   P  0.480606  0.421436  0.076844    0.0514    0.1007    0.3290    0.1060    0.2305    0.1738    0.1103
 000032   D  0.435564  0.438103  0.073560    0.0554    0.1070    0.2680    0.0620    0.2173    0.1623    0.1103
 000033   A  0.417881  0.423106  0.071302    0.0744    0.1373    0.2370    0.0440    0.2149    0.1480    0.1040
 000034   P  0.406316  0.381316  0.070028    0.1060    0.1476    0.1920    0.0510    0.2055    0.1310    0.1006
 000035   A  0.418748  0.351448  0.069481    0.1698    0.1298    0.1730    0.0520    0.2071    0.1246    0.0928
 000036   V  0.458768  0.312995  0.070791    0.1349    0.1323    0.1320    0.0370    0.1952    0.1356    0.0804
 000037   D  0.423014  0.254236  0.070651    0.1240    0.2002    0.0970    0.0270    0.1830    0.1201    0.0757
 000038   V  0.377889  0.212014  0.070624    0.1635    0.1528    0.0860    0.0190    0.1653    0.1023    0.0650
 000039   L  0.356705  0.203407  0.071334    0.1602    0.1206    0.0770    0.0140    0.1531    0.0979    0.0576
 000040   V  0.323416  0.178577  0.070621    0.1805    0.1028    0.0710    0.0130    0.1427    0.0888    0.0534
 000041   N  0.290249  0.165690  0.069906    0.1532    0.1048    0.0690    0.0150    0.1305    0.0768    0.0516
 000042   G  0.247194  0.166561  0.071595    0.0744    0.0985    0.0700    0.0190    0.1094    0.0666    0.0499
 000043   Q  0.199584  0.162297  0.072491    0.0677    0.0543    0.0620    0.0190    0.0910    0.0577    0.0502
 000044   R  0.140522  0.149342  0.073009    0.1041    0.0749    0.0530    0.0150    0.0870    0.0377    0.0515
 000045   A  0.061536  0.143095  0.073050    0.0542    0.0749    0.0510    0.0150    0.0641    0.0335    0.0513
 000046   I  0.058325  0.141616  0.072431    0.0701    0.0506    0.0500    0.0140    0.0617    0.0338    0.0550
 000047   T  0.068939  0.147859  0.073605    0.1349    0.0424    0.0470    0.0130    0.0736    0.0428    0.0650
 000048   G  0.069949  0.152952  0.075840    0.0744    0.0463    0.0500    0.0150    0.0657    0.0375    0.0703
 000049   L  0.072319  0.151112  0.077295    0.0660    0.0414    0.0600    0.0220    0.0651    0.0369    0.0794
 000050   A  0.070512  0.160679  0.079673    0.1292    0.0888    0.0570    0.0180    0.0844    0.0383    0.0880
 000051   F  0.062101  0.157297  0.082042    0.1150    0.1137    0.0570    0.0110    0.0842    0.0374    0.0993
 000052   K  0.053917  0.158934  0.085179    0.1292    0.0799    0.0630    0.0150    0.0808    0.0398    0.1075
 000053   E  0.054861  0.163251  0.089050    0.1041    0.0817    0.0770    0.0220    0.0802    0.0370    0.1151
 000054   V  0.053078  0.169835  0.093254    0.0771    0.0473    0.1020    0.0290    0.0749    0.0434    0.1178
 000055   T  0.050314  0.169228  0.097735    0.0723    0.0473    0.1180    0.0270    0.0762    0.0454    0.1224
 000056   P  0.039981  0.168636  0.101358    0.0567    0.0364    0.1280    0.0330    0.0717    0.0516    0.1266
 000057   Y  0.031214  0.171539  0.105827    0.1088    0.0780    0.1740    0.0500    0.0940    0.0532    0.1223
 000058   I  0.074442  0.173799  0.109318    0.0643    0.0443    0.1780    0.0460    0.0892    0.0553    0.1107
 000059   P  0.168347  0.179508  0.111600    0.0677    0.0275    0.1530    0.0550    0.0994    0.0583    0.1072
 000060   L  0.273813  0.186221  0.113404    0.0677    0.0605    0.1650    0.0690    0.1256    0.0763    0.0987
 000061   P  0.375472  0.197289  0.115316    0.0514    0.0605    0.1340    0.0610    0.1365    0.1113    0.0920
 000062   A  0.476951  0.195626  0.116097    0.1060    0.1275    0.1350    0.0620    0.1735    0.1317    0.0816
 000063   A  0.578194  0.199492  0.117062    0.0789    0.1323    0.1280    0.0600    0.1862    0.1714    0.0738
 000064   K  0.676919  0.209427  0.117875    0.0701    0.1298    0.1120    0.0470    0.1997    0.2097    0.0671
 000065   V  0.777669  0.210413  0.116834    0.1088    0.1611    0.1210    0.0430    0.2298    0.2396    0.0641
 000066   R  0.843532  0.227810  0.115978    0.1240    0.1791    0.1100    0.0300    0.2473    0.2620    0.0611
 000067   V  0.866384  0.235976  0.113178    0.0813    0.1007    0.1180    0.0300    0.2337    0.2796    0.0584
 000068   Q  0.816945  0.254745  0.111496    0.1495    0.1162    0.1420    0.0460    0.2466    0.2520    0.0576
 000069   V  0.789037  0.271205  0.109497    0.1602    0.1184    0.1680    0.0430    0.2512    0.2389    0.0567
 000070   V  0.753558  0.292588  0.107222    0.0884    0.1092    0.1800    0.0450    0.2373    0.2339    0.0533
 000071   P  0.703561  0.296412  0.106933    0.0832    0.1476    0.1670    0.0310    0.2329    0.2143    0.0545
 000072   A  0.649498  0.313107  0.107352    0.0789    0.1424    0.1530    0.0290    0.2229    0.1981    0.0530
 000073   G  0.618815  0.331930  0.105735    0.0771    0.1070    0.1410    0.0190    0.2127    0.1938    0.0546
 000074   Q  0.585715  0.326215  0.104031    0.1060    0.1476    0.1220    0.0170    0.2146    0.1767    0.0549
 000075   D  0.586593  0.306505  0.102696    0.0567    0.0870    0.1100    0.0280    0.1912    0.1884    0.0574
 000076   A  0.580057  0.293988  0.101736    0.1088    0.1373    0.1040    0.0370    0.2039    0.1749    0.0552
 000077   P  0.582517  0.258486  0.100377    0.0587    0.0835    0.0990    0.0390    0.1804    0.1849    0.0541
 000078   V  0.506973  0.224205  0.098333    0.0935    0.1298    0.0850    0.0290    0.1732    0.1503    0.0506
 000079   V  0.440973  0.202691  0.094999    0.0514    0.0780    0.0760    0.0200    0.1415    0.1366    0.0485
 000080   I  0.388330  0.191802  0.093685    0.0858    0.0690    0.0730    0.0160    0.1347    0.1153    0.0471
 000081   D  0.339626  0.182549  0.091366    0.0858    0.0618    0.0670    0.0160    0.1228    0.0998    0.0483
 000082   A  0.271392  0.177779  0.089823    0.0425    0.0543    0.0670    0.0150    0.1022    0.0832    0.0457
 000083   E  0.203124  0.169509  0.085849    0.0316    0.0433    0.0620    0.0150    0.0848    0.0662    0.0460
 000084   L  0.133036  0.157918  0.081999    0.0316    0.0341    0.0590    0.0140    0.0692    0.0498    0.0439
 000085   D  0.062296  0.143154  0.077841    0.0167    0.0253    0.0530    0.0140    0.0501    0.0434    0.0427
 000086   L  0.012449  0.130114  0.072297    0.0102    0.0244    0.0500    0.0150    0.0379    0.0437    0.0386
 000087   K  0.010229  0.119659  0.067575    0.0102    0.0306    0.0550    0.0210    0.0376    0.0397    0.0386
 000088   V  0.007892  0.108700  0.061415    0.0084    0.0134    0.0610    0.0300    0.0333    0.0386    0.0378
 000089   G  0.006464  0.097497  0.056471    0.0150    0.0127    0.0590    0.0270    0.0318    0.0341    0.0404
 000090   V  0.005121  0.086871  0.052909    0.0121    0.0151    0.0540    0.0230    0.0289    0.0306    0.0421
 000091   Y  0.003528  0.072970  0.049511    0.0124    0.0281    0.0490    0.0170    0.0276    0.0251    0.0450
 000092   Y  0.001995  0.066892  0.046127    0.0079    0.0143    0.0400    0.0090    0.0218    0.0245    0.0465
 000093   T  0.001345  0.067033  0.043900    0.0102    0.0181    0.0340    0.0050    0.0217    0.0233    0.0485
 000094   V  0.001261  0.066424  0.041560    0.0042    0.0188    0.0320    0.0080    0.0205    0.0236    0.0487
 000095   A  0.001314  0.068474  0.038858    0.0084    0.0341    0.0320    0.0100    0.0241    0.0228    0.0523
 000096   A  0.001261  0.076871  0.037675    0.0087    0.0198    0.0330    0.0110    0.0233    0.0254    0.0564
 000097   T  0.001306  0.085204  0.036632    0.0194    0.0194    0.0350    0.0110    0.0268    0.0269    0.0619
 000098   G  0.002002  0.091715  0.037306    0.0102    0.0205    0.0430    0.0140    0.0279    0.0301    0.0637
 000099   F  0.003746  0.096831  0.038800    0.0099    0.0364    0.0520    0.0180    0.0331    0.0312    0.0660
 000100   L  0.005725  0.111632  0.041106    0.0097    0.0218    0.0550    0.0190    0.0340    0.0366    0.0690
 000101   A  0.006378  0.121201  0.042499    0.0212    0.0209    0.0530    0.0170    0.0372    0.0383    0.0711
 000102   Q  0.006676  0.126724  0.043075    0.0200    0.0372    0.0540    0.0190    0.0408    0.0391    0.0728
 000103   I  0.007366  0.126208  0.042726    0.0194    0.0690    0.0620    0.0220    0.0473    0.0394    0.0754
 000104   R  0.010662  0.132277  0.042850    0.0194    0.0306    0.0580    0.0210    0.0418    0.0409    0.0825
 000105   P  0.013728  0.135340  0.043417    0.0350    0.0244    0.0520    0.0160    0.0435    0.0405    0.0886
 000106   Q  0.017914  0.132699  0.044475    0.0226    0.0364    0.0550    0.0170    0.0440    0.0391    0.0899
 000107   V  0.021580  0.127171  0.045725    0.0137    0.0473    0.0560    0.0190    0.0444    0.0376    0.0918
 000108   Y  0.024238  0.130024  0.047250    0.0179    0.0356    0.0650    0.0210    0.0455    0.0384    0.0995
 000109   T  0.031809  0.138141  0.052062    0.0182    0.0356    0.0600    0.0150    0.0473    0.0401    0.1081
 000110   D  0.040681  0.135168  0.054529    0.0304    0.0364    0.0660    0.0130    0.0515    0.0366    0.1144
 000111   L  0.049855  0.138481  0.054637    0.0587    0.0518    0.0690    0.0120    0.0613    0.0324    0.1113
 000112   L  0.056671  0.138802  0.054471    0.0425    0.0676    0.0640    0.0120    0.0616    0.0328    0.1094
 000113   S  0.059926  0.139439  0.054216    0.0316    0.0341    0.0550    0.0140    0.0533    0.0372    0.1091
 000114   G  0.062829  0.141916  0.057233    0.0660    0.0690    0.0550    0.0130    0.0658    0.0316    0.1040
 000115   F  0.063225  0.142435  0.060303    0.0376    0.0424    0.0560    0.0130    0.0570    0.0364    0.0978
 000116   F  0.064238  0.143964  0.064846    0.0308    0.0231    0.0510    0.0140    0.0522    0.0409    0.0924
 000117   P  0.061009  0.151631  0.070086    0.0160    0.0227    0.0460    0.0150    0.0496    0.0462    0.0879
 000118   R  0.059220  0.159432  0.078285    0.0167    0.0281    0.0490    0.0150    0.0521    0.0485    0.0829
 000119   A  0.058564  0.152721  0.087846    0.0327    0.0518    0.0530    0.0130    0.0582    0.0419    0.0734
 000120   G  0.058565  0.149277  0.096240    0.0259    0.0581    0.0520    0.0110    0.0573    0.0428    0.0673
 000121   F  0.060345  0.155014  0.107474    0.0226    0.0581    0.0540    0.0120    0.0584    0.0466    0.0636
 000122   A  0.063915  0.169660  0.121555    0.0478    0.0780    0.0570    0.0150    0.0694    0.0474    0.0650
 000123   R  0.079651  0.179973  0.128936    0.0935    0.1501    0.0710    0.0200    0.0957    0.0448    0.0666
 000124   I  0.092503  0.187652  0.134406    0.0744    0.1251    0.0960    0.0300    0.0959    0.0433    0.0668
 000125   R  0.099962  0.206664  0.140618    0.0884    0.0817    0.1270    0.0490    0.1007    0.0484    0.0708
 000126   V  0.109882  0.224437  0.146320    0.1292    0.1731    0.1700    0.0580    0.1345    0.0440    0.0718
 000127   V  0.109978  0.254627  0.156704    0.1495    0.2094    0.1670    0.0450    0.1485    0.0530    0.0765
 000128   H  0.142785  0.305393  0.166383    0.1380    0.1528    0.1640    0.0470    0.1505    0.0641    0.0838
 000129   A  0.179231  0.355316  0.173371    0.0858    0.1007    0.2050    0.0550    0.1544    0.0927    0.0885
 000130   S  0.249402  0.408888  0.184067    0.0884    0.1206    0.2320    0.0570    0.1833    0.1085    0.0966
 000131   P  0.324829  0.447419  0.190237    0.0526    0.1206    0.2390    0.0590    0.1974    0.1338    0.1034
 000132   D  0.374122  0.460834  0.198583    0.1041    0.2164    0.2480    0.0880    0.2339    0.1223    0.1093
 000133   A  0.363268  0.471193  0.206096    0.1292    0.2783    0.2070    0.0650    0.2415    0.1183    0.1105
 000134   P  0.360334  0.450426  0.216577    0.1266    0.2034    0.1790    0.0590    0.2200    0.1179    0.1144
 000135   A  0.372200  0.451622  0.226029    0.2255    0.2193    0.1620    0.0520    0.2384    0.1080    0.1170
 000136   V  0.376648  0.452897  0.233975    0.1602    0.1206    0.1240    0.0410    0.2058    0.1335    0.1208
 000137   D  0.352687  0.407736  0.238252    0.1667    0.1476    0.1030    0.0360    0.1963    0.1175    0.1288
 000138   V  0.307745  0.362458  0.241756    0.1532    0.2064    0.1090    0.0340    0.1899    0.0953    0.1298
 000139   A  0.228952  0.341598  0.245834    0.1266    0.1323    0.0920    0.0270    0.1536    0.0953    0.1318
 000140   V  0.143998  0.310075  0.244528    0.1566    0.1823    0.0830    0.0210    0.1460    0.0837    0.1400
 000141   K  0.073267  0.288207  0.245566    0.1041    0.0985    0.0740    0.0180    0.1063    0.0955    0.1505
 000142   G  0.067151  0.287437  0.249189    0.1018    0.0967    0.0700    0.0190    0.1038    0.0978    0.1622
 000143   G  0.057999  0.285764  0.252218    0.0514    0.0888    0.0670    0.0180    0.0919    0.1055    0.1749
 000144   P  0.035352  0.264051  0.255715    0.0771    0.0888    0.0650    0.0190    0.0883    0.1020    0.1920
 000145   V  0.023368  0.240532  0.256153    0.0660    0.0749    0.0720    0.0200    0.0794    0.1005    0.2024
 000146   L  0.006113  0.245201  0.257392    0.0677    0.0749    0.0810    0.0240    0.0792    0.1039    0.2162
 000147   F  0.005543  0.254813  0.256896    0.1088    0.0676    0.0920    0.0340    0.0881    0.1032    0.2236
 000148   A  0.008400  0.243953  0.257719    0.0771    0.0483    0.0910    0.0340    0.0781    0.1046    0.2270
 000149   G  0.010699  0.247882  0.255825    0.0744    0.0765    0.0960    0.0360    0.0843    0.1016    0.2356
 000150   L  0.013302  0.242508  0.250806    0.0744    0.0605    0.1070    0.0480    0.0830    0.0997    0.2416
 000151   P  0.014108  0.266849  0.248016    0.1150    0.1137    0.1060    0.0410    0.1027    0.0968    0.2402
 000152   F  0.014828  0.278286  0.242212    0.0701    0.0929    0.1550    0.0530    0.1019    0.1019    0.2327
 000153   P  0.020667  0.306064  0.238088    0.0858    0.0929    0.1470    0.0420    0.1088    0.1046    0.2255
 000154   R  0.068464  0.334172  0.243648    0.0660    0.1007    0.1910    0.0590    0.1267    0.1069    0.2151
 000155   A  0.120147  0.360160  0.251092    0.0554    0.0473    0.2520    0.0780    0.1392    0.1224    0.2042
 000156   S  0.161879  0.375274  0.258803    0.0935    0.0835    0.2640    0.0750    0.1630    0.1122    0.1984
 000157   A  0.192323  0.382385  0.262902    0.0832    0.0817    0.2900    0.0770    0.1717    0.1177    0.1938
 000158   Y  0.216062  0.385659  0.264404    0.1635    0.1759    0.2830    0.0810    0.2041    0.0871    0.1947
 000159   A  0.302864  0.369865  0.263765    0.1292    0.1476    0.2650    0.0860    0.2024    0.0950    0.2016
 000160   S  0.380523  0.366754  0.263281    0.1456    0.1476    0.2530    0.0890    0.2155    0.1027    0.2091
 000161   V  0.477563  0.354263  0.255444    0.1495    0.1914    0.2730    0.0940    0.2409    0.1161    0.2170
 000162   P  0.569959  0.349288  0.250878    0.1322    0.1373    0.2330    0.0750    0.2369    0.1553    0.2290
 000163   A  0.614419  0.324340  0.244383    0.1766    0.2364    0.2290    0.0620    0.2635    0.1509    0.2393
 000164   G  0.647862  0.316805  0.240181    0.1292    0.2193    0.2330    0.0680    0.2577    0.1706    0.2506
 000165   T  0.701866  0.310204  0.234635    0.1240    0.1823    0.2560    0.0660    0.2624    0.1923    0.2668
 000166   Y  0.753928  0.301862  0.227893    0.1566    0.2258    0.2860    0.0740    0.2874    0.2010    0.2777
 000167   D  0.787362  0.313456  0.223252    0.1266    0.1583    0.2730    0.0850    0.2764    0.2242    0.2894
 000168   L  0.753050  0.327457  0.221993    0.1566    0.1583    0.2680    0.0860    0.2773    0.2085    0.2904
 000169   E  0.729540  0.322421  0.222237    0.1698    0.1643    0.2700    0.0940    0.2760    0.1977    0.2824
 000170   V  0.689495  0.311642  0.222046    0.1732    0.2094    0.2800    0.0940    0.2773    0.1778    0.2688
 000171   R  0.639078  0.299584  0.222731    0.1178    0.1373    0.2820    0.0940    0.2459    0.1768    0.2590
 000172   A  0.615615  0.286953  0.225831    0.1878    0.2224    0.2950    0.0970    0.2680    0.1485    0.2518
 000173   A  0.603214  0.265395  0.227163    0.1088    0.1942    0.2580    0.0840    0.2383    0.1598    0.2474
 000174   G  0.592724  0.254355  0.230031    0.1602    0.1643    0.2330    0.0730    0.2341    0.1524    0.2471
 000175   T  0.597752  0.245867  0.231553    0.1602    0.1823    0.2170    0.0670    0.2338    0.1533    0.2450
 000176   A  0.627478  0.243980  0.234312    0.1041    0.1070    0.1910    0.0600    0.2123    0.1813    0.2418
 000177   T  0.661584  0.237178  0.237289    0.1844    0.1942    0.1770    0.0520    0.2424    0.1759    0.2484
 000178   V  0.686165  0.235345  0.242007    0.1060    0.2034    0.1520    0.0560    0.2304    0.1959    0.2546
 000179   A  0.694213  0.234266  0.245359    0.1805    0.2884    0.1230    0.0490    0.2533    0.1908    0.2713
 000180   L  0.712337  0.241781  0.249441    0.1844    0.2609    0.1080    0.0340    0.2512    0.1991    0.2929
 000181   D  0.700283  0.256580  0.254460    0.2531    0.2609    0.1070    0.0190    0.2630    0.1897    0.3102
 000182   L  0.656377  0.276942  0.257708    0.2333    0.1731    0.1070    0.0230    0.2412    0.1810    0.3198
 000183   P  0.599950  0.292708  0.260265    0.2041    0.2129    0.1060    0.0220    0.2360    0.1605    0.3272
 000184   G  0.533250  0.309882  0.258892    0.1667    0.1852    0.1140    0.0230    0.2182    0.1437    0.3304
 000185   V  0.475093  0.327005  0.255077    0.1667    0.1007    0.1360    0.0360    0.2008    0.1351    0.3355
 000186   E  0.423091  0.348848  0.251323    0.1178    0.0765    0.1320    0.0340    0.1830    0.1342    0.3477
 000187   L  0.380613  0.351189  0.246146    0.0832    0.0631    0.1350    0.0350    0.1688    0.1315    0.3545
 000188   E  0.315405  0.352720  0.247322    0.0660    0.0592    0.1260    0.0380    0.1532    0.1239    0.3548
 000189   P  0.261819  0.320027  0.244112    0.0660    0.0929    0.1090    0.0350    0.1417    0.1048    0.3486
 000190   G  0.213886  0.284891  0.242130    0.0858    0.0690    0.1140    0.0420    0.1279    0.0918    0.3386
 000191   K  0.192891  0.240201  0.241901    0.1322    0.1137    0.1090    0.0410    0.1313    0.0692    0.3331
 000192   V  0.170824  0.201251  0.242528    0.0701    0.1162    0.1020    0.0430    0.1101    0.0721    0.3324
 000193   Y  0.147324  0.158539  0.245879    0.1088    0.1823    0.0850    0.0280    0.1137    0.0660    0.3377
 000194   T  0.116663  0.137074  0.247475    0.1060    0.1671    0.0680    0.0180    0.0992    0.0699    0.3380
 000195   V  0.079228  0.129868  0.246058    0.1060    0.1070    0.0680    0.0190    0.0816    0.0717    0.3382
 000196   F  0.041793  0.128144  0.242334    0.1566    0.1702    0.0690    0.0190    0.0942    0.0776    0.3378
 000197   A  0.040603  0.144948  0.239887    0.0858    0.1048    0.0720    0.0200    0.0748    0.0757    0.3280
 000198   V  0.028651  0.173832  0.236698    0.1380    0.1162    0.0880    0.0250    0.0908    0.0763    0.3237
 000199   G  0.021938  0.213215  0.236616    0.0858    0.1229    0.1100    0.0370    0.0923    0.0834    0.3203
 000200   S  0.019057  0.245117  0.234843    0.0464    0.0690    0.1350    0.0420    0.0857    0.0969    0.3269
 000201   L  0.017249  0.278920  0.233452    0.0554    0.0443    0.1650    0.0420    0.0935    0.1071    0.3330
 000202   K  0.021833  0.314201  0.240862    0.0405    0.0506    0.1850    0.0450    0.1020    0.1184    0.3309
 000203   E  0.034718  0.313191  0.248560    0.0425    0.0631    0.2170    0.0650    0.1117    0.1179    0.3350
 000204   G  0.059160  0.302114  0.258600    0.0771    0.1206    0.2550    0.0940    0.1357    0.1054    0.3310
 000205   T  0.088590  0.281847  0.266631    0.0567    0.0765    0.2700    0.0950    0.1289    0.1094    0.3354
 000206   L  0.111983  0.238402  0.274319    0.0858    0.0719    0.2680    0.0870    0.1293    0.0980    0.3388
 000207   T  0.139220  0.196871  0.275982    0.0991    0.1399    0.2380    0.0650    0.1355    0.0767    0.3418
 000208   V  0.165205  0.169457  0.276553    0.0744    0.1671    0.2510    0.0760    0.1379    0.0803    0.3446
 000209   V  0.197639  0.146092  0.275871    0.1150    0.2470    0.2210    0.0890    0.1545    0.0722    0.3451
 000210   P  0.234968  0.139735  0.275137    0.1150    0.2503    0.2220    0.0920    0.1603    0.0743    0.3449
 000211   V  0.272882  0.143814  0.273478    0.1178    0.2470    0.3290    0.1460    0.1851    0.0879    0.3343
 000212   V  0.298206  0.151415  0.273221    0.1844    0.3087    0.4920    0.1410    0.2390    0.1183    0.3250
 000213   D  0.318573  0.174736  0.273086    0.2333    0.2884    0.4440    0.0970    0.2431    0.0946    0.3195
 000214   A  0.348853  0.226944  0.273870    0.2558    0.2399    0.4640    0.1260    0.2560    0.0944    0.3039
 000215   T  0.371741  0.319876  0.273703    0.3053    0.2129    0.5230    0.0730    0.2889    0.1073    0.2968
 000216   V  0.388133  0.428236  0.272538    0.3491    0.1731    0.5850    0.1190    0.3206    0.1359    0.2850
 000217   L  0.428604  0.563176  0.271162    0.4781    0.2470    0.6110    0.1070    0.3880    0.1437    0.2800
 000218   G  0.539737  0.674959  0.270203    0.5229    0.1969    0.6910    0.0380    0.4376    0.1934    0.2732
 000219   G  0.418121  0.777376  0.265992    0.6293    0.2645    0.7560    0.0510    0.4743    0.2183    0.2679
 000220   N  0.399333  0.845430  0.265201    0.7275    0.3392    0.8540    0.0470    0.5275    0.2477    0.2623
 000221   R  0.620979  0.894676  0.266082    0.7418    0.2503    0.9370    0.0260    0.5741    0.2782    0.2557
