#RESNUM RES     VL-XT     VSL2B       VL3  IUPred-S  IUPred-L  PONDRFIT  FITERROR       MDP  MDPERROR   ANCHOR2
 000001   M  0.936238  0.721004  0.283747    0.8074    0.1399    0.9100    0.0380    0.5857    0.3123    0.2716
 000002   P  0.677201  0.675177  0.280601    0.7317    0.1349    0.8650    0.0410    0.5140    0.2651    0.2740
 000003   G  0.589857  0.621960  0.276684    0.6124    0.1759    0.8390    0.0760    0.4732    0.2295    0.2695
 000004   R  0.674409  0.569241  0.273737    0.5296    0.1162    0.7600    0.0800    0.4415    0.2286    0.2749
 000005   V  0.568760  0.481533  0.272303    0.4918    0.0780    0.6780    0.0750    0.3831    0.2035    0.2810
 000006   V  0.494897  0.392234  0.265663    0.3630    0.0780    0.6370    0.0550    0.3275    0.1803    0.2938
 000007   L  0.445544  0.310958  0.258819    0.2385    0.0555    0.5290    0.0900    0.2633    0.1581    0.3177
 000008   T  0.436569  0.261601  0.252025    0.1635    0.0424    0.5820    0.1260    0.2476    0.1811    0.3433
 000009   E  0.407340  0.225870  0.246985    0.0744    0.0443    0.5230    0.1650    0.2125    0.1748    0.3589
 000010   A  0.378626  0.195739  0.241343    0.0350    0.0618    0.6050    0.1330    0.2127    0.1987    0.3707
 000011   A  0.338173  0.176394  0.237231    0.0194    0.0835    0.6000    0.1680    0.2029    0.1940    0.3946
 000012   L  0.319594  0.170173  0.234071    0.0297    0.0704    0.4750    0.1450    0.1776    0.1557    0.4212
 000013   A  0.311762  0.170265  0.232578    0.0279    0.0690    0.3920    0.1110    0.1619    0.1336    0.4218
 000014   S  0.317935  0.170969  0.234869    0.0160    0.0690    0.3550    0.0990    0.1548    0.1291    0.3888
 000015   L  0.330984  0.175618  0.235948    0.0212    0.0433    0.3110    0.0860    0.1470    0.1265    0.3683
 000016   L  0.334749  0.179019  0.235979    0.0376    0.0433    0.2920    0.0600    0.1478    0.1209    0.3544
 000017   A  0.334743  0.171000  0.236101    0.0387    0.0676    0.2830    0.0430    0.1492    0.1149    0.3542
 000018   L  0.345597  0.166612  0.234531    0.0425    0.0870    0.2960    0.0490    0.1562    0.1149    0.3594
 000019   V  0.388826  0.180088  0.236584    0.0414    0.0646    0.2870    0.0550    0.1604    0.1277    0.3692
 000020   A  0.425597  0.192609  0.237588    0.0274    0.0704    0.2960    0.0560    0.1687    0.1398    0.3759
 000021   H  0.422123  0.204027  0.240605    0.0286    0.0704    0.3010    0.0610    0.1710    0.1392    0.3798
 000022   E  0.422201  0.235276  0.249581    0.0455    0.0851    0.3020    0.0650    0.1817    0.1340    0.4010
 000023   V  0.425535  0.258786  0.261495    0.0621    0.0851    0.3180    0.0660    0.1916    0.1343    0.4256
 000024   P  0.416134  0.286815  0.275501    0.0832    0.1048    0.3110    0.0660    0.2003    0.1257    0.4231
 000025   G  0.444505  0.309090  0.291947    0.0464    0.1137    0.3180    0.0640    0.2053    0.1425    0.3992
 000026   V  0.468304  0.329243  0.309454    0.0813    0.1759    0.3040    0.0730    0.2264    0.1326    0.3840
 000027   V  0.477394  0.332880  0.325782    0.1495    0.1852    0.2750    0.0760    0.2367    0.1203    0.3709
 000028   G  0.460671  0.339423  0.339398    0.1921    0.2094    0.2560    0.0750    0.2429    0.1079    0.3615
 000029   M  0.465886  0.347266  0.354432    0.2209    0.2918    0.2380    0.0590    0.2606    0.1013    0.3529
 000030   A  0.509712  0.367372  0.368932    0.2963    0.2609    0.2180    0.0610    0.2753    0.1126    0.3417
 000031   P  0.521907  0.383665  0.383026    0.3399    0.2164    0.2290    0.0750    0.2818    0.1216    0.3276
 000032   A  0.539588  0.400627  0.397817    0.2602    0.2002    0.2640    0.0980    0.2774    0.1322    0.3131
 000033   G  0.576603  0.408519  0.411315    0.1878    0.1881    0.2700    0.1090    0.2719    0.1555    0.3072
 000034   L  0.599761  0.417882  0.423596    0.2700    0.2609    0.2510    0.1130    0.2999    0.1437    0.3041
 000035   K  0.608533  0.418047  0.436105    0.2333    0.2436    0.2320    0.1020    0.2892    0.1574    0.2963
 000036   D  0.632497  0.416771  0.447338    0.2483    0.2129    0.2330    0.0970    0.2907    0.1675    0.2916
 000037   Q  0.652810  0.413745  0.458566    0.3311    0.2817    0.2350    0.0900    0.3190    0.1573    0.2788
 000038   V  0.666219  0.392258  0.469102    0.3668    0.3667    0.2080    0.0700    0.3333    0.1585    0.2680
 000039   G  0.678505  0.376893  0.480042    0.3668    0.3667    0.1920    0.0590    0.3302    0.1672    0.2607
 000040   R  0.708461  0.363250  0.490107    0.4203    0.3356    0.1930    0.0550    0.3367    0.1781    0.2534
 000041   I  0.724892  0.376254  0.503334    0.4600    0.2988    0.1910    0.0610    0.3418    0.1882    0.2461
 000042   L  0.699570  0.397445  0.514151    0.3668    0.1969    0.1920    0.0570    0.3088    0.1967    0.2434
 000043   G  0.682445  0.422479  0.524849    0.3456    0.2328    0.1950    0.0540    0.3131    0.1891    0.2372
 000044   R  0.657375  0.466024  0.533776    0.2786    0.2645    0.2020    0.0590    0.3114    0.1864    0.2314
 000045   Q  0.639321  0.485770  0.536472    0.3630    0.3631    0.2120    0.0660    0.3439    0.1647    0.2270
 000046   E  0.628705  0.487180  0.536890    0.3939    0.3910    0.2240    0.0750    0.3541    0.1563    0.2303
 000047   A  0.642294  0.498802  0.546716    0.3847    0.3774    0.2330    0.0820    0.3560    0.1609    0.2326
 000048   G  0.647383  0.515714  0.558272    0.3992    0.3774    0.2250    0.0790    0.3608    0.1660    0.2385
 000049   E  0.662360  0.509929  0.566885    0.4703    0.4801    0.2120    0.0800    0.3891    0.1669    0.2461
 000050   G  0.665609  0.506494  0.572150    0.4703    0.4801    0.2030    0.0780    0.3877    0.1707    0.2521
 000051   V  0.715505  0.513160  0.576720    0.5008    0.4801    0.1960    0.0620    0.4010    0.1828    0.2589
 000052   V  0.738874  0.518661  0.578731    0.5667    0.4940    0.2180    0.0850    0.4227    0.1831    0.2704
 000053   V  0.748991  0.532955  0.575012    0.6219    0.5951    0.2260    0.0830    0.4541    0.1861    0.2838
 000054   R  0.738605  0.556549  0.567683    0.5412    0.5098    0.2440    0.0700    0.4317    0.1740    0.3010
 000055   P  0.713522  0.586862  0.553742    0.5514    0.5296    0.2770    0.0690    0.4431    0.1595    0.3169
 000056   D  0.681015  0.596292  0.536532    0.4703    0.4369    0.3660    0.1100    0.4251    0.1371    0.3322
 000057   P  0.639556  0.583282  0.518990    0.4825    0.3356    0.3840    0.1370    0.4042    0.1365    0.3403
 000058   Q  0.608221  0.571530  0.503076    0.4458    0.3019    0.4070    0.1770    0.3891    0.1325    0.3500
 000059   S  0.559082  0.564021  0.489161    0.3717    0.2328    0.4130    0.1870    0.3568    0.1415    0.3607
 000060   P  0.511306  0.541408  0.470328    0.2963    0.1501    0.4130    0.1860    0.3187    0.1568    0.3658
 000061   G  0.481276  0.494168  0.451949    0.2333    0.1275    0.4560    0.2090    0.2987    0.1599    0.3718
 000062   R  0.434701  0.433051  0.434867    0.2167    0.1184    0.4680    0.1950    0.2785    0.1517    0.3793
 000063   Y  0.437065  0.357424  0.416756    0.2432    0.1702    0.4520    0.1740    0.2766    0.1258    0.3897
 000064   Q  0.448530  0.281395  0.400812    0.2255    0.2470    0.3640    0.1300    0.2611    0.1058    0.3912
 000065   V  0.446384  0.217514  0.385853    0.2255    0.2470    0.3100    0.1130    0.2411    0.1070    0.3972
 000066   D  0.428808  0.179058  0.369726    0.1998    0.1554    0.2930    0.1210    0.2094    0.1189    0.4047
 000067   L  0.387324  0.148857  0.353916    0.1805    0.1671    0.2900    0.1210    0.1956    0.1110    0.4053
 000068   Y  0.361577  0.110125  0.340384    0.1088    0.1184    0.2960    0.1160    0.1659    0.1254    0.4075
 000069   V  0.317807  0.119338  0.330164    0.1266    0.0719    0.2740    0.0980    0.1516    0.1173    0.4033
 000070   V  0.280090  0.106778  0.319222    0.0991    0.0581    0.2730    0.0790    0.1362    0.1164    0.4013
 000071   L  0.273230  0.095983  0.308802    0.0478    0.0518    0.2820    0.0640    0.1252    0.1242    0.4023
 000072   A  0.255980  0.133721  0.296650    0.0376    0.0424    0.2780    0.0520    0.1247    0.1189    0.3981
 000073   Y  0.249041  0.142875  0.286261    0.0405    0.0253    0.2900    0.0490    0.1246    0.1199    0.3911
 000074   G  0.245636  0.159658  0.277345    0.0490    0.0433    0.2920    0.0510    0.1316    0.1121    0.3770
 000075   T  0.289054  0.157893  0.268899    0.0245    0.0463    0.2910    0.0500    0.1347    0.1202    0.3673
 000076   R  0.341264  0.172775  0.266761    0.0387    0.0749    0.2900    0.0640    0.1529    0.1202    0.3496
 000077   V  0.401439  0.197273  0.266794    0.0350    0.0398    0.2950    0.0640    0.1613    0.1406    0.3314
 000078   P  0.473250  0.220006  0.258984    0.0542    0.0543    0.2930    0.0610    0.1825    0.1511    0.3223
 000079   A  0.506631  0.244000  0.252968    0.0455    0.0555    0.3160    0.0810    0.1946    0.1631    0.3113
 000080   L  0.539731  0.281243  0.248662    0.0514    0.0704    0.3380    0.0980    0.2134    0.1705    0.3091
 000081   A  0.538223  0.291254  0.247350    0.0441    0.0870    0.3550    0.1140    0.2192    0.1704    0.3006
 000082   E  0.528354  0.292492  0.241539    0.0542    0.1399    0.3810    0.1180    0.2327    0.1600    0.2905
 000083   A  0.542673  0.305306  0.237889    0.0502    0.1731    0.4040    0.1230    0.2459    0.1634    0.2850
 000084   L  0.545808  0.312189  0.235597    0.0789    0.1759    0.3680    0.1260    0.2468    0.1537    0.2859
 000085   G  0.563229  0.318049  0.235172    0.0832    0.1759    0.2930    0.1180    0.2389    0.1542    0.2880
 000086   E  0.571159  0.328667  0.241204    0.0464    0.1611    0.2490    0.1170    0.2260    0.1668    0.2900
 000087   R  0.577409  0.336044  0.248793    0.0455    0.1092    0.2110    0.1070    0.2132    0.1770    0.2938
 000088   L  0.606730  0.319741  0.254566    0.0677    0.1731    0.1650    0.0770    0.2221    0.1770    0.2950
 000089   A  0.615011  0.286822  0.258078    0.0363    0.0929    0.1490    0.0630    0.1967    0.1939    0.2888
 000090   Y  0.611257  0.270147  0.264830    0.0478    0.1162    0.1470    0.0600    0.1988    0.1879    0.2838
 000091   A  0.608273  0.254381  0.273816    0.0441    0.1791    0.1430    0.0650    0.2047    0.1828    0.2693
 000092   A  0.571932  0.240701  0.283320    0.0567    0.1476    0.1390    0.0610    0.1927    0.1721    0.2548
 000093   R  0.513170  0.238888  0.287906    0.0554    0.1349    0.1430    0.0590    0.1808    0.1552    0.2393
 000094   H  0.440177  0.256033  0.296910    0.0464    0.1092    0.1400    0.0560    0.1654    0.1408    0.2234
 000095   L  0.379124  0.269120  0.306605    0.0832    0.1791    0.1330    0.0470    0.1739    0.1146    0.1934
 000096   G  0.332008  0.295551  0.324245    0.0542    0.1275    0.1210    0.0320    0.1550    0.1237    0.1689
 000097   G  0.273010  0.341509  0.344988    0.0526    0.0765    0.1260    0.0310    0.1450    0.1345    0.1461
 000098   V  0.226211  0.377490  0.369669    0.0336    0.0734    0.1480    0.0380    0.1432    0.1472    0.1255
 000099   E  0.197334  0.387008  0.379944    0.0425    0.0780    0.1850    0.0680    0.1483    0.1475    0.1089
 000100   L  0.180525  0.376535  0.388739    0.0542    0.0948    0.2120    0.0720    0.1530    0.1431    0.0946
 000101   S  0.167497  0.355438  0.398962    0.0607    0.1070    0.2330    0.0880    0.1540    0.1402    0.0835
 000102   Q  0.176714  0.306541  0.409292    0.0813    0.1275    0.3320    0.1350    0.1707    0.1362    0.0749
 000103   V  0.185377  0.250246  0.419677    0.0607    0.1476    0.4280    0.1520    0.1787    0.1529    0.0697
 000104   R  0.182983  0.214455  0.430556    0.0607    0.1251    0.5140    0.1090    0.1829    0.1781    0.0670
 000105   V  0.160655  0.195941  0.439864    0.0789    0.0967    0.5040    0.1360    0.1727    0.1810    0.0637
 000106   H  0.148138  0.215891  0.449982    0.1698    0.1349    0.5620    0.1360    0.2051    0.1812    0.0654
 000107   V  0.143959  0.252904  0.456057    0.2122    0.1115    0.5910    0.1150    0.2186    0.1886    0.0631
 000108   V  0.177178  0.330843  0.464384    0.2602    0.0888    0.5600    0.1600    0.2361    0.1787    0.0627
 000109   G  0.202226  0.437214  0.472631    0.3762    0.1229    0.6100    0.0750    0.2914    0.1822    0.0632
 000110   V  0.097822  0.545613  0.477074    0.4149    0.0835    0.7140    0.0740    0.3092    0.2430    0.0640
 000111   R  0.100326  0.621426  0.483210    0.5514    0.1323    0.7960    0.0960    0.3669    0.2653    0.0661
 000112   C  0.408285  0.674207  0.486482    0.5900    0.0948    0.8170    0.1130    0.4308    0.2417    0.0678
 000113   G  0.467835  0.740313  0.496722    0.6293    0.0646    0.8930    0.0260    0.4659    0.2729    0.0693
