#RESNUM RES     VL-XT     VSL2B       VL3  IUPred-S  IUPred-L  PONDRFIT  FITERROR       MDP  MDPERROR   ANCHOR2
 000001   M  0.453673  0.737202  0.357010    0.6756    0.0985    0.9230    0.0510    0.5408    0.2708    0.0362
 000002   R  0.443389  0.769389  0.355107    0.6293    0.0646    0.8810    0.0410    0.5238    0.2723    0.0343
 000003   G  0.365934  0.716591  0.352223    0.5802    0.0851    0.8450    0.0580    0.4908    0.2528    0.0320
 000004   V  0.396147  0.631935  0.350445    0.4600    0.1137    0.7620    0.0640    0.4524    0.2068    0.0317
 000005   A  0.392262  0.562293  0.350116    0.4149    0.0646    0.6630    0.0950    0.4079    0.1874    0.0321
 000006   L  0.386929  0.477246  0.350963    0.3668    0.0662    0.6460    0.1030    0.3824    0.1732    0.0321
 000007   A  0.366072  0.406556  0.351437    0.2255    0.0909    0.6610    0.0710    0.3503    0.1747    0.0299
 000008   L  0.348366  0.357232  0.350517    0.1456    0.0592    0.6820    0.0790    0.3239    0.1969    0.0296
 000009   G  0.333307  0.344617  0.348176    0.1240    0.0749    0.6240    0.1550    0.3082    0.1788    0.0296
 000010   G  0.308499  0.343918  0.346085    0.0526    0.0592    0.7090    0.0790    0.3033    0.2202    0.0302
 000011   G  0.267463  0.350058  0.345149    0.0387    0.0414    0.7120    0.1780    0.2925    0.2275    0.0315
 000012   G  0.230976  0.352680  0.342447    0.0350    0.0443    0.6890    0.1570    0.2824    0.2215    0.0330
 000013   V  0.257686  0.342521  0.338411    0.0182    0.0294    0.6100    0.1500    0.2660    0.2028    0.0361
 000014   R  0.284523  0.324218  0.331887    0.0141    0.0174    0.5150    0.1860    0.2479    0.1795    0.0411
 000015   G  0.311859  0.296178  0.325331    0.0144    0.0287    0.4520    0.1770    0.2381    0.1613    0.0439
 000016   Y  0.347122  0.260141  0.315602    0.0099    0.0398    0.4420    0.1260    0.2358    0.1588    0.0480
 000017   A  0.397782  0.226505  0.304231    0.0252    0.0592    0.3560    0.0870    0.2282    0.1418    0.0565
 000018   H  0.430479  0.183624  0.291110    0.0376    0.0734    0.2910    0.0640    0.2179    0.1357    0.0669
 000019   L  0.463656  0.160371  0.279398    0.0514    0.0817    0.2660    0.0530    0.2171    0.1391    0.0726
 000020   G  0.517742  0.139775  0.268695    0.0502    0.1028    0.2210    0.0490    0.2167    0.1527    0.0775
 000021   V  0.566434  0.142447  0.259292    0.0327    0.0555    0.2140    0.0580    0.2117    0.1776    0.0838
 000022   L  0.561528  0.156944  0.250062    0.0414    0.0531    0.2320    0.0660    0.2158    0.1738    0.0872
 000023   A  0.559811  0.168212  0.240711    0.0231    0.0531    0.2520    0.0530    0.2161    0.1761    0.0914
 000024   V  0.552373  0.179672  0.230370    0.0387    0.0473    0.2890    0.0550    0.2229    0.1730    0.0954
 000025   L  0.570890  0.208697  0.220340    0.0363    0.0398    0.3170    0.0660    0.2322    0.1817    0.0988
 000026   E  0.587186  0.219151  0.210466    0.0200    0.0398    0.3110    0.0700    0.2313    0.1893    0.1044
 000027   E  0.615442  0.225206  0.203435    0.0316    0.0749    0.3250    0.0930    0.2460    0.1916    0.1061
 000028   A  0.653673  0.241866  0.197618    0.0425    0.0909    0.3420    0.1150    0.2614    0.2007    0.1017
 000029   G  0.684139  0.255933  0.192686    0.0395    0.0704    0.3320    0.1350    0.2625    0.2138    0.0985
 000030   V  0.720729  0.264059  0.187157    0.0677    0.1229    0.3320    0.1480    0.2824    0.2143    0.0989
 000031   P  0.763547  0.300423  0.181767    0.0567    0.1007    0.3070    0.1370    0.2849    0.2333    0.1013
 000032   I  0.807683  0.340398  0.176432    0.0909    0.0909    0.3050    0.1110    0.3018    0.2457    0.0980
 000033   R  0.850068  0.380587  0.170394    0.1266    0.1251    0.2940    0.1220    0.3244    0.2527    0.0985
 000034   G  0.854297  0.408099  0.163380    0.0965    0.1251    0.2960    0.0780    0.3238    0.2602    0.0975
 000035   L  0.850805  0.419496  0.156079    0.1205    0.1528    0.3460    0.0640    0.3409    0.2531    0.0948
 000036   A  0.764148  0.440101  0.148363    0.1698    0.2034    0.3480    0.0810    0.3457    0.2138    0.0920
 000037   G  0.676038  0.454505  0.140546    0.1292    0.1162    0.3520    0.0910    0.3114    0.2064    0.0885
 000038   S  0.583416  0.483197  0.133240    0.0965    0.0851    0.3520    0.0770    0.2889    0.1963    0.0899
 000039   S  0.491273  0.472771  0.127173    0.0789    0.0518    0.3260    0.0910    0.2580    0.1811    0.0914
 000040   A  0.394567  0.470964  0.122108    0.0701    0.0518    0.2800    0.0960    0.2316    0.1615    0.0915
 000041   G  0.293873  0.424130  0.117450    0.0660    0.0851    0.2480    0.0960    0.2057    0.1285    0.0917
 000042   A  0.187052  0.377102  0.112228    0.0542    0.0676    0.1930    0.0720    0.1652    0.1086    0.0940
 000043   L  0.101474  0.316120  0.108493    0.1018    0.1349    0.1410    0.0440    0.1506    0.0756    0.1002
 000044   A  0.015632  0.272148  0.105501    0.1018    0.1643    0.1060    0.0360    0.1276    0.0779    0.1079
 000045   A  0.012670  0.237782  0.104741    0.1088    0.1007    0.0970    0.0300    0.1102    0.0660    0.1195
 000046   A  0.006991  0.216724  0.104332    0.2041    0.1643    0.1090    0.0280    0.1342    0.0711    0.1400
 000047   A  0.005823  0.189045  0.104544    0.1667    0.1298    0.1240    0.0310    0.1200    0.0582    0.1644
 000048   W  0.004156  0.164647  0.104465    0.1698    0.1349    0.1330    0.0440    0.1185    0.0556    0.1929
 000049   A  0.003596  0.160366  0.104518    0.1150    0.1501    0.1310    0.0490    0.1107    0.0515    0.2141
 000050   F  0.002537  0.176862  0.105060    0.1150    0.1251    0.1240    0.0480    0.1081    0.0524    0.2411
 000051   G  0.002913  0.202497  0.106193    0.1532    0.0817    0.1110    0.0360    0.1096    0.0615    0.2700
 000052   H  0.007058  0.233075  0.107920    0.1266    0.0389    0.1130    0.0350    0.1044    0.0718    0.2978
 000053   K  0.010564  0.243984  0.111228    0.0884    0.0518    0.0940    0.0300    0.0999    0.0723    0.3163
 000054   D  0.014354  0.253853  0.115885    0.0813    0.0909    0.0800    0.0180    0.1060    0.0729    0.3328
 000055   P  0.031092  0.244204  0.121813    0.1018    0.1229    0.0700    0.0140    0.1154    0.0658    0.3405
 000056   W  0.045228  0.231849  0.127372    0.1150    0.0967    0.0690    0.0180    0.1142    0.0593    0.3397
 000057   R  0.080477  0.219180  0.132048    0.1456    0.0948    0.0630    0.0180    0.1226    0.0516    0.3147
 000058   V  0.111126  0.214997  0.135157    0.1088    0.1298    0.0670    0.0180    0.1278    0.0447    0.2918
 000059   H  0.145292  0.211747  0.137308    0.1380    0.1275    0.0680    0.0230    0.1380    0.0418    0.2737
 000060   E  0.163683  0.210533  0.139374    0.1667    0.1528    0.0750    0.0260    0.1514    0.0404    0.2517
 000061   A  0.181719  0.198710  0.142653    0.1532    0.2503    0.0860    0.0290    0.1687    0.0509    0.2275
 000062   I  0.196135  0.208544  0.146536    0.1532    0.2193    0.0880    0.0220    0.1686    0.0450    0.2023
 000063   F  0.216750  0.237579  0.151096    0.1349    0.2129    0.0890    0.0210    0.1736    0.0528    0.1850
 000064   D  0.240501  0.278793  0.155932    0.1150    0.2129    0.0830    0.0160    0.1809    0.0693    0.1706
 000065   R  0.264935  0.308314  0.160882    0.1178    0.1251    0.0920    0.0240    0.1782    0.0803    0.1561
 000066   E  0.273815  0.341273  0.165629    0.0991    0.1028    0.1020    0.0330    0.1808    0.0945    0.1454
 000067   V  0.263665  0.355881  0.170318    0.0909    0.1399    0.1190    0.0390    0.1899    0.0919    0.1334
 000068   A  0.248933  0.370871  0.175713    0.0813    0.0835    0.1400    0.0640    0.1834    0.1015    0.1299
 000069   E  0.246823  0.393947  0.181308    0.1088    0.1070    0.1450    0.0680    0.1972    0.1001    0.1245
 000070   L  0.243282  0.422202  0.185831    0.0621    0.1007    0.1630    0.0850    0.1962    0.1166    0.1180
 000071   S  0.245020  0.440785  0.189137    0.0478    0.0506    0.1440    0.0790    0.1863    0.1339    0.1157
 000072   R  0.235164  0.455480  0.191671    0.0526    0.0306    0.1250    0.0600    0.1818    0.1418    0.1139
 000073   A  0.207772  0.456170  0.195272    0.0514    0.0306    0.1100    0.0520    0.1752    0.1419    0.1184
 000074   G  0.200818  0.415579  0.199968    0.0554    0.0531    0.0970    0.0410    0.1703    0.1254    0.1162
 000075   S  0.189154  0.371487  0.206267    0.0308    0.0231    0.0920    0.0320    0.1521    0.1207    0.1146
 000076   L  0.205779  0.329543  0.212674    0.0274    0.0231    0.0960    0.0290    0.1491    0.1106    0.1144
 000077   R  0.224763  0.270596  0.218926    0.0116    0.0202    0.0830    0.0220    0.1382    0.1037    0.1115
 000078   A  0.241677  0.209078  0.225022    0.0182    0.0380    0.0710    0.0210    0.1339    0.0932    0.1108
 000079   L  0.238313  0.194265  0.230353    0.0218    0.0380    0.0590    0.0120    0.1303    0.0923    0.1105
 000080   A  0.234142  0.171082  0.235242    0.0274    0.0218    0.0540    0.0120    0.1240    0.0925    0.1112
 000081   R  0.242289  0.168428  0.239189    0.0425    0.0244    0.0550    0.0120    0.1286    0.0917    0.1101
 000082   L  0.293504  0.176151  0.242756    0.0268    0.0263    0.0520    0.0120    0.1363    0.1070    0.1117
 000083   F  0.326246  0.186413  0.245374    0.0160    0.0300    0.0530    0.0110    0.1428    0.1176    0.1146
 000084   I  0.312182  0.195673  0.246039    0.0231    0.0414    0.0570    0.0140    0.1459    0.1111    0.1151
 000085   A  0.291370  0.176446  0.245281    0.0231    0.0405    0.0660    0.0190    0.1404    0.1036    0.1224
 000086   F  0.270037  0.187075  0.243254    0.0259    0.0223    0.0810    0.0230    0.1383    0.1001    0.1271
 000087   R  0.252428  0.229642  0.241650    0.0414    0.0424    0.1080    0.0330    0.1526    0.0916    0.1273
 000088   R  0.256059  0.229458  0.241021    0.0252    0.0483    0.1470    0.0400    0.1578    0.0926    0.1312
 000089   P  0.261178  0.252185  0.242675    0.0316    0.0618    0.1740    0.0400    0.1705    0.0924    0.1386
 000090   A  0.269644  0.280134  0.245790    0.0607    0.0631    0.2060    0.0540    0.1875    0.0918    0.1424
 000091   V  0.226320  0.297040  0.250336    0.0771    0.0780    0.2340    0.0700    0.1938    0.0852    0.1431
 000092   V  0.183305  0.325594  0.255318    0.0441    0.0662    0.2500    0.0680    0.1873    0.1023    0.1448
 000093   D  0.223752  0.360880  0.261410    0.0771    0.0676    0.2520    0.0530    0.2072    0.1043    0.1467
 000094   T  0.286080  0.386734  0.266335    0.1088    0.0690    0.3250    0.0790    0.2403    0.1140    0.1463
 000095   D  0.347614  0.389918  0.269595    0.1150    0.1275    0.3250    0.0740    0.2625    0.1060    0.1441
 000096   R  0.399035  0.384905  0.271331    0.0813    0.1671    0.3250    0.0890    0.2714    0.1148    0.1368
 000097   I  0.462996  0.385498  0.273304    0.1495    0.2470    0.2970    0.0950    0.3025    0.1000    0.1362
 000098   E  0.532955  0.393605  0.276256    0.1766    0.2470    0.2320    0.0820    0.3097    0.1195    0.1425
 000099   E  0.595072  0.391003  0.279193    0.1635    0.1702    0.2270    0.0740    0.3044    0.1508    0.1448
 000100   G  0.667819  0.389934  0.283426    0.1240    0.1583    0.2440    0.0700    0.3112    0.1812    0.1414
 000101   L  0.739242  0.386164  0.288744    0.0884    0.2034    0.2450    0.0530    0.3251    0.2057    0.1395
 000102   K  0.773686  0.366003  0.294246    0.1495    0.2752    0.2150    0.0570    0.3456    0.2028    0.1424
 000103   A  0.787090  0.356049  0.297275    0.2333    0.3807    0.2510    0.0720    0.3843    0.1876    0.1467
 000104   L  0.801556  0.365562  0.296013    0.2292    0.2645    0.2770    0.0820    0.3723    0.1963    0.1523
 000105   F  0.824006  0.371050  0.291886    0.2531    0.2817    0.2860    0.0770    0.3846    0.1998    0.1531
 000106   G  0.824976  0.381098  0.285805    0.1532    0.1852    0.2830    0.0830    0.3521    0.2240    0.1552
 000107   E  0.817892  0.405964  0.279880    0.1878    0.1611    0.2920    0.0910    0.3575    0.2206    0.1570
 000108   A  0.810747  0.418799  0.274611    0.1998    0.1731    0.3460    0.0980    0.3705    0.2137    0.1535
 000109   R  0.804755  0.426767  0.269928    0.1667    0.1702    0.4250    0.1110    0.3773    0.2184    0.1462
 000110   L  0.797073  0.431704  0.267077    0.0935    0.1323    0.4800    0.1240    0.3669    0.2387    0.1423
 000111   E  0.788889  0.469778  0.264851    0.0965    0.1115    0.4540    0.1220    0.3643    0.2398    0.1418
 000112   E  0.786926  0.482619  0.263514    0.1380    0.1914    0.4240    0.1120    0.3810    0.2182    0.1394
 000113   S  0.783902  0.468888  0.261763    0.1205    0.1251    0.4090    0.1150    0.3615    0.2295    0.1363
 000114   P  0.783635  0.439604  0.260389    0.1602    0.0929    0.4010    0.1240    0.3564    0.2268    0.1304
 000115   I  0.789064  0.399405  0.259556    0.1566    0.1583    0.3860    0.1260    0.3582    0.2154    0.1200
 000116   P  0.793902  0.348444  0.258813    0.1532    0.2680    0.3270    0.1040    0.3583    0.2045    0.1210
 000117   L  0.797629  0.301836  0.257747    0.1566    0.2817    0.2690    0.0790    0.3441    0.2080    0.1206
 000118   A  0.789091  0.276396  0.255864    0.1416    0.2328    0.2050    0.0510    0.3169    0.2155    0.1251
 000119   L  0.761710  0.250349  0.253288    0.1878    0.1969    0.1650    0.0440    0.3025    0.2079    0.1310
 000120   Q  0.753473  0.233387  0.249516    0.1698    0.1424    0.1430    0.0440    0.2820    0.2149    0.1383
 000121   A  0.733657  0.224614  0.245204    0.1805    0.1424    0.1300    0.0370    0.2760    0.2087    0.1424
 000122   A  0.727005  0.222446  0.239204    0.1117    0.1275    0.1230    0.0300    0.2584    0.2154    0.1477
 000123   D  0.709419  0.219434  0.230878    0.0542    0.1275    0.1260    0.0300    0.2445    0.2164    0.1554
 000124   L  0.642417  0.209441  0.220279    0.0514    0.1298    0.1300    0.0330    0.2305    0.1926    0.1619
 000125   L  0.568584  0.216745  0.209981    0.0490    0.1298    0.1210    0.0410    0.2159    0.1677    0.1710
 000126   T  0.501439  0.217246  0.201378    0.0935    0.1528    0.1060    0.0360    0.2121    0.1371    0.1867
 000127   G  0.438938  0.223066  0.194133    0.0884    0.0765    0.1110    0.0440    0.1887    0.1242    0.1874
 000128   E  0.391678  0.223346  0.186542    0.0858    0.1251    0.1100    0.0430    0.1870    0.1027    0.1959
 000129   A  0.325274  0.207775  0.177503    0.0567    0.1275    0.1130    0.0440    0.1679    0.0851    0.1970
 000130   V  0.259009  0.187949  0.167025    0.1018    0.1373    0.1120    0.0460    0.1608    0.0530    0.1980
 000131   V  0.182122  0.178689  0.154907    0.0744    0.0780    0.1000    0.0360    0.1280    0.0454    0.1971
 000132   L  0.120025  0.171517  0.143034    0.0542    0.0799    0.0910    0.0280    0.1100    0.0395    0.1997
 000133   R  0.103818  0.167358  0.132427    0.0376    0.0948    0.0790    0.0210    0.1026    0.0406    0.1974
 000134   E  0.099609  0.173586  0.124576    0.0252    0.0704    0.0840    0.0270    0.0962    0.0459    0.1970
 000135   G  0.089950  0.172488  0.119628    0.0455    0.0985    0.0900    0.0340    0.1026    0.0382    0.1977
 000136   P  0.079940  0.161462  0.116887    0.0587    0.0909    0.0900    0.0430    0.0997    0.0325    0.1962
 000137   V  0.069746  0.153705  0.115753    0.0455    0.1007    0.0890    0.0440    0.0957    0.0342    0.1823
 000138   W  0.059909  0.145437  0.114749    0.0226    0.1007    0.0790    0.0350    0.0871    0.0394    0.1798
 000139   K  0.057936  0.139724  0.113253    0.0226    0.0555    0.0670    0.0240    0.0760    0.0390    0.1653
 000140   A  0.055195  0.133827  0.111224    0.0297    0.0327    0.0630    0.0200    0.0709    0.0389    0.1556
 000141   V  0.072415  0.129737  0.108215    0.0279    0.0618    0.0590    0.0140    0.0765    0.0336    0.1486
 000142   L  0.077470  0.111569  0.105003    0.0226    0.1137    0.0550    0.0140    0.0808    0.0334    0.1472
 000143   A  0.071661  0.106040  0.102255    0.0478    0.1229    0.0500    0.0130    0.0834    0.0288    0.1465
 000144   S  0.067954  0.116577  0.101053    0.0554    0.1070    0.0480    0.0130    0.0827    0.0266    0.1464
 000145   M  0.071123  0.118157  0.101173    0.0279    0.0581    0.0530    0.0160    0.0716    0.0302    0.1443
 000146   A  0.078147  0.131136  0.101609    0.0212    0.0463    0.0550    0.0170    0.0723    0.0364    0.1414
 000147   I  0.080921  0.146833  0.102359    0.0084    0.0389    0.0600    0.0190    0.0729    0.0445    0.1424
 000148   P  0.082332  0.162991  0.103514    0.0118    0.0592    0.0630    0.0190    0.0804    0.0462    0.1582
 000149   G  0.083069  0.165355  0.105211    0.0245    0.0618    0.0860    0.0270    0.0877    0.0429    0.1699
 000150   L  0.060830  0.172491  0.107301    0.0252    0.0372    0.1120    0.0270    0.0857    0.0505    0.1927
 000151   F  0.057373  0.170828  0.109580    0.0160    0.0287    0.1360    0.0360    0.0865    0.0567    0.2202
 000152   P  0.058544  0.162435  0.113614    0.0141    0.0483    0.1400    0.0440    0.0895    0.0529    0.2461
 000153   P  0.055119  0.154106  0.118405    0.0160    0.0835    0.1540    0.0580    0.0969    0.0508    0.2715
 000154   V  0.080403  0.139720  0.125118    0.0259    0.1092    0.1630    0.0590    0.1072    0.0444    0.2935
 000155   A  0.105137  0.127765  0.133709    0.0252    0.0704    0.1640    0.0510    0.1044    0.0455    0.3263
 000156   L  0.126855  0.131822  0.147042    0.0376    0.0734    0.1660    0.0490    0.1137    0.0442    0.3568
 000157   M  0.167512  0.144793  0.163776    0.0286    0.0948    0.1610    0.0440    0.1268    0.0504    0.3865
 000158   G  0.239080  0.150570  0.181945    0.0425    0.1611    0.1570    0.0440    0.1554    0.0585    0.4053
 000159   R  0.288082  0.155167  0.200441    0.0414    0.0929    0.1560    0.0400    0.1557    0.0780    0.4127
 000160   L  0.322885  0.182240  0.220208    0.0425    0.1092    0.1610    0.0460    0.1729    0.0876    0.4188
 000161   L  0.365516  0.213185  0.242231    0.0455    0.1184    0.1540    0.0440    0.1898    0.1011    0.4183
 000162   V  0.437469  0.255729  0.265373    0.1018    0.2034    0.1500    0.0510    0.2357    0.1067    0.4082
 000163   D  0.487484  0.298963  0.288497    0.0567    0.1501    0.1570    0.0580    0.2398    0.1388    0.4020
 000164   G  0.532946  0.329797  0.310704    0.0502    0.1092    0.1740    0.0790    0.2511    0.1611    0.3895
 000165   D  0.541698  0.359192  0.332874    0.0723    0.1583    0.1820    0.0910    0.2744    0.1554    0.3797
 000166   V  0.526641  0.392882  0.355356    0.0771    0.1583    0.1740    0.0910    0.2808    0.1562    0.3612
 000167   A  0.485750  0.417228  0.378461    0.1349    0.1611    0.1690    0.0890    0.2911    0.1400    0.3490
 000168   E  0.470920  0.440600  0.400930    0.1495    0.1048    0.1720    0.0860    0.2897    0.1504    0.3414
 000169   K  0.467200  0.459877  0.422923    0.1041    0.1229    0.1740    0.0780    0.2918    0.1601    0.3371
 000170   V  0.427875  0.463299  0.444684    0.0587    0.1251    0.1550    0.0540    0.2792    0.1689    0.3350
 000171   P  0.356864  0.469711  0.466563    0.1205    0.1349    0.1430    0.0310    0.2819    0.1538    0.3374
 000172   V  0.278779  0.478408  0.488943    0.1958    0.1449    0.1500    0.0250    0.2894    0.1442    0.3398
 000173   R  0.208388  0.492001  0.511296    0.2122    0.1791    0.1570    0.0230    0.2933    0.1486    0.3450
 000174   A  0.183324  0.489509  0.533159    0.1456    0.1162    0.1560    0.0290    0.2707    0.1717    0.3496
 000175   A  0.160399  0.487178  0.554262    0.1266    0.1229    0.1590    0.0330    0.2684    0.1800    0.3542
 000176   K  0.128089  0.499427  0.574574    0.0789    0.0749    0.1720    0.0290    0.2547    0.2034    0.3594
 000177   A  0.096386  0.498118  0.595335    0.1416    0.1184    0.1950    0.0340    0.2742    0.1970    0.3636
 000178   L  0.064683  0.557993  0.615626    0.1266    0.1501    0.2320    0.0520    0.2911    0.2154    0.3668
 000179   F  0.078568  0.544731  0.636147    0.1178    0.1643    0.2560    0.0650    0.2996    0.2143    0.3670
 000180   P  0.075538  0.565098  0.656500    0.1178    0.1914    0.2520    0.0730    0.3097    0.2216    0.3676
 000181   K  0.075222  0.600446  0.676601    0.1958    0.2918    0.2730    0.0880    0.3522    0.2152    0.3679
 000182   V  0.079813  0.647262  0.696127    0.1998    0.2575    0.2810    0.1030    0.3603    0.2296    0.3667
 000183   V  0.141483  0.652180  0.713288    0.2913    0.3426    0.2950    0.1020    0.4060    0.2059    0.3670
 000184   A  0.205549  0.633900  0.730981    0.2963    0.3807    0.3250    0.1180    0.4288    0.1888    0.3673
 000185   V  0.283766  0.690472  0.747915    0.3311    0.4409    0.3590    0.1220    0.4755    0.1793    0.3678
 000186   D  0.383901  0.723847  0.763786    0.3847    0.4652    0.3730    0.1190    0.5158    0.1645    0.3730
 000187   V  0.475223  0.754936  0.774350    0.4078    0.4831    0.4170    0.1100    0.5521    0.1529    0.3739
 000188   S  0.554181  0.786031  0.781035    0.4420    0.4831    0.3840    0.1170    0.5718    0.1580    0.3800
 000189   N  0.653778  0.806626  0.786181    0.5126    0.4831    0.4620    0.1190    0.6173    0.1408    0.3851
 000190   P  0.749810  0.824355  0.790692    0.5711    0.6375    0.4840    0.0970    0.6762    0.1225    0.3943
 000191   P  0.838555  0.833974  0.793823    0.4825    0.5577    0.5040    0.1170    0.6684    0.1560    0.4018
 000192   P  0.869996  0.838486  0.794614    0.4918    0.5254    0.5460    0.1240    0.6777    0.1590    0.4092
 000193   K  0.906671  0.840238  0.793891    0.5253    0.5176    0.5850    0.1290    0.6947    0.1571    0.4167
 000194   E  0.926435  0.842728  0.792867    0.5623    0.5055    0.5760    0.1330    0.7010    0.1594    0.4266
 000195   P  0.918176  0.844146  0.792724    0.5253    0.5055    0.5300    0.1450    0.6859    0.1699    0.4294
 000196   P  0.919981  0.841234  0.791707    0.5229    0.5951    0.5200    0.1470    0.6985    0.1589    0.4188
 000197   R  0.914940  0.832157  0.788866    0.4749    0.5951    0.5680    0.1530    0.6957    0.1584    0.4114
 000198   T  0.906587  0.810615  0.781755    0.5374    0.6531    0.5860    0.1460    0.7126    0.1306    0.4009
 000199   A  0.897921  0.785874  0.772264    0.5473    0.6531    0.5600    0.1420    0.7027    0.1271    0.3946
 000200   L  0.869447  0.771415  0.759589    0.5126    0.6227    0.5140    0.1490    0.6750    0.1350    0.3896
 000201   E  0.854897  0.779295  0.743968    0.4967    0.5758    0.4940    0.1550    0.6574    0.1417    0.3898
 000202   A  0.830265  0.728208  0.725698    0.4703    0.5342    0.5370    0.1780    0.6376    0.1303    0.3893
 000203   A  0.801049  0.743088  0.705195    0.4458    0.4119    0.5570    0.1710    0.6106    0.1485    0.3901
 000204   L  0.771357  0.701916  0.684922    0.4379    0.4119    0.6190    0.1720    0.6046    0.1347    0.3899
 000205   L  0.733261  0.698675  0.665390    0.3578    0.3704    0.6660    0.1570    0.5819    0.1557    0.3965
 000206   A  0.726830  0.695778  0.646027    0.3311    0.2609    0.6700    0.1550    0.5552    0.1860    0.4072
 000207   G  0.731276  0.677990  0.626572    0.2820    0.2034    0.6950    0.1470    0.5360    0.2109    0.4158
 000208   E  0.732257  0.679199  0.605602    0.2041    0.1399    0.7060    0.1490    0.5112    0.2436    0.4222
 000209   A  0.761040  0.665515  0.584845    0.1766    0.1323    0.7070    0.1430    0.5045    0.2534    0.4265
 000210   S  0.773274  0.661047  0.562960    0.1349    0.1643    0.6260    0.1240    0.4871    0.2468    0.4313
 000211   R  0.791439  0.636086  0.541489    0.1878    0.2094    0.6560    0.1050    0.5037    0.2278    0.4313
 000212   R  0.820295  0.608968  0.520751    0.1958    0.2094    0.6530    0.1000    0.5013    0.2292    0.4312
 000213   R  0.850788  0.601720  0.500625    0.1878    0.1731    0.6660    0.1350    0.4967    0.2467    0.4337
 000214   L  0.885811  0.582411  0.480743    0.2255    0.1424    0.6520    0.1160    0.4949    0.2524    0.4291
 000215   K  0.892138  0.557597  0.459053    0.2122    0.1298    0.6020    0.1230    0.4755    0.2535    0.4267
 000216   A  0.892754  0.521302  0.436731    0.2041    0.1702    0.6170    0.1390    0.4738    0.2466    0.4194
 000217   L  0.899243  0.492256  0.413697    0.1495    0.1298    0.5940    0.1490    0.4465    0.2641    0.4092
 000218   A  0.834545  0.467768  0.391447    0.1266    0.1349    0.5270    0.1780    0.4137    0.2428    0.4012
 000219   L  0.766627  0.433290  0.370466    0.0660    0.1449    0.4540    0.1680    0.3725    0.2278    0.3960
 000220   K  0.673935  0.426961  0.350372    0.0813    0.1942    0.3560    0.1550    0.3471    0.1859    0.3954
 000221   E  0.610645  0.389113  0.331130    0.0991    0.1070    0.3200    0.1390    0.3095    0.1746    0.3902
 000222   A  0.560738  0.363327  0.312626    0.1240    0.1298    0.2880    0.1230    0.2965    0.1484    0.3814
 000223   D  0.481660  0.325514  0.296326    0.0677    0.0734    0.2560    0.1010    0.2501    0.1449    0.3737
 000224   V  0.413169  0.302800  0.282524    0.0884    0.0799    0.1990    0.0730    0.2277    0.1191    0.3720
 000225   V  0.331364  0.280462  0.269298    0.0789    0.1399    0.1520    0.0510    0.2086    0.0901    0.3726
 000226   I  0.296409  0.261837  0.254231    0.0832    0.0719    0.1320    0.0260    0.1833    0.0904    0.3715
 000227   A  0.294156  0.238182  0.238325    0.0991    0.0929    0.1270    0.0200    0.1816    0.0783    0.3698
 000228   L  0.275636  0.240168  0.222400    0.0832    0.1528    0.1180    0.0230    0.1821    0.0688    0.3732
 000229   D  0.293622  0.252751  0.209609    0.1041    0.1881    0.1100    0.0220    0.1930    0.0693    0.3774
 000230   P  0.271729  0.248052  0.199190    0.1602    0.2645    0.1050    0.0240    0.2080    0.0605    0.3808
 000231   P  0.236452  0.258766  0.194128    0.1766    0.1881    0.1140    0.0260    0.1946    0.0462    0.3863
 000232   F  0.223844  0.271882  0.193876    0.1566    0.1852    0.1300    0.0430    0.1935    0.0458    0.3968
 000233   P  0.209809  0.288965  0.198813    0.1178    0.1229    0.0990    0.0300    0.1729    0.0664    0.4170
 000234   I  0.201193  0.319947  0.206734    0.1150    0.0765    0.0970    0.0240    0.1693    0.0836    0.4274
 000235   D  0.150550  0.332145  0.214321    0.1088    0.0690    0.0860    0.0130    0.1601    0.0904    0.4119
 000236   T  0.125503  0.327339  0.218938    0.1117    0.1092    0.0970    0.0200    0.1649    0.0831    0.4001
 000237   F  0.115690  0.309740  0.222606    0.1240    0.1206    0.1080    0.0230    0.1668    0.0748    0.3825
 000238   D  0.094797  0.308541  0.226987    0.1532    0.1424    0.1120    0.0300    0.1730    0.0735    0.3644
 000239   H  0.098244  0.291351  0.236422    0.1495    0.2129    0.1260    0.0370    0.1857    0.0671    0.3533
 000240   E  0.091199  0.292843  0.248812    0.1532    0.2094    0.1270    0.0350    0.1871    0.0700    0.3383
 000241   R  0.104292  0.296455  0.265004    0.1240    0.1823    0.1340    0.0320    0.1844    0.0726    0.3296
 000242   L  0.134071  0.296987  0.282408    0.0965    0.1373    0.1460    0.0350    0.1821    0.0777    0.3249
 000243   E  0.161427  0.307369  0.300878    0.1495    0.2364    0.1560    0.0490    0.2186    0.0670    0.3212
 000244   F  0.227617  0.325016  0.320530    0.1117    0.2193    0.1740    0.0590    0.2297    0.0758    0.3256
 000245   V  0.304874  0.351759  0.340807    0.1805    0.3117    0.1860    0.0610    0.2793    0.0697    0.3292
 000246   Y  0.388399  0.366861  0.361030    0.1844    0.2258    0.2080    0.0550    0.2891    0.0843    0.3265
 000247   E  0.468478  0.390081  0.380843    0.1698    0.2436    0.2400    0.0680    0.3154    0.1044    0.3187
 000248   L  0.516894  0.414695  0.400548    0.1844    0.3631    0.2500    0.0740    0.3549    0.1096    0.3204
 000249   G  0.575801  0.435811  0.421720    0.2080    0.2918    0.2380    0.0740    0.3619    0.1283    0.3185
 000250   K  0.618528  0.472687  0.443526    0.2041    0.2094    0.2610    0.0910    0.3681    0.1544    0.3134
 000251   H  0.670323  0.506714  0.466533    0.1322    0.1791    0.3090    0.0960    0.3772    0.1892    0.3148
 000252   R  0.730035  0.542594  0.489900    0.0909    0.1251    0.3650    0.1130    0.3906    0.2270    0.3132
 000253   A  0.755736  0.570057  0.513393    0.1380    0.1671    0.3350    0.1170    0.4132    0.2215    0.3169
 000254   K  0.777873  0.595120  0.534910    0.0832    0.1528    0.3440    0.1380    0.4147    0.2457    0.3223
 000255   E  0.801817  0.597093  0.554022    0.1292    0.2680    0.3460    0.1360    0.4494    0.2247    0.3221
 000256   R  0.827825  0.600756  0.571906    0.1698    0.3286    0.3790    0.1410    0.4796    0.2135    0.3254
 000257   L  0.859551  0.603665  0.590902    0.2531    0.3426    0.4130    0.1450    0.5105    0.2004    0.3307
 000258   P  0.879324  0.604449  0.611350    0.2292    0.3286    0.3720    0.1260    0.5042    0.2184    0.3404
 000259   E  0.888898  0.607731  0.632625    0.2432    0.4149    0.4330    0.1670    0.5367    0.2041    0.3410
 000260   V  0.887525  0.598023  0.652045    0.2292    0.3392    0.4520    0.1750    0.5264    0.2161    0.3451
 000261   L  0.877816  0.553373  0.669647    0.2255    0.2645    0.4770    0.1610    0.5113    0.2254    0.3542
 000262   A  0.857736  0.505179  0.684385    0.1732    0.2849    0.4950    0.1360    0.5001    0.2292    0.3613
 000263   L  0.837424  0.540242  0.698492    0.1292    0.2849    0.5460    0.1680    0.5061    0.2382    0.3674
 000264   A  0.825599  0.505635  0.710856    0.1698    0.3087    0.5580    0.1880    0.5131    0.2230    0.3642
 000265   R  0.824849  0.606384  0.722898    0.1667    0.2988    0.5930    0.1990    0.5355    0.2307    0.3557
 000266   T  0.836839  0.615619  0.736233    0.1566    0.2645    0.8120    0.1250    0.5703    0.2658    0.3541
 000267   R  0.860466  0.651920  0.753632    0.2041    0.2436    0.8380    0.1380    0.5919    0.2689    0.3480
 000268   L  0.899816  0.722870  0.773383    0.3311    0.3019    0.8120    0.1250    0.6402    0.2350    0.3466
 000269   R  0.915608  0.758834  0.793529    0.3359    0.2399    0.8330    0.0920    0.6462    0.2593    0.3394
 000270   D  0.939259  0.798426  0.809045    0.3847    0.2002    0.9010    0.0640    0.6721    0.2780    0.3393
 000271   L  0.962048  0.820644  0.821397    0.4967    0.2470    0.9180    0.0440    0.7110    0.2554    0.3387
 000272   L  0.998851  0.844943  0.830321    0.6174    0.3182    0.9430    0.0440    0.7588    0.2303    0.3341
 000273   P  0.996202  0.863131  0.837691    0.6681    0.3182    0.9370    0.0370    0.7700    0.2261    0.3290
 000274   R  0.999222  0.875403  0.843149    0.7772    0.4051    0.9330    0.0360    0.8055    0.1920    0.3215
 000275   R  0.996108  0.869924  0.845190    0.8391    0.4186    0.9540    0.0300    0.8204    0.1886    0.3194
