#RESNUM RES     VL-XT     VSL2B       VL3  IUPred-S  IUPred-L  PONDRFIT  FITERROR       MDP  MDPERROR   ANCHOR2
 000001   M  0.411733  0.832602  0.516381    0.6984    0.0780    0.9130    0.0710    0.4889    0.2936    0.2133
 000002   A  0.350718  0.794204  0.499223    0.6870    0.1206    0.8920    0.0290    0.4741    0.2779    0.2171
 000003   L  0.487879  0.762169  0.483271    0.5473    0.1702    0.8700    0.0600    0.4729    0.2376    0.2219
 000004   F  0.539633  0.720277  0.468808    0.5173    0.1137    0.8120    0.0880    0.4505    0.2344    0.2231
 000005   G  0.585406  0.641300  0.453416    0.4918    0.0780    0.7810    0.0920    0.4296    0.2311    0.2245
 000006   S  0.639753  0.569589  0.439581    0.3535    0.0555    0.8050    0.0660    0.4039    0.2480    0.2308
 000007   L  0.669288  0.505126  0.426236    0.2167    0.0454    0.8430    0.1030    0.3800    0.2753    0.2437
 000008   D  0.662316  0.449050  0.415933    0.1088    0.0341    0.7960    0.1240    0.3417    0.2814    0.2601
 000009   S  0.658477  0.401450  0.406422    0.0502    0.0454    0.7000    0.1190    0.3093    0.2676    0.2796
 000010   M  0.634518  0.371487  0.400649    0.0194    0.0581    0.6760    0.0890    0.2932    0.2616    0.3014
 000011   P  0.622761  0.363966  0.391898    0.0131    0.0734    0.7020    0.1590    0.2958    0.2630    0.3176
 000012   L  0.627187  0.350452  0.382885    0.0173    0.0948    0.5550    0.1380    0.2741    0.2307    0.3288
 000013   E  0.629404  0.337186  0.376048    0.0245    0.1137    0.4630    0.1190    0.2613    0.2133    0.3449
 000014   E  0.613955  0.324857  0.368882    0.0455    0.1528    0.3780    0.0830    0.2525    0.1906    0.3595
 000015   L  0.526802  0.295997  0.360606    0.0935    0.1823    0.3350    0.0850    0.2389    0.1497    0.3763
 000016   L  0.467908  0.269193  0.352832    0.0723    0.1881    0.3040    0.0960    0.2170    0.1376    0.3917
 000017   L  0.427632  0.259427  0.333438    0.0395    0.1184    0.2810    0.1100    0.1876    0.1411    0.3977
 000018   V  0.371781  0.292794  0.314580    0.0832    0.0948    0.2750    0.1080    0.1863    0.1219    0.3855
 000019   L  0.317649  0.315589  0.293855    0.0425    0.1007    0.2720    0.0930    0.1747    0.1203    0.3714
 000020   K  0.242978  0.322884  0.274250    0.0231    0.0704    0.2220    0.0720    0.1469    0.1178    0.3520
 000021   S  0.176186  0.338035  0.256341    0.0308    0.0851    0.1610    0.0390    0.1318    0.1105    0.3335
 000022   K  0.103919  0.336347  0.240844    0.0144    0.0734    0.1230    0.0230    0.1084    0.1153    0.3176
 000023   E  0.031350  0.294979  0.225227    0.0316    0.0765    0.1130    0.0260    0.0913    0.1059    0.3044
 000024   G  0.019030  0.266870  0.218805    0.0304    0.0870    0.1080    0.0260    0.0851    0.0990    0.2899
 000025   A  0.009961  0.257000  0.221001    0.0141    0.0704    0.1070    0.0210    0.0764    0.1023    0.2773
 000026   L  0.003058  0.232149  0.220266    0.0350    0.1206    0.1050    0.0270    0.0826    0.0930    0.2652
 000027   E  0.002894  0.215652  0.222684    0.0502    0.1881    0.1040    0.0270    0.0934    0.0920    0.2536
 000028   I  0.002429  0.204075  0.221725    0.0991    0.1881    0.1220    0.0440    0.1026    0.0839    0.2444
 000029   W  0.002473  0.198933  0.218750    0.1532    0.1731    0.1280    0.0490    0.1094    0.0793    0.2499
 000030   N  0.003133  0.190252  0.215138    0.1667    0.1759    0.1190    0.0390    0.1091    0.0784    0.2544
 000031   V  0.004757  0.179597  0.209937    0.1117    0.1731    0.1250    0.0410    0.0991    0.0753    0.2623
 000032   K  0.005356  0.187104  0.206178    0.0677    0.2034    0.1280    0.0420    0.0986    0.0826    0.2742
 000033   G  0.012725  0.183766  0.202916    0.0701    0.2064    0.1450    0.0530    0.1030    0.0798    0.2880
 000034   L  0.096223  0.179298  0.200968    0.0789    0.1914    0.1640    0.0510    0.1183    0.0578    0.3017
 000035   P  0.180204  0.201931  0.209956    0.0789    0.1162    0.1720    0.0490    0.1248    0.0587    0.3123
 000036   A  0.219625  0.209186  0.220040    0.1018    0.1298    0.2150    0.0660    0.1458    0.0604    0.3173
 000037   T  0.263264  0.219316  0.235490    0.1060    0.1914    0.2190    0.0670    0.1664    0.0632    0.3221
 000038   T  0.364645  0.236758  0.249424    0.1018    0.1137    0.2070    0.0580    0.1707    0.0979    0.3258
 000039   L  0.439511  0.258398  0.261962    0.1698    0.1914    0.1910    0.0540    0.2083    0.1008    0.3248
 000040   Y  0.539094  0.275699  0.277393    0.1698    0.3182    0.1730    0.0490    0.2460    0.1317    0.3166
 000041   L  0.647241  0.291543  0.282556    0.1732    0.2988    0.1640    0.0470    0.2624    0.1675    0.3097
 000042   K  0.740769  0.312324  0.292553    0.2531    0.3631    0.1570    0.0600    0.3044    0.1908    0.2997
 000043   P  0.763697  0.334934  0.299684    0.2558    0.3631    0.1630    0.0640    0.3135    0.1965    0.2896
 000044   G  0.789197  0.342585  0.304813    0.2531    0.3872    0.1900    0.0710    0.3271    0.2008    0.2773
 000045   R  0.856793  0.357484  0.314203    0.3399    0.3872    0.2160    0.0860    0.3595    0.2126    0.2659
 000046   I  0.921415  0.391716  0.330070    0.3456    0.3910    0.2270    0.0990    0.3795    0.2312    0.2591
 000047   R  0.929086  0.421270  0.345968    0.2913    0.4476    0.2020    0.0790    0.3819    0.2406    0.2583
 000048   S  0.964407  0.465602  0.361909    0.3184    0.4476    0.2390    0.0770    0.4059    0.2431    0.2598
 000049   I  0.972731  0.511390  0.377316    0.3491    0.4119    0.2300    0.0700    0.4126    0.2456    0.2596
 000050   D  0.971992  0.532314  0.394170    0.4333    0.4652    0.2060    0.0640    0.4349    0.2425    0.2674
 000051   Q  0.977347  0.556228  0.406281    0.4825    0.5533    0.2160    0.0650    0.4642    0.2398    0.2761
 000052   R  0.954817  0.597236  0.425230    0.5331    0.6227    0.2140    0.0700    0.4869    0.2345    0.2864
 000053   G  0.937666  0.613891  0.438054    0.5374    0.5419    0.2110    0.0750    0.4736    0.2288    0.3010
 000054   K  0.881187  0.606929  0.449341    0.4879    0.4330    0.2190    0.0820    0.4380    0.2143    0.3150
 000055   P  0.800677  0.605500  0.459563    0.4203    0.3529    0.2380    0.0880    0.4029    0.1968    0.3319
 000056   L  0.724045  0.621290  0.471037    0.3491    0.3667    0.2590    0.0990    0.3866    0.1799    0.3497
 000057   P  0.648960  0.591742  0.480783    0.3717    0.3840    0.2190    0.0830    0.3693    0.1647    0.3645
 000058   P  0.624846  0.582241  0.488335    0.3806    0.3149    0.2260    0.0850    0.3547    0.1641    0.3774
 000059   E  0.538877  0.552345  0.498444    0.3053    0.3149    0.2180    0.0790    0.3216    0.1542    0.3914
 000060   A  0.454478  0.525816  0.510316    0.3263    0.3774    0.2050    0.0740    0.3148    0.1405    0.4103
 000061   A  0.422342  0.498559  0.522741    0.3311    0.3667    0.1890    0.0650    0.3014    0.1415    0.4252
 000062   K  0.352676  0.453829  0.536069    0.3005    0.3667    0.1650    0.0450    0.2731    0.1469    0.4305
 000063   A  0.380964  0.424644  0.545388    0.2963    0.3740    0.1450    0.0280    0.2701    0.1523    0.4216
 000064   V  0.413718  0.396246  0.552476    0.2963    0.3704    0.1340    0.0310    0.2684    0.1567    0.4157
 000065   L  0.424592  0.403264  0.558972    0.3005    0.2609    0.1280    0.0400    0.2528    0.1653    0.4103
 000066   L  0.395434  0.384446  0.554237    0.2748    0.2436    0.1380    0.0410    0.2393    0.1614    0.4066
 000067   T  0.316390  0.380643  0.548934    0.2602    0.2094    0.1590    0.0480    0.2210    0.1568    0.4076
 000068   L  0.298192  0.374677  0.535574    0.2292    0.1229    0.1890    0.0690    0.2023    0.1619    0.4049
 000069   L  0.289033  0.377792  0.524459    0.1205    0.1229    0.2030    0.0880    0.1855    0.1688    0.4029
 000070   K  0.255217  0.413760  0.515140    0.0723    0.1251    0.1970    0.1010    0.1773    0.1781    0.4030
 000071   A  0.252409  0.452515  0.501954    0.1041    0.0929    0.2060    0.1140    0.1847    0.1791    0.4055
 000072   R  0.193136  0.458479  0.498658    0.1240    0.1048    0.2130    0.1190    0.1823    0.1765    0.4060
 000073   E  0.162095  0.452668  0.492986    0.0677    0.1251    0.1990    0.1000    0.1677    0.1825    0.4056
 000074   G  0.147513  0.439404  0.491345    0.0744    0.1399    0.2050    0.0910    0.1678    0.1779    0.4001
 000075   S  0.208613  0.446907  0.494277    0.1322    0.1942    0.1990    0.0860    0.1968    0.1609    0.3956
 000076   F  0.269855  0.431032  0.487387    0.1732    0.2575    0.2170    0.0840    0.2247    0.1399    0.3895
 000077   E  0.290081  0.447855  0.479914    0.2292    0.2680    0.1940    0.0900    0.2382    0.1342    0.3887
 000078   F  0.326732  0.450753  0.470286    0.2080    0.2541    0.2250    0.1010    0.2441    0.1307    0.3811
 000079   L  0.328536  0.454019  0.458196    0.2080    0.2503    0.2220    0.0950    0.2438    0.1286    0.3826
 000080   P  0.321120  0.464221  0.446127    0.2700    0.3392    0.2150    0.0870    0.2683    0.1160    0.3859
 000081   N  0.321517  0.450272  0.432695    0.1766    0.2258    0.2820    0.0930    0.2426    0.1236    0.3879
 000082   L  0.343044  0.455143  0.428484    0.2041    0.2849    0.2720    0.1260    0.2599    0.1135    0.3908
 000083   R  0.383008  0.430786  0.418652    0.1041    0.2988    0.2290    0.1120    0.2409    0.1354    0.3980
 000084   P  0.364740  0.426216  0.418281    0.1266    0.2988    0.1590    0.0770    0.2293    0.1373    0.4031
 000085   R  0.374065  0.415299  0.417130    0.1266    0.2951    0.1460    0.0620    0.2262    0.1386    0.4152
 000086   H  0.440942  0.408963  0.412917    0.1266    0.2680    0.1260    0.0470    0.2285    0.1495    0.4235
 000087   R  0.462614  0.399250  0.402979    0.2041    0.3019    0.1150    0.0370    0.2471    0.1392    0.4332
 000088   V  0.508451  0.405959  0.402720    0.1921    0.2164    0.1010    0.0290    0.2374    0.1582    0.4320
 000089   R  0.571540  0.393050  0.399025    0.2167    0.3215    0.0960    0.0300    0.2665    0.1639    0.4316
 000090   L  0.555975  0.373568  0.395221    0.2255    0.3215    0.1080    0.0430    0.2641    0.1547    0.4244
 000091   N  0.506963  0.389604  0.388350    0.2041    0.2258    0.1000    0.0310    0.2378    0.1519    0.4192
 000092   W  0.438727  0.382340  0.383656    0.1349    0.2193    0.1160    0.0390    0.2152    0.1430    0.4133
 000093   P  0.402806  0.380002  0.379267    0.1602    0.2224    0.1150    0.0350    0.2133    0.1316    0.4060
 000094   T  0.329556  0.383551  0.383372    0.1698    0.2364    0.1250    0.0380    0.2073    0.1198    0.3966
 000095   E  0.255561  0.401835  0.391345    0.1018    0.2129    0.1280    0.0360    0.1833    0.1334    0.3891
 000096   K  0.201308  0.395058  0.401343    0.1060    0.2292    0.1360    0.0370    0.1780    0.1336    0.3800
 000097   A  0.144504  0.403119  0.411047    0.1150    0.1583    0.1450    0.0400    0.1610    0.1437    0.3736
 000098   L  0.085238  0.424980  0.425449    0.1240    0.1702    0.1520    0.0430    0.1593    0.1572    0.3668
 000099   L  0.125128  0.450951  0.439905    0.1322    0.2258    0.1520    0.0380    0.1811    0.1571    0.3679
 000100   S  0.157804  0.476256  0.454952    0.1456    0.1554    0.1650    0.0380    0.1833    0.1647    0.3737
 000101   L  0.183640  0.487199  0.467804    0.2122    0.2193    0.1900    0.0510    0.2154    0.1523    0.3780
 000102   V  0.187255  0.499478  0.478990    0.1532    0.2129    0.2000    0.0560    0.2088    0.1639    0.3851
 000103   T  0.189207  0.512901  0.488501    0.2657    0.3356    0.2140    0.0570    0.2530    0.1503    0.3928
 000104   L  0.180686  0.499725  0.500541    0.2333    0.2292    0.2230    0.0510    0.2277    0.1585    0.3998
 000105   H  0.175812  0.550391  0.513152    0.2531    0.2503    0.2420    0.0460    0.2453    0.1682    0.4065
 000106   D  0.182893  0.557818  0.520000    0.1805    0.2470    0.2800    0.0540    0.2413    0.1763    0.4124
 000107   E  0.179367  0.582973  0.533371    0.2080    0.2783    0.3230    0.0550    0.2619    0.1782    0.4178
 000108   L  0.147407  0.598713  0.545598    0.2255    0.3149    0.3350    0.0540    0.2702    0.1857    0.4209
 000109   D  0.132545  0.629719  0.559062    0.3359    0.4017    0.3390    0.0760    0.3064    0.1869    0.4258
 000110   R  0.124553  0.652157  0.574974    0.4282    0.4766    0.3990    0.0850    0.3467    0.1919    0.4283
 000111   Y  0.127267  0.666420  0.591816    0.4282    0.3740    0.4490    0.0690    0.3409    0.1979    0.4286
 000112   R  0.143108  0.686464  0.607793    0.5008    0.4476    0.4420    0.0700    0.3701    0.1985    0.4297
 000113   D  0.156615  0.702382  0.619338    0.4781    0.4369    0.4680    0.0770    0.3737    0.1997    0.4288
 000114   Q  0.176690  0.708225  0.630098    0.4651    0.4369    0.5540    0.0980    0.3902    0.1996    0.4261
 000115   L  0.195409  0.703515  0.635794    0.4703    0.5211    0.5540    0.1080    0.4074    0.1929    0.4238
 000116   P  0.208188  0.702135  0.639509    0.4967    0.5098    0.5270    0.0980    0.4072    0.1885    0.4233
 000117   D  0.218790  0.713363  0.644640    0.5008    0.5382    0.5530    0.1110    0.4206    0.1890    0.4228
 000118   P  0.224888  0.712654  0.653944    0.5043    0.5665    0.4770    0.0960    0.4142    0.1905    0.4221
 000119   Q  0.232390  0.716052  0.658110    0.6079    0.6806    0.4230    0.1030    0.4434    0.2036    0.4228
 000120   T  0.237582  0.703925  0.665486    0.6412    0.6755    0.3950    0.1080    0.4423    0.2067    0.4226
 000121   R  0.241217  0.711582  0.675174    0.6516    0.6482    0.4540    0.1390    0.4510    0.2005    0.4222
 000122   F  0.245616  0.729398  0.687016    0.7232    0.7505    0.4550    0.1310    0.4839    0.2189    0.4222
 000123   R  0.233916  0.769004  0.695766    0.7111    0.6531    0.4480    0.1090    0.4692    0.2196    0.4239
 000124   L  0.219036  0.769147  0.701481    0.7034    0.6375    0.4850    0.1150    0.4691    0.2199    0.4240
 000125   Q  0.212050  0.778668  0.702497    0.6293    0.6269    0.4590    0.1370    0.4511    0.2200    0.4264
 000126   G  0.220078  0.789648  0.704768    0.6870    0.5951    0.4900    0.1480    0.4636    0.2205    0.4285
 000127   S  0.225227  0.794798  0.700885    0.6650    0.4685    0.5010    0.1590    0.4424    0.2205    0.4294
 000128   P  0.225772  0.797778  0.701257    0.6079    0.4725    0.5000    0.1680    0.4340    0.2173    0.4299
 000129   P  0.259954  0.789661  0.695862    0.5173    0.4409    0.4810    0.1730    0.4149    0.2078    0.4307
 000130   E  0.292294  0.785011  0.692512    0.5126    0.4051    0.4640    0.2010    0.4099    0.2033    0.4320
 000131   D  0.323292  0.774031  0.688287    0.5084    0.3740    0.4450    0.1920    0.4042    0.1990    0.4330
 000132   A  0.371323  0.750632  0.682549    0.4918    0.4119    0.4250    0.1970    0.4084    0.1830    0.4333
 000133   R  0.419787  0.742273  0.675587    0.5473    0.4330    0.4060    0.1970    0.4248    0.1728    0.4319
 000134   Y  0.467922  0.715323  0.664489    0.5900    0.3631    0.3930    0.1800    0.4216    0.1732    0.4333
 000135   R  0.496751  0.680429  0.648356    0.5802    0.4507    0.3500    0.1640    0.4263    0.1576    0.4336
 000136   G  0.517888  0.679932  0.630469    0.4825    0.4330    0.3500    0.1640    0.4106    0.1537    0.4307
 000137   F  0.521865  0.652210  0.613949    0.4918    0.4369    0.4190    0.1450    0.4203    0.1335    0.4278
 000138   L  0.500878  0.617588  0.598754    0.4879    0.4476    0.4080    0.1400    0.4104    0.1252    0.4252
 000139   E  0.506303  0.607436  0.580346    0.4420    0.4220    0.3970    0.1470    0.3958    0.1251    0.4235
 000140   K  0.502423  0.584923  0.564363    0.4078    0.3667    0.3900    0.1510    0.3753    0.1273    0.4201
 000141   A  0.515533  0.565868  0.546982    0.4037    0.3704    0.4170    0.1510    0.3788    0.1184    0.4142
 000142   A  0.524627  0.558922  0.528493    0.3535    0.3704    0.4040    0.1430    0.3685    0.1209    0.4094
 000143   P  0.534815  0.543618  0.513844    0.3885    0.3249    0.3930    0.1540    0.3641    0.1203    0.4050
 000144   Y  0.558986  0.545976  0.501097    0.4037    0.3019    0.4260    0.1420    0.3727    0.1225    0.4008
 000145   L  0.593776  0.529484  0.488899    0.3717    0.3948    0.3810    0.1370    0.3784    0.1167    0.4026
 000146   E  0.650155  0.529756  0.476627    0.3311    0.3704    0.3710    0.1400    0.3753    0.1364    0.4072
 000147   R  0.714184  0.528168  0.465766    0.3311    0.2951    0.3860    0.1390    0.3758    0.1604    0.4131
 000148   G  0.751201  0.525297  0.454955    0.3535    0.3704    0.4070    0.1350    0.4013    0.1549    0.4156
 000149   T  0.789850  0.505250  0.444591    0.3146    0.4409    0.4490    0.1410    0.4166    0.1633    0.4173
 000150   T  0.790377  0.502734  0.438924    0.2657    0.4685    0.4430    0.1490    0.4117    0.1722    0.4182
 000151   A  0.797466  0.507304  0.434623    0.2700    0.3983    0.4670    0.1390    0.4067    0.1761    0.4195
 000152   Q  0.800326  0.501043  0.428129    0.3359    0.4292    0.4380    0.1350    0.4175    0.1638    0.4233
 000153   E  0.769253  0.487209  0.421748    0.2786    0.3807    0.4210    0.1260    0.3894    0.1674    0.4253
 000154   L  0.749394  0.481029  0.415537    0.2531    0.2849    0.4120    0.1460    0.3633    0.1762    0.4225
 000155   A  0.708647  0.465039  0.411673    0.2432    0.3566    0.3070    0.1090    0.3467    0.1642    0.4236
 000156   Q  0.637105  0.436955  0.404524    0.2483    0.3566    0.2630    0.0810    0.3237    0.1461    0.4219
 000157   A  0.555267  0.415177  0.395597    0.2292    0.2715    0.2580    0.0860    0.2881    0.1315    0.4132
 000158   L  0.473171  0.404646  0.391491    0.1495    0.2064    0.2610    0.0950    0.2491    0.1333    0.4046
 000159   A  0.439821  0.374174  0.383206    0.0935    0.1424    0.2560    0.0960    0.2176    0.1437    0.4009
 000160   S  0.370768  0.345602  0.378661    0.0526    0.1349    0.2620    0.0900    0.1943    0.1392    0.3957
 000161   P  0.306832  0.307003  0.374644    0.0304    0.0835    0.2840    0.0950    0.1685    0.1416    0.3911
 000162   V  0.271462  0.282220  0.369886    0.0387    0.1048    0.3200    0.1280    0.1695    0.1336    0.3896
 000163   D  0.220848  0.265886  0.367321    0.0179    0.0948    0.3810    0.1760    0.1633    0.1463    0.3857
 000164   L  0.185156  0.237071  0.369900    0.0182    0.0568    0.4480    0.2210    0.1576    0.1664    0.3836
 000165   V  0.179075  0.253687  0.376740    0.0387    0.0909    0.4710    0.2350    0.1722    0.1644    0.3874
 000166   R  0.224725  0.234643  0.386426    0.0259    0.0909    0.4720    0.2270    0.1746    0.1675    0.3878
 000167   L  0.263278  0.234844  0.395768    0.0252    0.0543    0.4620    0.1910    0.1733    0.1737    0.3879
 000168   Y  0.257879  0.251961  0.408563    0.0245    0.0631    0.4150    0.1460    0.1688    0.1658    0.3936
 000169   L  0.289078  0.290302  0.421906    0.0226    0.0967    0.3550    0.1320    0.1755    0.1573    0.4031
 000170   L  0.378330  0.280541  0.436708    0.0286    0.1184    0.3010    0.1120    0.1844    0.1595    0.4162
 000171   K  0.467209  0.315523  0.453679    0.0297    0.1048    0.2530    0.0840    0.1950    0.1800    0.4332
 000172   L  0.557712  0.338149  0.469649    0.0245    0.0909    0.2520    0.0640    0.2106    0.2060    0.4149
 000173   E  0.635431  0.359536  0.487372    0.0304    0.1323    0.2240    0.0490    0.2303    0.2223    0.3966
 000174   R  0.707595  0.369343  0.504589    0.0304    0.1298    0.2120    0.0450    0.2415    0.2452    0.3772
 000175   L  0.738652  0.420993  0.520801    0.0526    0.1671    0.2160    0.0620    0.2659    0.2484    0.3577
 000176   G  0.784736  0.439004  0.537228    0.0832    0.1969    0.2340    0.0800    0.2896    0.2527    0.3386
 000177   A  0.811163  0.467283  0.552656    0.0643    0.2364    0.2690    0.0990    0.3081    0.2596    0.3209
 000178   L  0.804060  0.500813  0.569364    0.0884    0.2364    0.3000    0.1080    0.3215    0.2544    0.3094
 000179   R  0.777449  0.544865  0.584831    0.1732    0.2470    0.2880    0.1010    0.3384    0.2361    0.2998
 000180   R  0.739376  0.575160  0.598140    0.1667    0.2164    0.3440    0.1180    0.3403    0.2332    0.2940
 000181   E  0.678280  0.600172  0.609544    0.1698    0.2884    0.3860    0.1450    0.3537    0.2124    0.2927
 000182   A  0.620114  0.609807  0.619902    0.0991    0.2884    0.4550    0.1620    0.3454    0.2224    0.2928
 000183   Q  0.549170  0.597133  0.622064    0.1602    0.3599    0.4860    0.1710    0.3588    0.1906    0.2959
 000184   K  0.496032  0.577624  0.626307    0.1532    0.3529    0.5080    0.1400    0.3480    0.1896    0.3014
 000185   G  0.448227  0.562125  0.632128    0.1456    0.3286    0.5330    0.1340    0.3363    0.1942    0.3071
 000186   A  0.426846  0.531556  0.638248    0.2292    0.3740    0.5640    0.1300    0.3542    0.1719    0.3129
 000187   A  0.434798  0.503773  0.648440    0.1998    0.3631    0.6120    0.1270    0.3522    0.1863    0.3192
 000188   P  0.404203  0.481953  0.659013    0.2080    0.3704    0.6970    0.0800    0.3603    0.2012    0.3274
 000189   L  0.381534  0.495886  0.669165    0.3535    0.4256    0.6470    0.1000    0.3839    0.1662    0.3257
 000190   L  0.369798  0.531235  0.681049    0.3885    0.4119    0.7380    0.0670    0.4065    0.1836    0.3222
 000191   F  0.381457  0.590246  0.691665    0.4282    0.3983    0.7010    0.0960    0.4166    0.1773    0.3104
 000192   G  0.412516  0.655956  0.703293    0.4600    0.3631    0.7200    0.1240    0.4353    0.1862    0.2929
 000193   K  0.460184  0.729897  0.717392    0.5473    0.3704    0.7270    0.0920    0.4725    0.1858    0.2914
 000194   G  0.307803  0.773233  0.732511    0.5802    0.3249    0.8060    0.0960    0.4653    0.2380    0.2867
 000195   G  0.374382  0.798556  0.747200    0.6219    0.2918    0.8740    0.0630    0.4935    0.2496    0.2822
 000196   A  0.514250  0.791053  0.762751    0.6604    0.2503    0.9070    0.0410    0.5205    0.2497    0.2775
 000197   A  0.806491  0.821330  0.780389    0.7342    0.2503    0.9480    0.0320    0.5934    0.2568    0.2719
