#RESNUM RES     VL-XT     VSL2B       VL3  IUPred-S  IUPred-L  PONDRFIT  FITERROR       MDP  MDPERROR   ANCHOR2
 000001   M  0.972283  0.951068  0.888762    0.9917    0.8713    0.9940    0.0070    0.9448    0.0482    0.7993
 000002   P  0.985046  0.950183  0.889883    0.9836    0.8894    0.9960    0.0050    0.9491    0.0443    0.7701
 000003   T  0.986481  0.950010  0.892188    0.9562    0.9081    0.9950    0.0050    0.9480    0.0376    0.7480
 000004   L  0.993202  0.948784  0.894304    0.9491    0.8792    0.9770    0.0330    0.9403    0.0411    0.7238
 000005   R  0.976876  0.948294  0.896107    0.9280    0.7982    0.9850    0.0140    0.9221    0.0628    0.6955
 000006   P  0.977899  0.946828  0.897208    0.8984    0.7982    0.9820    0.0110    0.9167    0.0627    0.6767
 000007   E  0.969030  0.945460  0.897111    0.8311    0.7718    0.9800    0.0110    0.8991    0.0758    0.6281
 000008   S  0.957507  0.942732  0.896048    0.7951    0.6576    0.9820    0.0110    0.8718    0.1131    0.5935
 000009   P  0.939496  0.939475  0.894391    0.7418    0.7120    0.9760    0.0190    0.8671    0.1023    0.5665
 000010   E  0.911049  0.936821  0.892974    0.6474    0.7163    0.9690    0.0230    0.8457    0.1199    0.5408
 000011   E  0.889744  0.933301  0.891591    0.6334    0.6322    0.9420    0.0410    0.8204    0.1341    0.5195
 000012   V  0.875497  0.928399  0.889711    0.6516    0.6661    0.9340    0.0410    0.8242    0.1187    0.5117
 000013   Q  0.864315  0.918898  0.887228    0.5802    0.5854    0.9080    0.0630    0.7907    0.1480    0.5060
 000014   E  0.847122  0.906953  0.884251    0.5667    0.5854    0.8800    0.0800    0.7785    0.1443    0.5037
 000015   A  0.826694  0.888170  0.880886    0.5846    0.6806    0.8570    0.0970    0.7864    0.1139    0.5043
 000016   V  0.818079  0.878050  0.876504    0.6035    0.6906    0.8240    0.1220    0.7817    0.1012    0.5095
 000017   R  0.813307  0.869353  0.871696    0.5846    0.6531    0.7940    0.1320    0.7643    0.1084    0.5073
 000018   A  0.819794  0.850023  0.866114    0.5900    0.6427    0.7870    0.1380    0.7593    0.1051    0.5116
 000019   Y  0.833374  0.846768  0.860426    0.5900    0.6269    0.7610    0.1380    0.7531    0.1075    0.5097
 000020   P  0.843608  0.837087  0.854873    0.5762    0.6322    0.6950    0.1460    0.7398    0.1109    0.4973
 000021   R  0.857060  0.824410  0.850458    0.5667    0.5707    0.7230    0.1600    0.7321    0.1236    0.4859
 000022   L  0.874215  0.819360  0.846512    0.5900    0.4652    0.7620    0.1600    0.7262    0.1489    0.4800
 000023   R  0.895102  0.818762  0.841569    0.6174    0.5342    0.7320    0.1550    0.7399    0.1278    0.4694
 000024   A  0.914002  0.801245  0.835598    0.5331    0.5296    0.7490    0.1420    0.7270    0.1468    0.4655
 000025   Q  0.930212  0.811137  0.827383    0.5296    0.5456    0.6930    0.1290    0.7229    0.1480    0.4616
 000026   G  0.940365  0.812271  0.816944    0.5514    0.5665    0.6790    0.1220    0.7277    0.1413    0.4591
 000027   G  0.939007  0.802665  0.804221    0.6255    0.6712    0.7000    0.1250    0.7571    0.1043    0.4562
 000028   G  0.915895  0.792339  0.789761    0.6174    0.6755    0.7080    0.1550    0.7498    0.0964    0.4542
 000029   T  0.888865  0.777071  0.774157    0.6412    0.7250    0.6870    0.1530    0.7489    0.0786    0.4508
 000030   K  0.857091  0.761365  0.757845    0.6944    0.7505    0.7400    0.1470    0.7601    0.0487    0.4478
 000031   P  0.811795  0.749650  0.741731    0.6827    0.6227    0.7600    0.1290    0.7280    0.0603    0.4491
 000032   A  0.770528  0.735257  0.726664    0.6219    0.5382    0.8150    0.0860    0.7013    0.0936    0.4493
 000033   L  0.750036  0.721105  0.710220    0.5992    0.6427    0.8140    0.0940    0.7062    0.0699    0.4480
 000034   S  0.722779  0.703244  0.692233    0.5296    0.5533    0.7660    0.1310    0.6612    0.0880    0.4444
 000035   T  0.713155  0.683387  0.673093    0.5623    0.5901    0.7620    0.1420    0.6640    0.0686    0.4398
 000036   P  0.710135  0.662072  0.653580    0.4749    0.5707    0.7550    0.1490    0.6377    0.0920    0.4347
 000037   K  0.721897  0.638885  0.635650    0.4600    0.4864    0.7370    0.1590    0.6134    0.1064    0.4284
 000038   E  0.723595  0.617319  0.620397    0.4458    0.4801    0.7210    0.1870    0.6014    0.1071    0.4210
 000039   G  0.723035  0.593765  0.608038    0.3630    0.4801    0.7040    0.2130    0.5787    0.1251    0.4138
 000040   E  0.732110  0.550451  0.596698    0.3399    0.3948    0.6500    0.2090    0.5439    0.1374    0.4064
 000041   V  0.744319  0.509747  0.583094    0.3491    0.3286    0.6290    0.2160    0.5240    0.1484    0.3965
 000042   L  0.742599  0.450211  0.568366    0.2483    0.2715    0.6020    0.1760    0.4806    0.1779    0.3875
 000043   L  0.746914  0.423298  0.551785    0.1958    0.2129    0.5890    0.2060    0.4533    0.1997    0.3803
 000044   D  0.740675  0.402618  0.534410    0.2292    0.2988    0.5010    0.2140    0.4511    0.1674    0.3757
 000045   L  0.722020  0.363757  0.515327    0.1532    0.3249    0.4730    0.1710    0.4253    0.1762    0.3724
 000046   S  0.709372  0.328795  0.495971    0.1635    0.3286    0.3610    0.1550    0.3978    0.1696    0.3709
 000047   R  0.655121  0.337416  0.476831    0.1635    0.3117    0.2910    0.1280    0.3726    0.1560    0.3694
 000048   L  0.603322  0.316295  0.458666    0.1844    0.2164    0.2700    0.1350    0.3416    0.1462    0.3644
 000049   R  0.557015  0.296814  0.442113    0.1878    0.1501    0.2690    0.1310    0.3172    0.1417    0.3619
 000050   G  0.489604  0.314434  0.426856    0.1178    0.0835    0.2530    0.0980    0.2809    0.1485    0.3576
 000051   L  0.421812  0.304782  0.412444    0.0723    0.0817    0.2770    0.0740    0.2617    0.1407    0.3511
 000052   L  0.357367  0.279874  0.398092    0.0607    0.0985    0.3000    0.0730    0.2491    0.1262    0.3488
 000053   A  0.288738  0.278190  0.383926    0.0991    0.0780    0.3190    0.0870    0.2411    0.1132    0.3526
 000054   Y  0.245033  0.282669  0.371109    0.1240    0.1007    0.3670    0.1050    0.2485    0.1062    0.3507
 000055   E  0.205945  0.278292  0.359286    0.0621    0.0929    0.3820    0.1160    0.2301    0.1224    0.3461
 000056   P  0.215185  0.268251  0.349754    0.0832    0.1476    0.3650    0.1140    0.2382    0.1019    0.3413
 000057   E  0.230205  0.266194  0.342477    0.0858    0.1731    0.3590    0.1100    0.2428    0.0945    0.3359
 000058   E  0.243584  0.261063  0.337554    0.0909    0.1070    0.3390    0.1000    0.2298    0.0991    0.3286
 000059   F  0.278572  0.236403  0.335622    0.1667    0.1349    0.3280    0.1000    0.2467    0.0759    0.3243
 000060   V  0.311439  0.219953  0.334354    0.1088    0.1449    0.2840    0.0740    0.2339    0.0840    0.3217
 000061   F  0.389648  0.205136  0.332610    0.0884    0.0985    0.2840    0.0780    0.2330    0.1131    0.3211
 000062   T  0.462800  0.183314  0.327569    0.1456    0.1583    0.2760    0.0980    0.2590    0.1120    0.3300
 000063   A  0.519211  0.181894  0.319410    0.1380    0.2328    0.2520    0.0970    0.2738    0.1234    0.3378
 000064   F  0.562766  0.184315  0.310951    0.1805    0.2328    0.2430    0.0960    0.2857    0.1313    0.3412
 000065   A  0.573370  0.195392  0.303430    0.2865    0.2436    0.2140    0.0790    0.3026    0.1268    0.3529
 000066   G  0.608065  0.208885  0.297438    0.2292    0.2292    0.2020    0.0640    0.2957    0.1431    0.3628
 000067   T  0.643185  0.230384  0.292550    0.1380    0.1731    0.2010    0.0560    0.2798    0.1695    0.3728
 000068   P  0.675859  0.261173  0.286491    0.1205    0.1671    0.2230    0.0540    0.2890    0.1817    0.3851
 000069   I  0.704266  0.293475  0.278996    0.0858    0.1528    0.2840    0.0700    0.2998    0.1965    0.3995
 000070   A  0.688118  0.339570  0.270076    0.1456    0.2575    0.2900    0.0700    0.3318    0.1697    0.4124
 000071   E  0.678841  0.386059  0.262316    0.2041    0.2328    0.2820    0.0810    0.3410    0.1614    0.4223
 000072   V  0.670678  0.416570  0.257177    0.3146    0.2609    0.2570    0.0930    0.3627    0.1488    0.4329
 000073   E  0.678358  0.419390  0.252738    0.2122    0.2783    0.2150    0.0840    0.3427    0.1654    0.4257
 000074   E  0.725985  0.406071  0.251453    0.1766    0.2064    0.1940    0.0880    0.3267    0.1941    0.4180
 000075   A  0.734177  0.390881  0.253686    0.2963    0.3149    0.1640    0.0720    0.3590    0.1811    0.4074
 000076   L  0.742310  0.349522  0.259231    0.2432    0.3774    0.1350    0.0480    0.3511    0.1918    0.4020
 000077   R  0.744671  0.307551  0.266118    0.2558    0.4051    0.1180    0.0380    0.3495    0.1960    0.3930
 000078   A  0.735264  0.299010  0.273737    0.2820    0.3215    0.1100    0.0320    0.3369    0.1910    0.3882
 000079   H  0.726508  0.310906  0.282164    0.2786    0.2645    0.1010    0.0280    0.3273    0.1911    0.3872
 000080   G  0.683093  0.293449  0.291257    0.3005    0.3529    0.0920    0.0280    0.3355    0.1758    0.3859
 000081   Q  0.607791  0.298061  0.301002    0.3053    0.3807    0.0930    0.0340    0.3309    0.1519    0.3849
 000082   Y  0.526478  0.322847  0.309439    0.2820    0.3667    0.0950    0.0370    0.3171    0.1271    0.3828
 000083   L  0.444980  0.336810  0.314129    0.3668    0.4087    0.0970    0.0340    0.3280    0.1122    0.3827
 000084   P  0.372620  0.357184  0.314468    0.3399    0.4051    0.1090    0.0410    0.3164    0.0969    0.3824
 000085   F  0.296780  0.381554  0.313011    0.2820    0.3149    0.1180    0.0370    0.2843    0.0807    0.3818
 000086   D  0.223952  0.402257  0.310382    0.3225    0.3460    0.1240    0.0320    0.2881    0.0906    0.3847
 000087   P  0.164148  0.401274  0.308932    0.3184    0.4220    0.1400    0.0420    0.2925    0.1074    0.3856
 000088   P  0.098587  0.419264  0.307903    0.3225    0.4369    0.1600    0.0480    0.2908    0.1247    0.3851
 000089   L  0.079251  0.441342  0.306794    0.3578    0.3983    0.1940    0.0500    0.2962    0.1244    0.3809
 000090   A  0.094311  0.457419  0.303606    0.3630    0.3667    0.1780    0.0620    0.2939    0.1225    0.3727
 000091   G  0.105508  0.464627  0.301401    0.2865    0.3356    0.1960    0.0650    0.2817    0.1119    0.3659
 000092   K  0.206290  0.490221  0.301166    0.2385    0.3249    0.2040    0.0620    0.2941    0.0987    0.3591
 000093   G  0.308216  0.484637  0.303837    0.2963    0.3392    0.2250    0.0680    0.3263    0.0787    0.3550
 000094   A  0.409059  0.470924  0.308873    0.3717    0.4119    0.2530    0.0850    0.3709    0.0719    0.3517
 000095   T  0.498213  0.452432  0.316251    0.2558    0.3840    0.2490    0.0850    0.3592    0.0943    0.3499
 000096   L  0.588720  0.437979  0.323914    0.3456    0.5254    0.2130    0.0630    0.4057    0.1268    0.3464
 000097   G  0.660809  0.424294  0.330427    0.3263    0.4292    0.1810    0.0480    0.3920    0.1456    0.3402
 000098   G  0.706486  0.415678  0.335836    0.3263    0.3948    0.1690    0.0490    0.3914    0.1615    0.3373
 000099   T  0.776394  0.403855  0.342395    0.2167    0.3667    0.1720    0.0530    0.3797    0.1954    0.3384
 000100   V  0.852684  0.395302  0.349966    0.2820    0.4369    0.1640    0.0480    0.4135    0.2150    0.3434
 000101   A  0.814988  0.394973  0.359372    0.3146    0.3740    0.1520    0.0390    0.4017    0.2013    0.3513
 000102   A  0.772169  0.410116  0.368018    0.3184    0.3740    0.1610    0.0460    0.4007    0.1843    0.3588
 000103   G  0.730106  0.414157  0.375606    0.2292    0.3774    0.1740    0.0640    0.3834    0.1774    0.3663
 000104   L  0.642446  0.428822  0.383360    0.2292    0.2951    0.1880    0.0800    0.3612    0.1505    0.3722
 000105   S  0.552032  0.442899  0.391251    0.2558    0.3182    0.1580    0.0600    0.3530    0.1277    0.3768
 000106   G  0.478929  0.438428  0.398786    0.1732    0.3149    0.1390    0.0510    0.3238    0.1290    0.3806
 000107   P  0.422550  0.423315  0.405631    0.2602    0.2783    0.1180    0.0310    0.3180    0.1115    0.3879
 000108   L  0.340564  0.435208  0.411991    0.2657    0.2002    0.1310    0.0300    0.2974    0.1096    0.3964
 000109   R  0.271960  0.422701  0.417979    0.1766    0.1323    0.1450    0.0330    0.2610    0.1212    0.4021
 000110   H  0.218729  0.395441  0.422613    0.1205    0.1229    0.1750    0.0640    0.2425    0.1226    0.4073
 000111   R  0.168074  0.374713  0.424664    0.1178    0.1206    0.1800    0.0690    0.2309    0.1223    0.4052
 000112   Y  0.121465  0.346543  0.424337    0.1380    0.1373    0.1820    0.0620    0.2249    0.1171    0.3984
 000113   G  0.128354  0.309442  0.424781    0.1178    0.0851    0.1750    0.0580    0.2068    0.1211    0.3941
 000114   G  0.133702  0.300851  0.427334    0.1240    0.0543    0.1710    0.0680    0.2019    0.1252    0.3915
 000115   L  0.142498  0.275577  0.432375    0.1117    0.0929    0.1620    0.0760    0.2028    0.1181    0.3882
 000116   R  0.148648  0.255330  0.434788    0.0723    0.0929    0.1480    0.0720    0.1919    0.1231    0.3833
 000117   D  0.156893  0.224038  0.437960    0.0744    0.1007    0.1470    0.0800    0.1901    0.1204    0.3718
 000118   F  0.142788  0.196405  0.439342    0.0587    0.0835    0.1400    0.0800    0.1768    0.1255    0.3576
 000119   L  0.145707  0.170283  0.440089    0.1018    0.1298    0.1220    0.0650    0.1850    0.1160    0.3375
 000120   L  0.148002  0.156376  0.439874    0.0991    0.0888    0.1080    0.0550    0.1734    0.1217    0.3165
 000121   G  0.146761  0.158286  0.439452    0.1041    0.0555    0.1000    0.0500    0.1673    0.1262    0.2916
 000122   V  0.147138  0.153703  0.438098    0.0621    0.0543    0.0990    0.0480    0.1591    0.1304    0.2723
 000123   R  0.149863  0.157038  0.435515    0.0677    0.0967    0.0990    0.0410    0.1676    0.1238    0.2604
 000124   F  0.137688  0.181180  0.433709    0.0701    0.0967    0.1140    0.0480    0.1722    0.1219    0.2434
 000125   V  0.132613  0.232183  0.432977    0.0701    0.0967    0.1240    0.0560    0.1814    0.1232    0.2220
 000126   D  0.163508  0.299682  0.431433    0.1117    0.1476    0.1510    0.0620    0.2174    0.1125    0.2032
 000127   G  0.214414  0.360652  0.430254    0.1041    0.1007    0.1940    0.0730    0.2340    0.1233    0.1865
 000128   E  0.251026  0.439912  0.428189    0.1018    0.0605    0.2220    0.0810    0.2506    0.1452    0.1756
 000129   G  0.294720  0.467665  0.426213    0.1117    0.1162    0.2700    0.0900    0.2811    0.1367    0.1646
 000130   K  0.284626  0.475445  0.421839    0.1041    0.1881    0.2870    0.1200    0.2934    0.1269    0.1605
 000131   V  0.272914  0.472685  0.417475    0.1602    0.2328    0.3140    0.1280    0.3117    0.1063    0.1560
 000132   V  0.270968  0.484009  0.410719    0.1635    0.2034    0.3010    0.1120    0.3057    0.1116    0.1561
 000133   R  0.268393  0.463767  0.403054    0.1766    0.2715    0.2780    0.1150    0.3103    0.0951    0.1580
 000134   G  0.258974  0.489296  0.394682    0.1380    0.1671    0.2830    0.1040    0.2884    0.1224    0.1543
 000135   G  0.217413  0.493992  0.386034    0.2209    0.3053    0.2700    0.0900    0.3156    0.0980    0.1555
 000136   G  0.163892  0.474067  0.377123    0.1698    0.2609    0.2420    0.0880    0.2813    0.1115    0.1618
 000137   K  0.108872  0.445168  0.368234    0.1878    0.2575    0.2070    0.0630    0.2624    0.1132    0.1696
 000138   V  0.046770  0.442843  0.359432    0.1060    0.2503    0.1830    0.0520    0.2315    0.1376    0.1797
 000139   V  0.038508  0.424116  0.350132    0.1088    0.1583    0.1390    0.0320    0.2032    0.1369    0.1916
 000140   K  0.030097  0.393045  0.340338    0.1117    0.1323    0.1040    0.0210    0.1852    0.1330    0.2090
 000141   N  0.014481  0.364873  0.330624    0.0643    0.0888    0.0890    0.0300    0.1587    0.1363    0.2273
 000142   A  0.013106  0.329382  0.321764    0.0789    0.1349    0.0720    0.0290    0.1583    0.1234    0.2465
 000143   A  0.012232  0.272345  0.313799    0.0789    0.1671    0.0670    0.0330    0.1519    0.1103    0.2653
 000144   G  0.006701  0.231480  0.305939    0.0771    0.1115    0.0650    0.0340    0.1330    0.1031    0.2829
 000145   F  0.002095  0.192802  0.299489    0.0621    0.1115    0.0680    0.0350    0.1226    0.0979    0.3063
 000146   P  0.001815  0.173976  0.294889    0.0387    0.0929    0.0690    0.0380    0.1119    0.0975    0.3262
 000147   F  0.001568  0.157185  0.295132    0.0395    0.0443    0.0740    0.0410    0.1020    0.0987    0.3391
 000148   H  0.001258  0.154229  0.297334    0.0308    0.0454    0.0790    0.0460    0.1012    0.0999    0.3447
 000149   R  0.001835  0.152699  0.299965    0.0268    0.0463    0.0940    0.0590    0.1036    0.1005    0.3412
 000150   L  0.002237  0.147067  0.303350    0.0441    0.0592    0.1010    0.0650    0.1096    0.0978    0.3341
 000151   M  0.002728  0.163529  0.307659    0.0274    0.0389    0.1080    0.0650    0.1080    0.1043    0.3287
 000152   V  0.003229  0.171070  0.314616    0.0200    0.0389    0.1150    0.0610    0.1104    0.1082    0.3137
 000153   G  0.003324  0.186459  0.322464    0.0157    0.0281    0.1110    0.0410    0.1111    0.1140    0.3009
 000154   A  0.003559  0.189268  0.330076    0.0231    0.0341    0.1000    0.0300    0.1133    0.1150    0.2877
 000155   L  0.003672  0.189921  0.335400    0.0124    0.0181    0.1010    0.0270    0.1100    0.1201    0.2764
 000156   G  0.003716  0.203224  0.337357    0.0308    0.0341    0.1030    0.0230    0.1188    0.1178    0.2629
 000157   A  0.004006  0.214360  0.339666    0.0121    0.0188    0.1230    0.0300    0.1186    0.1242    0.2502
 000158   F  0.003749  0.208171  0.342860    0.0286    0.0188    0.1410    0.0430    0.1239    0.1224    0.2387
 000159   G  0.005264  0.192971  0.349130    0.0150    0.0223    0.1470    0.0540    0.1220    0.1240    0.2302
 000160   V  0.006526  0.189995  0.357550    0.0075    0.0223    0.1690    0.0770    0.1255    0.1282    0.2279
 000161   M  0.007770  0.183597  0.367671    0.0150    0.0454    0.1780    0.0930    0.1328    0.1271    0.2283
 000162   V  0.015679  0.192311  0.376915    0.0194    0.0543    0.2050    0.1160    0.1439    0.1293    0.2217
 000163   E  0.023074  0.226590  0.386668    0.0405    0.0909    0.2320    0.1290    0.1665    0.1281    0.2218
 000164   L  0.029309  0.248061  0.397263    0.0376    0.0967    0.2850    0.1500    0.1823    0.1371    0.2255
 000165   S  0.060480  0.263194  0.410182    0.0502    0.1115    0.2870    0.1430    0.1971    0.1326    0.2337
 000166   F  0.089350  0.295599  0.423166    0.0935    0.1823    0.2530    0.1230    0.2228    0.1173    0.2365
 000167   K  0.181662  0.320622  0.435550    0.0858    0.1184    0.1960    0.0830    0.2231    0.1203    0.2436
 000168   V  0.289861  0.352456  0.445961    0.1117    0.1349    0.1960    0.0830    0.2552    0.1194    0.2491
 000169   F  0.394942  0.396806  0.455836    0.1205    0.1671    0.2300    0.0920    0.2941    0.1273    0.2581
 000170   P  0.503316  0.439094  0.465893    0.1088    0.1611    0.2080    0.0740    0.3144    0.1588    0.2631
 000171   R  0.605542  0.464487  0.476799    0.1060    0.2193    0.2580    0.0850    0.3550    0.1730    0.2601
 000172   P  0.704899  0.495226  0.486318    0.1240    0.2645    0.2570    0.0870    0.3887    0.1930    0.2540
 000173   R  0.800825  0.509880  0.496269    0.1732    0.3356    0.2590    0.0940    0.4291    0.2051    0.2484
 000174   T  0.812083  0.535261  0.507491    0.1766    0.2399    0.2750    0.1040    0.4243    0.2188    0.2435
 000175   T  0.825285  0.553739  0.520446    0.2657    0.3356    0.2610    0.0910    0.4604    0.1994    0.2295
 000176   R  0.792886  0.574989  0.532281    0.1667    0.3460    0.2280    0.0650    0.4402    0.2159    0.2093
 000177   T  0.741654  0.571092  0.540959    0.2748    0.4256    0.2240    0.0770    0.4630    0.1777    0.1942
 000178   L  0.672687  0.572274  0.546772    0.2786    0.3460    0.2050    0.0680    0.4369    0.1698    0.1753
 000179   R  0.612398  0.586402  0.549955    0.3263    0.3872    0.2000    0.0500    0.4437    0.1508    0.1604
 000180   V  0.552108  0.580448  0.553490    0.3399    0.5098    0.2210    0.0570    0.4594    0.1328    0.1468
 000181   R  0.490597  0.599727  0.556063    0.2820    0.3872    0.2480    0.0600    0.4272    0.1325    0.1400
 000182   R  0.432209  0.612272  0.558634    0.3005    0.4087    0.2710    0.0810    0.4306    0.1240    0.1380
 000183   E  0.430858  0.618503  0.559676    0.1766    0.3667    0.2920    0.0900    0.4074    0.1508    0.1379
 000184   G  0.425487  0.637473  0.559524    0.1958    0.2884    0.3220    0.0990    0.4048    0.1541    0.1374
 000185   L  0.411828  0.642001  0.560887    0.1766    0.2680    0.3400    0.1190    0.4000    0.1610    0.1343
 000186   E  0.416498  0.655515  0.564166    0.1041    0.1759    0.3340    0.1340    0.3750    0.1962    0.1336
 000187   E  0.435799  0.654834  0.571074    0.1018    0.1162    0.3270    0.1420    0.3679    0.2098    0.1354
 000188   A  0.457387  0.650608  0.575429    0.0526    0.1298    0.3080    0.1260    0.3623    0.2200    0.1387
 000189   L  0.481689  0.638849  0.577693    0.0526    0.1298    0.2630    0.1160    0.3573    0.2224    0.1482
 000190   A  0.493966  0.605828  0.577436    0.0744    0.1399    0.2330    0.1160    0.3541    0.2127    0.1555
 000191   D  0.497289  0.624334  0.575502    0.0643    0.1323    0.2170    0.1100    0.3518    0.2215    0.1625
 000192   L  0.498985  0.635396  0.571015    0.0744    0.0851    0.2160    0.1140    0.3468    0.2297    0.1685
 000193   E  0.470623  0.647972  0.564077    0.0441    0.0749    0.2140    0.1150    0.3359    0.2366    0.1747
 000194   R  0.428236  0.596453  0.556317    0.0226    0.0405    0.2190    0.0970    0.3105    0.2310    0.1822
 000195   L  0.370622  0.607606  0.548745    0.0160    0.0424    0.2180    0.0780    0.3006    0.2292    0.1969
 000196   R  0.323234  0.580019  0.540883    0.0167    0.0349    0.2340    0.0810    0.2883    0.2202    0.2154
 000197   L  0.261606  0.609832  0.533730    0.0173    0.0188    0.2480    0.0790    0.2815    0.2280    0.2429
 000198   L  0.198488  0.598778  0.525855    0.0079    0.0209    0.2640    0.0690    0.2692    0.2271    0.2690
 000199   P  0.151849  0.604329  0.516871    0.0042    0.0306    0.2560    0.0780    0.2606    0.2289    0.2978
 000200   L  0.115755  0.623493  0.506557    0.0109    0.0424    0.2550    0.0890    0.2590    0.2321    0.3229
 000201   D  0.081549  0.591948  0.496084    0.0194    0.0555    0.2680    0.1000    0.2520    0.2225    0.3526
 000202   L  0.084012  0.552969  0.486385    0.0137    0.0313    0.2730    0.1150    0.2401    0.2156    0.3861
 000203   L  0.088287  0.529377  0.479846    0.0304    0.0581    0.2680    0.1310    0.2423    0.2009    0.4182
 000204   A  0.095487  0.492524  0.473433    0.0121    0.0313    0.2400    0.1210    0.2241    0.1971    0.4239
 000205   L  0.104874  0.475638  0.465681    0.0144    0.0306    0.2430    0.1190    0.2223    0.1904    0.4048
 000206   D  0.102234  0.467901  0.453979    0.0137    0.0306    0.2390    0.1100    0.2179    0.1866    0.4030
 000207   F  0.113489  0.459362  0.442746    0.0131    0.0327    0.2780    0.1290    0.2232    0.1823    0.4022
 000208   I  0.119482  0.463005  0.434608    0.0121    0.0568    0.2600    0.1190    0.2243    0.1763    0.4125
 000209   P  0.129473  0.484420  0.431229    0.0268    0.0473    0.2190    0.1060    0.2231    0.1779    0.4147
 000210   P  0.142967  0.449919  0.430902    0.0200    0.0414    0.2210    0.1000    0.2178    0.1709    0.4255
 000211   A  0.176578  0.463302  0.430473    0.0200    0.0676    0.2130    0.0950    0.2285    0.1674    0.4258
 000212   T  0.218165  0.443470  0.427372    0.0226    0.0646    0.1780    0.0700    0.2256    0.1621    0.3924
 000213   L  0.237078  0.442516  0.424393    0.0387    0.0690    0.1770    0.0750    0.2315    0.1572    0.3521
 000214   E  0.276000  0.444496  0.422167    0.0701    0.1229    0.1740    0.0740    0.2515    0.1429    0.3076
 000215   L  0.347243  0.458460  0.422393    0.0514    0.1229    0.1920    0.0740    0.2657    0.1528    0.2710
 000216   R  0.382504  0.468216  0.420960    0.1060    0.1791    0.1800    0.0560    0.2895    0.1388    0.2387
 000217   L  0.413604  0.452403  0.419802    0.0858    0.1137    0.2030    0.0570    0.2813    0.1519    0.2179
 000218   G  0.441304  0.426340  0.418194    0.1349    0.2002    0.1950    0.0450    0.3026    0.1279    0.1982
 000219   G  0.462265  0.444293  0.418913    0.1532    0.2849    0.2230    0.0500    0.3311    0.1177    0.1788
 000220   F  0.460641  0.463412  0.419338    0.1117    0.1759    0.2800    0.0450    0.3185    0.1390    0.1537
 000221   E  0.449355  0.475704  0.418758    0.0701    0.1554    0.2680    0.0580    0.3062    0.1538    0.1323
 000222   R  0.458451  0.480508  0.418075    0.0514    0.1914    0.2900    0.0550    0.3150    0.1549    0.1141
 000223   S  0.459093  0.493793  0.420127    0.0526    0.1162    0.2680    0.0670    0.3016    0.1699    0.1085
 000224   V  0.445738  0.488093  0.425865    0.1150    0.1184    0.2620    0.0750    0.3093    0.1531    0.1044
 000225   E  0.471659  0.478672  0.433016    0.0621    0.1115    0.2660    0.0960    0.3039    0.1694    0.1038
 000226   A  0.504729  0.459823  0.439027    0.0723    0.1852    0.2660    0.0900    0.3212    0.1583    0.1027
 000227   R  0.545227  0.455980  0.441628    0.0858    0.1969    0.2630    0.0850    0.3314    0.1615    0.1018
 000228   L  0.584260  0.446596  0.439633    0.1667    0.2951    0.2410    0.0810    0.3621    0.1414    0.1052
 000229   K  0.630403  0.433695  0.435745    0.1667    0.2224    0.2080    0.0660    0.3495    0.1648    0.1111
 000230   R  0.677894  0.435403  0.431642    0.1698    0.1501    0.2220    0.0780    0.3478    0.1872    0.1191
 000231   L  0.727292  0.433898  0.428836    0.2080    0.2224    0.2210    0.0880    0.3736    0.1850    0.1350
 000232   Q  0.756381  0.406009  0.425566    0.1240    0.2224    0.2140    0.0840    0.3581    0.2079    0.1547
 000233   D  0.776327  0.380977  0.422521    0.1205    0.2399    0.2190    0.0890    0.3598    0.2119    0.1792
 000234   L  0.760304  0.391021  0.418294    0.1240    0.2541    0.2260    0.0770    0.3622    0.2040    0.1978
 000235   L  0.757979  0.394373  0.414677    0.1921    0.2951    0.2370    0.0850    0.3818    0.1859    0.2172
 000236   G  0.750745  0.410353  0.411362    0.1844    0.2884    0.2520    0.1030    0.3828    0.1837    0.2369
 000237   E  0.743180  0.443386  0.408914    0.1878    0.2094    0.2480    0.0920    0.3735    0.1914    0.2590
 000238   G  0.738104  0.476362  0.405111    0.2122    0.2292    0.2520    0.1050    0.3855    0.1849    0.2841
 000239   E  0.737186  0.463181  0.399429    0.2167    0.2849    0.2580    0.1030    0.3932    0.1753    0.3005
 000240   V  0.724021  0.464710  0.390632    0.2432    0.2164    0.2520    0.0920    0.3818    0.1768    0.3170
 000241   L  0.720757  0.480453  0.380610    0.2483    0.2164    0.2390    0.1060    0.3810    0.1780    0.3358
 000242   A  0.720399  0.476328  0.370182    0.2657    0.3087    0.2260    0.1060    0.3945    0.1663    0.3414
 000243   E  0.729815  0.470121  0.362358    0.2333    0.2193    0.2110    0.1020    0.3709    0.1855    0.3457
 000244   D  0.727807  0.469807  0.353002    0.2385    0.2129    0.1910    0.0940    0.3655    0.1880    0.3508
 000245   E  0.722681  0.438156  0.342690    0.2333    0.1881    0.1680    0.0760    0.3488    0.1914    0.3544
 000246   A  0.710746  0.394405  0.330737    0.3263    0.1914    0.1490    0.0640    0.3504    0.1820    0.3629
 000247   H  0.703312  0.361126  0.320621    0.2333    0.2002    0.1460    0.0640    0.3274    0.1828    0.3725
 000248   W  0.696991  0.323202  0.310032    0.1456    0.1914    0.1480    0.0630    0.3026    0.1901    0.3787
 000249   E  0.650537  0.284981  0.298541    0.1532    0.1881    0.1350    0.0480    0.2850    0.1747    0.3809
 000250   A  0.575777  0.279374  0.285373    0.1495    0.2034    0.1270    0.0460    0.2701    0.1490    0.3850
 000251   V  0.494238  0.273123  0.272629    0.2080    0.2064    0.1170    0.0370    0.2619    0.1163    0.3860
 000252   R  0.417339  0.257001  0.260952    0.3096    0.1823    0.1050    0.0270    0.2553    0.0976    0.3857
 000253   D  0.340527  0.252016  0.250646    0.2700    0.1501    0.0950    0.0140    0.2263    0.0809    0.4012
 000254   L  0.263846  0.245689  0.240788    0.1635    0.1373    0.0870    0.0090    0.1897    0.0648    0.4148
 000255   G  0.210100  0.245825  0.230980    0.1060    0.0888    0.0820    0.0100    0.1607    0.0694    0.4237
 000256   F  0.134550  0.217108  0.220490    0.1018    0.0985    0.0800    0.0140    0.1422    0.0565    0.4335
 000257   L  0.056085  0.209217  0.210167    0.0789    0.1007    0.0810    0.0200    0.1227    0.0628    0.4304
 000258   E  0.025666  0.209295  0.201135    0.0909    0.0967    0.0830    0.0230    0.1178    0.0661    0.4310
 000259   G  0.015897  0.210500  0.195066    0.1292    0.2034    0.0870    0.0240    0.1402    0.0711    0.4319
 000260   S  0.013403  0.210816  0.190933    0.1178    0.1942    0.0990    0.0330    0.1376    0.0692    0.4297
 000261   P  0.014636  0.205927  0.188876    0.1532    0.1528    0.1040    0.0370    0.1366    0.0633    0.4271
 000262   V  0.015278  0.212600  0.187727    0.1998    0.1349    0.1120    0.0320    0.1437    0.0676    0.4218
 000263   W  0.023861  0.229664  0.188247    0.1456    0.1671    0.1270    0.0350    0.1470    0.0639    0.4210
 000264   V  0.027822  0.239402  0.188555    0.0813    0.1476    0.1320    0.0370    0.1361    0.0687    0.4320
 000265   K  0.052285  0.267310  0.189097    0.1532    0.1501    0.1690    0.0530    0.1635    0.0634    0.4212
 000266   V  0.092297  0.290130  0.188694    0.1380    0.1583    0.2090    0.0780    0.1794    0.0619    0.4152
 000267   P  0.109922  0.286586  0.188361    0.1416    0.2328    0.1800    0.0590    0.1899    0.0578    0.4095
 000268   A  0.120607  0.275263  0.191536    0.2292    0.2292    0.1610    0.0420    0.2012    0.0504    0.4057
 000269   K  0.148162  0.287083  0.199103    0.1844    0.2503    0.1280    0.0260    0.1995    0.0552    0.4043
 000270   P  0.208944  0.274505  0.210001    0.1205    0.1731    0.1240    0.0210    0.1851    0.0537    0.4089
 000271   H  0.309879  0.273073  0.222265    0.1322    0.1759    0.1420    0.0340    0.2092    0.0657    0.4119
 000272   L  0.384608  0.289320  0.233954    0.0723    0.1759    0.1530    0.0470    0.2182    0.1002    0.4112
 000273   I  0.450108  0.299140  0.246728    0.1088    0.2258    0.1480    0.0560    0.2464    0.1106    0.4056
 000274   P  0.480094  0.307756  0.258396    0.2080    0.3215    0.1350    0.0610    0.2851    0.1073    0.4010
 000275   R  0.497072  0.334109  0.271055    0.2700    0.3019    0.1470    0.0680    0.3036    0.1040    0.3933
 000276   L  0.517465  0.351810  0.283140    0.2700    0.2224    0.1570    0.0660    0.3002    0.1138    0.3950
 000277   E  0.550566  0.345081  0.295341    0.2483    0.3019    0.1460    0.0560    0.3146    0.1224    0.3929
 000278   A  0.569287  0.347109  0.307643    0.1602    0.2752    0.1510    0.0580    0.3017    0.1398    0.3929
 000279   L  0.554195  0.357205  0.319676    0.1878    0.3053    0.1560    0.0580    0.3133    0.1295    0.3917
 000280   P  0.496082  0.351807  0.331183    0.1921    0.3215    0.1650    0.0680    0.3096    0.1094    0.3876
 000281   L  0.448563  0.353896  0.343778    0.1766    0.2224    0.1890    0.0740    0.2890    0.0998    0.3800
 000282   G  0.429383  0.381722  0.356981    0.1958    0.1476    0.1820    0.0540    0.2822    0.1101    0.3695
 000283   P  0.440270  0.388718  0.371853    0.2080    0.1399    0.1850    0.0570    0.2890    0.1149    0.3639
 000284   R  0.435543  0.377136  0.385462    0.2209    0.1942    0.2120    0.0940    0.3043    0.0972    0.3600
 000285   R  0.463214  0.373775  0.398942    0.1349    0.1702    0.2270    0.1090    0.2947    0.1232    0.3632
 000286   Y  0.501719  0.371409  0.410657    0.1240    0.1914    0.2320    0.1110    0.3053    0.1324    0.3753
 000287   L  0.533723  0.383415  0.419841    0.1844    0.2817    0.2150    0.0920    0.3363    0.1218    0.3854
 000288   D  0.565726  0.392805  0.427044    0.1844    0.2849    0.2010    0.0710    0.3426    0.1341    0.3931
 000289   G  0.594710  0.399830  0.434174    0.2255    0.3249    0.2140    0.0870    0.3656    0.1307    0.3967
 000290   G  0.624980  0.396558  0.443856    0.3146    0.4087    0.2060    0.0810    0.3992    0.1274    0.3997
 000291   E  0.593866  0.409146  0.456064    0.3096    0.2988    0.2040    0.0710    0.3786    0.1257    0.4045
 000292   V  0.555400  0.377765  0.469859    0.3939    0.3704    0.2200    0.0860    0.3978    0.1025    0.4113
 000293   L  0.581019  0.376565  0.484439    0.3146    0.3426    0.2180    0.0820    0.3862    0.1176    0.4205
 000294   Y  0.596937  0.434229  0.497757    0.2820    0.2328    0.2210    0.0820    0.3774    0.1417    0.4262
 000295   A  0.599136  0.473148  0.508061    0.2657    0.2364    0.2270    0.0750    0.3850    0.1471    0.4310
 000296   G  0.601523  0.494785  0.513916    0.1998    0.2645    0.2360    0.0690    0.3851    0.1563    0.4255
 000297   T  0.606547  0.509157  0.518770    0.2820    0.3286    0.2420    0.0750    0.4146    0.1362    0.4229
 000298   T  0.612385  0.523756  0.522910    0.3806    0.4149    0.2480    0.0750    0.4504    0.1184    0.4236
 000299   E  0.622794  0.535623  0.527217    0.3311    0.3249    0.2600    0.0710    0.4336    0.1338    0.4250
 000300   E  0.673156  0.548088  0.529921    0.3311    0.3529    0.2770    0.0750    0.4520    0.1411    0.4222
 000301   G  0.726340  0.566425  0.531956    0.2432    0.3529    0.3140    0.0840    0.4558    0.1669    0.4178
 000302   L  0.734211  0.572263  0.532297    0.2602    0.2645    0.3490    0.1090    0.4521    0.1747    0.4113
 000303   K  0.738468  0.565091  0.531885    0.3359    0.2715    0.3380    0.0920    0.4635    0.1630    0.4068
 000304   A  0.740391  0.557690  0.530631    0.3359    0.2752    0.3740    0.1070    0.4689    0.1579    0.4020
 000305   L  0.749441  0.541112  0.531046    0.3456    0.3529    0.3610    0.1180    0.4802    0.1456    0.3929
 000306   R  0.752059  0.518391  0.531774    0.2963    0.3840    0.3230    0.1210    0.4676    0.1554    0.3903
 000307   E  0.747049  0.506351  0.534454    0.2913    0.3566    0.2900    0.1040    0.4543    0.1623    0.3877
 000308   A  0.733375  0.474405  0.536426    0.2786    0.3566    0.2710    0.0870    0.4418    0.1623    0.3853
 000309   G  0.696849  0.451179  0.537729    0.2385    0.3182    0.2520    0.0660    0.4158    0.1647    0.3816
 000310   L  0.662096  0.460749  0.538261    0.2333    0.3321    0.2580    0.0590    0.4141    0.1543    0.3768
 000311   P  0.653300  0.444914  0.539658    0.1921    0.2436    0.2410    0.0460    0.3858    0.1719    0.3758
 000312   H  0.650881  0.455510  0.540637    0.2167    0.1476    0.2450    0.0410    0.3760    0.1843    0.3751
 000313   L  0.654387  0.455925  0.541328    0.2209    0.2470    0.2320    0.0490    0.3920    0.1689    0.3751
 000314   V  0.641951  0.410871  0.540830    0.1566    0.2680    0.2030    0.0400    0.3702    0.1773    0.3760
 000315   L  0.633311  0.432123  0.540859    0.2041    0.3215    0.1810    0.0380    0.3855    0.1665    0.3781
 000316   R  0.607166  0.430053  0.539241    0.2865    0.4119    0.1610    0.0370    0.4060    0.1490    0.3842
 000317   G  0.568670  0.483951  0.537893    0.3184    0.4220    0.1600    0.0400    0.4152    0.1400    0.3857
 000318   A  0.545995  0.502670  0.538893    0.3184    0.3840    0.1600    0.0410    0.4083    0.1386    0.3861
 000319   E  0.524674  0.522223  0.544039    0.3535    0.3087    0.1560    0.0430    0.4016    0.1420    0.3855
 000320   A  0.474040  0.537697  0.552637    0.3263    0.2034    0.1640    0.0480    0.3763    0.1550    0.3806
 000321   P  0.419791  0.547826  0.561342    0.3359    0.2575    0.1680    0.0530    0.3818    0.1440    0.3705
 000322   L  0.354344  0.538930  0.568466    0.2255    0.2292    0.1860    0.0590    0.3505    0.1529    0.3609
 000323   F  0.283131  0.577711  0.573467    0.1921    0.1643    0.1940    0.0540    0.3307    0.1770    0.3551
 000324   P  0.208930  0.595544  0.576615    0.2657    0.2258    0.1840    0.0580    0.3428    0.1738    0.3555
 000325   E  0.178783  0.615966  0.580422    0.2531    0.2849    0.1950    0.0620    0.3513    0.1784    0.3586
 000326   P  0.155820  0.616693  0.585453    0.3311    0.3356    0.2000    0.0680    0.3708    0.1755    0.3625
 000327   Q  0.136743  0.611336  0.594329    0.3359    0.2715    0.2040    0.0530    0.3590    0.1829    0.3644
 000328   G  0.111638  0.611567  0.605355    0.3005    0.2783    0.2460    0.0650    0.3588    0.1864    0.3641
 000329   A  0.086233  0.619517  0.618076    0.2602    0.3321    0.2700    0.0910    0.3643    0.1948    0.3618
 000330   F  0.075612  0.602036  0.628751    0.2602    0.3149    0.2900    0.1010    0.3619    0.1952    0.3607
 000331   F  0.074659  0.574643  0.635886    0.3225    0.3426    0.3010    0.1000    0.3751    0.1860    0.3679
 000332   A  0.100683  0.599257  0.639875    0.2865    0.3087    0.3630    0.1050    0.3830    0.1860    0.3834
 000333   G  0.140829  0.633934  0.642654    0.3630    0.2752    0.4670    0.1000    0.4204    0.1824    0.3996
 000334   V  0.226107  0.635257  0.645571    0.4458    0.4051    0.5520    0.0830    0.4849    0.1459    0.4114
 000335   K  0.314429  0.651900  0.648549    0.3311    0.2951    0.5850    0.0950    0.4711    0.1593    0.4166
 000336   K  0.419567  0.678326  0.651350    0.3491    0.2884    0.6120    0.1140    0.4998    0.1534    0.4166
 000337   A  0.512451  0.673514  0.654305    0.2385    0.2503    0.6490    0.1160    0.4963    0.1857    0.4134
 000338   L  0.599140  0.685252  0.656044    0.2209    0.2129    0.8270    0.0610    0.5336    0.2342    0.4102
 000339   D  0.671667  0.698276  0.658940    0.2602    0.1823    0.8530    0.0410    0.5540    0.2447    0.4127
 000340   P  0.752925  0.718333  0.661662    0.3359    0.1791    0.8680    0.0550    0.5859    0.2445    0.4165
 000341   K  0.822860  0.738373  0.665640    0.4556    0.2680    0.8600    0.0650    0.6351    0.2099    0.4216
 000342   G  0.868251  0.749774  0.668827    0.5762    0.3631    0.8620    0.0830    0.6814    0.1755    0.4198
 000343   R  0.848106  0.769367  0.673572    0.6442    0.3740    0.8390    0.0930    0.6913    0.1610    0.4158
 000344   F  0.944929  0.782900  0.679619    0.6789    0.3392    0.8790    0.0820    0.7175    0.1950    0.4104
 000345   P  0.925192  0.785141  0.687226    0.7951    0.4119    0.9010    0.0460    0.7510    0.1708    0.4056
 000346   L  0.804494  0.791226  0.694515    0.8311    0.3910    0.9260    0.0330    0.7397    0.1700    0.4022
 000347   G  0.740940  0.804362  0.698478    0.8650    0.3704    0.9200    0.0520    0.7332    0.1780    0.4011
