#RESNUM RES     VL-XT     VSL2B       VL3  IUPred-S  IUPred-L  PONDRFIT  FITERROR       MDP  MDPERROR   ANCHOR2
 000001   M  0.946952  0.826481  0.830182    0.9180    0.3149    0.9750    0.0170    0.8018    0.2247    0.4301
 000002   R  0.748971  0.813952  0.824664    0.8945    0.2034    0.9520    0.0320    0.7395    0.2481    0.4245
 000003   T  0.541928  0.808247  0.813018    0.8457    0.2575    0.9310    0.0560    0.6995    0.2309    0.4222
 000004   R  0.517578  0.776928  0.801758    0.7388    0.2918    0.9000    0.0740    0.6711    0.2051    0.4175
 000005   S  0.590304  0.745350  0.792553    0.6944    0.2258    0.8890    0.0710    0.6563    0.2129    0.4149
 000006   Q  0.544198  0.710261  0.786144    0.6604    0.2503    0.9060    0.0640    0.6429    0.2076    0.4125
 000007   V  0.539603  0.650957  0.779509    0.5623    0.2918    0.9040    0.0610    0.6213    0.1934    0.4125
 000008   W  0.554465  0.584292  0.772239    0.5229    0.2849    0.8700    0.1160    0.5981    0.1871    0.4074
 000009   A  0.569814  0.540227  0.763578    0.4749    0.2783    0.8310    0.1970    0.5763    0.1827    0.3947
 000010   Q  0.587156  0.573766  0.754832    0.4037    0.2988    0.7540    0.2070    0.5620    0.1679    0.3836
 000011   K  0.606498  0.595316  0.745310    0.3311    0.3182    0.9190    0.0590    0.5860    0.2136    0.3783
 000012   A  0.634827  0.601608  0.735778    0.3535    0.3599    0.8550    0.0960    0.5900    0.1836    0.3730
 000013   Y  0.670580  0.608861  0.729073    0.3578    0.3631    0.8250    0.0820    0.5924    0.1764    0.3667
 000014   E  0.638937  0.610177  0.724056    0.3535    0.3460    0.7410    0.1280    0.5690    0.1615    0.3564
 000015   K  0.669854  0.631372  0.719734    0.3578    0.3529    0.7380    0.1150    0.5783    0.1614    0.3508
 000016   V  0.679224  0.653218  0.710654    0.3578    0.3599    0.7310    0.1170    0.5820    0.1597    0.3425
 000017   R  0.691930  0.661144  0.698842    0.3456    0.2680    0.7330    0.1160    0.5665    0.1862    0.3300
 000018   E  0.704654  0.672998  0.687620    0.3885    0.3249    0.7220    0.1220    0.5835    0.1621    0.3178
 000019   A  0.707607  0.679358  0.678943    0.3885    0.4369    0.7280    0.1410    0.6033    0.1365    0.3129
 000020   A  0.725221  0.699332  0.671664    0.4116    0.4330    0.6940    0.1690    0.6057    0.1308    0.3100
 000021   K  0.748691  0.707651  0.664071    0.4116    0.4017    0.6590    0.1680    0.5988    0.1391    0.3067
 000022   G  0.770624  0.712735  0.655721    0.3762    0.3182    0.6930    0.1500    0.5878    0.1743    0.3013
 000023   E  0.851269  0.698747  0.647142    0.3668    0.3460    0.6740    0.1650    0.5974    0.1823    0.3014
 000024   G  0.851030  0.666516  0.638085    0.3762    0.3529    0.6590    0.1970    0.5907    0.1747    0.3081
 000025   R  0.850926  0.646089  0.629703    0.3762    0.3774    0.6250    0.2090    0.5842    0.1657    0.3206
 000026   G  0.863715  0.609457  0.620656    0.3005    0.3117    0.6210    0.2060    0.5544    0.1961    0.3337
 000027   E  0.878935  0.570597  0.610574    0.3939    0.3019    0.5800    0.2040    0.5559    0.1821    0.3512
 000028   Y  0.867442  0.532018  0.599560    0.3311    0.2436    0.5650    0.2000    0.5232    0.2005    0.3789
 000029   R  0.832283  0.489326  0.587942    0.2748    0.2258    0.4660    0.1790    0.4794    0.2011    0.4065
 000030   D  0.768675  0.446639  0.574675    0.2432    0.2609    0.4250    0.1680    0.4531    0.1808    0.4309
 000031   M  0.717763  0.410757  0.559137    0.2700    0.2609    0.3570    0.1580    0.4293    0.1630    0.4126
 000032   A  0.673028  0.367587  0.543436    0.2820    0.2609    0.3070    0.1340    0.4057    0.1516    0.3942
 000033   L  0.635654  0.329549  0.530325    0.2483    0.1852    0.2930    0.1160    0.3704    0.1596    0.3793
 000034   K  0.558021  0.319657  0.519366    0.2531    0.1759    0.2460    0.1130    0.3453    0.1433    0.3689
 000035   L  0.468094  0.296728  0.508913    0.1805    0.1823    0.2190    0.0970    0.3092    0.1330    0.3606
 000036   P  0.367804  0.266993  0.495941    0.1844    0.1643    0.1740    0.0700    0.2755    0.1213    0.3609
 000037   V  0.297057  0.251288  0.481928    0.1921    0.1092    0.1750    0.0690    0.2511    0.1189    0.3651
 000038   L  0.225963  0.273436  0.468683    0.1635    0.0888    0.1790    0.0660    0.2332    0.1196    0.3696
 000039   V  0.180319  0.297407  0.456323    0.1667    0.0799    0.1850    0.0740    0.2277    0.1202    0.3841
 000040   R  0.132231  0.296010  0.445918    0.1380    0.0555    0.2010    0.0890    0.2115    0.1279    0.3961
 000041   Q  0.080143  0.300288  0.436483    0.0744    0.0555    0.2310    0.1120    0.1964    0.1402    0.4058
 000042   A  0.029995  0.279171  0.429843    0.0587    0.0676    0.2430    0.1110    0.1847    0.1449    0.4123
 000043   G  0.035513  0.287805  0.424483    0.0744    0.0749    0.2390    0.1110    0.1893    0.1399    0.4159
 000044   L  0.043816  0.309266  0.418636    0.1150    0.1206    0.2390    0.1040    0.2078    0.1284    0.4186
 000045   S  0.061668  0.301159  0.412198    0.1150    0.1229    0.2230    0.0850    0.2060    0.1210    0.4264
 000046   Q  0.087989  0.302498  0.405323    0.1667    0.1942    0.1970    0.0600    0.2257    0.1020    0.4309
 000047   A  0.098949  0.319576  0.401704    0.1416    0.1399    0.1800    0.0530    0.2136    0.1092    0.4261
 000048   L  0.105468  0.315480  0.400446    0.1998    0.2064    0.1880    0.0560    0.2360    0.0956    0.4224
 000049   A  0.111980  0.314119  0.399147    0.2255    0.2817    0.1840    0.0580    0.2527    0.0925    0.4186
 000050   F  0.115404  0.340874  0.395976    0.2913    0.3182    0.2170    0.0620    0.2798    0.0911    0.4164
 000051   V  0.151046  0.375635  0.390530    0.2865    0.2470    0.2470    0.0520    0.2830    0.0818    0.4051
 000052   D  0.157770  0.415390  0.383372    0.2385    0.2436    0.2840    0.0550    0.2871    0.0882    0.3932
 000053   S  0.160121  0.441345  0.376013    0.1878    0.2849    0.3210    0.0700    0.2952    0.0987    0.3779
 000054   R  0.164255  0.478593  0.369072    0.1921    0.2951    0.3390    0.1020    0.3064    0.1065    0.3611
 000055   G  0.163071  0.490447  0.364008    0.2700    0.2951    0.3590    0.1250    0.3237    0.1002    0.3482
 000056   K  0.169449  0.502596  0.360314    0.2786    0.2680    0.3590    0.1400    0.3230    0.1029    0.3418
 000057   E  0.209624  0.523634  0.359380    0.1878    0.2715    0.3760    0.1560    0.3213    0.1141    0.3361
 000058   A  0.240898  0.561112  0.360292    0.1844    0.2328    0.3160    0.1130    0.3159    0.1238    0.3287
 000059   H  0.287854  0.516306  0.362303    0.2748    0.2328    0.2480    0.0930    0.3203    0.0968    0.3208
 000060   K  0.315361  0.532739  0.364669    0.2385    0.2575    0.2150    0.0850    0.3206    0.1071    0.3035
 000061   A  0.313913  0.513643  0.368772    0.2432    0.2752    0.1930    0.0710    0.3179    0.1033    0.2880
 000062   L  0.344677  0.469898  0.373576    0.3184    0.3321    0.1710    0.0670    0.3349    0.0885    0.2757
 000063   G  0.377270  0.431492  0.378217    0.2333    0.3356    0.1530    0.0590    0.3182    0.0954    0.2568
 000064   N  0.371741  0.394699  0.381321    0.2209    0.2541    0.1530    0.0510    0.2959    0.0918    0.2428
 000065   D  0.374358  0.368679  0.384691    0.2292    0.2575    0.1530    0.0510    0.2945    0.0874    0.2290
 000066   L  0.383113  0.350160  0.388965    0.1566    0.2680    0.1560    0.0590    0.2838    0.0984    0.2104
 000067   A  0.382066  0.310978  0.393988    0.1456    0.1914    0.1590    0.0650    0.2638    0.1028    0.1921
 000068   Q  0.366249  0.303173  0.396536    0.1456    0.1583    0.1710    0.0660    0.2568    0.1025    0.1755
 000069   V  0.327559  0.297666  0.396146    0.1150    0.1914    0.1840    0.0710    0.2520    0.0963    0.1616
 000070   L  0.357317  0.312032  0.395095    0.0909    0.1554    0.2010    0.0760    0.2520    0.1103    0.1510
 000071   G  0.356398  0.311135  0.393596    0.0991    0.1373    0.1990    0.0680    0.2494    0.1109    0.1459
 000072   Y  0.382285  0.329371  0.391576    0.0965    0.1528    0.2230    0.0670    0.2626    0.1130    0.1417
 000073   R  0.442935  0.301395  0.387429    0.1266    0.2292    0.2330    0.0770    0.2867    0.1054    0.1374
 000074   D  0.500140  0.311630  0.383132    0.1178    0.2034    0.2300    0.0680    0.2910    0.1252    0.1386
 000075   L  0.521724  0.362758  0.377767    0.1178    0.1969    0.2340    0.0630    0.3019    0.1337    0.1359
 000076   R  0.555101  0.405372  0.371662    0.0884    0.1251    0.2580    0.0610    0.3007    0.1625    0.1345
 000077   E  0.588478  0.436555  0.366064    0.1495    0.1275    0.3130    0.0810    0.3302    0.1599    0.1358
 000078   L  0.615697  0.484825  0.361643    0.1060    0.1501    0.3830    0.0910    0.3502    0.1777    0.1374
 000079   A  0.622275  0.508310  0.358225    0.0514    0.0909    0.3990    0.0950    0.3384    0.2070    0.1391
 000080   E  0.645957  0.515292  0.354147    0.0813    0.0835    0.4440    0.1100    0.3541    0.2109    0.1403
 000081   A  0.632106  0.518339  0.349622    0.0789    0.1275    0.4840    0.1140    0.3651    0.2031    0.1408
 000082   A  0.636876  0.509866  0.344458    0.0414    0.0780    0.4560    0.1270    0.3444    0.2191    0.1389
 000083   R  0.647028  0.479600  0.339475    0.0587    0.1373    0.4000    0.1240    0.3437    0.1989    0.1371
 000084   E  0.648358  0.462472  0.334246    0.0316    0.1373    0.3380    0.1020    0.3254    0.2021    0.1400
 000085   A  0.658903  0.431572  0.329083    0.0316    0.1373    0.2600    0.0850    0.3081    0.2028    0.1383
 000086   E  0.669449  0.393363  0.322139    0.0478    0.1476    0.2060    0.0760    0.2977    0.2006    0.1395
 000087   L  0.680500  0.355188  0.312863    0.0526    0.0985    0.1730    0.0600    0.2788    0.2095    0.1392
 000088   L  0.705051  0.306957  0.301333    0.0297    0.0799    0.1570    0.0580    0.2634    0.2228    0.1374
 000089   Q  0.681543  0.258959  0.288892    0.0279    0.1092    0.1410    0.0560    0.2513    0.2117    0.1366
 000090   Y  0.650316  0.239128  0.276683    0.0279    0.1092    0.1350    0.0490    0.2397    0.2012    0.1366
 000091   L  0.575534  0.214452  0.263970    0.0212    0.1115    0.1210    0.0400    0.2179    0.1777    0.1334
 000092   R  0.506194  0.194219  0.251622    0.0200    0.0719    0.1160    0.0370    0.1933    0.1592    0.1298
 000093   L  0.430800  0.201296  0.240501    0.0286    0.0443    0.1110    0.0340    0.1760    0.1373    0.1315
 000094   T  0.353552  0.208211  0.231137    0.0150    0.0454    0.1100    0.0360    0.1605    0.1166    0.1333
 000095   R  0.277968  0.208532  0.222478    0.0075    0.0405    0.1150    0.0420    0.1454    0.0987    0.1291
 000096   E  0.219096  0.201454  0.213837    0.0084    0.0248    0.1270    0.0460    0.1325    0.0875    0.1259
 000097   V  0.163151  0.204939  0.204650    0.0070    0.0202    0.1540    0.0540    0.1256    0.0816    0.1201
 000098   L  0.127337  0.183804  0.197047    0.0069    0.0334    0.1740    0.0630    0.1204    0.0745    0.1173
 000099   A  0.116435  0.171257  0.192424    0.0102    0.0454    0.1730    0.0640    0.1180    0.0686    0.1120
 000100   A  0.150117  0.197364  0.191227    0.0097    0.0269    0.1790    0.0690    0.1258    0.0776    0.1054
 000101   A  0.178360  0.206316  0.191050    0.0150    0.0258    0.2180    0.0910    0.1391    0.0849    0.0983
 000102   E  0.214452  0.215047  0.190917    0.0141    0.0443    0.1970    0.0890    0.1459    0.0835    0.0917
 000103   W  0.232469  0.241189  0.190992    0.0079    0.0494    0.2190    0.0920    0.1568    0.0927    0.0841
 000104   F  0.248821  0.221951  0.191696    0.0167    0.0734    0.2450    0.0930    0.1662    0.0892    0.0737
 000105   K  0.287787  0.231330  0.191810    0.0160    0.0555    0.4370    0.1190    0.2032    0.1411    0.0624
 000106   R  0.324196  0.243542  0.191286    0.0274    0.0454    0.5590    0.1440    0.2317    0.1797    0.0543
 000107   F  0.366960  0.239703  0.191109    0.0327    0.0320    0.6010    0.1060    0.2439    0.1979    0.0508
 000108   A  0.382636  0.251726  0.190444    0.0744    0.0389    0.6200    0.1020    0.2597    0.1970    0.0479
 000109   Q  0.393747  0.314664  0.188494    0.1667    0.0543    0.5760    0.1110    0.2823    0.1702    0.0440
 000110   A  0.401354  0.399027  0.183639    0.2333    0.0494    0.5570    0.1540    0.3040    0.1668    0.0421
 000111   L  0.524422  0.508512  0.176761    0.3096    0.0454    0.6440    0.1000    0.3681    0.2099    0.0404
 000112   I  0.366050  0.604293  0.168507    0.3885    0.0405    0.7410    0.0640    0.3848    0.2383    0.0382
 000113   E  0.501828  0.676554  0.160745    0.4203    0.0248    0.7510    0.0930    0.4225    0.2599    0.0370
 000114   E  0.487755  0.774741  0.156774    0.5549    0.0473    0.7960    0.0700    0.4695    0.2838    0.0358
