#RESNUM RES     VL-XT     VSL2B       VL3  IUPred-S  IUPred-L  PONDRFIT  FITERROR       MDP  MDPERROR   ANCHOR2
 000001   M  0.835375  0.731706  0.545552    0.8521    0.2715    0.9580    0.0330    0.6991    0.2298    0.3313
 000002   I  0.938789  0.739891  0.541873    0.8200    0.1823    0.9250    0.0360    0.6913    0.2634    0.3108
 000003   R  0.960926  0.723035  0.536133    0.6984    0.1823    0.8930    0.0390    0.6657    0.2562    0.3083
 000004   P  0.865305  0.696633  0.533119    0.5846    0.2064    0.8850    0.0400    0.6286    0.2295    0.3107
 000005   L  0.829313  0.654117  0.532250    0.5084    0.2399    0.8750    0.0770    0.6065    0.2136    0.3022
 000006   P  0.809593  0.600892  0.533900    0.4556    0.2849    0.8450    0.0710    0.5884    0.1949    0.2961
 000007   P  0.777046  0.549810  0.537565    0.4149    0.2328    0.8020    0.1060    0.5523    0.1974    0.2819
 000008   E  0.738638  0.525563  0.543388    0.3762    0.1759    0.7840    0.1150    0.5240    0.2070    0.2603
 000009   L  0.704792  0.502321  0.548476    0.2602    0.1298    0.7570    0.1150    0.4837    0.2248    0.2474
 000010   R  0.669559  0.481329  0.549405    0.1456    0.1643    0.7910    0.0560    0.4668    0.2407    0.2396
 000011   G  0.651186  0.452389  0.546761    0.0677    0.1323    0.6480    0.1630    0.4165    0.2344    0.2439
 000012   L  0.655247  0.443762  0.541892    0.0909    0.1528    0.6010    0.1460    0.4142    0.2171    0.2466
 000013   L  0.632810  0.408010  0.537063    0.1060    0.2541    0.5640    0.1260    0.4169    0.1852    0.2534
 000014   A  0.627910  0.412171  0.532574    0.1117    0.2399    0.4890    0.1620    0.4023    0.1762    0.2529
 000015   R  0.601407  0.399062  0.527622    0.0991    0.1476    0.4660    0.1850    0.3735    0.1877    0.2510
 000016   G  0.576241  0.325657  0.521013    0.1456    0.2094    0.4640    0.1550    0.3737    0.1593    0.2604
 000017   E  0.586221  0.308720  0.513612    0.0789    0.1881    0.4320    0.1240    0.3512    0.1782    0.2656
 000018   V  0.601048  0.299569  0.505501    0.0587    0.1007    0.4250    0.0890    0.3317    0.2001    0.2781
 000019   L  0.622291  0.306272  0.498648    0.0587    0.0581    0.4300    0.0750    0.3289    0.2129    0.2975
 000020   L  0.627234  0.293937  0.492684    0.0607    0.1028    0.4230    0.0710    0.3334    0.2037    0.3094
 000021   T  0.625441  0.308314  0.488746    0.0387    0.1184    0.3810    0.0600    0.3268    0.2021    0.3141
 000022   V  0.639667  0.346052  0.484404    0.0376    0.1007    0.3650    0.0520    0.3289    0.2079    0.3075
 000023   K  0.638472  0.348662  0.478933    0.0660    0.1007    0.3440    0.0430    0.3295    0.2001    0.3038
 000024   D  0.654920  0.335765  0.473263    0.0909    0.1671    0.3220    0.0380    0.3407    0.1867    0.3055
 000025   A  0.669611  0.327681  0.470521    0.0621    0.1671    0.3220    0.0360    0.3365    0.1972    0.3077
 000026   V  0.645359  0.349184  0.468850    0.0677    0.1759    0.2840    0.0670    0.3319    0.1887    0.3073
 000027   R  0.624738  0.354530  0.467153    0.0542    0.1554    0.2910    0.0900    0.3244    0.1889    0.3053
 000028   E  0.606449  0.372030  0.463794    0.0542    0.1399    0.2890    0.0840    0.3209    0.1869    0.3126
 000029   L  0.588160  0.390080  0.461737    0.0701    0.1881    0.3000    0.0850    0.3330    0.1713    0.3130
 000030   L  0.547493  0.411262  0.461028    0.1041    0.1969    0.2800    0.0760    0.3335    0.1540    0.3039
 000031   E  0.510701  0.422740  0.462473    0.1456    0.2680    0.2800    0.0860    0.3482    0.1273    0.2954
 000032   N  0.459867  0.427489  0.465055    0.0935    0.1914    0.3110    0.0840    0.3247    0.1414    0.2850
 000033   A  0.423691  0.446609  0.467031    0.1292    0.2680    0.3230    0.0850    0.3430    0.1186    0.2795
 000034   L  0.392458  0.429095  0.467101    0.0858    0.1969    0.3300    0.0920    0.3169    0.1347    0.2715
 000035   D  0.356653  0.430907  0.464376    0.0858    0.1092    0.3530    0.1060    0.3000    0.1486    0.2637
 000036   A  0.318433  0.430428  0.460447    0.0621    0.1298    0.3570    0.0980    0.2931    0.1481    0.2586
 000037   G  0.303605  0.402724  0.455679    0.0567    0.1852    0.3550    0.0960    0.2932    0.1354    0.2530
 000038   A  0.343787  0.380424  0.449155    0.0621    0.1969    0.3670    0.1240    0.2999    0.1306    0.2460
 000039   R  0.409205  0.348625  0.440806    0.0621    0.1251    0.3810    0.1270    0.2944    0.1459    0.2347
 000040   R  0.469581  0.333401  0.430677    0.1150    0.1852    0.3740    0.1270    0.3179    0.1277    0.2322
 000041   V  0.544995  0.288362  0.422946    0.1178    0.2503    0.3740    0.1360    0.3330    0.1353    0.2346
 000042   R  0.597756  0.296650  0.417466    0.1060    0.1731    0.3140    0.1030    0.3175    0.1605    0.2366
 000043   V  0.661715  0.314207  0.414418    0.0909    0.1137    0.3100    0.0960    0.3175    0.1918    0.2483
 000044   E  0.740782  0.292247  0.411196    0.0660    0.0929    0.2910    0.0850    0.3157    0.2247    0.2573
 000045   L  0.820044  0.283206  0.407705    0.0832    0.1528    0.2680    0.0970    0.3358    0.2396    0.2679
 000046   W  0.825373  0.258723  0.404738    0.0542    0.1528    0.2670    0.1080    0.3272    0.2474    0.2753
 000047   G  0.785142  0.254146  0.403157    0.0723    0.1852    0.2400    0.0890    0.3232    0.2286    0.2759
 000048   G  0.744579  0.247409  0.403374    0.0771    0.1852    0.2450    0.0830    0.3171    0.2142    0.2794
 000049   G  0.719423  0.263788  0.402339    0.1018    0.2164    0.2390    0.0860    0.3238    0.1976    0.2821
 000050   L  0.690861  0.266553  0.399795    0.1178    0.2292    0.2300    0.0810    0.3223    0.1844    0.2870
 000051   K  0.683082  0.288735  0.397977    0.1380    0.1554    0.2350    0.0670    0.3164    0.1854    0.2863
 000052   R  0.664643  0.314508  0.398884    0.1998    0.2470    0.2430    0.0740    0.3447    0.1566    0.2845
 000053   L  0.654614  0.346977  0.402672    0.1416    0.1823    0.2700    0.0820    0.3330    0.1692    0.2923
 000054   V  0.648045  0.368643  0.404276    0.2333    0.2541    0.2850    0.1030    0.3656    0.1401    0.2932
 000055   V  0.681072  0.388256  0.403372    0.1456    0.2541    0.2860    0.1060    0.3598    0.1675    0.2924
 000056   E  0.703579  0.426853  0.398670    0.2292    0.2541    0.2890    0.1020    0.3836    0.1602    0.2930
 000057   D  0.730043  0.440994  0.393831    0.3311    0.3872    0.3010    0.1090    0.4307    0.1412    0.2959
 000058   D  0.749287  0.462529  0.389125    0.2385    0.3087    0.3290    0.1070    0.4129    0.1656    0.3038
 000059   G  0.780612  0.477846  0.386499    0.2657    0.2817    0.3280    0.0950    0.4201    0.1760    0.3113
 000060   E  0.806773  0.496649  0.383746    0.1805    0.2129    0.3060    0.0870    0.3977    0.2110    0.3214
 000061   G  0.832162  0.482691  0.379353    0.2385    0.3019    0.3160    0.0970    0.4252    0.1970    0.3316
 000062   I  0.848036  0.456166  0.371538    0.1878    0.3356    0.2890    0.1040    0.4147    0.2101    0.3419
 000063   P  0.856465  0.434659  0.360764    0.2255    0.2715    0.2520    0.1050    0.4002    0.2160    0.3601
 000064   L  0.852709  0.414187  0.350646    0.3491    0.3215    0.2690    0.1160    0.4262    0.1955    0.3704
 000065   E  0.844006  0.384225  0.341146    0.3263    0.4017    0.2430    0.1030    0.4234    0.1948    0.3821
 000066   D  0.833063  0.341821  0.332417    0.3578    0.4685    0.2130    0.0880    0.4245    0.1971    0.3977
 000067   L  0.813748  0.313440  0.324008    0.3491    0.4582    0.1920    0.0750    0.4084    0.1972    0.4133
 000068   P  0.774476  0.299777  0.315056    0.3399    0.3631    0.1700    0.0530    0.3771    0.1880    0.4279
 000069   L  0.749423  0.282918  0.307505    0.3146    0.3599    0.1850    0.0570    0.3666    0.1792    0.4302
 000070   A  0.713605  0.290190  0.299365    0.2292    0.3667    0.1870    0.0530    0.3477    0.1730    0.4246
 000071   V  0.676211  0.300886  0.294362    0.2255    0.2783    0.1800    0.0530    0.3259    0.1623    0.4216
 000072   E  0.654424  0.319840  0.290948    0.2333    0.2884    0.1760    0.0530    0.3271    0.1537    0.4182
 000073   P  0.652146  0.322459  0.290761    0.2333    0.3807    0.1720    0.0530    0.3419    0.1536    0.4130
 000074   Y  0.655885  0.334606  0.292192    0.2122    0.2503    0.1730    0.0590    0.3196    0.1592    0.4194
 000075   A  0.654547  0.353720  0.296595    0.3005    0.3149    0.1630    0.0610    0.3472    0.1495    0.4328
 000076   T  0.638387  0.364251  0.304245    0.1878    0.3215    0.1520    0.0580    0.3281    0.1575    0.4166
 000077   S  0.625633  0.374615  0.314724    0.1766    0.2292    0.1430    0.0520    0.3106    0.1613    0.3968
 000078   K  0.609429  0.393583  0.324239    0.2657    0.3087    0.1230    0.0450    0.3374    0.1468    0.3772
 000079   L  0.568222  0.392931  0.332251    0.1566    0.1759    0.1060    0.0310    0.2886    0.1605    0.3592
 000080   Q  0.519872  0.387950  0.341665    0.2333    0.2399    0.1030    0.0300    0.3042    0.1321    0.3487
 000081   D  0.455547  0.387377  0.354948    0.1732    0.2645    0.1130    0.0360    0.2914    0.1203    0.3401
 000082   L  0.388469  0.381211  0.368214    0.2385    0.3392    0.1180    0.0430    0.3056    0.0977    0.3319
 000083   E  0.321506  0.362610  0.378530    0.2255    0.3019    0.1200    0.0370    0.2850    0.0887    0.3215
 000084   G  0.254739  0.351313  0.385535    0.1958    0.1942    0.1300    0.0320    0.2519    0.0905    0.3130
 000085   I  0.208389  0.345126  0.393585    0.2385    0.1914    0.1440    0.0370    0.2536    0.0876    0.3124
 000086   R  0.170703  0.349680  0.402844    0.1921    0.1881    0.1530    0.0370    0.2427    0.0965    0.3254
 000087   T  0.127183  0.339034  0.414054    0.1292    0.1162    0.1920    0.0520    0.2196    0.1156    0.3490
 000088   L  0.113375  0.327334  0.425966    0.1041    0.1070    0.2450    0.0840    0.2204    0.1239    0.3748
 000089   G  0.114397  0.318256  0.438893    0.0643    0.1137    0.3060    0.1260    0.2259    0.1363    0.3968
 000090   F  0.110689  0.305947  0.452066    0.1088    0.1501    0.4080    0.2120    0.2559    0.1402    0.4176
 000091   R  0.149003  0.309416  0.465393    0.1088    0.1251    0.4160    0.2230    0.2622    0.1427    0.4301
 000092   G  0.187204  0.323613  0.479621    0.0832    0.1092    0.4910    0.2730    0.2790    0.1647    0.4200
 000093   Q  0.230837  0.356138  0.496418    0.1178    0.1092    0.5430    0.3000    0.3089    0.1706    0.4038
 000094   A  0.273995  0.359967  0.516389    0.1088    0.0967    0.5760    0.3090    0.3220    0.1837    0.3826
 000095   L  0.367455  0.392980  0.538475    0.0607    0.0518    0.5700    0.3020    0.3303    0.2068    0.3675
 000096   Y  0.461439  0.361417  0.561447    0.1117    0.0888    0.5650    0.2980    0.3583    0.1950    0.3632
 000097   A  0.562369  0.386375  0.584966    0.0621    0.0948    0.4780    0.2810    0.3615    0.2103    0.3738
 000098   L  0.654600  0.389024  0.607803    0.0567    0.0817    0.4360    0.2520    0.3710    0.2322    0.3919
 000099   R  0.755707  0.411515  0.630547    0.1060    0.1554    0.3290    0.1720    0.3980    0.2349    0.4200
 000100   Q  0.814761  0.463754  0.652860    0.1018    0.1476    0.3100    0.1350    0.4152    0.2580    0.4288
 000101   A  0.873865  0.460544  0.676755    0.1958    0.2399    0.3140    0.1130    0.4601    0.2442    0.4106
 000102   A  0.933183  0.530878  0.700406    0.1921    0.2575    0.3060    0.0990    0.4867    0.2642    0.3961
 000103   R  0.989249  0.546279  0.723710    0.1921    0.1791    0.3210    0.1070    0.4919    0.2947    0.3768
 000104   L  0.993113  0.580473  0.744482    0.1998    0.1731    0.3820    0.1010    0.5121    0.2943    0.3650
 000105   R  0.996681  0.647334  0.762818    0.1667    0.1969    0.4300    0.1100    0.5333    0.2996    0.3477
 000106   I  0.989004  0.675885  0.778225    0.2483    0.2715    0.4770    0.1370    0.5734    0.2681    0.3356
 000107   R  0.981057  0.699983  0.790730    0.3311    0.2715    0.5020    0.1420    0.5961    0.2521    0.3321
 000108   S  0.936247  0.727274  0.800518    0.3717    0.2164    0.5460    0.1280    0.5997    0.2489    0.3416
 000109   R  0.892748  0.734652  0.809350    0.3992    0.2164    0.5370    0.1180    0.5982    0.2377    0.3549
 000110   P  0.823456  0.755042  0.816563    0.3311    0.2002    0.5480    0.1080    0.5791    0.2426    0.3798
 000111   R  0.757771  0.749641  0.822773    0.2602    0.2002    0.5450    0.1180    0.5559    0.2462    0.3986
 000112   G  0.690069  0.760992  0.826530    0.2657    0.2258    0.5390    0.0990    0.5513    0.2333    0.4177
 000113   Q  0.648332  0.766218  0.830414    0.3005    0.2680    0.5360    0.1040    0.5583    0.2147    0.4309
 000114   L  0.621505  0.754303  0.834866    0.3096    0.2680    0.5210    0.1230    0.5515    0.2106    0.4129
 000115   G  0.581375  0.728567  0.840365    0.4078    0.2783    0.4670    0.1460    0.5506    0.1907    0.4061
 000116   G  0.564051  0.739901  0.846689    0.4078    0.3019    0.4560    0.1570    0.5527    0.1892    0.3985
 000117   G  0.578492  0.717599  0.852606    0.4379    0.3286    0.4450    0.1430    0.5601    0.1791    0.3955
 000118   L  0.601958  0.730372  0.857889    0.4458    0.3286    0.4940    0.1320    0.5764    0.1774    0.3955
 000119   L  0.650733  0.748866  0.862228    0.3762    0.3631    0.4960    0.1060    0.5829    0.1865    0.4046
 000120   L  0.697538  0.771245  0.865750    0.3717    0.3053    0.5140    0.0870    0.5876    0.2061    0.4177
 000121   A  0.749626  0.794793  0.868721    0.3668    0.3019    0.5050    0.0800    0.5978    0.2179    0.4297
 000122   E  0.775866  0.809294  0.871357    0.3146    0.2849    0.4950    0.0980    0.5918    0.2380    0.4112
 000123   G  0.786789  0.813425  0.874396    0.3359    0.3182    0.5440    0.1010    0.6121    0.2263    0.3954
 000124   E  0.813155  0.823108  0.877075    0.2963    0.3460    0.5810    0.0960    0.6227    0.2331    0.3819
 000125   R  0.818086  0.836145  0.879156    0.3992    0.4292    0.6580    0.0720    0.6700    0.1935    0.3727
 000126   V  0.831345  0.838462  0.879964    0.4203    0.4441    0.6790    0.0900    0.6822    0.1876    0.3690
 000127   E  0.834734  0.866977  0.880611    0.4203    0.4330    0.5970    0.0900    0.6721    0.1975    0.3682
 000128   V  0.839598  0.873157  0.881077    0.4245    0.3631    0.5660    0.0860    0.6579    0.2156    0.3697
 000129   R  0.841729  0.877076  0.881914    0.4781    0.4582    0.5380    0.0860    0.6791    0.1898    0.3721
 000130   P  0.839610  0.872791  0.882130    0.4749    0.4685    0.5180    0.0790    0.6761    0.1899    0.3775
 000131   V  0.817082  0.874139  0.881026    0.5473    0.5707    0.5950    0.0730    0.7142    0.1453    0.3828
 000132   P  0.807770  0.870875  0.877929    0.5084    0.6136    0.5650    0.0980    0.7072    0.1498    0.3885
 000133   A  0.805443  0.866175  0.873496    0.5126    0.5017    0.6000    0.1080    0.6932    0.1597    0.3929
 000134   P  0.802372  0.858931  0.867491    0.5126    0.3948    0.5710    0.1040    0.6678    0.1838    0.3975
 000135   P  0.797619  0.857644  0.860855    0.4379    0.3053    0.5780    0.1140    0.6395    0.2151    0.4029
 000136   G  0.792611  0.831446  0.854889    0.3668    0.3149    0.6320    0.1110    0.6320    0.2184    0.4062
 000137   T  0.781992  0.832219  0.849421    0.3717    0.3983    0.6260    0.1340    0.6432    0.1964    0.4091
 000138   R  0.776626  0.808451  0.843969    0.3762    0.3872    0.6400    0.1170    0.6388    0.1924    0.4069
 000139   V  0.773727  0.785186  0.836834    0.4379    0.4507    0.6130    0.1200    0.6496    0.1605    0.4058
 000140   E  0.791592  0.752641  0.827849    0.4513    0.4766    0.5370    0.1380    0.6394    0.1549    0.4039
 000141   V  0.799438  0.736570  0.817073    0.4149    0.4725    0.5210    0.1670    0.6269    0.1623    0.4050
 000142   E  0.803552  0.721667  0.804045    0.4825    0.5493    0.4910    0.1830    0.6420    0.1388    0.4101
 000143   G  0.802986  0.685943  0.788773    0.4781    0.5098    0.4970    0.1840    0.6272    0.1374    0.4162
 000144   L  0.801394  0.664775  0.772618    0.5008    0.5577    0.4890    0.1820    0.6311    0.1243    0.4236
 000145   F  0.803234  0.655438  0.756280    0.4781    0.4441    0.5370    0.1890    0.6123    0.1360    0.4267
 000146   L  0.809114  0.645479  0.742433    0.4600    0.4017    0.5530    0.1810    0.6019    0.1456    0.4221
 000147   G  0.810623  0.648517  0.728831    0.3762    0.4017    0.6130    0.1870    0.5965    0.1596    0.4114
 000148   E  0.809923  0.640977  0.716546    0.3578    0.3182    0.6320    0.1720    0.5792    0.1806    0.3993
 000149   G  0.797478  0.671047  0.703753    0.3762    0.2470    0.6440    0.1460    0.5733    0.1946    0.3899
 000150   R  0.789772  0.679315  0.692083    0.3717    0.3249    0.6490    0.1290    0.5845    0.1730    0.3795
 000151   D  0.788284  0.675955  0.680075    0.2748    0.2364    0.6740    0.1240    0.5550    0.2156    0.3715
 000152   P  0.799685  0.666540  0.668209    0.3456    0.2258    0.6420    0.1390    0.5581    0.2020    0.3605
 000153   K  0.810578  0.657078  0.655614    0.2432    0.2164    0.6890    0.1410    0.5453    0.2292    0.3467
 000154   G  0.816383  0.632292  0.642540    0.1495    0.2094    0.6550    0.1390    0.5175    0.2475    0.3331
 000155   E  0.819030  0.606580  0.627937    0.1998    0.2064    0.5920    0.1460    0.5086    0.2287    0.3166
 000156   V  0.815893  0.568089  0.612147    0.2558    0.2258    0.5700    0.1470    0.5079    0.2067    0.3025
 000157   R  0.797267  0.515556  0.595821    0.2292    0.2258    0.4950    0.1680    0.4764    0.2012    0.2961
 000158   G  0.806446  0.471319  0.580125    0.1456    0.2328    0.4070    0.1760    0.4405    0.2182    0.3002
 000159   V  0.791291  0.454049  0.564611    0.0813    0.2328    0.3190    0.1400    0.4071    0.2306    0.3089
 000160   L  0.738391  0.403150  0.548260    0.0744    0.2645    0.2640    0.0990    0.3821    0.2151    0.3233
 000161   E  0.667497  0.382871  0.532639    0.0789    0.2645    0.2190    0.0830    0.3577    0.1969    0.3375
 000162   L  0.572673  0.387074  0.517271    0.0884    0.1791    0.1990    0.0820    0.3239    0.1804    0.3479
 000163   L  0.478938  0.379279  0.503355    0.0701    0.1275    0.1830    0.0820    0.2904    0.1709    0.3557
 000164   K  0.386392  0.388493  0.489045    0.0395    0.0817    0.1740    0.0870    0.2599    0.1697    0.3615
 000165   R  0.299604  0.364203  0.476091    0.0308    0.0676    0.1780    0.0890    0.2361    0.1591    0.3696
 000166   Y  0.235447  0.326608  0.464420    0.0144    0.0372    0.1820    0.0760    0.2101    0.1570    0.3856
 000167   L  0.159783  0.332658  0.452964    0.0200    0.0294    0.1900    0.0660    0.1975    0.1553    0.4010
 000168   L  0.100923  0.330214  0.441615    0.0099    0.0253    0.2140    0.0690    0.1869    0.1586    0.4106
 000169   H  0.081001  0.314631  0.429989    0.0049    0.0263    0.2440    0.0790    0.1835    0.1575    0.4101
 000170   H  0.076298  0.316658  0.419451    0.0062    0.0414    0.2600    0.0820    0.1866    0.1540    0.3998
 000171   P  0.086995  0.304928  0.412307    0.0109    0.0719    0.2720    0.1000    0.1932    0.1449    0.3750
 000172   R  0.096713  0.331674  0.409473    0.0099    0.0568    0.2960    0.1190    0.2001    0.1515    0.3464
 000173   L  0.103700  0.328598  0.411018    0.0231    0.0888    0.2960    0.1280    0.2085    0.1430    0.3192
 000174   A  0.115487  0.328346  0.415563    0.0336    0.0888    0.2750    0.1360    0.2095    0.1386    0.2918
 000175   L  0.123957  0.346388  0.421195    0.0327    0.0531    0.2630    0.1440    0.2068    0.1469    0.2671
 000176   A  0.130805  0.381792  0.427297    0.0160    0.0275    0.2660    0.1490    0.2083    0.1618    0.2417
 000177   L  0.142206  0.415884  0.429036    0.0144    0.0568    0.2820    0.1530    0.2234    0.1637    0.2164
 000178   F  0.141027  0.415876  0.428978    0.0118    0.0929    0.2780    0.1510    0.2280    0.1585    0.1962
 000179   A  0.182977  0.411156  0.426637    0.0308    0.1251    0.2550    0.1430    0.2386    0.1441    0.1785
 000180   E  0.254935  0.439586  0.425642    0.0308    0.1184    0.2440    0.1260    0.2523    0.1484    0.1660
 000181   G  0.328440  0.433366  0.424044    0.0245    0.0690    0.2460    0.1140    0.2543    0.1600    0.1567
 000182   E  0.409297  0.449822  0.423343    0.0179    0.0592    0.2400    0.1060    0.2666    0.1751    0.1535
 000183   A  0.476335  0.404920  0.424171    0.0084    0.0631    0.2220    0.0950    0.2665    0.1817    0.1512
 000184   R  0.540114  0.397055  0.426427    0.0182    0.0870    0.2060    0.0850    0.2791    0.1889    0.1511
 000185   L  0.610909  0.393923  0.428841    0.0268    0.0870    0.2000    0.0660    0.2913    0.2048    0.1547
 000186   L  0.666848  0.385161  0.430968    0.0376    0.1323    0.1930    0.0460    0.3076    0.2110    0.1598
 000187   F  0.704641  0.426032  0.432370    0.0336    0.0985    0.1930    0.0560    0.3147    0.2305    0.1631
 000188   P  0.669119  0.431991  0.432652    0.0587    0.1323    0.1640    0.0570    0.3147    0.2141    0.1621
 000189   G  0.599220  0.455454  0.430136    0.0607    0.1323    0.1650    0.0660    0.3071    0.1975    0.1546
 000190   A  0.528050  0.465835  0.427296    0.0587    0.1554    0.1690    0.0730    0.3007    0.1789    0.1464
 000191   G  0.455887  0.473889  0.426474    0.0279    0.1424    0.1710    0.0640    0.2829    0.1753    0.1376
 000192   L  0.396819  0.481449  0.428982    0.0279    0.0909    0.1870    0.0560    0.2688    0.1750    0.1296
 000193   E  0.339408  0.495569  0.433145    0.0252    0.0531    0.1770    0.0530    0.2539    0.1809    0.1219
 000194   E  0.289164  0.480464  0.437679    0.0167    0.0531    0.1800    0.0490    0.2428    0.1769    0.1177
 000195   A  0.237247  0.456598  0.443016    0.0094    0.0555    0.1910    0.0470    0.2322    0.1719    0.1129
 000196   A  0.215729  0.430109  0.448139    0.0160    0.0851    0.1890    0.0570    0.2306    0.1614    0.1089
 000197   R  0.213791  0.434097  0.454008    0.0350    0.0870    0.1840    0.0600    0.2346    0.1595    0.1041
 000198   L  0.223559  0.420724  0.459939    0.0723    0.1048    0.1760    0.0630    0.2429    0.1482    0.1012
 000199   A  0.236565  0.382679  0.466266    0.0327    0.1048    0.1490    0.0520    0.2287    0.1529    0.1014
 000200   F  0.228480  0.384673  0.473201    0.0173    0.0618    0.1330    0.0510    0.2163    0.1658    0.1060
 000201   G  0.209673  0.422382  0.480975    0.0304    0.0631    0.1190    0.0460    0.2209    0.1732    0.1154
 000202   R  0.189319  0.384605  0.486148    0.0167    0.0356    0.1210    0.0530    0.2056    0.1745    0.1251
 000203   L  0.151616  0.376664  0.487231    0.0308    0.0618    0.1310    0.0590    0.2066    0.1674    0.1365
 000204   L  0.124784  0.402389  0.483880    0.0150    0.0483    0.1460    0.0700    0.2034    0.1767    0.1506
 000205   A  0.095956  0.383198  0.480769    0.0141    0.0473    0.1670    0.0880    0.1980    0.1742    0.1631
 000206   K  0.071446  0.407030  0.477385    0.0150    0.0581    0.1980    0.1120    0.2045    0.1782    0.1770
 000207   R  0.064713  0.385933  0.473381    0.0226    0.0405    0.2330    0.1390    0.2033    0.1758    0.1881
 000208   L  0.056012  0.367311  0.471890    0.0245    0.0454    0.2620    0.1510    0.2045    0.1737    0.2002
 000209   L  0.056071  0.368504  0.474190    0.0259    0.0473    0.2650    0.1480    0.2062    0.1741    0.2103
 000210   P  0.065054  0.368734  0.480426    0.0350    0.0605    0.2410    0.1380    0.2085    0.1699    0.2173
 000211   L  0.092031  0.329902  0.486154    0.0441    0.1184    0.2430    0.1410    0.2190    0.1533    0.2174
 000212   A  0.124125  0.315016  0.487736    0.0490    0.0704    0.2200    0.1240    0.2111    0.1533    0.2139
 000213   Y  0.201686  0.314065  0.486730    0.0514    0.0473    0.2040    0.1010    0.2176    0.1521    0.2115
 000214   G  0.288401  0.338536  0.483873    0.0514    0.0780    0.1950    0.0910    0.2392    0.1502    0.2073
 000215   A  0.378336  0.346624  0.482393    0.0542    0.1184    0.2040    0.0920    0.2640    0.1508    0.2025
 000216   G  0.459684  0.354206  0.481763    0.0701    0.1611    0.1950    0.0930    0.2870    0.1547    0.1988
 000217   G  0.528531  0.376338  0.482097    0.0701    0.1702    0.1980    0.1020    0.3042    0.1690    0.1959
 000218   L  0.613576  0.385496  0.486238    0.0884    0.1229    0.2110    0.1060    0.3179    0.1926    0.1932
 000219   E  0.677891  0.404640  0.494543    0.1532    0.1852    0.1850    0.0910    0.3501    0.1934    0.1887
 000220   V  0.738232  0.417110  0.507924    0.1635    0.2541    0.1940    0.0790    0.3792    0.2013    0.1878
 000221   Q  0.777154  0.433529  0.522610    0.1416    0.2364    0.1970    0.0760    0.3846    0.2206    0.1888
 000222   G  0.746966  0.441759  0.536928    0.2041    0.3087    0.2170    0.0780    0.4092    0.1918    0.1951
 000223   L  0.698824  0.458552  0.548515    0.2385    0.3704    0.2210    0.0760    0.4227    0.1686    0.1998
 000224   V  0.629442  0.477903  0.558182    0.3146    0.4685    0.1750    0.0560    0.4372    0.1517    0.2048
 000225   S  0.552063  0.507345  0.567267    0.3359    0.4541    0.1590    0.0500    0.4293    0.1429    0.2139
 000226   R  0.487744  0.540172  0.576560    0.3806    0.4051    0.1780    0.0590    0.4281    0.1313    0.2206
 000227   P  0.418432  0.562271  0.586384    0.3762    0.2918    0.1990    0.0660    0.4056    0.1378    0.2304
 000228   E  0.367392  0.582448  0.594410    0.3005    0.2094    0.2170    0.0760    0.3785    0.1576    0.2363
 000229   V  0.302222  0.586004  0.601922    0.3184    0.2645    0.1920    0.0660    0.3775    0.1582    0.2474
 000230   S  0.276717  0.603463  0.609100    0.2385    0.1852    0.1730    0.0510    0.3476    0.1861    0.2595
 000231   R  0.276869  0.579887  0.615918    0.2913    0.2715    0.1800    0.0530    0.3693    0.1659    0.2655
 000232   T  0.282092  0.562326  0.621679    0.2041    0.2645    0.1930    0.0600    0.3546    0.1716    0.2730
 000233   R  0.284218  0.538210  0.626911    0.2122    0.2541    0.2030    0.0770    0.3531    0.1665    0.2735
 000234   P  0.280728  0.508675  0.634173    0.3053    0.3667    0.1840    0.0690    0.3799    0.1501    0.2765
 000235   D  0.278880  0.498382  0.643292    0.3762    0.3667    0.1790    0.0720    0.3904    0.1491    0.2783
 000236   R  0.275647  0.488468  0.651648    0.4037    0.3392    0.1670    0.0760    0.3876    0.1548    0.2733
 000237   L  0.272450  0.476076  0.658721    0.3399    0.2328    0.1680    0.0960    0.3580    0.1652    0.2708
 000238   F  0.264453  0.424126  0.664393    0.2865    0.2328    0.1770    0.1100    0.3415    0.1628    0.2668
 000239   L  0.232114  0.392202  0.667705    0.1921    0.2328    0.1850    0.1120    0.3170    0.1713    0.2649
 000240   A  0.198863  0.428793  0.667079    0.2865    0.3087    0.2020    0.1250    0.3487    0.1618    0.2576
 000241   V  0.170345  0.383880  0.661185    0.2786    0.2258    0.2200    0.1290    0.3233    0.1650    0.2504
 000242   N  0.159543  0.412308  0.652872    0.2913    0.1583    0.2480    0.1430    0.3203    0.1719    0.2507
 000243   G  0.154356  0.402859  0.647597    0.2041    0.1399    0.2880    0.1650    0.3061    0.1767    0.2518
 000244   R  0.165233  0.426309  0.646178    0.1380    0.1399    0.2920    0.1710    0.3012    0.1852    0.2541
 000245   P  0.187466  0.422998  0.647868    0.1150    0.0765    0.2710    0.1560    0.2868    0.1970    0.2555
 000246   V  0.208099  0.422866  0.648847    0.1060    0.0676    0.2650    0.1410    0.2864    0.1987    0.2528
 000247   A  0.284603  0.410517  0.648961    0.0643    0.0676    0.2550    0.1360    0.2884    0.2021    0.2523
 000248   F  0.331473  0.416194  0.649237    0.0965    0.0909    0.2680    0.1490    0.3087    0.1924    0.2467
 000249   P  0.378502  0.462687  0.645418    0.1416    0.1048    0.1970    0.1120    0.3216    0.1928    0.2424
 000250   E  0.421634  0.453684  0.638301    0.1698    0.1554    0.1850    0.1070    0.3373    0.1806    0.2405
 000251   G  0.435150  0.459659  0.627259    0.1266    0.1914    0.1730    0.1010    0.3355    0.1832    0.2404
 000252   L  0.444990  0.439623  0.615443    0.1732    0.1823    0.1460    0.0840    0.3337    0.1764    0.2379
 000253   L  0.437466  0.409729  0.603689    0.1732    0.1048    0.1260    0.0670    0.3092    0.1858    0.2284
 000254   R  0.418817  0.420503  0.592017    0.0991    0.1229    0.1040    0.0590    0.2929    0.1931    0.2154
 000255   R  0.411803  0.414336  0.581954    0.0567    0.1373    0.1160    0.0690    0.2863    0.1930    0.2066
 000256   V  0.353717  0.425959  0.572194    0.0567    0.1184    0.1260    0.0700    0.2755    0.1879    0.1988
 000257   R  0.324744  0.402625  0.563110    0.0884    0.1791    0.1440    0.0790    0.2837    0.1645    0.1975
 000258   R  0.295612  0.388728  0.554107    0.1041    0.1323    0.1860    0.0960    0.2767    0.1575    0.2049
 000259   A  0.266961  0.392960  0.544686    0.1698    0.2645    0.1820    0.0970    0.3034    0.1302    0.2248
 000260   Y  0.272179  0.419908  0.532474    0.0991    0.1643    0.1930    0.0990    0.2801    0.1511    0.2445
 000261   R  0.276899  0.423805  0.517675    0.1205    0.1583    0.2140    0.1180    0.2852    0.1424    0.2517
 000262   E  0.289391  0.427269  0.502074    0.0701    0.1048    0.2580    0.1270    0.2753    0.1561    0.2626
 000263   L  0.283278  0.430539  0.488618    0.1205    0.1028    0.2570    0.1340    0.2804    0.1435    0.2761
 000264   L  0.267886  0.418921  0.477980    0.1266    0.1791    0.2440    0.1380    0.2858    0.1248    0.2897
 000265   P  0.260053  0.404669  0.470783    0.0771    0.1206    0.2210    0.1330    0.2590    0.1413    0.3016
 000266   E  0.254827  0.391397  0.466030    0.0832    0.0646    0.2470    0.1560    0.2512    0.1466    0.3088
 000267   G  0.300157  0.359989  0.461439    0.0789    0.0618    0.2610    0.1640    0.2539    0.1438    0.3189
 000268   H  0.335614  0.323240  0.455885    0.0455    0.0780    0.2480    0.1540    0.2477    0.1452    0.3242
 000269   Y  0.317924  0.301909  0.452348    0.0286    0.0870    0.2270    0.1400    0.2357    0.1433    0.3175
 000270   P  0.315838  0.282094  0.452924    0.0425    0.1137    0.2010    0.1220    0.2347    0.1349    0.2932
 000271   V  0.305080  0.273513  0.455971    0.0771    0.1528    0.1940    0.1140    0.2431    0.1212    0.2636
 000272   G  0.303190  0.268009  0.460394    0.0832    0.0817    0.1890    0.1100    0.2309    0.1324    0.2515
 000273   V  0.287739  0.259118  0.465556    0.0660    0.0719    0.1860    0.1050    0.2227    0.1373    0.2368
 000274   L  0.268732  0.244561  0.472277    0.0643    0.0719    0.1830    0.1010    0.2174    0.1379    0.2222
 000275   N  0.250051  0.241173  0.477423    0.0991    0.1162    0.1810    0.0980    0.2274    0.1253    0.2122
 000276   L  0.184597  0.238676  0.479073    0.0455    0.0592    0.2030    0.1100    0.2017    0.1434    0.2001
 000277   F  0.128166  0.254670  0.478470    0.0387    0.0592    0.2420    0.1280    0.2002    0.1490    0.1910
 000278   L  0.132477  0.258027  0.477960    0.0179    0.0473    0.2540    0.1330    0.1979    0.1552    0.1825
 000279   P  0.134150  0.286970  0.479135    0.0212    0.0433    0.2560    0.1270    0.2034    0.1578    0.1764
 000280   Q  0.135823  0.286010  0.482930    0.0286    0.0749    0.2730    0.1300    0.2136    0.1532    0.1665
 000281   E  0.149636  0.279693  0.488063    0.0182    0.0662    0.2770    0.1410    0.2132    0.1569    0.1637
 000282   A  0.173439  0.276061  0.494506    0.0308    0.1092    0.3050    0.1710    0.2315    0.1501    0.1642
 000283   F  0.198548  0.309403  0.500917    0.0327    0.0704    0.3250    0.1750    0.2395    0.1600    0.1597
 000284   R  0.273337  0.349305  0.506274    0.0554    0.0704    0.2990    0.1550    0.2589    0.1571    0.1536
 000285   L  0.352753  0.366688  0.510259    0.0567    0.0734    0.2830    0.1340    0.2738    0.1624    0.1530
 000286   R  0.430185  0.379869  0.512919    0.0316    0.0662    0.2670    0.1290    0.2812    0.1800    0.1520
 000287   L  0.502804  0.407087  0.515498    0.0304    0.1162    0.2750    0.1370    0.3079    0.1852    0.1595
 000288   D  0.563644  0.429916  0.518101    0.0554    0.2164    0.2900    0.1390    0.3456    0.1772    0.1653
 000289   A  0.622930  0.466707  0.521110    0.1018    0.2258    0.3120    0.1260    0.3751    0.1789    0.1673
 000290   R  0.683787  0.504084  0.526166    0.0909    0.2064    0.3490    0.0970    0.3933    0.2011    0.1654
 000291   K  0.747946  0.533765  0.534955    0.0502    0.1759    0.4190    0.0900    0.4103    0.2343    0.1742
 000292   E  0.810161  0.560803  0.546854    0.0514    0.1092    0.4400    0.0940    0.4197    0.2649    0.1849
 000293   E  0.822233  0.578270  0.560118    0.0526    0.0870    0.4550    0.1030    0.4259    0.2749    0.2016
 000294   V  0.825893  0.579573  0.572474    0.0607    0.1759    0.4730    0.1060    0.4479    0.2583    0.2195
 000295   V  0.827255  0.584190  0.584626    0.0441    0.1942    0.4600    0.1040    0.4491    0.2610    0.2412
 000296   L  0.825833  0.596092  0.594980    0.0858    0.2470    0.4500    0.1030    0.4667    0.2435    0.2591
 000297   S  0.819500  0.604661  0.604579    0.1041    0.1823    0.4030    0.0950    0.4531    0.2509    0.2710
 000298   E  0.819343  0.619196  0.614207    0.1602    0.1881    0.3760    0.0970    0.4629    0.2412    0.2804
 000299   E  0.816624  0.646823  0.625297    0.0935    0.1528    0.3680    0.0860    0.4506    0.2664    0.2941
 000300   V  0.812129  0.670437  0.635928    0.0744    0.1206    0.4040    0.0930    0.4529    0.2787    0.3103
 000301   E  0.807912  0.670037  0.644654    0.0789    0.0662    0.4280    0.0930    0.4493    0.2887    0.3330
 000302   A  0.803356  0.693827  0.652941    0.0542    0.0631    0.4850    0.0960    0.4587    0.2979    0.3507
 000303   L  0.798800  0.723382  0.662471    0.0308    0.0555    0.4690    0.0830    0.4566    0.3090    0.3601
 000304   V  0.797857  0.736419  0.672677    0.0274    0.0568    0.4210    0.0880    0.4520    0.3127    0.3585
 000305   E  0.790403  0.753369  0.681166    0.0441    0.0985    0.3870    0.0740    0.4591    0.3036    0.3603
 000306   E  0.773360  0.766290  0.688681    0.0832    0.0929    0.3840    0.0730    0.4647    0.2963    0.3603
 000307   A  0.749743  0.765887  0.696198    0.1532    0.1275    0.3940    0.0800    0.4810    0.2707    0.3624
 000308   L  0.702420  0.780026  0.704398    0.0991    0.1206    0.3890    0.0620    0.4659    0.2802    0.3678
 000309   L  0.685824  0.806522  0.712507    0.0813    0.0967    0.3790    0.0470    0.4603    0.2935    0.3653
 000310   A  0.673813  0.809313  0.719667    0.0677    0.0555    0.3510    0.0700    0.4462    0.3064    0.3582
 000311   L  0.670473  0.809864  0.725726    0.1018    0.1028    0.3530    0.0820    0.4606    0.2900    0.3509
 000312   F  0.657177  0.819446  0.730985    0.0587    0.1028    0.3710    0.0970    0.4566    0.2995    0.3393
 000313   R  0.610155  0.819115  0.735945    0.0832    0.1399    0.3810    0.1000    0.4615    0.2824    0.3269
 000314   R  0.570499  0.838645  0.741528    0.1416    0.2034    0.4350    0.0960    0.4884    0.2575    0.3241
 000315   E  0.561499  0.837993  0.747139    0.2333    0.3019    0.4600    0.1110    0.5236    0.2190    0.3283
 000316   N  0.554452  0.848620  0.752855    0.2255    0.2094    0.5250    0.1110    0.5192    0.2404    0.3321
 000317   L  0.574574  0.832751  0.758722    0.2483    0.2094    0.5800    0.1320    0.5339    0.2347    0.3373
 000318   A  0.577471  0.855433  0.764238    0.1921    0.2645    0.5580    0.1270    0.5353    0.2409    0.3384
 000319   R  0.603466  0.874189  0.768951    0.2820    0.2609    0.5700    0.1600    0.5600    0.2277    0.3391
 000320   A  0.622504  0.882515  0.771880    0.3847    0.3356    0.6480    0.1520    0.6075    0.1950    0.3516
 000321   L  0.653262  0.870995  0.773781    0.3146    0.3910    0.6860    0.1260    0.6149    0.1990    0.3659
 000322   P  0.721032  0.875218  0.774875    0.3806    0.4979    0.7180    0.1200    0.6613    0.1688    0.3801
 000323   E  0.788020  0.876081  0.775586    0.4918    0.6576    0.7630    0.1050    0.7253    0.1223    0.3955
 000324   P  0.841839  0.880377  0.775496    0.5331    0.6322    0.7490    0.0860    0.7353    0.1195    0.4145
 000325   K  0.895829  0.889709  0.774552    0.5549    0.6427    0.7530    0.0810    0.7518    0.1231    0.4258
 000326   P  0.946098  0.891020  0.771799    0.5126    0.6269    0.7650    0.0980    0.7523    0.1475    0.4304
 000327   L  0.984197  0.886146  0.765434    0.5084    0.5017    0.7830    0.0850    0.7381    0.1798    0.4228
 000328   Q  0.991101  0.870387  0.755160    0.5900    0.6375    0.6650    0.1050    0.7515    0.1403    0.4178
 000329   P  0.968597  0.852027  0.741692    0.5374    0.6620    0.5940    0.1400    0.7259    0.1484    0.4078
 000330   L  0.915669  0.833718  0.726733    0.5762    0.5665    0.6170    0.1070    0.7059    0.1323    0.4034
 000331   S  0.832240  0.823792  0.709629    0.6035    0.5901    0.5760    0.1070    0.6893    0.1072    0.4082
 000332   P  0.781861  0.793109  0.690687    0.5992    0.5419    0.5580    0.1210    0.6609    0.1012    0.4163
 000333   P  0.672482  0.772438  0.670185    0.5711    0.4220    0.5460    0.1510    0.6091    0.1116    0.4253
 000334   T  0.567322  0.752198  0.649318    0.4781    0.3840    0.5150    0.1640    0.5576    0.1188    0.4330
 000335   A  0.471791  0.727123  0.629207    0.3762    0.3631    0.4740    0.1650    0.5069    0.1314    0.4222
 000336   S  0.375401  0.683439  0.608839    0.3491    0.2503    0.5010    0.1950    0.4614    0.1512    0.4126
 000337   G  0.281020  0.641897  0.587867    0.3359    0.2094    0.4870    0.1940    0.4239    0.1595    0.4017
 000338   L  0.211318  0.584096  0.565129    0.3359    0.3053    0.4390    0.1820    0.4068    0.1361    0.3912
 000339   P  0.167442  0.531363  0.542175    0.3225    0.2951    0.3390    0.1340    0.3663    0.1326    0.3800
 000340   R  0.150101  0.510319  0.519510    0.3096    0.1791    0.2680    0.1330    0.3228    0.1458    0.3656
 000341   L  0.105812  0.483534  0.496990    0.4037    0.1791    0.2320    0.1240    0.3169    0.1519    0.3612
 000342   R  0.120523  0.410314  0.474803    0.3184    0.1184    0.2120    0.1290    0.2757    0.1369    0.3627
 000343   F  0.130369  0.396002  0.452455    0.2080    0.0851    0.1730    0.1150    0.2408    0.1360    0.3743
 000344   L  0.129604  0.330349  0.430265    0.1178    0.0765    0.1600    0.0930    0.2074    0.1280    0.3879
 000345   A  0.130846  0.321206  0.407209    0.0884    0.0581    0.1440    0.0820    0.1917    0.1276    0.3973
 000346   Q  0.127583  0.301895  0.384344    0.1117    0.0719    0.1230    0.0620    0.1868    0.1145    0.4082
 000347   F  0.118401  0.306357  0.361864    0.0909    0.0799    0.1200    0.0510    0.1795    0.1114    0.4197
 000348   R  0.112594  0.303030  0.339838    0.0884    0.0870    0.0850    0.0290    0.1693    0.1085    0.4333
 000349   E  0.104463  0.298451  0.318327    0.1456    0.0870    0.0660    0.0220    0.1699    0.1010    0.4158
 000350   S  0.095361  0.293293  0.297146    0.1266    0.0414    0.0680    0.0210    0.1536    0.1034    0.3917
 000351   Y  0.091046  0.273848  0.277079    0.0701    0.0281    0.0730    0.0190    0.1356    0.1007    0.3650
 000352   L  0.082553  0.263488  0.257676    0.0723    0.0294    0.0660    0.0210    0.1286    0.0948    0.3442
 000353   L  0.074554  0.261993  0.239230    0.0441    0.0349    0.0670    0.0250    0.1203    0.0933    0.3301
 000354   A  0.089171  0.254881  0.220834    0.0464    0.0765    0.0640    0.0230    0.1254    0.0812    0.3221
 000355   E  0.083750  0.246248  0.203061    0.0771    0.1251    0.0640    0.0230    0.1333    0.0684    0.3166
 000356   A  0.086515  0.235859  0.186181    0.0965    0.1251    0.0940    0.0430    0.1374    0.0553    0.3048
 000357   G  0.096599  0.228733  0.171270    0.0813    0.0985    0.1140    0.0550    0.1318    0.0519    0.2930
 000358   D  0.129324  0.212573  0.159110    0.1150    0.1881    0.1130    0.0550    0.1528    0.0375    0.2839
 000359   T  0.156844  0.205844  0.150827    0.0935    0.2129    0.0850    0.0340    0.1509    0.0492    0.2777
 000360   L  0.161332  0.206009  0.145409    0.0832    0.1914    0.0870    0.0310    0.1457    0.0471    0.2756
 000361   Y  0.178589  0.213505  0.141928    0.0884    0.1115    0.0790    0.0240    0.1355    0.0483    0.2866
 000362   V  0.180055  0.229419  0.141032    0.1349    0.1162    0.0770    0.0220    0.1465    0.0481    0.3056
 000363   V  0.154440  0.244071  0.143676    0.1240    0.1092    0.0810    0.0280    0.1427    0.0512    0.3199
 000364   D  0.148786  0.248971  0.151487    0.1266    0.1791    0.0950    0.0280    0.1584    0.0479    0.3300
 000365   Q  0.143245  0.237036  0.163398    0.0991    0.2193    0.1250    0.0510    0.1646    0.0492    0.3429
 000366   H  0.134383  0.239391  0.178608    0.0991    0.1399    0.1520    0.0560    0.1573    0.0437    0.3516
 000367   A  0.108197  0.237960  0.196205    0.1322    0.1048    0.1670    0.0460    0.1577    0.0481    0.3665
 000368   A  0.105295  0.247743  0.215358    0.0858    0.1007    0.1620    0.0440    0.1529    0.0612    0.3819
 000369   H  0.148022  0.267177  0.237338    0.0514    0.0851    0.1620    0.0430    0.1585    0.0764    0.4008
 000370   E  0.188946  0.286928  0.260432    0.0478    0.0483    0.1750    0.0510    0.1678    0.0930    0.4279
 000371   R  0.259690  0.298986  0.283976    0.0813    0.0690    0.2130    0.0950    0.2009    0.0929    0.4075
 000372   I  0.334950  0.295286  0.307280    0.0884    0.1275    0.2270    0.1270    0.2301    0.0929    0.3876
 000373   L  0.419687  0.288738  0.331353    0.1178    0.1881    0.2190    0.1320    0.2609    0.0987    0.3789
 000374   Y  0.501723  0.300855  0.356533    0.1844    0.2884    0.1980    0.1050    0.3050    0.1061    0.3631
 000375   E  0.582317  0.320758  0.381722    0.1844    0.2680    0.1870    0.0750    0.3207    0.1363    0.3485
 000376   D  0.673433  0.325231  0.406608    0.2041    0.2884    0.2020    0.0760    0.3500    0.1610    0.3335
 000377   L  0.744696  0.336892  0.431304    0.1958    0.2064    0.2220    0.0820    0.3561    0.1929    0.3162
 000378   L  0.776034  0.390156  0.456320    0.2602    0.2645    0.2280    0.0820    0.3958    0.1880    0.3014
 000379   K  0.800834  0.420038  0.481351    0.2122    0.2884    0.2220    0.0650    0.4041    0.2029    0.2863
 000380   R  0.813187  0.449769  0.505153    0.2432    0.3117    0.2580    0.0740    0.4301    0.1964    0.2730
 000381   V  0.830660  0.499913  0.526987    0.2167    0.2164    0.2770    0.0820    0.4279    0.2196    0.2722
 000382   A  0.827003  0.559380  0.547468    0.2558    0.1528    0.2880    0.0760    0.4384    0.2292    0.2785
 000383   E  0.805257  0.600821  0.567434    0.2657    0.1823    0.3170    0.0740    0.4565    0.2182    0.2841
 000384   G  0.814544  0.638629  0.587457    0.2657    0.2884    0.3230    0.0740    0.4862    0.2065    0.2836
 000385   P  0.815504  0.657659  0.607628    0.2700    0.2988    0.3200    0.0830    0.4950    0.2088    0.2873
 000386   K  0.809425  0.663750  0.628033    0.2820    0.2541    0.3610    0.1030    0.4998    0.2106    0.2887
 000387   P  0.815458  0.648494  0.648951    0.1766    0.2680    0.3700    0.1130    0.4879    0.2303    0.2946
 000388   L  0.822301  0.633121  0.669059    0.2167    0.3631    0.3390    0.1250    0.5072    0.2140    0.3009
 000389   P  0.827101  0.621421  0.688220    0.3146    0.4619    0.2870    0.1010    0.5333    0.1966    0.3081
 000390   R  0.825189  0.592770  0.704911    0.3456    0.4831    0.3140    0.1010    0.5443    0.1840    0.3152
 000391   P  0.836745  0.575144  0.720956    0.3668    0.4619    0.3440    0.1040    0.5509    0.1807    0.3294
 000392   L  0.867827  0.628815  0.735555    0.4513    0.4541    0.3510    0.0960    0.5814    0.1800    0.3385
 000393   L  0.865753  0.652472  0.749042    0.4556    0.4017    0.3220    0.0850    0.5744    0.1955    0.3452
 000394   V  0.858846  0.700612  0.758603    0.3717    0.4051    0.3140    0.0750    0.5682    0.2114    0.3504
 000395   P  0.857895  0.689597  0.764182    0.2865    0.3704    0.3200    0.0760    0.5480    0.2291    0.3618
 000396   L  0.856073  0.724628  0.764882    0.2748    0.3426    0.4260    0.1020    0.5649    0.2247    0.3718
 000397   A  0.853473  0.744022  0.761461    0.2531    0.3566    0.4580    0.1150    0.5711    0.2258    0.3824
 000398   P  0.849339  0.751626  0.754814    0.2292    0.3426    0.4500    0.1220    0.5629    0.2335    0.3908
 000399   E  0.847783  0.753866  0.747067    0.3311    0.3948    0.4770    0.1210    0.5919    0.1983    0.4004
 000400   E  0.846853  0.770754  0.738594    0.3184    0.2884    0.4840    0.1140    0.5745    0.2218    0.4074
 000401   E  0.847536  0.762768  0.728551    0.2963    0.2715    0.4820    0.1080    0.5648    0.2276    0.4147
 000402   A  0.844857  0.751224  0.718225    0.1805    0.2129    0.4730    0.1320    0.5301    0.2612    0.4153
 000403   L  0.839766  0.751301  0.706742    0.2292    0.2164    0.4260    0.1360    0.5282    0.2503    0.4170
 000404   L  0.835300  0.741166  0.693234    0.2820    0.1881    0.4170    0.1440    0.5261    0.2434    0.4189
 000405   E  0.832133  0.733964  0.675673    0.2748    0.2503    0.3920    0.1640    0.5265    0.2297    0.4220
 000406   A  0.817866  0.717530  0.656058    0.1566    0.1298    0.4380    0.1460    0.4860    0.2678    0.4177
 000407   G  0.787342  0.686827  0.636769    0.2292    0.2094    0.4250    0.1490    0.4958    0.2234    0.4132
 000408   Q  0.722817  0.680225  0.617997    0.1602    0.2680    0.3830    0.1260    0.4720    0.2139    0.4081
 000409   E  0.659926  0.652679  0.599114    0.1566    0.1399    0.3230    0.1160    0.4219    0.2240    0.4024
 000410   A  0.589679  0.612006  0.578823    0.1635    0.1298    0.2990    0.0980    0.3954    0.2049    0.3955
 000411   L  0.523113  0.558026  0.559041    0.0813    0.1373    0.2980    0.1050    0.3594    0.1986    0.3905
 000412   A  0.447058  0.574187  0.540724    0.0789    0.1275    0.2660    0.1020    0.3391    0.1938    0.3846
 000413   A  0.366809  0.564453  0.523802    0.1060    0.1449    0.2390    0.0980    0.3241    0.1763    0.3801
 000414   L  0.285012  0.511611  0.506073    0.1566    0.1501    0.2080    0.0810    0.3029    0.1521    0.3716
 000415   F  0.214423  0.480608  0.486719    0.2080    0.2164    0.1980    0.0820    0.3007    0.1295    0.3540
 000416   R  0.154449  0.447246  0.466941    0.1205    0.1349    0.1970    0.0690    0.2535    0.1460    0.3318
 000417   W  0.127016  0.457532  0.447261    0.1322    0.1028    0.2080    0.0680    0.2458    0.1496    0.3174
 000418   E  0.098599  0.432568  0.428068    0.0701    0.0835    0.2170    0.0760    0.2216    0.1551    0.3040
 000419   P  0.076666  0.427564  0.409746    0.0336    0.0646    0.2040    0.0830    0.2027    0.1617    0.2933
 000420   F  0.052918  0.412087  0.393443    0.0218    0.0704    0.1920    0.0840    0.1904    0.1592    0.2802
 000421   G  0.042201  0.398239  0.378963    0.0218    0.0704    0.1610    0.0770    0.1787    0.1547    0.2687
 000422   P  0.033777  0.381344  0.367874    0.0464    0.0592    0.1510    0.0740    0.1733    0.1473    0.2550
 000423   G  0.025121  0.380911  0.359355    0.0455    0.0424    0.1490    0.0760    0.1671    0.1492    0.2403
 000424   R  0.029351  0.382138  0.352066    0.0286    0.0518    0.1160    0.0490    0.1599    0.1496    0.2247
 000425   V  0.029553  0.373069  0.345379    0.0279    0.1028    0.0840    0.0280    0.1605    0.1433    0.2178
 000426   R  0.028197  0.338855  0.339466    0.0478    0.1137    0.0670    0.0220    0.1558    0.1322    0.2238
 000427   L  0.027663  0.340584  0.335344    0.0607    0.1399    0.0590    0.0190    0.1606    0.1299    0.2317
 000428   L  0.029515  0.327639  0.331474    0.0607    0.1643    0.0590    0.0210    0.1621    0.1256    0.2371
 000429   M  0.038629  0.300652  0.326442    0.0621    0.0985    0.0560    0.0180    0.1471    0.1193    0.2442
 000430   A  0.044822  0.279478  0.320815    0.0286    0.0506    0.0550    0.0200    0.1299    0.1213    0.2465
 000431   P  0.043473  0.260711  0.314473    0.0327    0.1206    0.0650    0.0330    0.1394    0.1095    0.2539
 000432   A  0.043008  0.249008  0.309850    0.0157    0.1298    0.0940    0.0580    0.1403    0.1063    0.2621
 000433   F  0.032033  0.240393  0.304786    0.0157    0.0749    0.1400    0.0990    0.1346    0.1068    0.2758
 000434   L  0.035213  0.249618  0.301380    0.0160    0.0380    0.1600    0.1210    0.1334    0.1118    0.2885
 000435   H  0.039353  0.245377  0.299703    0.0094    0.0389    0.1680    0.1150    0.1335    0.1115    0.3023
 000436   P  0.056037  0.231045  0.301411    0.0084    0.0676    0.1700    0.0990    0.1390    0.1039    0.3063
 000437   Y  0.072412  0.247807  0.304309    0.0097    0.0592    0.1760    0.0910    0.1448    0.1063    0.3046
 000438   P  0.104811  0.251294  0.308543    0.0226    0.0605    0.1700    0.0780    0.1530    0.1017    0.3090
 000439   L  0.142019  0.241714  0.314395    0.0308    0.0948    0.1980    0.0860    0.1703    0.0936    0.3077
 000440   L  0.218474  0.250773  0.322081    0.0218    0.1162    0.2040    0.0860    0.1889    0.0965    0.3023
 000441   L  0.300723  0.265255  0.330794    0.0286    0.1476    0.1980    0.0720    0.2118    0.1023    0.2955
 000442   P  0.380946  0.289872  0.341152    0.0231    0.1298    0.2180    0.0770    0.2304    0.1236    0.2868
 000443   E  0.452655  0.309687  0.351974    0.0308    0.1424    0.2440    0.0800    0.2553    0.1382    0.2743
 000444   V  0.535768  0.345971  0.363338    0.0567    0.2399    0.2710    0.0740    0.3020    0.1445    0.2574
 000445   F  0.599225  0.369195  0.375318    0.1041    0.2436    0.2650    0.0530    0.3261    0.1520    0.2465
 000446   K  0.661012  0.410726  0.389211    0.1117    0.2364    0.2260    0.0490    0.3392    0.1762    0.2358
 000447   E  0.702922  0.443718  0.402904    0.0514    0.1852    0.2250    0.0810    0.3353    0.2108    0.2282
 000448   A  0.750662  0.475050  0.414315    0.1041    0.2034    0.2290    0.1020    0.3628    0.2144    0.2195
 000449   L  0.760532  0.490183  0.422678    0.0723    0.1206    0.2040    0.0950    0.3451    0.2396    0.2121
 000450   R  0.737306  0.505120  0.431059    0.0789    0.1611    0.1900    0.0960    0.3506    0.2292    0.2124
 000451   G  0.697265  0.517394  0.439030    0.0813    0.2224    0.1900    0.1080    0.3579    0.2122    0.2166
 000452   E  0.696746  0.526973  0.446592    0.1150    0.2292    0.1870    0.1080    0.3669    0.2064    0.2249
 000453   G  0.663755  0.534536  0.449904    0.0991    0.1823    0.1610    0.0770    0.3484    0.2119    0.2317
 000454   R  0.591808  0.526254  0.451200    0.0502    0.1092    0.1470    0.0520    0.3126    0.2162    0.2403
 000455   S  0.517215  0.517464  0.451965    0.0677    0.1048    0.1290    0.0330    0.2980    0.1995    0.2452
 000456   L  0.468870  0.486523  0.452940    0.0832    0.2064    0.1170    0.0280    0.3025    0.1713    0.2487
 000457   K  0.385059  0.436308  0.452665    0.0441    0.1881    0.1110    0.0290    0.2695    0.1619    0.2533
 000458   A  0.306344  0.389477  0.448795    0.0514    0.1251    0.1090    0.0280    0.2384    0.1507    0.2563
 000459   L  0.258668  0.363452  0.443199    0.0514    0.1424    0.1180    0.0310    0.2295    0.1392    0.2594
 000460   L  0.236356  0.326203  0.438208    0.0621    0.1823    0.1220    0.0340    0.2279    0.1256    0.2573
 000461   A  0.177052  0.317593  0.435010    0.0607    0.1942    0.1310    0.0310    0.2192    0.1236    0.2486
 000462   R  0.134999  0.259649  0.432951    0.0502    0.1942    0.1440    0.0260    0.2027    0.1208    0.2376
 000463   L  0.129256  0.275668  0.430191    0.0455    0.2064    0.1540    0.0260    0.2069    0.1221    0.2280
 000464   A  0.127269  0.242691  0.427398    0.0425    0.1424    0.1540    0.0340    0.1894    0.1214    0.2201
 000465   C  0.096630  0.270161  0.425011    0.0514    0.1528    0.1630    0.0360    0.1932    0.1236    0.2140
 000466   L  0.100115  0.301821  0.422606    0.0297    0.1611    0.1720    0.0390    0.1979    0.1299    0.2176
 000467   P  0.115071  0.326994  0.420098    0.0514    0.2064    0.1780    0.0510    0.2164    0.1243    0.2210
 000468   A  0.127187  0.393605  0.417466    0.0542    0.2224    0.2120    0.0810    0.2379    0.1313    0.2235
 000469   V  0.124250  0.404270  0.413446    0.0526    0.2503    0.2430    0.0950    0.2480    0.1325    0.2284
 000470   K  0.125296  0.435933  0.407212    0.0909    0.3392    0.2540    0.0990    0.2755    0.1318    0.2336
 000471   A  0.124367  0.471366  0.398881    0.1380    0.3872    0.2860    0.1000    0.3010    0.1317    0.2399
 000472   G  0.162868  0.491689  0.390422    0.1698    0.3426    0.3580    0.1090    0.3193    0.1181    0.2496
 000473   H  0.200260  0.507920  0.381443    0.1380    0.2817    0.4880    0.1040    0.3329    0.1386    0.2629
 000474   P  0.207624  0.524499  0.373590    0.1456    0.3704    0.5120    0.1140    0.3557    0.1412    0.2740
 000475   L  0.208661  0.546822  0.365856    0.1088    0.3667    0.4840    0.1140    0.3469    0.1502    0.2844
 000476   G  0.189498  0.546769  0.357104    0.1805    0.3740    0.3790    0.0880    0.3379    0.1250    0.2946
 000477   E  0.219680  0.539472  0.345113    0.2333    0.3740    0.3060    0.0780    0.3362    0.1064    0.3046
 000478   A  0.255770  0.527246  0.332092    0.1349    0.3249    0.2930    0.0860    0.3113    0.1167    0.3200
 000479   Q  0.302410  0.506820  0.319701    0.1060    0.2680    0.2210    0.0420    0.2873    0.1205    0.3391
 000480   G  0.304497  0.477484  0.308040    0.1349    0.3460    0.1500    0.0370    0.2869    0.1171    0.3533
 000481   Q  0.268414  0.437349  0.294315    0.0744    0.3631    0.1130    0.0280    0.2584    0.1287    0.3665
 000482   A  0.228142  0.372277  0.279770    0.1041    0.4186    0.1010    0.0190    0.2506    0.1213    0.3822
 000483   L  0.219873  0.326450  0.265530    0.1088    0.3149    0.0910    0.0190    0.2211    0.0925    0.3988
 000484   L  0.206576  0.305158  0.253121    0.1380    0.2849    0.0860    0.0200    0.2122    0.0787    0.4150
 000485   D  0.202053  0.238808  0.241655    0.0677    0.1791    0.0850    0.0190    0.1691    0.0691    0.4287
 000486   A  0.148133  0.220086  0.231117    0.0991    0.2783    0.0800    0.0180    0.1761    0.0723    0.4315
 000487   L  0.094742  0.218750  0.222503    0.0542    0.2783    0.0780    0.0170    0.1578    0.0851    0.4237
 000488   L  0.030634  0.211978  0.215994    0.0621    0.2680    0.0910    0.0220    0.1466    0.0890    0.4216
 000489   A  0.016749  0.203629  0.213698    0.0744    0.2849    0.1090    0.0260    0.1503    0.0916    0.4280
 000490   C  0.009891  0.223353  0.215166    0.0723    0.2988    0.1290    0.0320    0.1581    0.0979    0.4286
 000491   E  0.007345  0.249006  0.219829    0.0723    0.2292    0.1350    0.0340    0.1521    0.0890    0.4293
 000492   T  0.002299  0.270089  0.226000    0.0909    0.1528    0.1310    0.0270    0.1455    0.0873    0.4337
 000493   P  0.002376  0.260058  0.234559    0.0789    0.1184    0.1300    0.0270    0.1374    0.0881    0.4271
 000494   W  0.003340  0.283659  0.247010    0.0909    0.1501    0.1370    0.0430    0.1521    0.0935    0.4195
 000495   A  0.027329  0.289745  0.263099    0.1018    0.1476    0.1600    0.0570    0.1650    0.0899    0.4170
 000496   C  0.079465  0.307874  0.280002    0.0789    0.1373    0.1730    0.0600    0.1760    0.0899    0.4121
 000497   P  0.143946  0.326664  0.297815    0.0587    0.1671    0.1790    0.0630    0.1955    0.0914    0.4028
 000498   H  0.152240  0.330987  0.315696    0.1041    0.2436    0.1820    0.0590    0.2214    0.0832    0.3977
 000499   G  0.168194  0.356544  0.336316    0.1667    0.3286    0.1900    0.0650    0.2577    0.0836    0.3966
 000500   R  0.196446  0.403605  0.358071    0.1921    0.2783    0.1970    0.0650    0.2710    0.0841    0.3945
 000501   P  0.221432  0.427418  0.381481    0.3005    0.2752    0.2110    0.0620    0.3028    0.0791    0.3902
 000502   V  0.247175  0.444835  0.404779    0.2333    0.2541    0.2280    0.0560    0.3020    0.0880    0.3898
 000503   L  0.287987  0.465600  0.428191    0.1844    0.2292    0.2280    0.0580    0.3040    0.1060    0.3952
 000504   L  0.350441  0.499150  0.450421    0.1495    0.1229    0.2120    0.0590    0.2974    0.1452    0.4066
 000505   A  0.384828  0.514541  0.470809    0.2167    0.2094    0.2120    0.0530    0.3347    0.1279    0.4170
 000506   L  0.407037  0.526806  0.489790    0.1878    0.2258    0.2360    0.0650    0.3456    0.1346    0.4282
 000507   K  0.441665  0.553103  0.509558    0.2963    0.3019    0.2570    0.0890    0.3932    0.1139    0.4393
 000508   E  0.512340  0.575744  0.531315    0.2531    0.2715    0.2680    0.0910    0.4020    0.1392    0.4496
 000509   E  0.570725  0.595137  0.554465    0.2531    0.2715    0.2910    0.1080    0.4227    0.1516    0.4598
 000510   D  0.632597  0.615865  0.578617    0.2602    0.2436    0.3200    0.1220    0.4419    0.1695    0.4703
 000511   L  0.693808  0.627812  0.603942    0.2820    0.2470    0.3390    0.1350    0.4655    0.1803    0.4784
 000512   I  0.718839  0.657841  0.630338    0.2333    0.2224    0.3470    0.1290    0.4683    0.2063    0.4785
 000513   R  0.701068  0.686083  0.656744    0.2913    0.2884    0.3450    0.1130    0.4948    0.1879    0.4726
 000514   R  0.658504  0.719437  0.682966    0.3717    0.3631    0.4320    0.1170    0.5379    0.1517    0.4681
 000515   F  0.641140  0.753102  0.709369    0.4600    0.4507    0.4690    0.1450    0.5805    0.1251    0.4669
 000516   G  0.708502  0.779350  0.736083    0.4967    0.4507    0.4950    0.1510    0.6110    0.1328    0.4571
 000517   R  0.732013  0.806066  0.762380    0.5711    0.5211    0.5440    0.1480    0.6562    0.1137    0.4477
 000518   R  0.755390  0.832358  0.787919    0.5549    0.5533    0.6210    0.1150    0.6842    0.1122    0.4419
 000519   S  0.774287  0.857017  0.812007    0.5374    0.5342    0.6560    0.1060    0.6952    0.1281    0.4385
 000520   G  0.732639  0.878726  0.834876    0.5623    0.5493    0.6860    0.1100    0.7073    0.1243    0.4320
 000521   A  0.707084  0.898141  0.856104    0.5473    0.5493    0.7100    0.1150    0.7113    0.1348    0.4222
 000522   R  0.679718  0.914263  0.876193    0.6255    0.6661    0.7290    0.1160    0.7484    0.1086    0.4096
 000523   G  0.680143  0.929412  0.894168    0.6984    0.7881    0.7400    0.0990    0.7884    0.0942    0.4031
 000524   G  0.696706  0.940124  0.909485    0.7111    0.7951    0.7380    0.0920    0.7984    0.0949    0.3952
 000525   G  0.679511  0.948990  0.920939    0.7192    0.6906    0.7620    0.0850    0.7869    0.1082    0.3837
 000526   E  0.662970  0.955521  0.929068    0.7772    0.8375    0.7730    0.0870    0.8225    0.0994    0.3761
 000527   A  0.645323  0.960910  0.935798    0.7418    0.8462    0.7680    0.0810    0.8163    0.1105    0.3786
 000528   R  0.641723  0.967892  0.941519    0.7724    0.8279    0.7690    0.0830    0.8201    0.1106    0.3742
 000529   P  0.698504  0.973557  0.947122    0.7817    0.8623    0.7860    0.0790    0.8415    0.0967    0.3782
 000530   R  0.760589  0.979498  0.950337    0.7724    0.7951    0.8250    0.0680    0.8472    0.0860    0.3819
 000531   P  0.823004  0.981625  0.952235    0.7817    0.8198    0.8260    0.0800    0.8640    0.0747    0.4012
 000532   Q  0.887698  0.984246  0.952534    0.7772    0.8421    0.8220    0.0910    0.8776    0.0725    0.4270
 000533   E  0.911056  0.986398  0.952925    0.8118    0.8596    0.8260    0.1030    0.8913    0.0643    0.4519
 000534   E  0.928426  0.988278  0.953374    0.7951    0.8792    0.8500    0.0860    0.8990    0.0651    0.4789
 000535   S  0.945288  0.989860  0.954120    0.8001    0.8713    0.8720    0.0800    0.9055    0.0638    0.5199
 000536   F  0.963456  0.991007  0.955417    0.8074    0.8681    0.9830    0.0230    0.9281    0.0672    0.5648
 000537   P  0.971905  0.993303  0.957118    0.8424    0.8565    0.9810    0.0260    0.9336    0.0606    0.5812
 000538   E  0.980581  0.995606  0.958989    0.8857    0.8828    0.9650    0.0500    0.9447    0.0443    0.5952
 000539   A  0.988018  0.996582  0.960723    0.9180    0.8872    0.9460    0.0780    0.9494    0.0381    0.6290
 000540   P  0.995131  0.997238  0.962138    0.9257    0.8623    0.9790    0.0200    0.9536    0.0474    0.6435
 000541   L  0.996712  0.997663  0.963494    0.9553    0.8681    0.9700    0.0350    0.9585    0.0434    0.6659
 000542   P  0.999796  0.997997  0.964648    0.9624    0.8313    0.9700    0.0340    0.9543    0.0571    0.6704
 000543   R  0.999599  0.998199  0.965958    0.9640    0.8050    0.9670    0.0330    0.9500    0.0665    0.6698
 000544   E  0.999649  0.998343  0.967377    0.9760    0.7799    0.9250    0.0870    0.9410    0.0763    0.6764
 000545   P  0.999915  0.998545  0.968203    0.9867    0.7505    0.9160    0.1000    0.9367    0.0879    0.6790
