#RESNUM RES     VL-XT     VSL2B       VL3  IUPred-S  IUPred-L  PONDRFIT  FITERROR       MDP  MDPERROR   ANCHOR2
 000001   M  0.887254  0.787891  0.353669    0.6944    0.2164    0.9820    0.0120    0.6537    0.2779    0.4278
 000002   D  0.765548  0.821609  0.348235    0.6557    0.2436    0.9630    0.0120    0.6329    0.2566    0.4278
 000003   L  0.759928  0.785580  0.337503    0.6174    0.1914    0.9450    0.0220    0.6061    0.2630    0.4194
 000004   L  0.670096  0.736052  0.327918    0.5711    0.1373    0.9240    0.0280    0.5611    0.2608    0.4132
 000005   E  0.670077  0.655848  0.319501    0.4600    0.0909    0.8710    0.0640    0.5112    0.2554    0.4113
 000006   R  0.616065  0.551498  0.311991    0.3311    0.0662    0.8520    0.0460    0.4548    0.2517    0.4056
 000007   L  0.548204  0.450781  0.304814    0.1998    0.0909    0.7510    0.0730    0.3909    0.2207    0.3928
 000008   G  0.478569  0.352230  0.297662    0.1018    0.1184    0.7160    0.0740    0.3441    0.2114    0.3853
 000009   L  0.421208  0.278355  0.291256    0.0771    0.1528    0.6730    0.0640    0.3157    0.1934    0.3838
 000010   G  0.365245  0.263662  0.286231    0.0567    0.1914    0.5570    0.1340    0.2866    0.1536    0.3842
 000011   G  0.298056  0.258202  0.281676    0.0455    0.1501    0.6320    0.1410    0.2777    0.1811    0.3875
 000012   R  0.233028  0.249794  0.276078    0.0607    0.1823    0.5640    0.1310    0.2611    0.1525    0.3936
 000013   R  0.171411  0.245615  0.268686    0.0363    0.1162    0.4590    0.0980    0.2162    0.1335    0.4010
 000014   V  0.128489  0.225012  0.260825    0.0677    0.1791    0.4410    0.1260    0.2171    0.1182    0.4079
 000015   L  0.085317  0.199275  0.253562    0.0677    0.2541    0.4170    0.1210    0.2128    0.1172    0.4150
 000016   I  0.070894  0.185356  0.243036    0.0621    0.2094    0.4330    0.1550    0.2006    0.1238    0.4176
 000017   L  0.058527  0.198626  0.229283    0.0607    0.2292    0.4280    0.1800    0.2007    0.1245    0.4255
 000018   H  0.043501  0.218889  0.211650    0.0909    0.3182    0.3400    0.1490    0.2039    0.1084    0.4296
 000019   H  0.024854  0.251540  0.194475    0.0991    0.3149    0.3290    0.1370    0.2023    0.1106    0.4283
 000020   D  0.016013  0.288307  0.178383    0.1698    0.3704    0.3190    0.0870    0.2237    0.1175    0.4212
 000021   D  0.012554  0.334126  0.164063    0.1667    0.2752    0.3770    0.1000    0.2217    0.1224    0.4131
 000022   L  0.012480  0.379310  0.152812    0.1416    0.2849    0.4380    0.1170    0.2348    0.1469    0.4005
 000023   G  0.011559  0.416640  0.143433    0.0858    0.2715    0.4570    0.1170    0.2310    0.1654    0.3881
 000024   L  0.016822  0.436408  0.135812    0.0965    0.2094    0.4270    0.1110    0.2204    0.1600    0.3787
 000025   T  0.032748  0.442295  0.127319    0.1178    0.2715    0.3690    0.1320    0.2268    0.1462    0.3717
 000026   H  0.082533  0.424321  0.118583    0.1205    0.2645    0.4180    0.1230    0.2380    0.1414    0.3632
 000027   A  0.170087  0.405266  0.110912    0.1921    0.3807    0.4270    0.1230    0.2810    0.1263    0.3577
 000028   Q  0.270298  0.382138  0.104755    0.1844    0.4652    0.3690    0.1340    0.2960    0.1232    0.3530
 000029   N  0.375806  0.370396  0.100166    0.2122    0.4619    0.3300    0.1170    0.3084    0.1190    0.3533
 000030   G  0.477880  0.365731  0.096229    0.2122    0.4582    0.2720    0.0920    0.3136    0.1353    0.3574
 000031   A  0.585712  0.371923  0.092566    0.2041    0.3807    0.2380    0.1040    0.3122    0.1573    0.3650
 000032   Y  0.693919  0.368755  0.089072    0.1998    0.3356    0.2150    0.1120    0.3170    0.1920    0.3732
 000033   Q  0.797068  0.352294  0.085301    0.2385    0.3494    0.1310    0.0860    0.3255    0.2334    0.3899
 000034   A  0.880534  0.336291  0.082613    0.1998    0.3774    0.1360    0.1060    0.3354    0.2649    0.4062
 000035   L  0.929888  0.307304  0.080101    0.2333    0.4582    0.1290    0.0970    0.3562    0.2843    0.4224
 000036   G  0.944292  0.288738  0.077775    0.2602    0.4186    0.0980    0.0870    0.3480    0.2908    0.4329
 000037   L  0.947323  0.287624  0.075905    0.2657    0.3087    0.0950    0.0480    0.3300    0.2908    0.4199
 000038   P  0.943367  0.299327  0.075706    0.2700    0.3087    0.0910    0.0300    0.3313    0.2896    0.4081
 000039   T  0.948232  0.288316  0.077217    0.1805    0.2988    0.1180    0.0360    0.3185    0.2931    0.3998
 000040   G  0.946939  0.272553  0.079556    0.1566    0.2849    0.1510    0.0450    0.3153    0.2914    0.3931
 000041   S  0.928190  0.271350  0.081880    0.1602    0.2164    0.1470    0.0380    0.3009    0.2866    0.3868
 000042   V  0.884545  0.261839  0.085724    0.1878    0.2364    0.1330    0.0300    0.2983    0.2688    0.3824
 000043   M  0.820192  0.249814  0.092004    0.2122    0.3286    0.1080    0.0280    0.3018    0.2456    0.3810
 000044   V  0.784784  0.261495  0.101751    0.1958    0.3321    0.0930    0.0310    0.2949    0.2346    0.3874
 000045   P  0.707663  0.284939  0.112383    0.2292    0.3704    0.0860    0.0360    0.2985    0.2071    0.3932
 000046   G  0.617192  0.287603  0.122564    0.3263    0.3667    0.0940    0.0470    0.3024    0.1731    0.3987
 000047   A  0.521254  0.285744  0.132033    0.3456    0.3667    0.0980    0.0490    0.2916    0.1439    0.4006
 000048   W  0.416723  0.284828  0.143137    0.3668    0.3774    0.1010    0.0480    0.2817    0.1201    0.4038
 000049   A  0.311470  0.299940  0.156535    0.3399    0.3460    0.1000    0.0430    0.2590    0.0952    0.4066
 000050   S  0.223223  0.316802  0.170869    0.2865    0.2609    0.1060    0.0400    0.2273    0.0715    0.4089
 000051   G  0.161365  0.359813  0.183000    0.2820    0.1969    0.1300    0.0440    0.2188    0.0784    0.4084
 000052   V  0.129629  0.384487  0.191320    0.2209    0.1349    0.1420    0.0380    0.2006    0.0886    0.4075
 000053   K  0.063652  0.393163  0.198821    0.2333    0.1942    0.1340    0.0350    0.2029    0.1011    0.4060
 000054   G  0.037124  0.400353  0.209309    0.2122    0.2258    0.1310    0.0300    0.2027    0.1098    0.4025
 000055   E  0.033474  0.394783  0.224145    0.2786    0.3087    0.1310    0.0370    0.2285    0.1184    0.3969
 000056   D  0.045145  0.370288  0.240704    0.2531    0.1731    0.1370    0.0330    0.2033    0.1017    0.3922
 000057   L  0.073982  0.346097  0.258929    0.2700    0.2002    0.1440    0.0370    0.2155    0.0888    0.3860
 000058   G  0.101649  0.306321  0.278660    0.2167    0.1969    0.1420    0.0370    0.2071    0.0713    0.3798
 000059   V  0.145771  0.263953  0.299876    0.3184    0.3321    0.1400    0.0380    0.2500    0.0786    0.3713
 000060   H  0.187132  0.242802  0.316899    0.3263    0.3494    0.1340    0.0420    0.2595    0.0786    0.3624
 000061   L  0.216249  0.230844  0.329654    0.3491    0.3149    0.1390    0.0430    0.2633    0.0743    0.3558
 000062   V  0.226139  0.227497  0.339047    0.3263    0.3053    0.1400    0.0470    0.2608    0.0698    0.3538
 000063   L  0.253840  0.289252  0.348237    0.3491    0.3983    0.1330    0.0510    0.2954    0.0859    0.3561
 000064   T  0.288264  0.326716  0.358730    0.3311    0.3215    0.1290    0.0500    0.2926    0.0758    0.3608
 000065   S  0.347906  0.363403  0.370035    0.3535    0.3321    0.1400    0.0470    0.3178    0.0804    0.3651
 000066   E  0.399488  0.382282  0.384270    0.2657    0.3321    0.1670    0.0690    0.3219    0.0824    0.3691
 000067   W  0.453265  0.415290  0.401443    0.2602    0.3215    0.2180    0.0910    0.3449    0.0855    0.3729
 000068   P  0.478629  0.455697  0.420606    0.3359    0.4186    0.2330    0.0930    0.3904    0.0832    0.3832
 000069   A  0.498206  0.475763  0.440117    0.3399    0.4149    0.2450    0.0930    0.4023    0.0864    0.3941
 000070   P  0.550375  0.496555  0.458510    0.4116    0.4051    0.2340    0.0840    0.4260    0.0992    0.4064
 000071   R  0.627724  0.524970  0.476306    0.4149    0.3910    0.2540    0.0920    0.4481    0.1163    0.4159
 000072   M  0.686177  0.540785  0.493462    0.4078    0.4864    0.2600    0.0940    0.4792    0.1290    0.4226
 000073   R  0.703149  0.568751  0.509205    0.4282    0.5807    0.2260    0.0810    0.5027    0.1487    0.4300
 000074   P  0.692571  0.591301  0.523896    0.5008    0.6531    0.2500    0.0980    0.5353    0.1439    0.4318
 000075   L  0.676199  0.618264  0.536392    0.5043    0.6427    0.3080    0.1000    0.5476    0.1225    0.4316
 000076   T  0.679054  0.640761  0.547525    0.4879    0.5254    0.3230    0.0990    0.5340    0.1149    0.4334
 000077   E  0.692681  0.660824  0.558084    0.4825    0.3948    0.3180    0.0890    0.5178    0.1348    0.4317
 000078   G  0.718340  0.675172  0.568605    0.4918    0.5382    0.3030    0.0790    0.5492    0.1346    0.4330
 000079   E  0.725865  0.665184  0.577250    0.4078    0.5211    0.2940    0.0860    0.5319    0.1469    0.4302
 000080   S  0.735110  0.658628  0.583265    0.4556    0.5533    0.3080    0.1060    0.5490    0.1382    0.4250
 000081   L  0.739988  0.657484  0.588668    0.4420    0.4330    0.3330    0.1220    0.5323    0.1413    0.4188
 000082   R  0.756975  0.656528  0.596024    0.4651    0.4619    0.2930    0.1040    0.5383    0.1507    0.4148
 000083   D  0.772052  0.652368  0.605209    0.4420    0.4725    0.3160    0.1130    0.5434    0.1500    0.4102
 000084   E  0.770041  0.655467  0.611765    0.4651    0.4051    0.2860    0.1060    0.5323    0.1629    0.4037
 000085   A  0.746868  0.651182  0.613370    0.4245    0.2645    0.2860    0.0900    0.4978    0.1841    0.3968
 000086   G  0.697849  0.618623  0.609894    0.4282    0.3321    0.2860    0.1020    0.4954    0.1552    0.3890
 000087   Y  0.640399  0.592516  0.604299    0.3359    0.3149    0.3200    0.1230    0.4680    0.1453    0.3840
 000088   F  0.603875  0.576177  0.596290    0.3146    0.2715    0.3170    0.1300    0.4465    0.1466    0.3801
 000089   P  0.580641  0.539895  0.585104    0.2913    0.2609    0.3230    0.1340    0.4301    0.1403    0.3815
 000090   E  0.564018  0.560965  0.571411    0.2558    0.2164    0.3380    0.1380    0.4177    0.1520    0.3834
 000091   S  0.560518  0.589684  0.560852    0.2385    0.2328    0.3540    0.1420    0.4228    0.1531    0.3838
 000092   L  0.559453  0.595337  0.555843    0.2865    0.3249    0.3450    0.1390    0.4445    0.1275    0.3849
 000093   E  0.580348  0.602257  0.556456    0.3184    0.2680    0.3310    0.1270    0.4428    0.1389    0.3889
 000094   A  0.608481  0.605206  0.558728    0.3146    0.2715    0.3420    0.1310    0.4502    0.1431    0.3926
 000095   L  0.670440  0.609063  0.558659    0.2385    0.2470    0.3890    0.1540    0.4522    0.1709    0.3986
 000096   W  0.734490  0.602412  0.554361    0.2700    0.2918    0.4010    0.1670    0.4758    0.1687    0.4109
 000097   R  0.777047  0.588397  0.545871    0.2531    0.2094    0.3980    0.1610    0.4619    0.1974    0.4262
 000098   K  0.803826  0.628856  0.534419    0.3399    0.2951    0.4280    0.1420    0.5049    0.1746    0.4307
 000099   A  0.829799  0.614170  0.521284    0.3184    0.3740    0.4720    0.1200    0.5216    0.1679    0.4212
 000100   R  0.858844  0.615760  0.506135    0.2865    0.3566    0.4920    0.1240    0.5193    0.1854    0.4130
 000101   A  0.881968  0.607287  0.493460    0.2558    0.2436    0.4860    0.1500    0.4946    0.2171    0.4086
 000102   E  0.900741  0.621749  0.482978    0.2657    0.2541    0.4700    0.1510    0.4991    0.2206    0.4004
 000103   E  0.917393  0.623368  0.473740    0.2432    0.3053    0.5280    0.1630    0.5151    0.2211    0.3911
 000104   V  0.917364  0.623080  0.461429    0.2531    0.2609    0.5140    0.1780    0.5049    0.2269    0.3836
 000105   E  0.910737  0.617382  0.445811    0.2483    0.2609    0.4450    0.1780    0.4881    0.2266    0.3746
 000106   R  0.901312  0.598826  0.429150    0.2913    0.3286    0.3800    0.1580    0.4882    0.2091    0.3663
 000107   E  0.888716  0.573394  0.412588    0.3456    0.3631    0.3090    0.1220    0.4820    0.2006    0.3645
 000108   L  0.875531  0.551846  0.395982    0.3535    0.2609    0.2560    0.1000    0.4490    0.2149    0.3688
 000109   K  0.845682  0.519423  0.379555    0.2865    0.2645    0.2080    0.0790    0.4173    0.2158    0.3683
 000110   A  0.757584  0.472737  0.363741    0.2209    0.3182    0.1980    0.0650    0.3885    0.1885    0.3694
 000111   Q  0.711056  0.435137  0.348263    0.2385    0.3392    0.1780    0.0510    0.3751    0.1712    0.3716
 000112   I  0.609804  0.405603  0.331754    0.3005    0.3667    0.1600    0.0430    0.3624    0.1347    0.3741
 000113   Q  0.513391  0.363985  0.314842    0.2913    0.2752    0.1490    0.0390    0.3180    0.1090    0.3858
 000114   A  0.423317  0.362859  0.299095    0.2963    0.2783    0.1610    0.0360    0.3034    0.0807    0.4016
 000115   A  0.333262  0.365059  0.285443    0.2786    0.3149    0.1640    0.0350    0.2902    0.0634    0.4190
 000116   A  0.247361  0.358269  0.272556    0.2786    0.2988    0.1540    0.0360    0.2682    0.0616    0.4322
 000117   K  0.160996  0.346636  0.260228    0.2483    0.3149    0.1530    0.0410    0.2473    0.0719    0.4144
 000118   L  0.087655  0.371186  0.249090    0.2385    0.3019    0.1840    0.0630    0.2387    0.0890    0.3952
 000119   F  0.072512  0.376675  0.239955    0.3225    0.3529    0.2150    0.0830    0.2632    0.1030    0.3815
 000120   S  0.015710  0.387302  0.233960    0.3263    0.2951    0.2050    0.0820    0.2438    0.1181    0.3694
 000121   P  0.011745  0.401360  0.229889    0.3184    0.2470    0.2070    0.0770    0.2359    0.1193    0.3603
 000122   T  0.011847  0.414597  0.227912    0.2292    0.2258    0.2180    0.0810    0.2211    0.1165    0.3516
 000123   H  0.012690  0.394731  0.225072    0.2209    0.3460    0.2160    0.0790    0.2359    0.1211    0.3499
 000124   L  0.032951  0.376514  0.222087    0.2080    0.3529    0.1960    0.0720    0.2314    0.1133    0.3578
 000125   D  0.055264  0.379630  0.218351    0.2602    0.3087    0.2000    0.0820    0.2370    0.1007    0.3682
 000126   A  0.104924  0.378474  0.215479    0.3005    0.3087    0.2100    0.0850    0.2529    0.0879    0.3820
 000127   H  0.136080  0.362696  0.215162    0.2292    0.3566    0.1970    0.0860    0.2494    0.0832    0.3925
 000128   Q  0.149123  0.362424  0.217554    0.1998    0.2951    0.1800    0.0860    0.2339    0.0728    0.4070
 000129   G  0.158134  0.359022  0.223804    0.2963    0.2817    0.1630    0.0800    0.2470    0.0726    0.4238
 000130   A  0.169570  0.340548  0.230162    0.3146    0.3149    0.1230    0.0490    0.2488    0.0812    0.4304
 000131   V  0.208456  0.310994  0.236271    0.2292    0.3053    0.1080    0.0370    0.2330    0.0679    0.4195
 000132   L  0.260251  0.292525  0.239939    0.1266    0.2064    0.1090    0.0350    0.2057    0.0676    0.4078
 000133   R  0.276295  0.275762  0.243959    0.1205    0.1731    0.1220    0.0580    0.2019    0.0666    0.3957
 000134   P  0.281717  0.260308  0.249538    0.0643    0.1914    0.1410    0.0630    0.1980    0.0761    0.3929
 000135   D  0.254439  0.250472  0.259891    0.0909    0.2364    0.1710    0.0700    0.2105    0.0613    0.3934
 000136   L  0.242311  0.235154  0.274326    0.0935    0.1424    0.2070    0.0910    0.1991    0.0622    0.3917
 000137   A  0.254084  0.219471  0.291502    0.0965    0.1554    0.2290    0.1080    0.2077    0.0644    0.3903
 000138   E  0.267547  0.211575  0.309971    0.0542    0.1048    0.2480    0.1200    0.1994    0.0908    0.3838
 000139   V  0.278750  0.218081  0.328138    0.0490    0.0646    0.2650    0.1220    0.2006    0.1067    0.3796
 000140   Y  0.289462  0.206317  0.346474    0.0279    0.0734    0.2700    0.1160    0.2022    0.1154    0.3751
 000141   L  0.298287  0.209584  0.364275    0.0194    0.0543    0.2820    0.1110    0.2046    0.1272    0.3674
 000142   R  0.335561  0.217411  0.384109    0.0395    0.0543    0.2920    0.0940    0.2204    0.1326    0.3577
 000143   L  0.381125  0.250707  0.404205    0.0395    0.1007    0.2980    0.0810    0.2457    0.1353    0.3499
 000144   A  0.437340  0.246440  0.425392    0.0231    0.1184    0.2960    0.0820    0.2577    0.1508    0.3410
 000145   E  0.493799  0.230854  0.446927    0.0218    0.1007    0.2990    0.0730    0.2654    0.1702    0.3296
 000146   A  0.542728  0.256917  0.470224    0.0218    0.0555    0.3190    0.0780    0.2777    0.1933    0.3179
 000147   Y  0.603278  0.262726  0.494443    0.0414    0.0985    0.3320    0.0690    0.3054    0.1998    0.3091
 000148   R  0.662986  0.301156  0.518373    0.0297    0.1184    0.3430    0.0650    0.3289    0.2169    0.3031
 000149   L  0.700987  0.305194  0.542071    0.0304    0.0662    0.3550    0.0760    0.3333    0.2391    0.3031
 000150   V  0.732966  0.373552  0.564233    0.0514    0.1028    0.3660    0.0780    0.3652    0.2388    0.3036
 000151   P  0.754638  0.390190  0.586037    0.0455    0.1184    0.3700    0.0840    0.3775    0.2461    0.3111
 000152   L  0.762387  0.378462  0.607666    0.0813    0.1969    0.3870    0.0960    0.4023    0.2302    0.3174
 000153   V  0.760095  0.435214  0.629450    0.0478    0.2292    0.4010    0.0910    0.4171    0.2363    0.3239
 000154   P  0.770263  0.462641  0.650560    0.1018    0.3286    0.4310    0.0910    0.4576    0.2156    0.3332
 000155   E  0.790391  0.503055  0.670176    0.1349    0.2399    0.4950    0.0940    0.4723    0.2272    0.3445
 000156   S  0.800805  0.551904  0.689619    0.1416    0.1554    0.5220    0.0940    0.4769    0.2495    0.3520
 000157   L  0.814102  0.582072  0.710504    0.0991    0.1969    0.5160    0.0990    0.4864    0.2587    0.3602
 000158   E  0.819678  0.590524  0.732293    0.0965    0.2988    0.5040    0.1090    0.5070    0.2474    0.3653
 000159   G  0.820251  0.604666  0.752785    0.1150    0.2328    0.5110    0.1150    0.5062    0.2572    0.3699
 000160   L  0.818003  0.602931  0.768636    0.1998    0.3215    0.4870    0.1220    0.5329    0.2234    0.3693
 000161   G  0.824343  0.610147  0.782771    0.1958    0.3774    0.4790    0.1320    0.5448    0.2211    0.3688
 000162   V  0.835941  0.646610  0.797012    0.1921    0.2752    0.4710    0.1250    0.5364    0.2452    0.3567
 000163   P  0.837539  0.676300  0.810333    0.2700    0.2715    0.4300    0.1300    0.5492    0.2369    0.3537
 000164   P  0.834609  0.679935  0.819874    0.2786    0.2470    0.4430    0.1460    0.5505    0.2407    0.3529
 000165   P  0.817090  0.668761  0.826046    0.1844    0.2399    0.4410    0.1370    0.5295    0.2585    0.3474
 000166   F  0.799204  0.661680  0.830491    0.1150    0.2364    0.4260    0.1360    0.5115    0.2730    0.3442
 000167   L  0.788441  0.671294  0.834133    0.1266    0.2609    0.3800    0.1470    0.5101    0.2692    0.3498
 000168   P  0.775102  0.663215  0.835198    0.2080    0.2193    0.3270    0.1410    0.5047    0.2609    0.3492
 000169   E  0.749636  0.607558  0.833560    0.2122    0.2258    0.3400    0.1560    0.4948    0.2478    0.3453
 000170   L  0.690955  0.607619  0.830754    0.1292    0.2328    0.3200    0.1440    0.4686    0.2559    0.3362
 000171   E  0.624644  0.639023  0.828594    0.2333    0.2436    0.2620    0.1170    0.4718    0.2352    0.3306
 000172   R  0.552749  0.631200  0.828611    0.2531    0.2224    0.2650    0.1260    0.4588    0.2277    0.3169
 000173   L  0.503874  0.592972  0.827505    0.2602    0.1759    0.2540    0.1280    0.4358    0.2288    0.3102
 000174   L  0.452922  0.565402  0.824284    0.2255    0.1007    0.2380    0.1570    0.4011    0.2437    0.2978
 000175   Y  0.393083  0.562519  0.817189    0.1292    0.0948    0.2820    0.2130    0.3798    0.2512    0.2862
 000176   E  0.318132  0.577184  0.806567    0.0677    0.0948    0.2720    0.2120    0.3561    0.2619    0.2816
 000177   T  0.250817  0.616632  0.792347    0.1456    0.1070    0.2910    0.2360    0.3672    0.2514    0.2717
 000178   P  0.193572  0.628722  0.775848    0.2385    0.1671    0.3010    0.2470    0.3842    0.2327    0.2532
 000179   F  0.181614  0.596728  0.758903    0.1495    0.0929    0.3010    0.2300    0.3467    0.2467    0.2430
 000180   P  0.201171  0.566399  0.742201    0.1349    0.0985    0.2390    0.1870    0.3304    0.2388    0.2455
 000181   Q  0.233925  0.544484  0.725437    0.1205    0.1731    0.2140    0.1610    0.3353    0.2211    0.2530
 000182   V  0.253854  0.487443  0.707475    0.1240    0.1702    0.1900    0.1140    0.3222    0.2083    0.2568
 000183   R  0.262034  0.461626  0.688092    0.1532    0.1942    0.1790    0.1000    0.3231    0.1925    0.2718
 000184   F  0.260004  0.469952  0.667695    0.2385    0.2609    0.1960    0.1030    0.3488    0.1671    0.2927
 000185   L  0.257758  0.438562  0.647248    0.3311    0.2575    0.1730    0.0950    0.3509    0.1554    0.3122
 000186   D  0.258491  0.436170  0.627156    0.4037    0.3529    0.1610    0.0880    0.3732    0.1461    0.3327
 000187   P  0.255706  0.428089  0.608251    0.2820    0.2193    0.1510    0.0850    0.3240    0.1522    0.3439
 000188   Y  0.244137  0.447648  0.590094    0.2748    0.1323    0.1990    0.1260    0.3146    0.1565    0.3589
 000189   G  0.209731  0.463740  0.572623    0.1602    0.0719    0.2490    0.1570    0.2879    0.1744    0.3806
 000190   L  0.163769  0.471030  0.555410    0.1732    0.1554    0.2720    0.1800    0.2984    0.1585    0.3987
 000191   P  0.113668  0.494218  0.540215    0.1018    0.0870    0.2440    0.1600    0.2635    0.1871    0.4104
 000192   P  0.107244  0.499063  0.525821    0.1018    0.0662    0.2390    0.1410    0.2565    0.1889    0.4283
 000193   E  0.138282  0.481502  0.510055    0.0965    0.0985    0.2420    0.1350    0.2612    0.1730    0.4157
 000194   E  0.172673  0.456126  0.493359    0.0832    0.0631    0.2050    0.1270    0.2456    0.1695    0.4061
 000195   R  0.221098  0.419716  0.476931    0.1322    0.1476    0.1420    0.0860    0.2566    0.1396    0.4042
 000196   L  0.242763  0.360338  0.461229    0.1266    0.2399    0.0940    0.0520    0.2541    0.1268    0.3969
 000197   G  0.239160  0.342154  0.444518    0.1240    0.2292    0.0680    0.0360    0.2412    0.1261    0.3956
 000198   F  0.232426  0.322706  0.425645    0.1240    0.1373    0.0600    0.0320    0.2170    0.1256    0.3909
 000199   Y  0.230122  0.250508  0.406827    0.1921    0.1349    0.0560    0.0290    0.2118    0.1083    0.3818
 000200   L  0.217724  0.243416  0.388993    0.1292    0.0749    0.0480    0.0220    0.1837    0.1156    0.3744
 000201   D  0.189982  0.241549  0.372767    0.1532    0.0765    0.0580    0.0290    0.1820    0.1059    0.3710
 000202   L  0.140290  0.236184  0.355822    0.0832    0.0414    0.1050    0.0660    0.1603    0.1061    0.3708
 000203   A  0.099040  0.229260  0.337203    0.0455    0.0341    0.1670    0.1090    0.1520    0.1069    0.3817
 000204   H  0.035714  0.225376  0.318723    0.0268    0.0300    0.2130    0.1380    0.1417    0.1157    0.3990
 000205   L  0.005206  0.241604  0.303716    0.0194    0.0263    0.2410    0.1470    0.1396    0.1245    0.4119
 000206   P  0.004235  0.255772  0.293126    0.0173    0.0240    0.2170    0.1160    0.1352    0.1222    0.4286
 000207   P  0.032641  0.255379  0.287614    0.0350    0.0235    0.2090    0.0980    0.1406    0.1126    0.4238
 000208   G  0.071430  0.268496  0.285277    0.0297    0.0258    0.1950    0.0780    0.1460    0.1083    0.4174
 000209   L  0.147191  0.260957  0.285561    0.0316    0.0592    0.1620    0.0650    0.1578    0.0938    0.4080
 000210   Y  0.233006  0.257355  0.287073    0.0587    0.1162    0.1320    0.0480    0.1807    0.0830    0.3919
 000211   Y  0.333648  0.233536  0.287871    0.0991    0.1942    0.1160    0.0380    0.2107    0.0849    0.3740
 000212   L  0.434290  0.239241  0.287862    0.1018    0.1852    0.1230    0.0440    0.2286    0.1118    0.3603
 000213   V  0.534932  0.257439  0.285880    0.1732    0.2503    0.1510    0.0580    0.2754    0.1254    0.3445
 000214   H  0.597785  0.256238  0.284737    0.2041    0.2503    0.1590    0.0530    0.2920    0.1426    0.3302
 000215   H  0.597549  0.300149  0.283847    0.2041    0.1759    0.2280    0.0630    0.2982    0.1406    0.3215
 000216   S  0.581806  0.339578  0.284269    0.2700    0.2752    0.2880    0.0650    0.3398    0.1106    0.3177
 000217   A  0.570239  0.380591  0.285828    0.1732    0.2680    0.3360    0.0810    0.3357    0.1228    0.3155
 000218   L  0.519334  0.448254  0.288054    0.1698    0.1251    0.3780    0.0810    0.3215    0.1421    0.3108
 000219   P  0.491847  0.497699  0.290109    0.1766    0.1373    0.3250    0.0850    0.3198    0.1390    0.2931
 000220   T  0.455291  0.509917  0.288871    0.1322    0.2193    0.2970    0.0810    0.3171    0.1299    0.2813
 000221   P  0.415163  0.525157  0.285002    0.2122    0.3019    0.2480    0.0890    0.3312    0.1071    0.2709
 000222   E  0.373716  0.536413  0.277652    0.2963    0.4149    0.2320    0.0970    0.3551    0.1012    0.2608
 000223   G  0.334949  0.509473  0.270184    0.3535    0.4652    0.2380    0.0930    0.3620    0.0974    0.2505
 000224   R  0.357049  0.494431  0.264159    0.4333    0.5665    0.2420    0.0970    0.3928    0.1175    0.2416
 000225   A  0.367363  0.486651  0.260261    0.4282    0.4685    0.2520    0.1180    0.3772    0.0934    0.2406
 000226   L  0.361989  0.490846  0.256609    0.4556    0.3494    0.2100    0.0850    0.3541    0.0994    0.2327
 000227   P  0.356268  0.467169  0.251816    0.3717    0.3249    0.1810    0.0650    0.3255    0.0908    0.2163
 000228   D  0.317155  0.438790  0.246076    0.3146    0.2715    0.1810    0.0550    0.2949    0.0790    0.2043
 000229   W  0.272290  0.406726  0.241330    0.3885    0.3494    0.1640    0.0480    0.3037    0.0859    0.1918
 000230   P  0.228772  0.373253  0.237936    0.2913    0.3182    0.1360    0.0370    0.2643    0.0751    0.1936
 000231   T  0.186574  0.349797  0.236367    0.2865    0.3249    0.1190    0.0310    0.2506    0.0798    0.1949
 000232   R  0.179958  0.347309  0.235531    0.2483    0.3215    0.1060    0.0350    0.2397    0.0815    0.1938
 000233   E  0.173834  0.347180  0.234891    0.2558    0.2328    0.0950    0.0380    0.2232    0.0770    0.1981
 000234   A  0.164853  0.331723  0.234548    0.2657    0.2164    0.0850    0.0310    0.2164    0.0774    0.2006
 000235   D  0.158275  0.331929  0.233696    0.2041    0.2164    0.0770    0.0280    0.2035    0.0771    0.2027
 000236   Y  0.184924  0.327141  0.232471    0.2080    0.1791    0.0720    0.0270    0.2006    0.0756    0.1975
 000237   F  0.185773  0.311972  0.229715    0.2657    0.1823    0.0710    0.0250    0.2077    0.0759    0.1992
 000238   A  0.184467  0.301023  0.224937    0.1805    0.1424    0.0700    0.0270    0.1840    0.0707    0.2090
 000239   L  0.200474  0.298017  0.218653    0.1088    0.1449    0.0730    0.0280    0.1740    0.0746    0.2168
 000240   S  0.198291  0.301248  0.211332    0.1878    0.1583    0.0780    0.0320    0.1891    0.0665    0.2265
 000241   H  0.195464  0.311072  0.204087    0.1766    0.1349    0.0870    0.0420    0.1849    0.0690    0.2280
 000242   P  0.180360  0.303167  0.198570    0.1018    0.1373    0.0960    0.0420    0.1695    0.0706    0.2298
 000243   E  0.172480  0.312620  0.196023    0.0991    0.0929    0.1000    0.0400    0.1622    0.0781    0.2347
 000244   V  0.165622  0.330027  0.197300    0.1041    0.0909    0.0880    0.0320    0.1627    0.0850    0.2363
 000245   R  0.127634  0.336669  0.199055    0.0677    0.0463    0.0750    0.0250    0.1420    0.1004    0.2411
 000246   R  0.128757  0.331828  0.200201    0.0677    0.0389    0.0740    0.0250    0.1403    0.1002    0.2517
 000247   V  0.128961  0.318567  0.198679    0.0526    0.0592    0.0860    0.0280    0.1406    0.0936    0.2652
 000248   L  0.114672  0.290141  0.193666    0.0789    0.0817    0.1140    0.0410    0.1454    0.0750    0.2768
 000249   A  0.124689  0.258005  0.185856    0.0701    0.0929    0.1110    0.0410    0.1404    0.0635    0.2837
 000250   E  0.126021  0.216177  0.176659    0.0643    0.1611    0.0920    0.0270    0.1394    0.0514    0.2841
 000251   F  0.134216  0.191219  0.169879    0.0587    0.1424    0.0960    0.0280    0.1321    0.0442    0.2834
 000252   H  0.138044  0.169102  0.164858    0.0677    0.0967    0.1060    0.0230    0.1238    0.0368    0.2883
 000253   P  0.163237  0.154656  0.161626    0.0502    0.0398    0.1010    0.0380    0.1118    0.0517    0.2943
 000254   L  0.220182  0.159729  0.158282    0.0274    0.0341    0.0930    0.0420    0.1155    0.0703    0.3027
 000255   T  0.227915  0.144719  0.155083    0.0226    0.0414    0.2530    0.1190    0.1408    0.0858    0.3078
 000256   W  0.234032  0.147205  0.150973    0.0350    0.0341    0.3620    0.0640    0.1606    0.1142    0.3092
 000257   R  0.258349  0.184733  0.147028    0.0526    0.0275    0.3810    0.1190    0.1753    0.1205    0.3127
 000258   A  0.317337  0.219900  0.144105    0.1060    0.0341    0.4920    0.0960    0.2189    0.1510    0.3261
 000259   V  0.348534  0.278857  0.143605    0.2041    0.0463    0.4860    0.1150    0.2513    0.1421    0.3329
 000260   R  0.379782  0.345993  0.144665    0.2700    0.0424    0.4760    0.0820    0.2765    0.1459    0.3339
 000261   E  0.387291  0.435437  0.146063    0.3096    0.0248    0.6060    0.1210    0.3182    0.1902    0.3461
 000262   A  0.754382  0.527280  0.147346    0.4513    0.0543    0.6730    0.0900    0.4345    0.2565    0.3628
 000263   L  0.425519  0.601666  0.149048    0.5084    0.0398    0.7070    0.0920    0.4052    0.2380    0.3736
 000264   F  0.381669  0.674716  0.149806    0.5296    0.0205    0.7750    0.0760    0.4220    0.2700    0.3805
