#RESNUM RES     VL-XT     VSL2B       VL3  IUPred-S  IUPred-L  PONDRFIT  FITERROR       MDP  MDPERROR   ANCHOR2
 000001   M  0.989412  0.740544  0.491892    0.8857    0.3631    0.9860    0.0080    0.6609    0.2543    0.4185
 000002   E  0.775547  0.698487  0.478718    0.8626    0.4087    0.9800    0.0090    0.6209    0.2171    0.4184
 000003   K  0.768940  0.738961  0.465308    0.8311    0.3019    0.9610    0.0270    0.6003    0.2374    0.4178
 000004   E  0.453784  0.720631  0.455661    0.7912    0.3356    0.9500    0.0240    0.5419    0.2304    0.4164
 000005   R  0.466434  0.634030  0.444891    0.6789    0.3774    0.9340    0.0450    0.5151    0.2011    0.4169
 000006   H  0.370307  0.554000  0.434347    0.6412    0.4017    0.8340    0.0690    0.4669    0.1769    0.4152
 000007   I  0.325345  0.464593  0.423895    0.6124    0.4441    0.7210    0.0980    0.4280    0.1485    0.4188
 000008   R  0.280554  0.378797  0.412969    0.5711    0.4725    0.6650    0.1080    0.3946    0.1436    0.4195
 000009   I  0.270779  0.338810  0.401271    0.5412    0.4901    0.6890    0.1310    0.3883    0.1531    0.4168
 000010   F  0.281168  0.321043  0.389582    0.5084    0.5456    0.5870    0.1650    0.3738    0.1320    0.4126
 000011   D  0.257980  0.330227  0.380541    0.4703    0.5577    0.6850    0.0850    0.3835    0.1566    0.4132
 000012   T  0.246433  0.336077  0.372984    0.5331    0.5139    0.6610    0.0870    0.3817    0.1520    0.4166
 000013   T  0.238506  0.388162  0.365353    0.5296    0.4685    0.6540    0.0860    0.3797    0.1447    0.4179
 000014   L  0.241852  0.416965  0.359393    0.4556    0.3910    0.6380    0.0640    0.3573    0.1333    0.4193
 000015   R  0.259477  0.471252  0.354579    0.4078    0.3740    0.6320    0.0890    0.3574    0.1295    0.4219
 000016   D  0.270253  0.523157  0.350059    0.3225    0.2951    0.6350    0.1330    0.3410    0.1456    0.4202
 000017   G  0.306821  0.573775  0.330835    0.3225    0.2951    0.6510    0.1500    0.3583    0.1533    0.4236
 000018   E  0.355422  0.580443  0.311596    0.3053    0.3872    0.6050    0.1820    0.3723    0.1331    0.4236
 000019   Q  0.406999  0.608249  0.300500    0.3263    0.3840    0.5340    0.2090    0.3766    0.1209    0.4275
 000020   S  0.477808  0.590642  0.294599    0.4037    0.3840    0.4210    0.1410    0.3796    0.1031    0.4335
 000021   P  0.549858  0.574584  0.297794    0.4651    0.5017    0.2930    0.1280    0.3974    0.1231    0.4254
 000022   G  0.622081  0.512899  0.294341    0.3630    0.4017    0.2460    0.1040    0.3577    0.1368    0.4179
 000023   V  0.680498  0.475943  0.297511    0.3806    0.3704    0.2250    0.0860    0.3554    0.1535    0.4116
 000024   A  0.724041  0.428365  0.296046    0.2865    0.3704    0.2070    0.0720    0.3360    0.1737    0.4090
 000025   L  0.716090  0.382553  0.291375    0.3359    0.4292    0.2050    0.0850    0.3448    0.1677    0.4046
 000026   S  0.663971  0.357289  0.281726    0.3491    0.3494    0.2150    0.0900    0.3224    0.1487    0.3988
 000027   L  0.592000  0.350993  0.273008    0.3053    0.3117    0.2440    0.1040    0.3006    0.1235    0.3907
 000028   D  0.511694  0.334009  0.261759    0.2167    0.3215    0.2360    0.0760    0.2699    0.1075    0.3838
 000029   Q  0.441108  0.335025  0.255636    0.1766    0.2258    0.2190    0.0610    0.2329    0.0981    0.3747
 000030   K  0.364633  0.341766  0.251423    0.1805    0.2292    0.1850    0.0550    0.2168    0.0829    0.3688
 000031   L  0.282182  0.328257  0.247335    0.1088    0.1702    0.1730    0.0490    0.1771    0.0852    0.3641
 000032   E  0.260548  0.304399  0.243783    0.0832    0.1501    0.1730    0.0380    0.1618    0.0849    0.3582
 000033   I  0.234427  0.286903  0.241488    0.0478    0.0948    0.2070    0.0510    0.1451    0.0941    0.3536
 000034   A  0.251566  0.258237  0.239641    0.0884    0.0851    0.2310    0.0780    0.1524    0.0851    0.3498
 000035   Q  0.254772  0.211921  0.236290    0.0567    0.1070    0.2700    0.0900    0.1501    0.0887    0.3428
 000036   A  0.276280  0.176833  0.234852    0.0567    0.1424    0.2830    0.1060    0.1558    0.0888    0.3389
 000037   L  0.319811  0.159145  0.234084    0.0621    0.1424    0.2700    0.1080    0.1589    0.0945    0.3353
 000038   A  0.368670  0.145713  0.232926    0.0884    0.1251    0.2450    0.1030    0.1622    0.1013    0.3315
 000039   Q  0.368642  0.140560  0.232476    0.0813    0.1424    0.2390    0.0870    0.1620    0.1008    0.3303
 000040   L  0.395821  0.149116  0.233391    0.0425    0.0929    0.2140    0.0640    0.1491    0.1202    0.3338
 000041   N  0.376694  0.148165  0.234782    0.0554    0.0967    0.1950    0.0530    0.1453    0.1114    0.3351
 000042   V  0.408235  0.138592  0.233799    0.0567    0.1501    0.2060    0.0580    0.1600    0.1158    0.3367
 000043   D  0.409156  0.142509  0.232183    0.0514    0.1643    0.2160    0.0690    0.1639    0.1159    0.3426
 000044   I  0.470474  0.145255  0.230912    0.0909    0.2064    0.2160    0.0710    0.1881    0.1251    0.3511
 000045   I  0.521311  0.155367  0.228495    0.1349    0.2436    0.2090    0.0700    0.2106    0.1334    0.3664
 000046   E  0.558615  0.169185  0.225353    0.1018    0.1424    0.1980    0.0620    0.1950    0.1556    0.3846
 000047   A  0.574181  0.191594  0.222470    0.1322    0.1759    0.2030    0.0620    0.2128    0.1523    0.4060
 000048   G  0.616263  0.208709  0.219384    0.1178    0.2224    0.2080    0.0670    0.2288    0.1650    0.4300
 000049   F  0.634932  0.225177  0.216415    0.1566    0.1852    0.2190    0.0740    0.2368    0.1676    0.4110
 000050   P  0.659951  0.260838  0.210363    0.1205    0.1702    0.2330    0.0680    0.2407    0.1810    0.3947
 000051   V  0.645151  0.305827  0.204394    0.1240    0.2399    0.3260    0.0840    0.2735    0.1684    0.3865
 000052   S  0.670646  0.345694  0.192490    0.1205    0.1501    0.3360    0.1040    0.2705    0.1885    0.3739
 000053   G  0.648049  0.389450  0.184511    0.1766    0.1852    0.3600    0.0970    0.2932    0.1716    0.3681
 000054   P  0.636451  0.394156  0.173184    0.0965    0.1823    0.3740    0.1210    0.2805    0.1841    0.3640
 000055   M  0.627480  0.386576  0.165246    0.1322    0.2752    0.3870    0.1250    0.3013    0.1677    0.3655
 000056   E  0.638473  0.358545  0.158972    0.2080    0.2884    0.3330    0.1060    0.3044    0.1560    0.3794
 000057   F  0.671461  0.345199  0.157211    0.2080    0.2715    0.2800    0.0930    0.2960    0.1689    0.3980
 000058   E  0.705678  0.299026  0.157261    0.1732    0.2988    0.2000    0.0750    0.2795    0.1893    0.4291
 000059   A  0.731426  0.282525  0.157398    0.1667    0.3249    0.1510    0.0350    0.2762    0.2047    0.4045
 000060   V  0.752429  0.265948  0.158319    0.2558    0.3460    0.1240    0.0270    0.2907    0.2096    0.3721
 000061   R  0.746251  0.250957  0.160890    0.2531    0.2292    0.1000    0.0190    0.2633    0.2128    0.3484
 000062   R  0.760414  0.221323  0.163006    0.2657    0.2680    0.1150    0.0250    0.2717    0.2152    0.3281
 000063   I  0.718629  0.225090  0.167174    0.1921    0.2399    0.1050    0.0240    0.2468    0.2052    0.3074
 000064   A  0.714442  0.234012  0.171194    0.1698    0.1671    0.0880    0.0160    0.2289    0.2107    0.2948
 000065   T  0.643212  0.241237  0.174607    0.1266    0.1229    0.0880    0.0210    0.2037    0.1921    0.2837
 000066   E  0.574495  0.246629  0.177097    0.1060    0.1424    0.0910    0.0260    0.1934    0.1679    0.2750
 000067   V  0.502960  0.252883  0.177386    0.0813    0.1399    0.0880    0.0270    0.1775    0.1474    0.2703
 000068   K  0.441400  0.245758  0.176467    0.1416    0.2364    0.0830    0.0260    0.1913    0.1169    0.2694
 000069   G  0.365982  0.235602  0.177209    0.1292    0.2292    0.0830    0.0290    0.1739    0.0948    0.2790
 000070   P  0.324382  0.222990  0.179095    0.1698    0.1823    0.0780    0.0250    0.1629    0.0792    0.2897
 000071   I  0.284732  0.208110  0.182752    0.2432    0.2575    0.0820    0.0260    0.1793    0.0726    0.3003
 000072   I  0.290378  0.197263  0.185629    0.1698    0.1823    0.0820    0.0240    0.1536    0.0681    0.3113
 000073   A  0.221429  0.202449  0.190768    0.1766    0.1969    0.0950    0.0250    0.1487    0.0516    0.3253
 000074   A  0.207643  0.197067  0.193592    0.1766    0.2884    0.1200    0.0410    0.1649    0.0593    0.3399
 000075   L  0.195459  0.205982  0.197384    0.2041    0.2884    0.1320    0.0470    0.1709    0.0562    0.3521
 000076   A  0.181926  0.222835  0.200272    0.2122    0.2541    0.1380    0.0480    0.1682    0.0490    0.3637
 000077   R  0.178189  0.215263  0.203459    0.1732    0.2328    0.1570    0.0570    0.1593    0.0429    0.3766
 000078   T  0.191864  0.239873  0.206255    0.2122    0.2715    0.1630    0.0660    0.1798    0.0486    0.3894
 000079   H  0.186653  0.260129  0.210406    0.2209    0.2002    0.1660    0.0690    0.1724    0.0457    0.4001
 000080   T  0.221355  0.298203  0.216336    0.1878    0.2129    0.1730    0.0670    0.1822    0.0536    0.4028
 000081   L  0.255616  0.325400  0.223117    0.1018    0.1791    0.1820    0.0620    0.1739    0.0789    0.4040
 000082   D  0.339024  0.363145  0.230840    0.1602    0.2328    0.1660    0.0540    0.2103    0.0869    0.4049
 000083   I  0.440671  0.394510  0.238244    0.2255    0.3286    0.1560    0.0530    0.2575    0.1073    0.4031
 000084   D  0.517026  0.411887  0.246577    0.2209    0.3494    0.1490    0.0420    0.2747    0.1307    0.4000
 000085   Q  0.591658  0.423858  0.252256    0.2558    0.4087    0.1700    0.0440    0.3083    0.1465    0.3958
 000086   A  0.650746  0.446119  0.256969    0.3263    0.4864    0.2200    0.0670    0.3550    0.1537    0.3926
 000087   A  0.681670  0.467771  0.265482    0.3885    0.4292    0.2330    0.0900    0.3667    0.1537    0.3874
 000088   K  0.711499  0.464424  0.272419    0.3939    0.4409    0.2350    0.0800    0.3743    0.1615    0.3806
 000089   A  0.672565  0.494412  0.282987    0.3096    0.3704    0.2480    0.0840    0.3492    0.1540    0.3784
 000090   L  0.642506  0.548764  0.292668    0.3096    0.2645    0.2450    0.0960    0.3351    0.1611    0.3757
 000091   E  0.566867  0.564061  0.303126    0.2483    0.2645    0.1900    0.0460    0.3056    0.1599    0.3764
 000092   K  0.467844  0.562709  0.312826    0.2483    0.3460    0.1550    0.0370    0.2967    0.1444    0.3792
 000093   A  0.391378  0.570405  0.320500    0.2483    0.3053    0.1350    0.0280    0.2750    0.1439    0.3833
 000094   E  0.319289  0.527676  0.326481    0.3399    0.3872    0.1190    0.0310    0.2822    0.1320    0.3879
 000095   K  0.243644  0.483227  0.330584    0.3146    0.3704    0.1100    0.0330    0.2537    0.1269    0.3945
 000096   P  0.193297  0.452743  0.336761    0.3096    0.2988    0.0940    0.0230    0.2247    0.1261    0.4014
 000097   R  0.130069  0.425717  0.345057    0.3359    0.3321    0.0950    0.0210    0.2198    0.1340    0.4057
 000098   I  0.093191  0.382099  0.355053    0.3005    0.2817    0.0950    0.0210    0.1921    0.1301    0.4161
 000099   H  0.047818  0.359360  0.363924    0.3146    0.2988    0.0980    0.0200    0.1864    0.1400    0.4293
 000100   V  0.037583  0.350670  0.370058    0.2748    0.2470    0.1210    0.0260    0.1718    0.1343    0.4334
 000101   F  0.036827  0.344737  0.372427    0.3717    0.2918    0.1230    0.0300    0.1946    0.1444    0.4283
 000102   T  0.030004  0.353513  0.372712    0.2865    0.2002    0.1340    0.0360    0.1674    0.1366    0.4242
 000103   S  0.025739  0.373085  0.370764    0.2531    0.2002    0.1490    0.0390    0.1669    0.1372    0.4194
 000104   A  0.024572  0.374868  0.372856    0.2080    0.2224    0.1480    0.0370    0.1630    0.1377    0.4180
 000105   S  0.048766  0.363254  0.373550    0.1921    0.2129    0.1540    0.0450    0.1619    0.1302    0.4177
 000106   K  0.080675  0.354477  0.375221    0.1878    0.2364    0.1670    0.0630    0.1710    0.1212    0.4204
 000107   V  0.110624  0.355421  0.381173    0.1602    0.2193    0.1730    0.0750    0.1698    0.1192    0.4233
 000108   H  0.170359  0.339561  0.388227    0.1602    0.2436    0.1740    0.0790    0.1814    0.1098    0.4270
 000109   L  0.228977  0.329290  0.395409    0.2333    0.2609    0.1730    0.0740    0.2043    0.0981    0.4268
 000110   Q  0.278114  0.333039  0.400975    0.2209    0.1759    0.1770    0.0700    0.1975    0.1062    0.4095
 000111   Y  0.328976  0.345198  0.404218    0.2209    0.2503    0.1920    0.0720    0.2229    0.1007    0.3975
 000112   M  0.406421  0.358466  0.406907    0.2209    0.3117    0.1910    0.0610    0.2482    0.1083    0.3841
 000113   L  0.485828  0.392284  0.408636    0.2292    0.2783    0.1900    0.0520    0.2627    0.1255    0.3695
 000114   R  0.539628  0.433312  0.414472    0.1844    0.2849    0.2010    0.0530    0.2739    0.1467    0.3518
 000115   K  0.594358  0.459060  0.414903    0.1805    0.3117    0.2240    0.0660    0.2949    0.1578    0.3380
 000116   T  0.644759  0.490334  0.419845    0.1844    0.2752    0.2210    0.0830    0.3026    0.1767    0.3237
 000117   E  0.664634  0.515284  0.424913    0.1732    0.2164    0.2400    0.1030    0.3016    0.1916    0.3116
 000118   E  0.691382  0.515593  0.424961    0.1998    0.2783    0.2350    0.0900    0.3201    0.1873    0.3016
 000119   E  0.720969  0.519222  0.428190    0.1349    0.1914    0.2230    0.0980    0.2983    0.2191    0.2928
 000120   V  0.752586  0.529528  0.428075    0.1766    0.2364    0.1930    0.0790    0.3147    0.2201    0.2909
 000121   L  0.756429  0.494464  0.424763    0.1088    0.2258    0.1580    0.0560    0.2905    0.2351    0.2935
 000122   E  0.729418  0.464014  0.419328    0.1416    0.3019    0.1270    0.0290    0.2940    0.2181    0.2911
 000123   M  0.692102  0.438103  0.413127    0.1495    0.2503    0.1220    0.0230    0.2754    0.2078    0.2891
 000124   A  0.625699  0.411834  0.404390    0.1921    0.2680    0.1180    0.0220    0.2692    0.1801    0.2879
 000125   D  0.566365  0.371602  0.393641    0.1322    0.2817    0.1160    0.0220    0.2447    0.1695    0.2875
 000126   R  0.498735  0.331605  0.383496    0.0935    0.2988    0.1110    0.0210    0.2223    0.1576    0.2855
 000127   M  0.425350  0.306662  0.375156    0.0965    0.2258    0.1060    0.0200    0.1934    0.1401    0.2865
 000128   V  0.354072  0.287885  0.363703    0.1018    0.2292    0.1030    0.0160    0.1793    0.1230    0.2836
 000129   R  0.288726  0.282238  0.351579    0.0643    0.1323    0.1060    0.0150    0.1456    0.1224    0.2796
 000130   Y  0.222873  0.290392  0.341659    0.0660    0.1229    0.1230    0.0190    0.1375    0.1139    0.2812
 000131   A  0.182270  0.278387  0.332559    0.0526    0.1476    0.1210    0.0240    0.1302    0.1096    0.2823
 000132   R  0.153314  0.283081  0.325738    0.0909    0.2292    0.1070    0.0220    0.1439    0.1033    0.2810
 000133   R  0.149030  0.283263  0.319089    0.0677    0.2193    0.0990    0.0210    0.1364    0.1065    0.2867
 000134   Y  0.144646  0.287020  0.314842    0.0935    0.2002    0.0970    0.0220    0.1371    0.1013    0.2964
 000135   V  0.148727  0.299859  0.306002    0.1178    0.1942    0.0950    0.0210    0.1425    0.0975    0.3049
 000136   D  0.142756  0.319193  0.301466    0.0701    0.1823    0.1020    0.0220    0.1361    0.1069    0.3129
 000137   D  0.140672  0.342222  0.295609    0.0567    0.1611    0.1060    0.0250    0.1345    0.1131    0.3193
 000138   V  0.134635  0.358123  0.287564    0.0643    0.2002    0.1170    0.0310    0.1458    0.1123    0.3243
 000139   E  0.124186  0.354347  0.279689    0.0789    0.1823    0.1130    0.0300    0.1422    0.1085    0.3306
 000140   F  0.109047  0.359949  0.271748    0.0935    0.1969    0.1240    0.0370    0.1473    0.1065    0.3369
 000141   S  0.106954  0.353417  0.263475    0.0858    0.1881    0.1040    0.0340    0.1396    0.1070    0.3343
 000142   A  0.103896  0.333373  0.254511    0.1088    0.1583    0.0930    0.0320    0.1329    0.0988    0.3358
 000143   Q  0.090707  0.303307  0.244608    0.0677    0.1554    0.0870    0.0310    0.1174    0.0968    0.3385
 000144   D  0.078996  0.274604  0.235232    0.0526    0.1528    0.0780    0.0310    0.1062    0.0927    0.3379
 000145   V  0.075631  0.234796  0.221712    0.0789    0.1583    0.0810    0.0380    0.1047    0.0770    0.3296
 000146   M  0.066669  0.216328  0.213221    0.1088    0.1449    0.0690    0.0290    0.1009    0.0709    0.3255
 000147   R  0.064499  0.188529  0.202334    0.0677    0.1476    0.0660    0.0300    0.0890    0.0680    0.3261
 000148   A  0.071760  0.171751  0.192440    0.0405    0.0985    0.0560    0.0240    0.0730    0.0658    0.3313
 000149   D  0.084670  0.164854  0.183264    0.0723    0.1206    0.0520    0.0230    0.0824    0.0569    0.3381
 000150   W  0.083603  0.148898  0.170490    0.0464    0.0676    0.0510    0.0210    0.0663    0.0557    0.3453
 000151   E  0.089695  0.126690  0.158402    0.0723    0.1298    0.0480    0.0200    0.0777    0.0460    0.3521
 000152   F  0.109376  0.115340  0.148559    0.0441    0.1092    0.0530    0.0210    0.0719    0.0441    0.3605
 000153   V  0.127226  0.107172  0.139267    0.0607    0.1251    0.0600    0.0220    0.0800    0.0393    0.3596
 000154   K  0.132860  0.093097  0.130252    0.0478    0.1007    0.0800    0.0280    0.0757    0.0364    0.3563
 000155   R  0.138690  0.086623  0.124199    0.0464    0.0985    0.1040    0.0340    0.0790    0.0359    0.3586
 000156   L  0.133947  0.092302  0.121378    0.0587    0.1424    0.1170    0.0400    0.0907    0.0346    0.3690
 000157   Y  0.186421  0.096450  0.120380    0.0813    0.1115    0.1240    0.0430    0.0999    0.0387    0.3739
 000158   E  0.218100  0.113380  0.116854    0.0909    0.1206    0.1320    0.0440    0.1124    0.0449    0.3712
 000159   V  0.274960  0.133044  0.115307    0.0677    0.0888    0.1610    0.0560    0.1210    0.0700    0.3650
 000160   A  0.329450  0.158835  0.115316    0.0643    0.0985    0.1770    0.0540    0.1379    0.0876    0.3593
 000161   I  0.385310  0.156834  0.114635    0.0701    0.1643    0.1780    0.0520    0.1590    0.1012    0.3548
 000162   E  0.398780  0.173169  0.117569    0.0789    0.1554    0.1490    0.0570    0.1593    0.1048    0.3505
 000163   A  0.439337  0.191265  0.123041    0.1416    0.2503    0.1430    0.0620    0.1943    0.1108    0.3474
 000164   G  0.515391  0.203673  0.126130    0.1958    0.3087    0.1550    0.0720    0.2297    0.1330    0.3488
 000165   A  0.613324  0.214744  0.130103    0.2167    0.2364    0.1640    0.0700    0.2409    0.1623    0.3522
 000166   T  0.653847  0.243628  0.132190    0.2333    0.2364    0.1550    0.0690    0.2537    0.1758    0.3552
 000167   T  0.705819  0.270503  0.135253    0.2292    0.3215    0.1620    0.0740    0.2816    0.1915    0.3547
 000168   I  0.718531  0.295241  0.137471    0.3096    0.4292    0.1940    0.0730    0.3245    0.1912    0.3564
 000169   N  0.750280  0.340030  0.138716    0.2865    0.4220    0.1770    0.0660    0.3293    0.2030    0.3615
 000170   I  0.777299  0.387578  0.138595    0.3806    0.4979    0.2090    0.0570    0.3754    0.2083    0.3679
 000171   P  0.839255  0.425127  0.139707    0.4149    0.4441    0.1810    0.0550    0.3840    0.2290    0.3723
 000172   D  0.874213  0.449132  0.140625    0.5084    0.5296    0.2400    0.0650    0.4335    0.2354    0.3774
 000173   T  0.872927  0.451922  0.142756    0.4149    0.4801    0.2360    0.0630    0.4094    0.2319    0.3821
 000174   T  0.832013  0.467598  0.145582    0.4556    0.4330    0.2420    0.0700    0.4050    0.2174    0.3875
 000175   G  0.787410  0.474236  0.148548    0.4282    0.3566    0.2550    0.0680    0.3836    0.2024    0.3964
 000176   Y  0.727527  0.481842  0.154156    0.3992    0.3840    0.2450    0.0710    0.3729    0.1838    0.4065
 000177   G  0.671853  0.470290  0.156428    0.3359    0.3740    0.2100    0.0630    0.3438    0.1720    0.4103
 000178   T  0.600159  0.482188  0.159082    0.3359    0.2884    0.2080    0.0720    0.3192    0.1553    0.4133
 000179   P  0.535930  0.477517  0.160729    0.4149    0.3667    0.2060    0.0560    0.3335    0.1388    0.4184
 000180   Q  0.476181  0.432917  0.162781    0.3456    0.3631    0.1930    0.0500    0.3018    0.1187    0.4206
 000181   E  0.416225  0.363588  0.164550    0.4333    0.4582    0.1560    0.0500    0.3046    0.1276    0.4235
 000182   Y  0.357238  0.327304  0.165823    0.4078    0.3704    0.1320    0.0430    0.2658    0.1089    0.4267
 000183   G  0.332273  0.275657  0.167396    0.4116    0.3053    0.1200    0.0400    0.2409    0.1023    0.4273
 000184   A  0.306127  0.222838  0.169405    0.3535    0.2951    0.1280    0.0440    0.2176    0.0843    0.4301
 000185   L  0.303867  0.199618  0.170901    0.2963    0.2884    0.1450    0.0500    0.2056    0.0702    0.4308
 000186   I  0.308548  0.186699  0.172944    0.2913    0.2849    0.1440    0.0500    0.2026    0.0712    0.4257
 000187   R  0.304701  0.178758  0.174700    0.3668    0.3704    0.1410    0.0460    0.2270    0.0988    0.4182
 000188   R  0.315266  0.200767  0.178961    0.3668    0.3149    0.1610    0.0560    0.2265    0.0842    0.4154
 000189   I  0.336610  0.231449  0.182334    0.3717    0.2503    0.1480    0.0500    0.2231    0.0847    0.4162
 000190   R  0.368482  0.260531  0.186390    0.2865    0.1554    0.1240    0.0360    0.1991    0.0893    0.4169
 000191   D  0.400310  0.281351  0.190960    0.2292    0.1501    0.1110    0.0320    0.1952    0.0999    0.4222
 000192   E  0.421217  0.300109  0.196218    0.1566    0.1476    0.1040    0.0330    0.1883    0.1129    0.4267
 000193   V  0.446106  0.305115  0.197363    0.2255    0.2193    0.1020    0.0400    0.2163    0.1113    0.4301
 000194   V  0.430652  0.292830  0.193133    0.2209    0.2292    0.0990    0.0450    0.2121    0.1063    0.4325
 000195   R  0.406827  0.302330  0.193531    0.2558    0.2609    0.1050    0.0480    0.2218    0.0983    0.4300
 000196   G  0.387019  0.310081  0.191489    0.3184    0.3426    0.1000    0.0390    0.2430    0.1033    0.4249
 000197   R  0.345094  0.324862  0.190530    0.3847    0.4330    0.0900    0.0400    0.2629    0.1222    0.4162
 000198   D  0.300658  0.326887  0.187459    0.3939    0.3566    0.0970    0.0470    0.2458    0.1075    0.4059
 000199   V  0.252136  0.349524  0.184569    0.3992    0.3599    0.1180    0.0540    0.2465    0.1058    0.3962
 000200   V  0.205643  0.351278  0.182406    0.3885    0.3983    0.1500    0.0740    0.2489    0.1068    0.3906
 000201   I  0.161429  0.356416  0.180401    0.3847    0.3740    0.1810    0.0990    0.2430    0.1037    0.3856
 000202   S  0.116283  0.363132  0.177252    0.3578    0.3740    0.2040    0.0730    0.2358    0.1072    0.3848
 000203   T  0.105047  0.373782  0.174175    0.3146    0.3321    0.2470    0.0920    0.2287    0.0981    0.3839
 000204   H  0.105261  0.385443  0.171017    0.3668    0.4017    0.2900    0.0890    0.2581    0.1159    0.3830
 000205   T  0.102722  0.405189  0.169073    0.3939    0.4330    0.2990    0.0940    0.2724    0.1281    0.3865
 000206   H  0.100422  0.434390  0.167340    0.3885    0.3566    0.2960    0.0780    0.2627    0.1229    0.3895
 000207   D  0.134713  0.450022  0.165975    0.3578    0.3321    0.2820    0.0720    0.2595    0.1126    0.3946
 000208   D  0.188244  0.474795  0.165409    0.2913    0.3321    0.3100    0.0710    0.2660    0.1054    0.4024
 000209   L  0.233773  0.487229  0.166269    0.2531    0.2645    0.2830    0.0750    0.2537    0.1029    0.4135
 000210   G  0.277633  0.476503  0.171781    0.3005    0.3392    0.2220    0.0680    0.2693    0.1005    0.4270
 000211   M  0.338825  0.445749  0.175179    0.3005    0.4087    0.1990    0.0540    0.2821    0.1038    0.4303
 000212   A  0.409374  0.395254  0.179734    0.3939    0.4831    0.1660    0.0410    0.3079    0.1243    0.4155
 000213   T  0.481577  0.353537  0.183510    0.3806    0.4541    0.1790    0.0400    0.3081    0.1231    0.4008
 000214   A  0.560866  0.323995  0.188482    0.3717    0.4409    0.1800    0.0490    0.3129    0.1382    0.3858
 000215   N  0.598719  0.316209  0.193018    0.3263    0.4476    0.1880    0.0510    0.3127    0.1473    0.3689
 000216   A  0.610352  0.327559  0.194882    0.3184    0.3599    0.2020    0.0490    0.3031    0.1416    0.3563
 000217   L  0.590712  0.350978  0.195871    0.3184    0.3740    0.2350    0.0540    0.3116    0.1308    0.3445
 000218   A  0.575245  0.363826  0.196082    0.2333    0.2988    0.2640    0.0540    0.2892    0.1290    0.3294
 000219   G  0.562907  0.390488  0.194499    0.2531    0.2988    0.2980    0.0700    0.3005    0.1228    0.3145
 000220   V  0.518874  0.392985  0.192888    0.2292    0.2951    0.3100    0.0890    0.2911    0.1126    0.3042
 000221   E  0.475857  0.398526  0.188630    0.2333    0.3087    0.2420    0.0810    0.2764    0.1053    0.2964
 000222   N  0.469692  0.366852  0.182523    0.1766    0.3426    0.2220    0.0870    0.2629    0.1122    0.2859
 000223   G  0.464318  0.359124  0.176051    0.1958    0.2918    0.1980    0.0720    0.2515    0.1081    0.2800
 000224   A  0.503674  0.330015  0.171340    0.1878    0.2817    0.1880    0.0690    0.2486    0.1198    0.2773
 000225   G  0.528715  0.293077  0.169800    0.1416    0.3249    0.1940    0.0770    0.2470    0.1338    0.2736
 000226   Q  0.570821  0.277983  0.166401    0.1349    0.3149    0.1980    0.0760    0.2494    0.1478    0.2724
 000227   I  0.608113  0.271980  0.165069    0.1698    0.3117    0.1890    0.0660    0.2585    0.1563    0.2692
 000228   E  0.610941  0.249492  0.164060    0.2255    0.3872    0.1640    0.0570    0.2729    0.1601    0.2622
 000229   C  0.614960  0.221650  0.163414    0.2122    0.4292    0.1720    0.0430    0.2751    0.1679    0.2576
 000230   T  0.652065  0.236039  0.163010    0.2080    0.3667    0.1620    0.0380    0.2708    0.1747    0.2517
 000231   I  0.658621  0.237505  0.162082    0.2602    0.3983    0.1710    0.0310    0.2876    0.1745    0.2433
 000232   N  0.654603  0.232563  0.160934    0.1566    0.3053    0.1610    0.0260    0.2517    0.1784    0.2348
 000233   G  0.643993  0.252732  0.159784    0.1349    0.3087    0.1560    0.0300    0.2493    0.1776    0.2321
 000234   I  0.636915  0.267357  0.158025    0.0909    0.3249    0.1380    0.0360    0.2430    0.1843    0.2311
 000235   G  0.620705  0.279378  0.156619    0.1150    0.2951    0.1210    0.0300    0.2386    0.1764    0.2278
 000236   E  0.619083  0.290835  0.153508    0.1205    0.2399    0.1280    0.0350    0.2330    0.1744    0.2297
 000237   R  0.641492  0.305676  0.149373    0.0813    0.1942    0.1310    0.0390    0.2256    0.1897    0.2343
 000238   A  0.677029  0.294380  0.145150    0.0884    0.2399    0.1160    0.0440    0.2360    0.2010    0.2425
 000239   G  0.677369  0.281845  0.141883    0.0587    0.1554    0.1120    0.0480    0.2142    0.2092    0.2529
 000240   N  0.653627  0.264196  0.137009    0.0909    0.1449    0.1090    0.0470    0.2105    0.1973    0.2707
 000241   C  0.627558  0.241136  0.128597    0.0514    0.0985    0.1030    0.0430    0.1870    0.1973    0.2962
 000242   A  0.570204  0.207701  0.123543    0.0514    0.1554    0.0980    0.0420    0.1805    0.1732    0.3254
 000243   L  0.498106  0.183105  0.115141    0.0350    0.1476    0.0870    0.0360    0.1585    0.1518    0.3582
 000244   E  0.430166  0.166977  0.107065    0.0336    0.1554    0.0750    0.0260    0.1436    0.1297    0.3827
 000245   E  0.354297  0.131354  0.098445    0.0542    0.1501    0.0710    0.0200    0.1269    0.1012    0.4063
 000246   V  0.283915  0.103870  0.090553    0.0607    0.1007    0.0810    0.0240    0.1050    0.0761    0.4284
 000247   V  0.211708  0.083543  0.086140    0.0279    0.0888    0.0970    0.0320    0.0848    0.0570    0.4015
 000248   M  0.140137  0.068142  0.082236    0.0157    0.0765    0.1420    0.0600    0.0738    0.0458    0.3834
 000249   A  0.083589  0.060780  0.079799    0.0218    0.0568    0.2470    0.1220    0.0784    0.0737    0.3711
 000250   L  0.033050  0.056074  0.076684    0.0173    0.0592    0.4490    0.2140    0.1024    0.1508    0.3547
 000251   Y  0.017786  0.053903  0.073259    0.0097    0.0555    0.5690    0.2480    0.1177    0.1981    0.3463
 000252   V  0.105043  0.060128  0.073921    0.0200    0.0506    0.5010    0.2180    0.1227    0.1659    0.3474
 000253   R  0.186907  0.078167  0.075534    0.0252    0.0646    0.5120    0.1580    0.1444    0.1665    0.3504
 000254   R  0.266980  0.083576  0.076294    0.0231    0.1092    0.4520    0.1200    0.1558    0.1479    0.3547
 000255   D  0.280329  0.089865  0.076598    0.0231    0.0985    0.3180    0.0840    0.1349    0.1109    0.3538
 000256   W  0.385719  0.106600  0.078251    0.0226    0.0985    0.2250    0.0620    0.1397    0.1211    0.3561
 000257   Y  0.489913  0.121645  0.081064    0.0327    0.0870    0.1440    0.0470    0.1459    0.1524    0.3760
 000258   K  0.599150  0.134859  0.085074    0.0502    0.0780    0.0970    0.0480    0.1599    0.1923    0.3986
 000259   A  0.708365  0.150085  0.086118    0.0376    0.0985    0.0830    0.0390    0.1797    0.2328    0.4113
 000260   Y  0.816316  0.156592  0.084012    0.0279    0.0817    0.0920    0.0370    0.1957    0.2742    0.4219
 000261   T  0.803008  0.156064  0.081893    0.0478    0.1298    0.0810    0.0210    0.2029    0.2650    0.4284
 000262   R  0.760463  0.163021  0.082458    0.0514    0.1914    0.0910    0.0220    0.2095    0.2454    0.4131
 000263   I  0.760970  0.178294  0.085093    0.0789    0.1791    0.1340    0.0790    0.2218    0.2385    0.4026
 000264   N  0.829572  0.208746  0.086113    0.0858    0.1323    0.1120    0.0590    0.2281    0.2662    0.3925
 000265   T  0.751597  0.234073  0.088995    0.0554    0.1399    0.0950    0.0320    0.2126    0.2416    0.3879
 000266   R  0.673514  0.247542  0.092618    0.0387    0.1323    0.1100    0.0380    0.2003    0.2148    0.3810
 000267   E  0.595733  0.250443  0.097600    0.0744    0.1399    0.1160    0.0380    0.1961    0.1811    0.3765
 000268   I  0.519653  0.232332  0.100397    0.1205    0.2094    0.1260    0.0440    0.2013    0.1442    0.3836
 000269   Y  0.439792  0.210036  0.102098    0.0744    0.2129    0.1280    0.0470    0.1776    0.1224    0.3915
 000270   R  0.398507  0.206900  0.104725    0.0935    0.2034    0.1350    0.0520    0.1728    0.1044    0.3901
 000271   V  0.404694  0.215137  0.106935    0.1495    0.3087    0.1360    0.0640    0.2024    0.1070    0.3891
 000272   S  0.369504  0.215013  0.106728    0.1178    0.2399    0.1380    0.0680    0.1801    0.0928    0.3873
 000273   R  0.373453  0.215962  0.106038    0.1416    0.2680    0.1700    0.0790    0.1948    0.0904    0.3851
 000274   L  0.435542  0.228852  0.109905    0.1602    0.3740    0.2120    0.0830    0.2351    0.1164    0.3817
 000275   V  0.497211  0.249027  0.118300    0.1805    0.3740    0.1930    0.0740    0.2490    0.1305    0.3757
 000276   E  0.553757  0.268848  0.124127    0.2041    0.3631    0.1530    0.0550    0.2572    0.1475    0.3656
 000277   R  0.616712  0.308632  0.129780    0.2122    0.3392    0.1390    0.0560    0.2692    0.1668    0.3575
 000278   Y  0.679760  0.340351  0.132454    0.2167    0.2503    0.1380    0.0510    0.2708    0.1881    0.3497
 000279   T  0.727855  0.348410  0.133631    0.2786    0.2715    0.1320    0.0390    0.2930    0.2017    0.3383
 000280   G  0.775078  0.346090  0.134119    0.2913    0.3460    0.1650    0.0540    0.3206    0.2112    0.3277
 000281   M  0.778126  0.351603  0.135416    0.2385    0.3566    0.1470    0.0550    0.3120    0.2178    0.3216
 000282   P  0.749121  0.353669  0.137231    0.3096    0.4256    0.1370    0.0710    0.3291    0.2084    0.3165
 000283   V  0.666472  0.370647  0.135737    0.3225    0.3983    0.1370    0.0720    0.3157    0.1814    0.3139
 000284   P  0.603526  0.412172  0.135697    0.3263    0.3019    0.1050    0.0430    0.2915    0.1695    0.3126
 000285   P  0.557512  0.455225  0.135674    0.3762    0.3494    0.1320    0.0580    0.3117    0.1581    0.3152
 000286   N  0.506752  0.448408  0.135743    0.3535    0.4186    0.1560    0.0740    0.3139    0.1440    0.3201
 000287   K  0.444752  0.406414  0.134444    0.3263    0.4186    0.1380    0.0680    0.2890    0.1310    0.3290
 000288   A  0.376524  0.371711  0.132036    0.3359    0.4186    0.1180    0.0650    0.2702    0.1225    0.3373
 000289   I  0.294786  0.344966  0.130915    0.4333    0.5017    0.1050    0.0610    0.2799    0.1473    0.3463
 000290   V  0.293313  0.335271  0.132440    0.4379    0.4119    0.1030    0.0580    0.2635    0.1301    0.3560
 000291   G  0.273525  0.341873  0.137292    0.4379    0.4220    0.1160    0.0710    0.2652    0.1285    0.3661
 000292   D  0.285454  0.336550  0.141320    0.4078    0.4685    0.1470    0.0880    0.2742    0.1248    0.3798
 000293   N  0.271307  0.342915  0.141046    0.3885    0.4476    0.1470    0.0750    0.2662    0.1181    0.3942
 000294   A  0.240546  0.325907  0.138290    0.4749    0.5139    0.1610    0.0750    0.2860    0.1465    0.4088
 000295   F  0.200244  0.329972  0.136993    0.4556    0.4186    0.1570    0.0670    0.2602    0.1275    0.4216
 000296   A  0.183743  0.363998  0.135165    0.4245    0.3087    0.1510    0.0600    0.2386    0.1130    0.4266
 000297   H  0.182861  0.419574  0.133182    0.3630    0.2918    0.1790    0.0570    0.2393    0.1070    0.4302
 000298   E  0.187610  0.447259  0.131879    0.2748    0.3053    0.1820    0.0450    0.2328    0.1064    0.4285
 000299   S  0.143791  0.453007  0.133261    0.2963    0.3286    0.1780    0.0400    0.2332    0.1172    0.4304
 000300   G  0.143685  0.450949  0.134219    0.3762    0.3774    0.1890    0.0420    0.2562    0.1285    0.4308
 000301   I  0.153578  0.451801  0.137586    0.4333    0.4441    0.1840    0.0440    0.2778    0.1449    0.4325
 000302   H  0.198218  0.453964  0.141492    0.3992    0.3599    0.1700    0.0500    0.2636    0.1237    0.4337
 000303   Q  0.240148  0.470407  0.146883    0.3885    0.3667    0.1760    0.0560    0.2737    0.1206    0.4289
 000304   D  0.296956  0.470816  0.151180    0.3005    0.2715    0.1720    0.0650    0.2519    0.1075    0.4234
 000305   G  0.345461  0.434577  0.154409    0.3359    0.2680    0.1900    0.0760    0.2623    0.0992    0.4179
 000306   V  0.376027  0.365870  0.154397    0.3359    0.3704    0.2000    0.0750    0.2748    0.0926    0.4169
 000307   I  0.396989  0.319118  0.157687    0.3311    0.3704    0.1870    0.0760    0.2674    0.0937    0.4182
 000308   K  0.441891  0.282063  0.159242    0.3225    0.3740    0.1740    0.0790    0.2658    0.1049    0.4202
 000309   H  0.462515  0.255241  0.162981    0.2748    0.2884    0.1630    0.0780    0.2407    0.1040    0.4253
 000310   R  0.477698  0.232897  0.168438    0.2748    0.2094    0.1570    0.0710    0.2252    0.1114    0.4270
 000311   A  0.482336  0.215661  0.172657    0.1958    0.2129    0.1560    0.0690    0.2105    0.1144    0.4296
 000312   T  0.488164  0.200986  0.177061    0.1921    0.2884    0.1360    0.0490    0.2176    0.1207    0.4305
 000313   Y  0.484751  0.207114  0.182167    0.1844    0.2783    0.1410    0.0370    0.2160    0.1182    0.4316
 000314   E  0.480844  0.209288  0.188460    0.1732    0.2951    0.1390    0.0340    0.2163    0.1189    0.4335
 000315   I  0.463601  0.216295  0.190910    0.1635    0.2609    0.1480    0.0370    0.2087    0.1109    0.4309
 000316   M  0.458284  0.237904  0.191443    0.1921    0.2034    0.1340    0.0340    0.2042    0.1088    0.4284
 000317   D  0.465459  0.249287  0.193204    0.2255    0.1942    0.1320    0.0330    0.2111    0.1105    0.4328
 000318   A  0.477150  0.246617  0.196587    0.2432    0.2129    0.1490    0.0450    0.2214    0.1099    0.4327
 000319   E  0.495134  0.230666  0.203276    0.1698    0.1554    0.1790    0.0670    0.2050    0.1219    0.4304
 000320   L  0.507091  0.206357  0.207852    0.1178    0.1501    0.2020    0.0880    0.1972    0.1321    0.4295
 000321   I  0.478884  0.189737  0.214875    0.0701    0.1476    0.1970    0.0820    0.1806    0.1315    0.4249
 000322   G  0.465381  0.176861  0.226667    0.0884    0.1759    0.1850    0.0710    0.1820    0.1233    0.4173
 000323   R  0.451685  0.174699  0.242413    0.0832    0.1702    0.1730    0.0620    0.1755    0.1220    0.4149
 000324   R  0.451268  0.173587  0.258532    0.1416    0.2470    0.1500    0.0470    0.1939    0.1143    0.4127
 000325   P  0.425469  0.177661  0.269205    0.1349    0.2328    0.1430    0.0470    0.1856    0.1090    0.4111
 000326   A  0.377872  0.185725  0.281017    0.1998    0.2884    0.1250    0.0360    0.1962    0.0947    0.4064
 000327   V  0.397757  0.212516  0.301588    0.2255    0.2951    0.1120    0.0270    0.2071    0.1020    0.4029
 000328   L  0.428808  0.241207  0.317051    0.1921    0.1881    0.1040    0.0220    0.1924    0.1166    0.4048
 000329   V  0.443096  0.278064  0.331046    0.1958    0.2094    0.0970    0.0220    0.2039    0.1228    0.4077
 000330   L  0.431645  0.314257  0.343670    0.1150    0.1942    0.0990    0.0230    0.1924    0.1352    0.4086
 000331   G  0.390433  0.343969  0.350682    0.1698    0.2399    0.1020    0.0330    0.2077    0.1198    0.4041
 000332   K  0.346896  0.355816  0.354958    0.2292    0.2436    0.1120    0.0420    0.2147    0.1069    0.4053
 000333   H  0.317814  0.381199  0.363119    0.1998    0.2541    0.1200    0.0460    0.2122    0.1102    0.4133
 000334   S  0.311116  0.384760  0.376444    0.1292    0.2645    0.1200    0.0430    0.2015    0.1239    0.4101
 000335   G  0.303276  0.412265  0.394326    0.1292    0.1942    0.1300    0.0440    0.1948    0.1338    0.4062
 000336   R  0.220428  0.457876  0.413388    0.1041    0.1702    0.1430    0.0370    0.1826    0.1518    0.4070
 000337   A  0.133888  0.468324  0.430991    0.0789    0.1298    0.1540    0.0360    0.1609    0.1712    0.4107
 000338   A  0.053478  0.474547  0.444470    0.1178    0.1731    0.1600    0.0360    0.1632    0.1781    0.4157
 000339   F  0.046308  0.489458  0.460139    0.1205    0.2503    0.1550    0.0460    0.1770    0.1844    0.4153
 000340   K  0.056489  0.483604  0.474864    0.1635    0.2328    0.1430    0.0380    0.1799    0.1821    0.4067
 000341   K  0.064849  0.479414  0.490184    0.2385    0.3053    0.1410    0.0380    0.2048    0.1788    0.4056
 000342   A  0.071252  0.479717  0.507615    0.1667    0.3182    0.1440    0.0410    0.1966    0.1875    0.4097
 000343   L  0.074348  0.476655  0.523648    0.1698    0.3356    0.1430    0.0430    0.1999    0.1914    0.4103
 000344   E  0.079418  0.497861  0.539504    0.1667    0.3392    0.1400    0.0430    0.2039    0.1993    0.4034
 000345   D  0.078632  0.513828  0.556041    0.1667    0.2783    0.1590    0.0520    0.1995    0.2039    0.4029
 000346   L  0.077847  0.550339  0.573483    0.1732    0.2752    0.1830    0.0750    0.2099    0.2129    0.4034
 000347   G  0.073215  0.577038  0.592645    0.1292    0.2715    0.1670    0.0610    0.2029    0.2310    0.3963
 000348   Y  0.067251  0.597180  0.613756    0.1456    0.2224    0.1610    0.0530    0.1990    0.2425    0.3873
 000349   K  0.055439  0.626568  0.635019    0.1602    0.1611    0.1520    0.0440    0.1925    0.2603    0.3775
 000350   D  0.049487  0.641926  0.652617    0.1844    0.2292    0.1580    0.0350    0.2106    0.2618    0.3758
 000351   L  0.045259  0.654535  0.668612    0.1266    0.2328    0.1710    0.0410    0.2050    0.2740    0.3786
 000352   S  0.046012  0.674961  0.683733    0.1117    0.1528    0.1770    0.0560    0.1938    0.2893    0.3730
 000353   E  0.044281  0.688776  0.694679    0.1240    0.1702    0.1900    0.0650    0.2029    0.2917    0.3685
 000354   E  0.042500  0.693149  0.702816    0.1292    0.2541    0.2050    0.0760    0.2207    0.2879    0.3649
 000355   E  0.049743  0.700314  0.712676    0.1205    0.1671    0.2060    0.0800    0.2073    0.2979    0.3638
 000356   V  0.059661  0.706990  0.727631    0.1292    0.1399    0.2100    0.0800    0.2076    0.3034    0.3629
 000357   K  0.062833  0.712485  0.741120    0.1322    0.2193    0.2210    0.1010    0.2246    0.2999    0.3619
 000358   K  0.071861  0.718408  0.744527    0.1178    0.2129    0.2220    0.1110    0.2237    0.3029    0.3650
 000359   L  0.078123  0.708614  0.750776    0.1878    0.2849    0.2300    0.1080    0.2483    0.2883    0.3702
 000360   F  0.086814  0.728159  0.754257    0.1766    0.2918    0.2440    0.1160    0.2546    0.2914    0.3704
 000361   A  0.088220  0.734260  0.758763    0.1635    0.3117    0.2630    0.1290    0.2601    0.2930    0.3660
 000362   R  0.089239  0.737085  0.769158    0.2432    0.3117    0.2790    0.1250    0.2768    0.2863    0.3615
 000363   F  0.100697  0.725886  0.777716    0.2786    0.3117    0.3020    0.1210    0.2865    0.2798    0.3641
 000364   K  0.102589  0.749185  0.782413    0.2080    0.2752    0.2870    0.1130    0.2704    0.2955    0.3626
 000365   E  0.137305  0.745019  0.781764    0.2080    0.2783    0.3450    0.1310    0.2855    0.2855    0.3625
 000366   I  0.180138  0.772366  0.776965    0.1844    0.2817    0.4060    0.1500    0.3040    0.2839    0.3620
 000367   A  0.239382  0.775249  0.772466    0.2558    0.2715    0.3700    0.1550    0.3187    0.2675    0.3619
 000368   E  0.297668  0.777435  0.769563    0.2786    0.2849    0.3650    0.1630    0.3339    0.2563    0.3630
 000369   K  0.311606  0.793858  0.772943    0.2122    0.2645    0.3660    0.1520    0.3247    0.2706    0.3617
 000370   K  0.364524  0.798008  0.775462    0.2963    0.2645    0.3620    0.1480    0.3475    0.2569    0.3627
 000371   G  0.445702  0.787858  0.775211    0.3491    0.2988    0.3900    0.1640    0.3786    0.2369    0.3724
 000372   P  0.522083  0.782375  0.776220    0.3096    0.3356    0.3980    0.1530    0.3913    0.2338    0.3845
 000373   L  0.600920  0.771860  0.778128    0.2483    0.3392    0.4340    0.1190    0.3991    0.2418    0.3962
 000374   S  0.648499  0.771297  0.778220    0.3399    0.4541    0.4400    0.1310    0.4423    0.2138    0.4027
 000375   A  0.688995  0.756569  0.777567    0.3535    0.4582    0.4190    0.1160    0.4460    0.2140    0.4126
 000376   E  0.713152  0.746334  0.777058    0.3630    0.4582    0.3900    0.0970    0.4451    0.2171    0.4195
 000377   E  0.739922  0.736319  0.776311    0.4282    0.5901    0.4370    0.1350    0.4885    0.1933    0.4274
 000378   L  0.808101  0.738920  0.773672    0.4703    0.6322    0.4620    0.1210    0.5186    0.1896    0.4300
 000379   Q  0.842919  0.750874  0.768130    0.4918    0.6136    0.5040    0.1130    0.5339    0.1855    0.4251
 000380   A  0.850953  0.734091  0.759566    0.5084    0.6375    0.5790    0.1260    0.5517    0.1713    0.4192
 000381   L  0.851893  0.738461  0.752631    0.5229    0.5176    0.5850    0.1550    0.5360    0.1783    0.4158
 000382   V  0.853617  0.740628  0.746522    0.5253    0.4119    0.5160    0.1800    0.5079    0.2001    0.4173
 000383   E  0.849412  0.738259  0.734688    0.4203    0.3872    0.5000    0.1780    0.4825    0.2148    0.4157
 000384   S  0.839889  0.731528  0.723673    0.4078    0.3840    0.4780    0.1690    0.4735    0.2144    0.4140
 000385   E  0.830672  0.729696  0.714718    0.4203    0.4017    0.4760    0.1680    0.4764    0.2062    0.4071
 000386   R  0.806374  0.715821  0.706292    0.3762    0.4369    0.4990    0.1750    0.4724    0.1986    0.4020
 000387   E  0.748100  0.698157  0.698487    0.3847    0.3529    0.4700    0.1790    0.4422    0.1986    0.3952
 000388   P  0.702534  0.688922  0.690537    0.3806    0.3460    0.4150    0.1540    0.4222    0.1955    0.3905
 000389   T  0.660994  0.665076  0.680897    0.3885    0.3182    0.3720    0.1450    0.4009    0.1931    0.3897
 000390   S  0.596563  0.640634  0.670734    0.3885    0.2094    0.3300    0.1380    0.3608    0.2060    0.3848
 000391   H  0.527861  0.620034  0.661073    0.3399    0.2328    0.2900    0.1230    0.3352    0.1988    0.3802
 000392   F  0.446260  0.585535  0.651400    0.3311    0.3087    0.2460    0.1040    0.3196    0.1837    0.3779
 000393   F  0.365720  0.543933  0.639267    0.4037    0.3667    0.2110    0.0890    0.3152    0.1737    0.3792
 000394   Q  0.278910  0.543330  0.626993    0.3992    0.3529    0.1860    0.0880    0.2934    0.1827    0.3827
 000395   L  0.207156  0.522641  0.616511    0.3992    0.2783    0.2010    0.0940    0.2680    0.1879    0.3878
 000396   E  0.169888  0.506930  0.604058    0.3885    0.1914    0.2140    0.0920    0.2451    0.1947    0.3934
 000397   H  0.122279  0.527733  0.592783    0.3399    0.2224    0.2250    0.0850    0.2396    0.1967    0.3961
 000398   V  0.069200  0.517894  0.580320    0.2657    0.2129    0.2210    0.0930    0.2145    0.2040    0.3997
 000399   Q  0.041174  0.498874  0.568468    0.2657    0.1611    0.2150    0.1150    0.1970    0.2081    0.4033
 000400   F  0.015302  0.491931  0.548432    0.2602    0.1611    0.2550    0.1590    0.1972    0.2049    0.4061
 000401   F  0.006346  0.470083  0.531477    0.2385    0.1137    0.2960    0.1780    0.1874    0.2045    0.4084
 000402   S  0.003031  0.477999  0.515886    0.2255    0.1028    0.2760    0.1560    0.1809    0.2038    0.4115
 000403   G  0.003246  0.458731  0.494925    0.2385    0.1229    0.2540    0.1290    0.1796    0.1918    0.4140
 000404   S  0.003467  0.448457  0.473242    0.3096    0.2002    0.2200    0.1010    0.1969    0.1781    0.4159
 000405   G  0.003855  0.404145  0.454432    0.2292    0.2002    0.2030    0.0860    0.1733    0.1662    0.4162
 000406   L  0.007366  0.397232  0.438251    0.2913    0.3087    0.1960    0.0910    0.2001    0.1596    0.4169
 000407   L  0.038764  0.385283  0.421689    0.2657    0.3019    0.1830    0.0810    0.1957    0.1460    0.4175
 000408   P  0.106162  0.372321  0.405667    0.2963    0.2951    0.1970    0.0680    0.2111    0.1221    0.4191
 000409   T  0.162156  0.388933  0.390576    0.3717    0.3774    0.2770    0.0790    0.2629    0.1061    0.4213
 000410   A  0.213961  0.408299  0.376168    0.3630    0.3667    0.3640    0.0920    0.2859    0.0883    0.4248
 000411   T  0.241056  0.423691  0.364867    0.4600    0.3948    0.4350    0.1060    0.3258    0.0940    0.4318
 000412   V  0.265332  0.437493  0.356234    0.5473    0.4725    0.4970    0.1300    0.3700    0.1109    0.4290
 000413   K  0.305041  0.461660  0.348378    0.4781    0.4801    0.4610    0.1460    0.3643    0.0903    0.4238
 000414   V  0.386219  0.494872  0.344717    0.4420    0.4940    0.5040    0.1460    0.3869    0.0834    0.4208
 000415   K  0.455621  0.525479  0.336594    0.4420    0.5055    0.4980    0.1510    0.4044    0.0839    0.4189
 000416   T  0.507943  0.548386  0.324304    0.4420    0.5055    0.4980    0.1310    0.4170    0.0905    0.4197
 000417   P  0.519275  0.554467  0.311700    0.4918    0.6136    0.5180    0.1460    0.4495    0.1067    0.4205
 000418   D  0.550841  0.584071  0.299095    0.5412    0.7209    0.5260    0.1560    0.4872    0.1341    0.4235
 000419   G  0.589539  0.589447  0.288377    0.5229    0.7209    0.4790    0.1460    0.4836    0.1405    0.4276
 000420   E  0.642662  0.604035  0.281052    0.5229    0.6227    0.4610    0.1330    0.4756    0.1331    0.4333
 000421   R  0.690926  0.622380  0.271838    0.5762    0.6806    0.4540    0.1520    0.5040    0.1537    0.4301
 000422   L  0.723859  0.595849  0.264567    0.5173    0.6322    0.4170    0.1540    0.4810    0.1567    0.4241
 000423   A  0.715390  0.568873  0.256154    0.5900    0.6375    0.3960    0.1340    0.4847    0.1606    0.4212
 000424   T  0.695703  0.541002  0.249194    0.5667    0.5419    0.4140    0.1190    0.4598    0.1454    0.4199
 000425   H  0.675105  0.526447  0.244281    0.5762    0.6183    0.4040    0.0910    0.4667    0.1502    0.4185
 000426   T  0.671816  0.505557  0.237552    0.5173    0.5901    0.4150    0.0990    0.4499    0.1431    0.4212
 000427   G  0.644115  0.499870  0.233560    0.5084    0.4831    0.4290    0.1070    0.4275    0.1287    0.4249
 000428   D  0.586702  0.495091  0.228390    0.4513    0.4582    0.4030    0.0980    0.3991    0.1153    0.4287
 000429   G  0.557800  0.450653  0.222472    0.3717    0.4619    0.3970    0.1290    0.3732    0.1090    0.4335
 000430   P  0.521656  0.420234  0.215098    0.3806    0.4369    0.3450    0.1140    0.3507    0.1007    0.4294
 000431   V  0.501762  0.374184  0.213677    0.3806    0.3356    0.3410    0.1030    0.3222    0.0919    0.4239
 000432   D  0.506054  0.329403  0.209024    0.3456    0.3426    0.3120    0.1080    0.3059    0.0939    0.4201
 000433   A  0.536447  0.282283  0.206592    0.3311    0.3426    0.2730    0.0980    0.2943    0.1085    0.4157
 000434   V  0.551254  0.259267  0.207411    0.3630    0.3631    0.2470    0.0850    0.2973    0.1191    0.4144
 000435   Y  0.559568  0.229915  0.206369    0.2865    0.3872    0.2370    0.0830    0.2833    0.1279    0.4133
 000436   K  0.578681  0.208083  0.204674    0.2748    0.3910    0.1990    0.0660    0.2752    0.1419    0.4104
 000437   A  0.568319  0.208330  0.200940    0.3096    0.3087    0.1880    0.0600    0.2639    0.1351    0.4100
 000438   I  0.575705  0.214614  0.197580    0.3225    0.3215    0.1990    0.0710    0.2721    0.1363    0.4100
 000439   Q  0.602788  0.205726  0.196539    0.2255    0.2399    0.1900    0.0660    0.2439    0.1504    0.4104
 000440   E  0.613326  0.210762  0.198086    0.2385    0.1671    0.2080    0.0730    0.2396    0.1573    0.4139
 000441   A  0.602573  0.228147  0.201839    0.1416    0.1373    0.2460    0.0930    0.2259    0.1622    0.4183
 000442   I  0.605266  0.223089  0.203830    0.1322    0.1373    0.2840    0.1330    0.2304    0.1646    0.4233
 000443   G  0.613182  0.225788  0.200951    0.1178    0.1399    0.2750    0.1400    0.2285    0.1688    0.4287
 000444   L  0.615753  0.243806  0.201912    0.0858    0.1399    0.2620    0.1370    0.2246    0.1740    0.4318
 000445   R  0.625144  0.256997  0.200272    0.1292    0.1251    0.2490    0.1310    0.2309    0.1727    0.4278
 000446   P  0.690868  0.255121  0.199726    0.1532    0.1969    0.2240    0.1130    0.2533    0.1864    0.4231
 000447   E  0.720465  0.253368  0.200998    0.0909    0.2064    0.2260    0.1050    0.2496    0.2048    0.4177
 000448   L  0.745346  0.249111  0.207169    0.1088    0.2292    0.2220    0.1020    0.2591    0.2098    0.4142
 000449   E  0.770406  0.233213  0.214020    0.1602    0.3215    0.2060    0.0920    0.2819    0.2113    0.4123
 000450   L  0.792334  0.217489  0.219945    0.1532    0.3286    0.2010    0.0870    0.2821    0.2212    0.4114
 000451   Y  0.796176  0.213426  0.219288    0.1380    0.2884    0.1810    0.0660    0.2695    0.2267    0.4161
 000452   R  0.798515  0.228036  0.218974    0.1732    0.2436    0.1670    0.0580    0.2684    0.2255    0.4278
 000453   V  0.797641  0.237745  0.218660    0.2122    0.3286    0.1620    0.0440    0.2896    0.2197    0.4286
 000454   E  0.789876  0.252529  0.219630    0.1349    0.3321    0.1580    0.0420    0.2780    0.2250    0.4164
 000455   A  0.785261  0.262139  0.220499    0.1998    0.3426    0.1680    0.0510    0.2929    0.2143    0.3999
 000456   I  0.760630  0.289599  0.221746    0.2080    0.3566    0.1780    0.0530    0.2988    0.2022    0.3845
 000457   T  0.721653  0.315013  0.224741    0.1205    0.2645    0.1890    0.0510    0.2684    0.1991    0.3710
 000458   G  0.682356  0.343467  0.227485    0.1150    0.2436    0.1910    0.0540    0.2625    0.1877    0.3560
 000459   S  0.664479  0.377781  0.228615    0.1178    0.2436    0.1910    0.0570    0.2657    0.1830    0.3426
 000460   T  0.661267  0.389905  0.228274    0.1041    0.2258    0.1880    0.0540    0.2615    0.1866    0.3300
 000461   E  0.640543  0.374787  0.227483    0.0935    0.2224    0.1900    0.0490    0.2535    0.1806    0.3158
 000462   A  0.623776  0.371174  0.226525    0.1349    0.3053    0.1770    0.0480    0.2686    0.1664    0.3025
 000463   L  0.618589  0.345066  0.225626    0.0789    0.3249    0.1440    0.0440    0.2519    0.1783    0.2949
 000464   G  0.605997  0.309442  0.225080    0.1266    0.3149    0.1270    0.0380    0.2474    0.1666    0.2867
 000465   Q  0.613421  0.275658  0.223293    0.1322    0.3087    0.1420    0.0500    0.2453    0.1655    0.2791
 000466   V  0.624325  0.250689  0.222016    0.0965    0.3087    0.1590    0.0640    0.2398    0.1733    0.2733
 000467   T  0.638151  0.210776  0.220319    0.1698    0.3249    0.1500    0.0530    0.2490    0.1710    0.2713
 000468   V  0.579990  0.189913  0.219467    0.1349    0.3215    0.1570    0.0560    0.2306    0.1563    0.2672
 000469   R  0.511995  0.186121  0.218271    0.0858    0.2541    0.1550    0.0510    0.1988    0.1393    0.2674
 000470   L  0.504760  0.185912  0.216196    0.0832    0.2609    0.1710    0.0490    0.2010    0.1361    0.2695
 000471   R  0.484559  0.191356  0.213745    0.0490    0.1914    0.1830    0.0520    0.1832    0.1353    0.2716
 000472   L  0.443815  0.210611  0.208509    0.0441    0.1759    0.1930    0.0620    0.1779    0.1230    0.2745
 000473   G  0.404142  0.221515  0.205625    0.0336    0.2292    0.2040    0.0780    0.1821    0.1127    0.2812
 000474   E  0.396377  0.235187  0.204049    0.0607    0.3117    0.2210    0.0990    0.2042    0.1083    0.2906
 000475   L  0.403604  0.240317  0.196704    0.0744    0.2258    0.2230    0.0930    0.1945    0.1017    0.2998
 000476   Q  0.423117  0.249787  0.193370    0.0789    0.1449    0.2330    0.0950    0.1883    0.1117    0.3083
 000477   A  0.497950  0.237109  0.192445    0.0701    0.2129    0.2450    0.1050    0.2106    0.1320    0.3159
 000478   V  0.561109  0.229931  0.190231    0.0387    0.1791    0.2110    0.0760    0.2034    0.1616    0.3226
 000479   G  0.589523  0.217492  0.183072    0.0677    0.2399    0.1770    0.0620    0.2152    0.1658    0.3303
 000480   V  0.613865  0.206474  0.175233    0.0554    0.2129    0.1800    0.0700    0.2114    0.1773    0.3363
 000481   G  0.590995  0.218842  0.167134    0.1041    0.2129    0.1800    0.0720    0.2177    0.1614    0.3428
 000482   V  0.599888  0.241690  0.164703    0.0935    0.1914    0.1700    0.0800    0.2160    0.1675    0.3528
 000483   S  0.575211  0.262761  0.166997    0.1041    0.1731    0.1440    0.0620    0.2099    0.1607    0.3651
 000484   P  0.546409  0.274983  0.170933    0.0884    0.1162    0.1300    0.0470    0.1927    0.1597    0.3788
 000485   D  0.512683  0.281032  0.173097    0.0455    0.1137    0.1520    0.0640    0.1841    0.1542    0.3901
 000486   I  0.461769  0.270883  0.177166    0.0514    0.1449    0.1390    0.0460    0.1781    0.1340    0.4005
 000487   I  0.411873  0.254348  0.180671    0.0554    0.1206    0.1200    0.0300    0.1604    0.1202    0.4116
 000488   E  0.352833  0.251757  0.184136    0.0607    0.1399    0.1120    0.0240    0.1528    0.1009    0.4229
 000489   A  0.323533  0.236934  0.186032    0.0832    0.1881    0.1170    0.0220    0.1582    0.0842    0.4323
 000490   S  0.350132  0.221179  0.188427    0.0858    0.1275    0.1160    0.0250    0.1501    0.0934    0.4274
 000491   A  0.337241  0.208054  0.193160    0.1322    0.1554    0.1180    0.0360    0.1585    0.0796    0.4203
 000492   L  0.309456  0.193239  0.201165    0.0832    0.1528    0.1270    0.0420    0.1443    0.0785    0.4138
 000493   A  0.287079  0.189299  0.214354    0.1117    0.2094    0.1350    0.0410    0.1554    0.0674    0.4087
 000494   F  0.262387  0.220300  0.225868    0.1117    0.2064    0.1540    0.0390    0.1591    0.0624    0.4055
 000495   L  0.227284  0.256849  0.237640    0.0909    0.1554    0.1690    0.0430    0.1499    0.0695    0.4080
 000496   D  0.197690  0.293875  0.248124    0.0858    0.1528    0.1780    0.0390    0.1514    0.0783    0.4120
 000497   A  0.171644  0.337230  0.258993    0.1240    0.2258    0.1970    0.0490    0.1760    0.0801    0.4159
 000498   A  0.133187  0.378572  0.273114    0.1958    0.3215    0.2090    0.0640    0.2063    0.0939    0.4209
 000499   G  0.099515  0.397634  0.287312    0.1805    0.3392    0.2510    0.0700    0.2113    0.1094    0.4250
 000500   K  0.106220  0.437652  0.308344    0.2255    0.4017    0.3220    0.0750    0.2489    0.1217    0.4276
 000501   L  0.187008  0.487961  0.331767    0.2602    0.4017    0.4000    0.0980    0.2895    0.1136    0.4283
 000502   A  0.263372  0.544711  0.357016    0.3225    0.3426    0.4360    0.1050    0.3182    0.1082    0.4298
 000503   S  0.339568  0.576985  0.382913    0.4078    0.4409    0.4590    0.1260    0.3706    0.0981    0.4325
 000504   G  0.434038  0.613084  0.407489    0.3578    0.4831    0.5690    0.1420    0.4094    0.1122    0.4331
 000505   R  0.529146  0.633096  0.431318    0.4556    0.5211    0.6560    0.1550    0.4659    0.1100    0.4325
 000506   A  0.623357  0.620574  0.440218    0.5374    0.6269    0.6590    0.1470    0.5112    0.1045    0.4334
 000507   T  0.714076  0.613232  0.448177    0.4556    0.6043    0.5960    0.1530    0.4972    0.1196    0.4297
 000508   R  0.804549  0.623561  0.456125    0.5008    0.6482    0.5690    0.1690    0.5243    0.1360    0.4270
 000509   H  0.868965  0.634381  0.466124    0.5296    0.5951    0.6260    0.1570    0.5424    0.1477    0.4245
 000510   P  0.882302  0.657253  0.475714    0.5296    0.5807    0.6600    0.1540    0.5516    0.1524    0.4243
 000511   P  0.877712  0.645215  0.486071    0.4967    0.5758    0.7870    0.0700    0.5637    0.1662    0.4254
 000512   S  0.834293  0.669629  0.497198    0.6124    0.6712    0.8200    0.0770    0.6012    0.1429    0.4277
 000513   I  0.762633  0.663756  0.509590    0.6789    0.6991    0.8220    0.0710    0.6045    0.1288    0.4296
 000514   E  0.674124  0.700092  0.521388    0.7147    0.6906    0.8090    0.0870    0.5980    0.1215    0.4304
 000515   E  0.607776  0.758950  0.531884    0.7540    0.6755    0.7300    0.1480    0.5877    0.1214    0.4317
 000516   V  0.521090  0.790283  0.545976    0.7951    0.6661    0.6960    0.1480    0.5781    0.1403    0.4332
 000517   H  0.219174  0.771918  0.559415    0.8595    0.7080    0.7270    0.2180    0.5475    0.2286    0.4345
 000518   R  0.084362  0.729151  0.574546    0.8886    0.6755    0.7550    0.2340    0.5221    0.2736    0.4355
 000519   G  0.284438  0.754596  0.588340    0.9180    0.6620    0.7130    0.1680    0.5554    0.2168    0.4359
 000520   V  0.083690  0.775640  0.608047    0.9348    0.6136    0.7330    0.2070    0.5235    0.2844    0.4349
