#RESNUM RES     VL-XT     VSL2B       VL3  IUPred-S  IUPred-L  PONDRFIT  FITERROR       MDP  MDPERROR   ANCHOR2
 000001   M  0.821972  0.616409  0.242631    0.8200    0.2002    0.9070    0.0670    0.6014    0.2828    0.3375
 000002   T  0.441191  0.659739  0.242351    0.7772    0.2783    0.8730    0.0780    0.5454    0.2410    0.3172
 000003   T  0.462628  0.665402  0.241037    0.7342    0.3117    0.8260    0.1010    0.5401    0.2170    0.3052
 000004   L  0.545568  0.659542  0.239830    0.7111    0.3356    0.7490    0.0950    0.5402    0.1912    0.2917
 000005   E  0.581274  0.587906  0.238258    0.6715    0.3117    0.7610    0.0870    0.5253    0.1880    0.2778
 000006   A  0.576020  0.588000  0.236554    0.6293    0.2951    0.7770    0.0740    0.5170    0.1900    0.2617
 000007   F  0.595803  0.545299  0.235147    0.5473    0.2193    0.7610    0.1040    0.4840    0.1954    0.2353
 000008   A  0.609348  0.502635  0.233269    0.4749    0.1476    0.8420    0.0850    0.4683    0.2305    0.2123
 000009   K  0.620480  0.502775  0.231490    0.3535    0.2034    0.8440    0.0580    0.4592    0.2252    0.1938
 000010   A  0.619588  0.511771  0.228954    0.2255    0.1424    0.8150    0.0730    0.4238    0.2433    0.1861
 000011   R  0.619156  0.498909  0.226345    0.2122    0.1048    0.7790    0.0670    0.4068    0.2429    0.1826
 000012   S  0.562440  0.492486  0.223478    0.1698    0.1399    0.6750    0.0800    0.3773    0.2080    0.1844
 000013   E  0.498355  0.455496  0.221234    0.1060    0.1070    0.5440    0.0980    0.3220    0.1832    0.1914
 000014   G  0.456528  0.419553  0.218989    0.1060    0.1007    0.4640    0.1030    0.2943    0.1578    0.1943
 000015   R  0.402432  0.370182  0.217373    0.1322    0.0817    0.3390    0.0980    0.2572    0.1215    0.1990
 000016   A  0.373298  0.311812  0.215654    0.1240    0.0870    0.2440    0.0880    0.2260    0.0994    0.2113
 000017   A  0.349178  0.265279  0.214281    0.0832    0.1048    0.1660    0.0430    0.1972    0.0918    0.2341
 000018   L  0.309835  0.215148  0.212366    0.1566    0.1881    0.1260    0.0210    0.2013    0.0577    0.2590
 000019   I  0.275458  0.184569  0.211101    0.1805    0.2399    0.1110    0.0140    0.2005    0.0514    0.2774
 000020   P  0.221381  0.163466  0.210192    0.1766    0.2503    0.1220    0.0160    0.1906    0.0420    0.3020
 000021   Y  0.226061  0.162359  0.210821    0.2333    0.1759    0.1540    0.0330    0.1938    0.0310    0.3164
 000022   L  0.224201  0.168898  0.212665    0.2333    0.1184    0.1690    0.0440    0.1877    0.0399    0.3328
 000023   T  0.228475  0.181900  0.215121    0.1566    0.1275    0.1770    0.0500    0.1811    0.0339    0.3469
 000024   A  0.265137  0.194808  0.218129    0.0909    0.0948    0.2000    0.0640    0.1773    0.0639    0.3562
 000025   G  0.296105  0.236173  0.219578    0.1018    0.0605    0.2430    0.1000    0.1928    0.0832    0.3723
 000026   F  0.325525  0.261360  0.219344    0.0858    0.0719    0.2740    0.1040    0.2063    0.0954    0.3860
 000027   P  0.363366  0.278375  0.218406    0.0677    0.1028    0.2570    0.0840    0.2146    0.1017    0.3925
 000028   S  0.407715  0.311168  0.219112    0.0991    0.0817    0.2490    0.0920    0.2279    0.1138    0.3937
 000029   R  0.473428  0.338636  0.222127    0.1698    0.0835    0.2470    0.0960    0.2557    0.1242    0.3912
 000030   E  0.535377  0.315850  0.226285    0.1732    0.1702    0.2170    0.0880    0.2730    0.1268    0.3999
 000031   G  0.595573  0.302717  0.234077    0.0884    0.0851    0.1990    0.0740    0.2508    0.1724    0.4019
 000032   F  0.615769  0.308562  0.243537    0.1698    0.1251    0.1670    0.0550    0.2716    0.1650    0.4082
 000033   L  0.633253  0.280376  0.252409    0.1732    0.2094    0.1380    0.0440    0.2811    0.1644    0.4039
 000034   Q  0.640800  0.246016  0.258249    0.1416    0.1298    0.1280    0.0380    0.2574    0.1796    0.3994
 000035   A  0.646868  0.241350  0.261818    0.1998    0.0985    0.1210    0.0370    0.2615    0.1822    0.3965
 000036   V  0.628511  0.238127  0.264143    0.1322    0.1115    0.1100    0.0370    0.2475    0.1808    0.3970
 000037   E  0.617459  0.210455  0.266171    0.1416    0.1251    0.1000    0.0320    0.2435    0.1762    0.4032
 000038   E  0.549565  0.204005  0.268765    0.1322    0.1070    0.1020    0.0310    0.2273    0.1556    0.4004
 000039   V  0.504098  0.197061  0.272942    0.0789    0.0646    0.1180    0.0440    0.2060    0.1512    0.3936
 000040   L  0.465287  0.183264  0.277123    0.0858    0.0799    0.1340    0.0550    0.2042    0.1344    0.3924
 000041   P  0.445609  0.178851  0.283101    0.0425    0.0389    0.1560    0.0640    0.1908    0.1413    0.3877
 000042   Y  0.385841  0.179213  0.289085    0.0514    0.0380    0.1860    0.0790    0.1883    0.1229    0.3831
 000043   A  0.342189  0.169240  0.294338    0.0542    0.0851    0.2020    0.0830    0.1911    0.1033    0.3793
 000044   D  0.292869  0.158452  0.297490    0.0965    0.1611    0.2250    0.0870    0.2053    0.0737    0.3861
 000045   L  0.265268  0.174565  0.301064    0.0991    0.0948    0.2390    0.0920    0.1956    0.0793    0.3894
 000046   L  0.255843  0.188749  0.304406    0.1456    0.1162    0.2270    0.0810    0.2062    0.0640    0.3903
 000047   E  0.304692  0.194787  0.307682    0.1292    0.1823    0.2250    0.0850    0.2239    0.0647    0.3853
 000048   I  0.304677  0.217325  0.310407    0.1117    0.1643    0.2240    0.0790    0.2220    0.0709    0.3796
 000049   G  0.351522  0.254786  0.315179    0.1117    0.1759    0.2250    0.0800    0.2390    0.0807    0.3877
 000050   L  0.369069  0.278525  0.320795    0.1732    0.1731    0.2610    0.1030    0.2626    0.0719    0.4017
 000051   P  0.413860  0.315276  0.327257    0.2913    0.1611    0.2610    0.0970    0.2949    0.0761    0.4079
 000052   Y  0.466487  0.362139  0.332511    0.1921    0.1449    0.2820    0.1030    0.2967    0.1069    0.4033
 000053   S  0.531646  0.388292  0.337973    0.1844    0.2193    0.2750    0.1010    0.3228    0.1157    0.3942
 000054   D  0.594515  0.405611  0.342184    0.2255    0.2193    0.2910    0.1090    0.3463    0.1284    0.3800
 000055   P  0.638836  0.427396  0.345718    0.1921    0.2002    0.3050    0.1100    0.3516    0.1521    0.3554
 000056   L  0.667368  0.435458  0.349126    0.2333    0.3019    0.3090    0.1140    0.3827    0.1410    0.3318
 000057   G  0.708032  0.423428  0.355656    0.3263    0.3019    0.2770    0.1130    0.3987    0.1458    0.3138
 000058   D  0.705496  0.454586  0.364207    0.3225    0.2503    0.2660    0.1080    0.3938    0.1548    0.2998
 000059   G  0.732034  0.450216  0.371886    0.3311    0.2645    0.2690    0.1130    0.4032    0.1601    0.2800
 000060   P  0.736848  0.430730  0.375238    0.2963    0.2575    0.2500    0.1050    0.3910    0.1674    0.2584
 000061   V  0.739731  0.395830  0.375593    0.3053    0.3356    0.2450    0.1000    0.3995    0.1598    0.2311
 000062   I  0.717013  0.374346  0.371934    0.2657    0.3053    0.2510    0.1070    0.3809    0.1576    0.2086
 000063   Q  0.713068  0.353973  0.366050    0.3399    0.3566    0.2250    0.0910    0.3924    0.1511    0.1978
 000064   R  0.702189  0.355486  0.358851    0.3399    0.3566    0.2370    0.0920    0.3916    0.1453    0.1914
 000065   A  0.702382  0.354504  0.352661    0.2820    0.2680    0.2570    0.0910    0.3695    0.1537    0.1899
 000066   S  0.695988  0.364300  0.348699    0.2531    0.2470    0.2680    0.1000    0.3629    0.1558    0.1907
 000067   E  0.703405  0.364737  0.347446    0.2700    0.3321    0.2950    0.1140    0.3855    0.1456    0.1916
 000068   L  0.697884  0.384367  0.347757    0.2786    0.2951    0.3270    0.1080    0.3884    0.1426    0.1891
 000069   A  0.698768  0.405473  0.347081    0.2558    0.1942    0.3430    0.1040    0.3740    0.1604    0.1834
 000070   L  0.684763  0.429238  0.342716    0.2209    0.2129    0.3620    0.1000    0.3754    0.1582    0.1798
 000071   R  0.704952  0.445769  0.336205    0.1178    0.1184    0.3690    0.1110    0.3487    0.2013    0.1756
 000072   K  0.710290  0.453775  0.327293    0.1766    0.1184    0.3760    0.1160    0.3604    0.1936    0.1786
 000073   G  0.713850  0.424252  0.318822    0.1805    0.1942    0.3830    0.1200    0.3691    0.1783    0.1812
 000074   M  0.696911  0.386645  0.312282    0.1117    0.2034    0.4030    0.1350    0.3523    0.1845    0.1782
 000075   S  0.705105  0.356077  0.307950    0.1178    0.1476    0.4050    0.1290    0.3399    0.1937    0.1738
 000076   V  0.695142  0.343912  0.303032    0.1532    0.1702    0.3950    0.1070    0.3434    0.1799    0.1657
 000077   Q  0.709324  0.322343  0.297110    0.0965    0.1449    0.3610    0.1190    0.3219    0.1976    0.1610
 000078   G  0.723118  0.313351  0.290577    0.0832    0.0799    0.3610    0.1270    0.3086    0.2153    0.1570
 000079   A  0.738168  0.314022  0.284125    0.1088    0.1399    0.3620    0.1200    0.3245    0.2061    0.1547
 000080   L  0.737654  0.298569  0.276203    0.0723    0.1823    0.3250    0.1020    0.3154    0.2070    0.1569
 000081   E  0.730116  0.265283  0.267282    0.1240    0.2541    0.2860    0.1000    0.3211    0.1906    0.1627
 000082   L  0.718570  0.258620  0.257049    0.1380    0.2918    0.2490    0.0870    0.3189    0.1851    0.1648
 000083   V  0.728823  0.257678  0.247100    0.1416    0.2164    0.2020    0.0680    0.2989    0.1959    0.1654
 000084   R  0.738436  0.249237  0.235998    0.1602    0.1251    0.1940    0.0670    0.2839    0.2076    0.1711
 000085   E  0.738109  0.250847  0.225706    0.1178    0.0985    0.1980    0.0620    0.2715    0.2157    0.1834
 000086   V  0.710401  0.259619  0.213583    0.0621    0.0799    0.2090    0.0730    0.2558    0.2157    0.1963
 000087   R  0.686596  0.244443  0.200991    0.0567    0.1298    0.2170    0.0780    0.2559    0.2024    0.2207
 000088   A  0.634389  0.237389  0.185003    0.0405    0.0734    0.2170    0.0690    0.2313    0.1942    0.2500
 000089   L  0.587327  0.250765  0.168466    0.0405    0.0424    0.1880    0.0530    0.2129    0.1840    0.2821
 000090   T  0.545193  0.249859  0.152865    0.0268    0.0581    0.1700    0.0640    0.2005    0.1707    0.3177
 000091   E  0.500429  0.235518  0.141349    0.0259    0.1184    0.1370    0.0490    0.1931    0.1503    0.3490
 000092   K  0.422585  0.222913  0.132554    0.0245    0.0676    0.1080    0.0320    0.1630    0.1312    0.3793
 000093   P  0.345409  0.196582  0.125436    0.0526    0.0690    0.1030    0.0430    0.1487    0.0993    0.4143
 000094   L  0.278385  0.150823  0.119722    0.0502    0.0888    0.0960    0.0420    0.1307    0.0727    0.4221
 000095   F  0.217552  0.115522  0.115905    0.0268    0.0473    0.0810    0.0290    0.1008    0.0616    0.4053
 000096   L  0.153062  0.098555  0.113732    0.0179    0.0414    0.0710    0.0240    0.0827    0.0451    0.4002
 000097   M  0.114466  0.076860  0.112213    0.0144    0.0780    0.0660    0.0220    0.0771    0.0334    0.3993
 000098   T  0.072424  0.061708  0.109926    0.0157    0.0888    0.0590    0.0160    0.0679    0.0291    0.4112
 000099   Y  0.033609  0.059245  0.106816    0.0268    0.1070    0.0550    0.0150    0.0648    0.0318    0.4297
 000100   L  0.003174  0.059934  0.103676    0.0542    0.0909    0.0510    0.0120    0.0605    0.0322    0.4194
 000101   N  0.003136  0.063934  0.102588    0.0514    0.0424    0.0490    0.0110    0.0520    0.0294    0.3998
 000102   P  0.003061  0.070280  0.103112    0.0279    0.0372    0.0460    0.0100    0.0480    0.0318    0.3862
 000103   V  0.002987  0.074616  0.104580    0.0137    0.0231    0.0490    0.0140    0.0446    0.0357    0.3695
 000104   L  0.002770  0.081227  0.105783    0.0118    0.0111    0.0550    0.0210    0.0447    0.0391    0.3582
 000105   A  0.000433  0.088828  0.106657    0.0128    0.0163    0.0590    0.0220    0.0473    0.0403    0.3487
 000106   W  0.000211  0.094105  0.108337    0.0131    0.0313    0.0610    0.0190    0.0514    0.0401    0.3407
 000107   G  0.000278  0.103321  0.110278    0.0259    0.0424    0.0590    0.0140    0.0569    0.0396    0.3301
 000108   P  0.000291  0.107191  0.112843    0.0395    0.0543    0.0550    0.0130    0.0615    0.0388    0.3218
 000109   E  0.000318  0.108442  0.114843    0.0304    0.0414    0.0500    0.0100    0.0576    0.0412    0.3142
 000110   R  0.000355  0.109664  0.117911    0.0567    0.0780    0.0440    0.0070    0.0678    0.0400    0.3030
 000111   F  0.000403  0.110759  0.123783    0.0884    0.1275    0.0440    0.0070    0.0824    0.0462    0.2960
 000112   F  0.000461  0.123232  0.131744    0.0909    0.0780    0.0500    0.0120    0.0791    0.0445    0.2895
 000113   G  0.004855  0.147006  0.139846    0.0771    0.0349    0.0630    0.0190    0.0778    0.0517    0.2762
 000114   L  0.007738  0.171146  0.145323    0.0832    0.0327    0.1060    0.0290    0.0910    0.0577    0.2619
 000115   F  0.010568  0.182184  0.149361    0.0965    0.0676    0.1360    0.0380    0.1071    0.0567    0.2458
 000116   K  0.010755  0.185938  0.152640    0.0701    0.0888    0.1310    0.0350    0.1066    0.0575    0.2315
 000117   Q  0.011075  0.185339  0.156994    0.1532    0.0985    0.1340    0.0360    0.1232    0.0566    0.2251
 000118   A  0.039491  0.184663  0.162176    0.1667    0.1184    0.1370    0.0420    0.1348    0.0476    0.2235
 000119   G  0.114533  0.167718  0.168646    0.0789    0.1206    0.1300    0.0450    0.1301    0.0312    0.2245
 000120   A  0.197186  0.165582  0.176047    0.0858    0.1184    0.1170    0.0450    0.1434    0.0389    0.2290
 000121   T  0.287547  0.182533  0.185193    0.1088    0.1323    0.1170    0.0480    0.1690    0.0607    0.2389
 000122   G  0.382101  0.190773  0.195299    0.1844    0.2399    0.1310    0.0460    0.2205    0.0790    0.2446
 000123   V  0.478132  0.201932  0.205481    0.2963    0.3840    0.1710    0.0500    0.2895    0.1106    0.2511
 000124   I  0.557779  0.244833  0.213626    0.3096    0.3807    0.2010    0.0420    0.3179    0.1235    0.2665
 000125   L  0.631790  0.299443  0.220209    0.4282    0.3807    0.2310    0.0580    0.3653    0.1406    0.2895
 000126   P  0.703483  0.358658  0.225395    0.5253    0.4220    0.2670    0.1040    0.4169    0.1615    0.3112
 000127   D  0.748420  0.420839  0.230243    0.4420    0.4256    0.3610    0.1090    0.4380    0.1560    0.3278
 000128   L  0.762347  0.472675  0.234457    0.3491    0.3321    0.4380    0.1570    0.4315    0.1667    0.3366
 000129   P  0.762860  0.521704  0.238877    0.3847    0.3321    0.4480    0.1870    0.4480    0.1662    0.3439
 000130   P  0.760031  0.552965  0.243397    0.2913    0.3392    0.4650    0.1960    0.4420    0.1764    0.3440
 000131   D  0.748305  0.567673  0.247469    0.2963    0.3910    0.4290    0.1700    0.4466    0.1690    0.3394
 000132   E  0.748583  0.554059  0.250264    0.3053    0.2817    0.3140    0.1050    0.4090    0.1814    0.3334
 000133   D  0.761650  0.576930  0.252519    0.3225    0.2817    0.2460    0.0890    0.4068    0.1947    0.3206
 000134   P  0.778757  0.526596  0.254265    0.3053    0.2680    0.2000    0.0630    0.3888    0.2027    0.3061
 000135   G  0.796351  0.448793  0.254894    0.3939    0.3774    0.1690    0.0510    0.4067    0.1975    0.2862
 000136   L  0.803908  0.371530  0.253401    0.3992    0.4766    0.1470    0.0490    0.4085    0.2062    0.2665
 000137   V  0.782668  0.307514  0.249817    0.3885    0.3704    0.1340    0.0400    0.3722    0.2019    0.2525
 000138   R  0.773389  0.265122  0.245985    0.3717    0.2503    0.1340    0.0340    0.3400    0.2057    0.2442
 000139   L  0.740563  0.241270  0.242242    0.3992    0.2541    0.1590    0.0570    0.3395    0.1929    0.2433
 000140   A  0.698783  0.220087  0.239600    0.2786    0.1501    0.1560    0.0540    0.2906    0.1880    0.2460
 000141   Q  0.639485  0.200862  0.236113    0.1732    0.1070    0.1490    0.0560    0.2509    0.1784    0.2554
 000142   E  0.581192  0.180145  0.229809    0.1018    0.1184    0.1550    0.0450    0.2278    0.1634    0.2678
 000143   I  0.545497  0.165333  0.221439    0.0701    0.1137    0.1540    0.0370    0.2117    0.1563    0.2810
 000144   G  0.516101  0.143895  0.212852    0.0771    0.1048    0.1360    0.0290    0.1984    0.1481    0.3057
 000145   L  0.495427  0.135192  0.206910    0.0587    0.0929    0.1320    0.0300    0.1868    0.1452    0.3330
 000146   E  0.488499  0.132622  0.202470    0.0567    0.1007    0.1310    0.0330    0.1853    0.1424    0.3650
 000147   T  0.475412  0.129861  0.198813    0.1018    0.1349    0.1180    0.0300    0.1931    0.1298    0.3948
 000148   V  0.480221  0.122805  0.194479    0.1602    0.1914    0.0960    0.0280    0.2075    0.1269    0.4205
 000149   F  0.446310  0.125220  0.189929    0.1266    0.1184    0.0890    0.0270    0.1826    0.1217    0.4251
 000150   L  0.419543  0.141342  0.184534    0.1958    0.1554    0.0860    0.0240    0.1971    0.1055    0.4162
 000151   L  0.394327  0.162564  0.178262    0.1380    0.1942    0.0880    0.0210    0.1926    0.0964    0.4139
 000152   A  0.350426  0.189905  0.170065    0.1060    0.1298    0.0870    0.0220    0.1721    0.0872    0.4166
 000153   P  0.291786  0.225591  0.161109    0.0935    0.0780    0.0960    0.0230    0.1576    0.0785    0.4195
 000154   T  0.233146  0.247195  0.152495    0.1041    0.1373    0.1190    0.0340    0.1656    0.0550    0.4262
 000155   S  0.174755  0.256154  0.146655    0.0621    0.1424    0.1340    0.0390    0.1527    0.0576    0.4265
 000156   T  0.116363  0.271784  0.143307    0.1041    0.1852    0.1300    0.0420    0.1585    0.0567    0.4127
 000157   D  0.059741  0.295218  0.141523    0.0909    0.1791    0.1190    0.0400    0.1476    0.0759    0.3956
 000158   A  0.054539  0.300480  0.139386    0.0701    0.1702    0.1140    0.0320    0.1415    0.0811    0.3788
 000159   R  0.047741  0.292742  0.136889    0.1088    0.1424    0.1020    0.0240    0.1384    0.0756    0.3634
 000160   I  0.038467  0.306127  0.134297    0.1766    0.1759    0.0900    0.0170    0.1535    0.0837    0.3550
 000161   A  0.030484  0.285782  0.131688    0.1566    0.1702    0.0770    0.0190    0.1419    0.0801    0.3537
 000162   T  0.031004  0.235056  0.130451    0.1667    0.2164    0.0770    0.0250    0.1428    0.0724    0.3555
 000163   V  0.031525  0.198093  0.131080    0.1322    0.1823    0.0690    0.0170    0.1241    0.0585    0.3584
 000164   V  0.029803  0.158871  0.133618    0.0935    0.1528    0.0580    0.0110    0.1044    0.0483    0.3596
 000165   R  0.027876  0.124003  0.137821    0.0607    0.0985    0.0620    0.0160    0.0852    0.0385    0.3651
 000166   H  0.025365  0.124706  0.143911    0.0621    0.1048    0.0740    0.0290    0.0892    0.0399    0.3722
 000167   A  0.019982  0.126503  0.151902    0.0414    0.0985    0.0890    0.0380    0.0879    0.0456    0.3755
 000168   T  0.014650  0.125772  0.160671    0.0395    0.0592    0.1130    0.0470    0.0854    0.0514    0.3785
 000169   G  0.012884  0.128974  0.169692    0.0526    0.0780    0.1380    0.0580    0.0967    0.0539    0.3788
 000170   F  0.018795  0.137097  0.178195    0.0336    0.0799    0.1540    0.0600    0.1003    0.0603    0.3799
 000171   V  0.030830  0.135142  0.185346    0.0643    0.1184    0.1400    0.0360    0.1124    0.0510    0.3702
 000172   Y  0.037053  0.138323  0.191525    0.0832    0.1373    0.1510    0.0300    0.1230    0.0498    0.3636
 000173   A  0.055759  0.148033  0.197048    0.0660    0.1424    0.1510    0.0280    0.1267    0.0499    0.3529
 000174   V  0.108065  0.156541  0.202078    0.1060    0.2002    0.1590    0.0320    0.1552    0.0385    0.3447
 000175   S  0.186345  0.165830  0.206796    0.1635    0.1942    0.1640    0.0390    0.1801    0.0168    0.3409
 000176   V  0.261082  0.188143  0.212604    0.1698    0.2258    0.1750    0.0480    0.2054    0.0318    0.3355
 000177   T  0.349914  0.206499  0.221039    0.1088    0.2328    0.1770    0.0480    0.2160    0.0723    0.3342
 000178   G  0.438118  0.239233  0.232762    0.1532    0.2783    0.1880    0.0520    0.2550    0.0909    0.3343
 000179   V  0.519374  0.290309  0.247135    0.1532    0.2002    0.2050    0.0510    0.2692    0.1196    0.3361
 000180   T  0.595264  0.345897  0.261969    0.1532    0.1969    0.2110    0.0470    0.2940    0.1476    0.3412
 000181   G  0.675961  0.374768  0.276336    0.1766    0.3149    0.2490    0.0530    0.3445    0.1601    0.3439
 000182   M  0.740174  0.414188  0.289855    0.2385    0.3019    0.2980    0.0690    0.3804    0.1693    0.3530
 000183   R  0.769972  0.450033  0.302841    0.3263    0.3182    0.2940    0.0680    0.4103    0.1691    0.3571
 000184   E  0.799564  0.462785  0.315168    0.2786    0.3494    0.3080    0.0730    0.4189    0.1800    0.3633
 000185   R  0.832125  0.474721  0.326788    0.2786    0.4186    0.3390    0.0870    0.4450    0.1845    0.3679
 000186   L  0.853061  0.506209  0.336982    0.2820    0.3249    0.3380    0.0880    0.4402    0.1976    0.3693
 000187   P  0.874573  0.518971  0.345651    0.3535    0.3910    0.3120    0.0870    0.4659    0.1942    0.3673
 000188   E  0.894368  0.505223  0.352482    0.2657    0.3494    0.3420    0.1020    0.4515    0.2105    0.3594
 000189   E  0.914980  0.515483  0.358848    0.2602    0.3460    0.3050    0.0970    0.4500    0.2224    0.3515
 000190   V  0.934283  0.497071  0.362998    0.2963    0.4292    0.2560    0.0790    0.4626    0.2256    0.3442
 000191   K  0.960030  0.424883  0.365607    0.2963    0.3872    0.1900    0.0580    0.4373    0.2457    0.3390
 000192   D  0.979404  0.379926  0.366518    0.2913    0.3087    0.1670    0.0460    0.4155    0.2614    0.3345
 000193   L  0.973617  0.347208  0.366766    0.2963    0.3740    0.1460    0.0320    0.4173    0.2605    0.3286
 000194   V  0.966479  0.302222  0.366978    0.2209    0.3087    0.1310    0.0300    0.3827    0.2716    0.3244
 000195   R  0.909393  0.282101  0.367413    0.2385    0.2645    0.1220    0.0300    0.3640    0.2544    0.3188
 000196   R  0.822160  0.279539  0.366864    0.1732    0.2002    0.1210    0.0240    0.3272    0.2349    0.3121
 000197   I  0.734938  0.271072  0.364812    0.2209    0.2783    0.1150    0.0220    0.3309    0.1955    0.3040
 000198   K  0.630847  0.254062  0.362667    0.1416    0.1528    0.1060    0.0140    0.2747    0.1808    0.3009
 000199   A  0.524139  0.255583  0.362323    0.1416    0.1424    0.1140    0.0210    0.2568    0.1467    0.3037
 000200   R  0.429088  0.249119  0.362301    0.0744    0.0888    0.1300    0.0300    0.2223    0.1362    0.3076
 000201   T  0.344242  0.235990  0.361022    0.1117    0.1323    0.1310    0.0290    0.2194    0.1024    0.3079
 000202   A  0.245483  0.212212  0.360200    0.0723    0.1349    0.1360    0.0240    0.1936    0.0933    0.3051
 000203   L  0.150112  0.220093  0.360717    0.0677    0.1229    0.1360    0.0260    0.1763    0.0939    0.3034
 000204   P  0.106263  0.220685  0.363702    0.1060    0.1643    0.1310    0.0280    0.1820    0.0903    0.2992
 000205   V  0.092941  0.227268  0.367511    0.1566    0.2364    0.1380    0.0230    0.2032    0.0887    0.2919
 000206   A  0.079620  0.222437  0.371749    0.1205    0.2094    0.1420    0.0310    0.1909    0.0947    0.2894
 000207   V  0.112982  0.244592  0.374497    0.1178    0.1852    0.1500    0.0440    0.1975    0.0908    0.2893
 000208   G  0.140628  0.262475  0.375369    0.1456    0.2817    0.1700    0.0600    0.2292    0.0853    0.2923
 000209   F  0.155602  0.284795  0.372985    0.1178    0.2575    0.1980    0.0750    0.2312    0.0850    0.2929
 000210   G  0.149169  0.319047  0.367629    0.1456    0.2575    0.2190    0.0800    0.2430    0.0820    0.2900
 000211   V  0.151011  0.347398  0.360289    0.1178    0.1942    0.2510    0.0910    0.2369    0.0922    0.2887
 000212   S  0.150885  0.378018  0.354012    0.0909    0.1611    0.2870    0.1020    0.2370    0.1085    0.2896
 000213   G  0.144839  0.394342  0.347327    0.0701    0.2002    0.3070    0.1050    0.2440    0.1149    0.2917
 000214   K  0.138412  0.398252  0.342041    0.0858    0.2783    0.3200    0.1000    0.2604    0.1117    0.2969
 000215   A  0.131985  0.421437  0.337282    0.0813    0.1852    0.3480    0.1070    0.2508    0.1246    0.3025
 000216   T  0.190554  0.432158  0.335467    0.1205    0.1881    0.3770    0.1150    0.2739    0.1134    0.3101
 000217   A  0.257517  0.416605  0.333457    0.0909    0.1583    0.3770    0.1180    0.2723    0.1166    0.3141
 000218   A  0.320083  0.401168  0.331146    0.0884    0.2193    0.3430    0.1040    0.2839    0.1026    0.3171
 000219   Q  0.379499  0.391613  0.329839    0.0542    0.2164    0.3240    0.0900    0.2825    0.1167    0.3180
 000220   A  0.408202  0.360023  0.330027    0.1060    0.2918    0.3150    0.0850    0.3019    0.0950    0.3235
 000221   A  0.461741  0.341183  0.334414    0.1088    0.2164    0.3140    0.0790    0.2961    0.1101    0.3294
 000222   V  0.489576  0.330232  0.340629    0.1322    0.2164    0.3180    0.0790    0.3046    0.1110    0.3369
 000223   A  0.541998  0.318341  0.349429    0.0813    0.2164    0.2980    0.0720    0.3009    0.1391    0.3443
 000224   D  0.618402  0.314626  0.358244    0.0514    0.1914    0.2890    0.0500    0.3039    0.1725    0.3516
 000225   G  0.601382  0.316611  0.367222    0.0526    0.1298    0.3110    0.0570    0.2964    0.1760    0.3552
 000226   V  0.574735  0.289348  0.375237    0.0554    0.1583    0.3230    0.0440    0.2960    0.1641    0.3635
 000227   V  0.556357  0.265652  0.384017    0.0336    0.1611    0.3120    0.0350    0.2855    0.1649    0.3715
 000228   V  0.553543  0.284466  0.394461    0.0478    0.1852    0.2990    0.0450    0.2941    0.1581    0.3798
 000229   G  0.590435  0.277415  0.406803    0.0660    0.2094    0.2900    0.0480    0.3067    0.1628    0.3865
 000230   S  0.609376  0.291081  0.419266    0.0643    0.2064    0.2920    0.0540    0.3138    0.1699    0.3957
 000231   A  0.657082  0.291599  0.433144    0.0832    0.1611    0.3030    0.0660    0.3215    0.1866    0.4012
 000232   L  0.670720  0.314190  0.450196    0.1088    0.1611    0.3050    0.0800    0.3351    0.1865    0.4087
 000233   V  0.666344  0.346680  0.469422    0.1060    0.2503    0.3050    0.0820    0.3573    0.1758    0.4105
 000234   R  0.673259  0.404916  0.488827    0.1150    0.2034    0.3130    0.0870    0.3664    0.1841    0.4146
 000235   A  0.691411  0.456638  0.506366    0.1266    0.1323    0.3390    0.0870    0.3754    0.2025    0.4209
 000236   L  0.696936  0.504069  0.523247    0.0832    0.1323    0.3610    0.0900    0.3835    0.2184    0.4294
 000237   E  0.706896  0.525475  0.540120    0.0884    0.1942    0.3560    0.0850    0.4018    0.2125    0.4314
 000238   E  0.713854  0.549737  0.557776    0.1456    0.1702    0.3630    0.0760    0.4166    0.2094    0.4334
 000239   G  0.713927  0.568201  0.574841    0.2122    0.2328    0.3740    0.0880    0.4460    0.1865    0.4312
 000240   R  0.715285  0.571666  0.592030    0.1380    0.2364    0.3920    0.1030    0.4409    0.2046    0.4283
 000241   S  0.726122  0.582661  0.609649    0.1380    0.2364    0.4260    0.1090    0.4532    0.2093    0.4275
 000242   L  0.727598  0.601425  0.628976    0.1766    0.1942    0.3980    0.1240    0.4544    0.2140    0.4270
 000243   A  0.728350  0.603744  0.647873    0.2602    0.2715    0.3210    0.1010    0.4721    0.1923    0.4273
 000244   P  0.721240  0.605689  0.667743    0.2700    0.3392    0.3020    0.0780    0.4843    0.1847    0.4268
 000245   L  0.702125  0.613640  0.686439    0.2820    0.2645    0.3270    0.0850    0.4792    0.1910    0.4288
 000246   L  0.692079  0.629479  0.704444    0.3184    0.3019    0.3120    0.0670    0.4931    0.1838    0.4321
 000247   Q  0.701227  0.656198  0.719460    0.3263    0.3494    0.3060    0.0610    0.5097    0.1840    0.4293
 000248   E  0.699600  0.670602  0.735029    0.3146    0.3529    0.3330    0.0750    0.5177    0.1853    0.4265
 000249   I  0.699080  0.686671  0.751040    0.2820    0.3740    0.3550    0.0960    0.5246    0.1907    0.4237
 000250   R  0.709018  0.690236  0.767482    0.2865    0.3740    0.3570    0.1040    0.5307    0.1948    0.4233
 000251   Q  0.721429  0.702545  0.783610    0.3311    0.2951    0.4150    0.1130    0.5415    0.1991    0.4222
 000252   G  0.724356  0.723252  0.798719    0.3359    0.2951    0.4720    0.1120    0.5582    0.1995    0.4242
 000253   L  0.738538  0.751927  0.813445    0.3578    0.3840    0.5100    0.1090    0.5926    0.1830    0.4266
 000254   Q  0.760017  0.766614  0.826973    0.4037    0.4149    0.5250    0.1320    0.6161    0.1741    0.4266
 000255   R  0.788228  0.798287  0.840365    0.3717    0.3840    0.6060    0.1200    0.6315    0.1938    0.4281
 000256   L  0.801172  0.817861  0.852355    0.4513    0.4582    0.6630    0.1000    0.6739    0.1658    0.4306
 000257   E  0.803811  0.848546  0.863611    0.5296    0.5419    0.6600    0.1040    0.7080    0.1383    0.4317
 000258   A  0.831246  0.877575  0.874037    0.5253    0.5758    0.7170    0.0760    0.7336    0.1405    0.4335
 000259   N  0.842345  0.903518  0.884166    0.5229    0.4766    0.7740    0.0460    0.7340    0.1710    0.4327
 000260   P  0.860954  0.918215  0.892631    0.6442    0.6269    0.8240    0.0440    0.7945    0.1161    0.4310
 000261   G  0.875104  0.928790  0.899519    0.5846    0.6136    0.8630    0.0380    0.7941    0.1396    0.4307
 000262   L  0.886507  0.940765  0.904867    0.6174    0.5951    0.9310    0.0570    0.8127    0.1472    0.4310
 000263   K  0.912393  0.950736  0.908889    0.6474    0.5807    0.9490    0.0530    0.8249    0.1512    0.4325
 000264   E  0.927285  0.957462  0.911256    0.7458    0.6806    0.9560    0.0440    0.8631    0.1088    0.4336
 000265   S  0.937499  0.960150  0.912986    0.7724    0.6620    0.9590    0.0440    0.8674    0.1120    0.4358
 000266   S  0.968704  0.963535  0.914930    0.8158    0.6427    0.9690    0.0210    0.8792    0.1187    0.4397
 000267   K  0.971579  0.966549  0.917505    0.9040    0.7672    0.9640    0.0190    0.9151    0.0709    0.4439
 000268   K  0.993177  0.969513  0.920014    0.9257    0.7415    0.9750    0.0240    0.9209    0.0844    0.4489
 000269   P  0.994274  0.972174  0.922103    0.9587    0.7916    0.9700    0.0250    0.9348    0.0676    0.4557
 000270   L  0.993477  0.972885  0.924114    0.9697    0.7595    0.9590    0.0470    0.9298    0.0789    0.4627
 000271   P  0.994320  0.974147  0.925039    0.9731    0.6755    0.9340    0.0760    0.9126    0.1087    0.4685
