#RESNUM RES     VL-XT     VSL2B       VL3  IUPred-S  IUPred-L  PONDRFIT  FITERROR       MDP  MDPERROR   ANCHOR2
 000001   M  0.223877  0.554321  0.058969    0.5331    0.0356    0.7610    0.1100    0.3513    0.2719    0.0813
 000002   Y  0.031588  0.505338  0.060797    0.5173    0.0506    0.6380    0.0860    0.2904    0.2567    0.0733
 000003   D  0.062361  0.462000  0.063245    0.4651    0.0294    0.5500    0.1090    0.2615    0.2228    0.0672
 000004   L  0.098790  0.377913  0.064188    0.4116    0.0231    0.5190    0.1190    0.2384    0.1934    0.0612
 000005   L  0.183178  0.308708  0.064070    0.2657    0.0248    0.6860    0.1610    0.2448    0.2177    0.0561
 000006   V  0.172743  0.243143  0.063662    0.1602    0.0263    0.8630    0.1000    0.2442    0.2813    0.0518
 000007   I  0.199511  0.199478  0.064002    0.0965    0.0188    0.9000    0.0610    0.2357    0.2999    0.0424
 000008   G  0.230959  0.182799  0.064989    0.0526    0.0258    0.8910    0.0650    0.2305    0.2998    0.0365
 000009   A  0.250728  0.168508  0.067904    0.0200    0.0269    0.8390    0.0790    0.2175    0.2849    0.0332
 000010   G  0.285417  0.175955  0.070453    0.0150    0.0281    0.7260    0.1190    0.2051    0.2465    0.0311
 000011   P  0.342974  0.198396  0.072236    0.0079    0.0372    0.6260    0.1120    0.2020    0.2165    0.0301
 000012   G  0.412050  0.207378  0.074366    0.0081    0.0281    0.5260    0.1410    0.1970    0.1975    0.0279
 000013   G  0.465432  0.213875  0.078570    0.0173    0.0483    0.4730    0.1320    0.2030    0.1897    0.0281
 000014   Y  0.545882  0.210535  0.083932    0.0081    0.0364    0.3840    0.0970    0.1975    0.1962    0.0285
 000015   V  0.628763  0.204260  0.088937    0.0141    0.0605    0.2440    0.0740    0.1919    0.2054    0.0304
 000016   A  0.689037  0.191390  0.092070    0.0200    0.0646    0.1370    0.0460    0.1836    0.2262    0.0325
 000017   A  0.705379  0.180968  0.096664    0.0336    0.0948    0.1140    0.0450    0.1881    0.2288    0.0351
 000018   I  0.684677  0.159788  0.100255    0.0414    0.1137    0.1010    0.0320    0.1835    0.2200    0.0378
 000019   R  0.658146  0.156545  0.103404    0.0414    0.0799    0.0890    0.0220    0.1708    0.2137    0.0415
 000020   A  0.571990  0.158355  0.108524    0.0363    0.1070    0.0890    0.0200    0.1605    0.1805    0.0437
 000021   A  0.490432  0.164415  0.114586    0.0231    0.1115    0.0850    0.0170    0.1457    0.1528    0.0472
 000022   Q  0.407520  0.171002  0.122654    0.0212    0.1007    0.0880    0.0150    0.1314    0.1244    0.0520
 000023   L  0.316386  0.184235  0.128754    0.0226    0.1028    0.0920    0.0170    0.1197    0.0943    0.0597
 000024   G  0.232071  0.216177  0.134311    0.0259    0.0870    0.1060    0.0230    0.1111    0.0754    0.0648
 000025   M  0.158467  0.241715  0.139547    0.0490    0.0929    0.1260    0.0400    0.1113    0.0638    0.0701
 000026   K  0.105056  0.272061  0.144935    0.0567    0.1323    0.1290    0.0400    0.1159    0.0699    0.0742
 000027   V  0.095948  0.293462  0.153137    0.0478    0.1528    0.1490    0.0470    0.1231    0.0794    0.0789
 000028   G  0.078118  0.337161  0.164366    0.0607    0.1881    0.1780    0.0570    0.1404    0.0942    0.0824
 000029   V  0.079554  0.397123  0.178010    0.1088    0.2094    0.2290    0.0550    0.1707    0.1068    0.0884
 000030   V  0.074088  0.450853  0.188044    0.1041    0.1373    0.2420    0.0520    0.1681    0.1289    0.0934
 000031   E  0.066159  0.482821  0.198245    0.0813    0.1643    0.2230    0.0470    0.1696    0.1416    0.1005
 000032   K  0.056552  0.499755  0.206643    0.0677    0.1399    0.2030    0.0460    0.1612    0.1520    0.1070
 000033   E  0.049140  0.479097  0.215437    0.0723    0.1323    0.1630    0.0560    0.1493    0.1470    0.1120
 000034   K  0.040952  0.419663  0.225891    0.0858    0.1424    0.1160    0.0420    0.1341    0.1300    0.1121
 000035   A  0.044406  0.370600  0.237110    0.0884    0.0851    0.0830    0.0300    0.1119    0.1220    0.1138
 000036   L  0.049128  0.323943  0.254542    0.0643    0.1251    0.0620    0.0200    0.1041    0.1138    0.1135
 000037   G  0.047943  0.272052  0.271397    0.0376    0.1275    0.0610    0.0220    0.0910    0.1097    0.1143
 000038   G  0.048115  0.226605  0.281961    0.0723    0.1759    0.0720    0.0320    0.0992    0.0997    0.1186
 000039   T  0.047026  0.205685  0.292024    0.0789    0.1528    0.0760    0.0260    0.0934    0.0985    0.1257
 000040   C  0.046099  0.170435  0.296700    0.1205    0.1424    0.0770    0.0250    0.0928    0.0942    0.1293
 000041   L  0.045890  0.158731  0.300546    0.1456    0.1323    0.0760    0.0300    0.0931    0.0950    0.1357
 000042   R  0.055074  0.155425  0.304870    0.0884    0.1323    0.0730    0.0330    0.0841    0.0976    0.1442
 000043   V  0.088420  0.144054  0.309185    0.0567    0.1399    0.0740    0.0310    0.0838    0.0987    0.1506
 000044   G  0.114065  0.153296  0.310455    0.0526    0.1349    0.0820    0.0310    0.0895    0.0974    0.1591
 000045   C  0.137147  0.174854  0.309852    0.0542    0.1476    0.0880    0.0340    0.1004    0.0960    0.1730
 000046   I  0.199783  0.197737  0.309001    0.0701    0.1759    0.0880    0.0310    0.1219    0.0945    0.1882
 000047   P  0.274153  0.221676  0.309947    0.1205    0.1671    0.0850    0.0280    0.1448    0.0954    0.2107
 000048   S  0.349404  0.254541  0.309558    0.1266    0.1092    0.0960    0.0300    0.1560    0.1135    0.2297
 000049   K  0.358496  0.283122  0.313170    0.0789    0.1229    0.0990    0.0260    0.1570    0.1235    0.2441
 000050   A  0.371849  0.288089  0.315958    0.0455    0.0967    0.0960    0.0330    0.1496    0.1371    0.2553
 000051   L  0.366995  0.307349  0.322611    0.0832    0.1399    0.0940    0.0380    0.1653    0.1278    0.2691
 000052   L  0.341647  0.323999  0.330364    0.1060    0.2034    0.0990    0.0390    0.1790    0.1175    0.2707
 000053   E  0.335207  0.340565  0.332390    0.1018    0.1969    0.1090    0.0500    0.1806    0.1184    0.2628
 000054   T  0.322905  0.363436  0.335904    0.1456    0.1852    0.1270    0.0540    0.1907    0.1115    0.2556
 000055   T  0.258547  0.384169  0.336256    0.1416    0.1275    0.1170    0.0590    0.1715    0.1196    0.2517
 000056   E  0.189410  0.376896  0.336955    0.1566    0.1791    0.1030    0.0530    0.1674    0.1137    0.2490
 000057   R  0.110705  0.371561  0.338785    0.1667    0.2364    0.0970    0.0460    0.1638    0.1200    0.2428
 000058   I  0.103463  0.381437  0.340674    0.1416    0.2034    0.1050    0.0460    0.1559    0.1244    0.2297
 000059   Y  0.092775  0.384796  0.337912    0.1150    0.1476    0.1080    0.0420    0.1413    0.1305    0.2214
 000060   E  0.087813  0.396250  0.331160    0.1178    0.1449    0.0950    0.0350    0.1403    0.1337    0.2140
 000061   A  0.074470  0.410035  0.329576    0.0991    0.1702    0.0940    0.0360    0.1413    0.1397    0.2106
 000062   K  0.064213  0.414390  0.321617    0.1456    0.1791    0.0820    0.0320    0.1476    0.1377    0.2063
 000063   K  0.052108  0.396009  0.314441    0.2041    0.2715    0.0920    0.0390    0.1694    0.1315    0.2082
 000064   G  0.048900  0.381610  0.308232    0.1456    0.1791    0.0990    0.0360    0.1424    0.1270    0.2144
 000065   L  0.038637  0.379057  0.307278    0.1566    0.1823    0.1090    0.0330    0.1443    0.1263    0.2274
 000066   L  0.036840  0.370418  0.308725    0.0965    0.1137    0.0980    0.0330    0.1193    0.1334    0.2323
 000067   G  0.034313  0.380775  0.306238    0.0935    0.1229    0.0840    0.0330    0.1192    0.1370    0.2320
 000068   A  0.031104  0.385482  0.301441    0.0542    0.1007    0.0830    0.0290    0.1091    0.1433    0.2377
 000069   K  0.027624  0.392902  0.293793    0.1178    0.1070    0.0800    0.0290    0.1208    0.1381    0.2451
 000070   V  0.025689  0.368767  0.285437    0.1602    0.1424    0.0750    0.0240    0.1287    0.1271    0.2550
 000071   K  0.013769  0.350313  0.282693    0.0991    0.1092    0.0620    0.0210    0.1058    0.1301    0.2724
 000072   G  0.011012  0.332037  0.282748    0.1018    0.1373    0.0610    0.0210    0.1072    0.1250    0.2891
 000073   V  0.012702  0.317938  0.283298    0.0813    0.1373    0.0610    0.0190    0.1016    0.1232    0.3153
 000074   E  0.013812  0.305076  0.284312    0.0909    0.1501    0.0600    0.0180    0.1033    0.1195    0.3392
 000075   L  0.014364  0.292979  0.283091    0.0965    0.1501    0.0610    0.0160    0.1025    0.1160    0.3663
 000076   D  0.015107  0.297078  0.283142    0.1566    0.1554    0.0660    0.0200    0.1150    0.1134    0.3822
 000077   L  0.016631  0.288593  0.283425    0.2292    0.1643    0.0720    0.0180    0.1284    0.1132    0.4072
 000078   P  0.027942  0.278122  0.281245    0.1732    0.1702    0.0650    0.0180    0.1191    0.1067    0.4324
 000079   A  0.038666  0.267425  0.280847    0.1495    0.1671    0.0670    0.0180    0.1150    0.1022    0.4201
 000080   L  0.055105  0.270203  0.277168    0.1602    0.1823    0.0730    0.0170    0.1235    0.0976    0.4037
 000081   M  0.058504  0.279206  0.275111    0.1844    0.2541    0.0900    0.0230    0.1444    0.0994    0.3963
 000082   A  0.078323  0.300278  0.270369    0.1921    0.2609    0.1110    0.0310    0.1571    0.0946    0.4062
 000083   H  0.079150  0.344047  0.266362    0.1878    0.2609    0.1490    0.0410    0.1701    0.0973    0.4211
 000084   K  0.079899  0.393976  0.264429    0.2657    0.2575    0.1520    0.0310    0.1916    0.1081    0.4140
 000085   D  0.077679  0.423111  0.262269    0.2558    0.2609    0.1360    0.0310    0.1923    0.1178    0.3850
 000086   K  0.074473  0.430244  0.264370    0.2786    0.2328    0.1160    0.0360    0.1887    0.1241    0.3551
 000087   V  0.061748  0.444377  0.268187    0.2786    0.1501    0.0940    0.0320    0.1715    0.1377    0.3388
 000088   V  0.049609  0.422527  0.272549    0.2558    0.1298    0.0760    0.0220    0.1556    0.1373    0.3243
 000089   Q  0.031447  0.379003  0.273249    0.1602    0.1070    0.0620    0.0190    0.1233    0.1301    0.3152
 000090   A  0.026547  0.332285  0.272916    0.1178    0.1251    0.0660    0.0280    0.1113    0.1186    0.3120
 000091   N  0.005014  0.308815  0.277329    0.1766    0.2002    0.0690    0.0380    0.1266    0.1169    0.3036
 000092   T  0.003457  0.267275  0.278618    0.2080    0.2328    0.0740    0.0390    0.1310    0.1127    0.2978
 000093   Q  0.001673  0.242816  0.285472    0.2531    0.1759    0.0680    0.0320    0.1235    0.1140    0.2970
 000094   G  0.001851  0.242259  0.297416    0.2432    0.1424    0.0540    0.0180    0.1139    0.1182    0.2997
 000095   V  0.002387  0.233184  0.305944    0.1667    0.1449    0.0480    0.0130    0.0992    0.1150    0.3124
 000096   E  0.002891  0.227982  0.309770    0.1456    0.1399    0.0440    0.0120    0.0934    0.1158    0.3249
 000097   F  0.003397  0.232296  0.306724    0.1349    0.1449    0.0470    0.0110    0.0937    0.1149    0.3456
 000098   L  0.004285  0.240835  0.299237    0.1998    0.2034    0.0540    0.0120    0.1170    0.1151    0.3501
 000099   F  0.004617  0.250948  0.293254    0.2700    0.2817    0.0710    0.0240    0.1465    0.1237    0.3461
 000100   K  0.004793  0.272312  0.294064    0.2602    0.2436    0.0810    0.0320    0.1437    0.1197    0.3340
 000101   K  0.004543  0.294709  0.296038    0.3005    0.2752    0.0830    0.0330    0.1597    0.1290    0.3232
 000102   N  0.010155  0.316548  0.295271    0.2558    0.1643    0.0860    0.0340    0.1388    0.1223    0.3157
 000103   G  0.013342  0.329687  0.294579    0.2531    0.0985    0.0910    0.0390    0.1310    0.1276    0.3142
 000104   I  0.060743  0.332227  0.295275    0.1698    0.0967    0.1100    0.0500    0.1282    0.1134    0.3173
 000105   A  0.111020  0.338526  0.297511    0.1117    0.1070    0.1150    0.0510    0.1306    0.1100    0.3210
 000106   R  0.197116  0.341661  0.300819    0.1635    0.1554    0.1360    0.0530    0.1656    0.0925    0.3225
 000107   H  0.209435  0.358784  0.301041    0.1698    0.1424    0.1730    0.0620    0.1755    0.0928    0.3241
 000108   Q  0.242482  0.362531  0.300068    0.2558    0.1731    0.1820    0.0560    0.2026    0.0825    0.3121
 000109   G  0.309178  0.365008  0.301587    0.3184    0.1731    0.1760    0.0580    0.2236    0.0888    0.3116
 000110   T  0.374538  0.377766  0.306090    0.3359    0.2094    0.1640    0.0670    0.2436    0.0958    0.3192
 000111   A  0.439566  0.366425  0.306707    0.2558    0.2258    0.1540    0.0710    0.2402    0.1065    0.3315
 000112   R  0.522603  0.350849  0.306337    0.1844    0.2399    0.1460    0.0710    0.2407    0.1341    0.3408
 000113   F  0.566624  0.343649  0.304655    0.1844    0.2399    0.1440    0.0690    0.2464    0.1471    0.3516
 000114   L  0.607888  0.348222  0.298596    0.1844    0.2399    0.1510    0.0610    0.2553    0.1586    0.3511
 000115   S  0.614263  0.345408  0.294122    0.2700    0.3494    0.1620    0.0610    0.2901    0.1464    0.3453
 000116   E  0.693829  0.358152  0.290276    0.2963    0.3948    0.1750    0.0640    0.3197    0.1680    0.3365
 000117   R  0.753351  0.380804  0.287637    0.3146    0.3117    0.2100    0.0640    0.3285    0.1823    0.3275
 000118   K  0.776347  0.388373  0.283456    0.3146    0.3149    0.2570    0.0820    0.3419    0.1839    0.3226
 000119   V  0.792996  0.399561  0.277614    0.2209    0.2849    0.3490    0.0840    0.3412    0.1955    0.3269
 000120   L  0.807891  0.451539  0.272984    0.2292    0.2849    0.3800    0.0990    0.3588    0.2001    0.3279
 000121   V  0.807254  0.506960  0.270092    0.1998    0.1914    0.4430    0.1220    0.3580    0.2205    0.3191
 000122   E  0.799930  0.538379  0.262525    0.2167    0.1424    0.4990    0.1350    0.3661    0.2305    0.3123
 000123   E  0.792652  0.564887  0.257021    0.1566    0.0929    0.5090    0.1530    0.3527    0.2511    0.3074
 000124   T  0.773136  0.585512  0.255488    0.1566    0.1007    0.4930    0.1660    0.3514    0.2458    0.3063
 000125   G  0.764357  0.556894  0.250065    0.1635    0.1349    0.4340    0.1470    0.3423    0.2295    0.3088
 000126   E  0.757096  0.495209  0.246433    0.1041    0.1424    0.3750    0.1240    0.3122    0.2279    0.3135
 000127   E  0.757471  0.448521  0.241985    0.0813    0.1323    0.3380    0.1120    0.2929    0.2292    0.3216
 000128   L  0.764803  0.378600  0.238797    0.0884    0.1349    0.3010    0.1120    0.2780    0.2257    0.3313
 000129   E  0.765695  0.311479  0.237392    0.0965    0.1162    0.2340    0.0940    0.2539    0.2272    0.3345
 000130   A  0.768352  0.254481  0.239091    0.1456    0.1914    0.1710    0.0550    0.2551    0.2187    0.3361
 000131   R  0.775363  0.215856  0.243008    0.1844    0.1914    0.1280    0.0310    0.2492    0.2237    0.3374
 000132   Y  0.764818  0.168167  0.245520    0.2820    0.1731    0.1140    0.0220    0.2504    0.2225    0.3488
 000133   I  0.728800  0.136035  0.246236    0.1998    0.1881    0.1080    0.0170    0.2268    0.2148    0.3532
 000134   L  0.664140  0.126085  0.244096    0.1266    0.2034    0.0970    0.0170    0.2028    0.1989    0.3581
 000135   I  0.604703  0.135634  0.238690    0.1416    0.1229    0.0950    0.0140    0.1833    0.1808    0.3573
 000136   A  0.536387  0.145956  0.231091    0.1602    0.1048    0.1050    0.0180    0.1754    0.1552    0.3629
 000137   T  0.455778  0.150419  0.227040    0.0909    0.1007    0.1370    0.0380    0.1558    0.1308    0.3678
 000138   G  0.372021  0.162516  0.225618    0.0677    0.0605    0.1870    0.0600    0.1417    0.1116    0.3650
 000139   S  0.301467  0.176552  0.224194    0.1240    0.1070    0.2290    0.0780    0.1563    0.0762    0.3588
 000140   A  0.232429  0.177215  0.221991    0.0701    0.0592    0.2630    0.0990    0.1337    0.0874    0.3569
 000141   P  0.187697  0.175539  0.217225    0.0991    0.0780    0.2630    0.0960    0.1338    0.0736    0.3541
 000142   L  0.200225  0.183233  0.216215    0.0587    0.0780    0.2680    0.1000    0.1313    0.0830    0.3514
 000143   I  0.247373  0.187507  0.214648    0.1117    0.0870    0.2460    0.0920    0.1467    0.0721    0.3375
 000144   P  0.287649  0.178223  0.211446    0.1635    0.0985    0.2000    0.0920    0.1547    0.0668    0.3262
 000145   P  0.341310  0.169372  0.208662    0.1566    0.1643    0.1880    0.1030    0.1699    0.0724    0.3081
 000146   W  0.401214  0.155584  0.206982    0.1566    0.2470    0.1860    0.0940    0.1911    0.0913    0.2936
 000147   A  0.455682  0.143211  0.204938    0.1805    0.2918    0.1520    0.0750    0.2038    0.1141    0.2679
 000148   Q  0.488040  0.142823  0.200773    0.1766    0.2918    0.1360    0.0660    0.2059    0.1270    0.2459
 000149   V  0.485786  0.159704  0.197007    0.1732    0.2645    0.1220    0.0510    0.2009    0.1251    0.2336
 000150   D  0.492040  0.184836  0.192492    0.1878    0.1852    0.1110    0.0470    0.1934    0.1266    0.2253
 000151   Y  0.501112  0.199350  0.187438    0.1844    0.2129    0.1120    0.0520    0.2016    0.1281    0.2103
 000152   E  0.478840  0.225249  0.182203    0.1018    0.1070    0.1130    0.0530    0.1710    0.1355    0.1974
 000153   R  0.499051  0.254941  0.178261    0.1566    0.1942    0.1210    0.0560    0.2043    0.1287    0.1861
 000154   V  0.505117  0.264084  0.172768    0.1380    0.2918    0.1290    0.0550    0.2214    0.1323    0.1839
 000155   V  0.519144  0.282724  0.164074    0.1322    0.1969    0.1240    0.0380    0.2092    0.1395    0.1886
 000156   T  0.543554  0.325244  0.155541    0.1205    0.1969    0.1350    0.0410    0.2202    0.1514    0.1975
 000157   S  0.575389  0.366446  0.148779    0.1266    0.2783    0.1730    0.0630    0.2532    0.1585    0.2019
 000158   T  0.640696  0.384753  0.139035    0.1667    0.3019    0.1830    0.0690    0.2795    0.1750    0.2079
 000159   E  0.659039  0.410217  0.132240    0.1532    0.2193    0.1760    0.0450    0.2697    0.1893    0.2052
 000160   A  0.649245  0.432730  0.126447    0.2041    0.2002    0.2090    0.0470    0.2825    0.1825    0.1947
 000161   L  0.661772  0.439906  0.119218    0.1117    0.1349    0.2160    0.0500    0.2606    0.2054    0.1792
 000162   S  0.638808  0.423430  0.112383    0.1088    0.1476    0.2300    0.0590    0.2581    0.1953    0.1683
 000163   F  0.616126  0.397630  0.105852    0.0587    0.1373    0.2180    0.0640    0.2380    0.1952    0.1533
 000164   P  0.578493  0.367521  0.102546    0.0376    0.1424    0.1630    0.0480    0.2149    0.1859    0.1375
 000165   E  0.544419  0.322214  0.099410    0.0621    0.2002    0.1520    0.0420    0.2135    0.1639    0.1201
 000166   V  0.464951  0.281380  0.097192    0.1060    0.2002    0.1240    0.0230    0.1960    0.1309    0.1011
 000167   P  0.417947  0.254056  0.094677    0.1060    0.1184    0.0830    0.0190    0.1633    0.1221    0.0858
 000168   K  0.402516  0.220934  0.090622    0.0643    0.1184    0.0770    0.0160    0.1472    0.1200    0.0719
 000169   R  0.388346  0.192206  0.086116    0.0316    0.0690    0.0750    0.0140    0.1261    0.1221    0.0627
 000170   L  0.380142  0.167104  0.082390    0.0286    0.0690    0.0750    0.0150    0.1200    0.1185    0.0573
 000171   I  0.345387  0.132608  0.079193    0.0167    0.0494    0.0740    0.0170    0.1031    0.1090    0.0547
 000172   V  0.287102  0.108753  0.075405    0.0350    0.0851    0.0670    0.0160    0.0972    0.0833    0.0542
 000173   V  0.242353  0.104841  0.071815    0.0160    0.0568    0.0640    0.0150    0.0807    0.0728    0.0547
 000174   G  0.194819  0.104820  0.069829    0.0350    0.0719    0.0640    0.0170    0.0784    0.0524    0.0575
 000175   G  0.192067  0.103217  0.068935    0.0160    0.0334    0.0680    0.0220    0.0688    0.0583    0.0605
 000176   G  0.153482  0.107567  0.068937    0.0083    0.0327    0.0700    0.0270    0.0620    0.0488    0.0650
 000177   V  0.115012  0.100809  0.066262    0.0078    0.0483    0.0690    0.0280    0.0568    0.0366    0.0706
 000178   I  0.081674  0.103812  0.064205    0.0067    0.0248    0.0710    0.0280    0.0480    0.0348    0.0758
 000179   G  0.034876  0.109074  0.062527    0.0062    0.0258    0.0740    0.0310    0.0417    0.0356    0.0855
 000180   L  0.007336  0.107635  0.061202    0.0029    0.0227    0.0790    0.0340    0.0366    0.0401    0.0947
 000181   E  0.007432  0.103343  0.060502    0.0069    0.0398    0.0670    0.0270    0.0373    0.0355    0.1050
 000182   L  0.007255  0.095073  0.060445    0.0087    0.0473    0.0610    0.0240    0.0365    0.0325    0.1131
 000183   G  0.018198  0.084281  0.061762    0.0173    0.0414    0.0520    0.0180    0.0356    0.0258    0.1217
 000184   V  0.028202  0.068936  0.062166    0.0167    0.0424    0.0420    0.0130    0.0331    0.0208    0.1245
 000185   V  0.044699  0.059976  0.062676    0.0078    0.0258    0.0380    0.0100    0.0294    0.0217    0.1261
 000186   W  0.060263  0.056432  0.063052    0.0042    0.0275    0.0390    0.0100    0.0311    0.0234    0.1311
 000187   H  0.078217  0.057216  0.062939    0.0013    0.0178    0.0400    0.0100    0.0324    0.0285    0.1294
 000188   R  0.080510  0.063576  0.061054    0.0035    0.0218    0.0480    0.0130    0.0362    0.0281    0.1237
 000189   L  0.083106  0.063485  0.060320    0.0040    0.0405    0.0550    0.0140    0.0411    0.0265    0.1231
 000190   G  0.088298  0.068131  0.060430    0.0028    0.0389    0.0520    0.0150    0.0417    0.0284    0.1227
 000191   A  0.095458  0.070331  0.061379    0.0074    0.0372    0.0570    0.0180    0.0446    0.0292    0.1235
 000192   E  0.093916  0.083793  0.064010    0.0062    0.0214    0.0630    0.0230    0.0448    0.0334    0.1215
 000193   V  0.117374  0.078976  0.065847    0.0067    0.0405    0.0700    0.0270    0.0523    0.0357    0.1196
 000194   I  0.135163  0.075678  0.066642    0.0029    0.0443    0.0730    0.0270    0.0551    0.0411    0.1200
 000195   V  0.184744  0.078358  0.068745    0.0074    0.0555    0.0730    0.0330    0.0665    0.0544    0.1287
 000196   L  0.233246  0.080435  0.071073    0.0128    0.0909    0.0860    0.0450    0.0839    0.0678    0.1416
 000197   E  0.300151  0.075122  0.074231    0.0200    0.0948    0.0830    0.0350    0.0954    0.0900    0.1557
 000198   Y  0.362855  0.084165  0.077175    0.0218    0.0985    0.0840    0.0290    0.1085    0.1114    0.1766
 000199   M  0.397529  0.095083  0.080306    0.0116    0.0676    0.0790    0.0300    0.1085    0.1268    0.2001
 000200   D  0.435678  0.106451  0.083730    0.0274    0.1115    0.0790    0.0320    0.1267    0.1354    0.2095
 000201   R  0.501638  0.120773  0.088234    0.0144    0.1048    0.0850    0.0330    0.1378    0.1603    0.2161
 000202   I  0.530121  0.148649  0.094652    0.0212    0.1048    0.1000    0.0360    0.1509    0.1676    0.2207
 000203   L  0.560035  0.175411  0.100103    0.0182    0.0817    0.1180    0.0450    0.1588    0.1789    0.2335
 000204   P  0.513424  0.210968  0.109707    0.0268    0.1323    0.1340    0.0580    0.1696    0.1563    0.2469
 000205   T  0.482004  0.249129  0.119098    0.0425    0.1969    0.1600    0.0730    0.1883    0.1396    0.2555
 000206   M  0.492075  0.285145  0.127754    0.0744    0.1969    0.1720    0.0700    0.2034    0.1375    0.2516
 000207   D  0.508820  0.304893  0.136162    0.1322    0.1791    0.1960    0.0730    0.2201    0.1339    0.2352
 000208   L  0.545922  0.330003  0.148609    0.0832    0.1643    0.2450    0.0810    0.2281    0.1544    0.2197
 000209   E  0.577675  0.343645  0.165102    0.0832    0.2258    0.2380    0.0790    0.2447    0.1599    0.2048
 000210   V  0.583826  0.352480  0.177923    0.1060    0.2645    0.2250    0.0790    0.2553    0.1563    0.1918
 000211   S  0.592790  0.359227  0.191627    0.0965    0.2541    0.2100    0.0680    0.2520    0.1619    0.1870
 000212   R  0.607912  0.364782  0.207742    0.1060    0.1823    0.2120    0.0600    0.2455    0.1691    0.1811
 000213   A  0.668110  0.369828  0.226232    0.1844    0.2817    0.2160    0.0640    0.2866    0.1691    0.1793
 000214   A  0.703041  0.372056  0.247252    0.2041    0.2715    0.1770    0.0530    0.2880    0.1829    0.1772
 000215   E  0.696406  0.374138  0.267138    0.1805    0.2328    0.1380    0.0430    0.2703    0.1912    0.1728
 000216   R  0.712056  0.367794  0.285865    0.1178    0.2328    0.1250    0.0370    0.2592    0.2067    0.1676
 000217   V  0.733381  0.361778  0.305753    0.1416    0.2680    0.1180    0.0330    0.2704    0.2097    0.1684
 000218   F  0.753110  0.352006  0.323578    0.1416    0.1914    0.1120    0.0290    0.2583    0.2226    0.1741
 000219   K  0.688781  0.352059  0.340312    0.2292    0.2645    0.1070    0.0260    0.2736    0.1883    0.1765
 000220   K  0.632078  0.349494  0.359752    0.1698    0.1852    0.1130    0.0250    0.2416    0.1839    0.1789
 000221   Q  0.564353  0.344878  0.375927    0.2333    0.2645    0.1250    0.0300    0.2553    0.1504    0.1823
 000222   G  0.495394  0.318659  0.386274    0.1698    0.2328    0.1350    0.0360    0.2253    0.1407    0.1902
 000223   L  0.427123  0.291261  0.394855    0.1805    0.1791    0.1500    0.0390    0.2047    0.1274    0.2011
 000224   T  0.357143  0.278903  0.408197    0.1878    0.1476    0.1600    0.0430    0.1885    0.1207    0.2096
 000225   I  0.336112  0.279660  0.420401    0.1667    0.1969    0.1660    0.0440    0.1908    0.1176    0.2137
 000226   R  0.273891  0.270084  0.430288    0.1117    0.1969    0.1730    0.0410    0.1710    0.1237    0.2256
 000227   T  0.223719  0.272255  0.443530    0.1322    0.1791    0.1890    0.0580    0.1660    0.1248    0.2408
 000228   G  0.256006  0.247858  0.457996    0.1958    0.2364    0.2280    0.1090    0.1941    0.1150    0.2502
 000229   V  0.277746  0.278097  0.475489    0.2531    0.3392    0.2290    0.1210    0.2295    0.1138    0.2570
 000230   R  0.347105  0.269851  0.489240    0.2531    0.3149    0.2420    0.1290    0.2378    0.1172    0.2661
 000231   V  0.412514  0.283324  0.507267    0.2602    0.3149    0.2510    0.1320    0.2537    0.1253    0.2797
 000232   T  0.499655  0.302699  0.524491    0.2255    0.2436    0.2660    0.1310    0.2562    0.1498    0.2929
 000233   A  0.586464  0.364841  0.540398    0.2167    0.2575    0.2770    0.1280    0.2837    0.1680    0.2993
 000234   V  0.599949  0.411099  0.555736    0.2292    0.2575    0.2800    0.1090    0.2963    0.1727    0.3040
 000235   V  0.655738  0.420850  0.567334    0.2292    0.2575    0.2910    0.1020    0.3091    0.1865    0.3115
 000236   P  0.701450  0.443809  0.575792    0.2333    0.3494    0.3120    0.1030    0.3400    0.1868    0.3203
 000237   E  0.742573  0.481113  0.586687    0.2432    0.3566    0.3420    0.1040    0.3609    0.1938    0.3230
 000238   A  0.799361  0.502881  0.597490    0.2432    0.3566    0.3950    0.0910    0.3829    0.2059    0.3254
 000239   K  0.811148  0.515721  0.605555    0.2432    0.2884    0.4160    0.0850    0.3791    0.2178    0.3279
 000240   G  0.829886  0.521905  0.610645    0.3146    0.2783    0.4320    0.0820    0.3961    0.2128    0.3355
 000241   A  0.833489  0.537859  0.619001    0.2657    0.2951    0.4330    0.0880    0.3942    0.2206    0.3471
 000242   R  0.836465  0.537647  0.625622    0.2602    0.3321    0.4290    0.0960    0.3992    0.2185    0.3516
 000243   V  0.836731  0.537954  0.627819    0.2657    0.3321    0.4210    0.1240    0.3990    0.2183    0.3603
 000244   E  0.833638  0.546391  0.627978    0.2602    0.3566    0.4240    0.1410    0.4034    0.2157    0.3692
 000245   L  0.830544  0.545722  0.626986    0.3399    0.3566    0.4370    0.1530    0.4184    0.2000    0.3779
 000246   E  0.825953  0.550512  0.627974    0.3992    0.3426    0.4000    0.1380    0.4197    0.1967    0.3814
 000247   G  0.819393  0.552494  0.631232    0.3146    0.2503    0.3840    0.1150    0.3868    0.2229    0.3904
 000248   G  0.808716  0.537071  0.633322    0.2483    0.2064    0.4240    0.1130    0.3707    0.2357    0.4022
 000249   E  0.796747  0.521736  0.636118    0.2292    0.1731    0.4460    0.1220    0.3612    0.2419    0.4144
 000250   V  0.789013  0.503758  0.639248    0.2167    0.1759    0.4690    0.1340    0.3590    0.2416    0.4303
 000251   L  0.760982  0.484858  0.639827    0.1635    0.1702    0.4470    0.1280    0.3378    0.2458    0.4274
 000252   E  0.740104  0.475866  0.641539    0.1958    0.1914    0.3950    0.1130    0.3329    0.2324    0.4272
 000253   A  0.721471  0.473601  0.649828    0.1878    0.2224    0.3820    0.1190    0.3311    0.2270    0.4244
 000254   D  0.702838  0.444460  0.655852    0.2333    0.2094    0.3490    0.1080    0.3231    0.2203    0.4246
 000255   R  0.681289  0.435368  0.652768    0.2602    0.2064    0.3510    0.1120    0.3224    0.2117    0.4213
 000256   V  0.636009  0.436361  0.656110    0.2748    0.3019    0.3500    0.1070    0.3332    0.1876    0.4154
 000257   L  0.592522  0.412658  0.661309    0.2748    0.2884    0.3340    0.1070    0.3171    0.1854    0.4107
 000258   V  0.581400  0.430712  0.664270    0.2820    0.2064    0.3150    0.0890    0.3026    0.1978    0.4125
 000259   A  0.539304  0.411425  0.665504    0.2865    0.2094    0.3230    0.0810    0.2950    0.1909    0.4138
 000260   V  0.517506  0.422264  0.665692    0.2122    0.1298    0.3460    0.0880    0.2713    0.2114    0.4155
 000261   G  0.505666  0.443038  0.666897    0.2786    0.1969    0.3760    0.1070    0.3000    0.1889    0.4179
 000262   R  0.508966  0.468743  0.660413    0.2786    0.2884    0.3910    0.1140    0.3226    0.1722    0.4189
 000263   R  0.520839  0.491267  0.652444    0.2748    0.2436    0.4190    0.1190    0.3249    0.1786    0.4154
 000264   P  0.544678  0.494913  0.644274    0.3146    0.2752    0.4190    0.1300    0.3413    0.1672    0.4097
 000265   Y  0.584707  0.518916  0.634994    0.2700    0.1852    0.4460    0.1380    0.3342    0.1942    0.4053
 000266   T  0.634211  0.532432  0.627658    0.2865    0.1914    0.3860    0.1230    0.3384    0.1981    0.4042
 000267   E  0.644243  0.531020  0.622539    0.2657    0.2680    0.3590    0.1090    0.3447    0.1889    0.4050
 000268   G  0.680943  0.532151  0.610253    0.3311    0.3566    0.3740    0.0980    0.3791    0.1687    0.4018
 000269   L  0.717643  0.537149  0.594890    0.3885    0.4409    0.3600    0.1210    0.4074    0.1591    0.3948
 000270   S  0.746000  0.541500  0.579805    0.4203    0.4685    0.3450    0.1340    0.4202    0.1604    0.3906
 000271   L  0.759219  0.546721  0.566448    0.4879    0.5419    0.3500    0.1450    0.4477    0.1533    0.3896
 000272   E  0.765608  0.558772  0.555438    0.4749    0.5382    0.3060    0.1320    0.4406    0.1641    0.3916
 000273   N  0.764744  0.571586  0.541478    0.4918    0.4507    0.3420    0.1400    0.4369    0.1574    0.3944
 000274   A  0.771420  0.578260  0.527784    0.5008    0.4864    0.3430    0.1530    0.4466    0.1553    0.3979
 000275   G  0.766975  0.582492  0.514003    0.3939    0.3910    0.3610    0.1600    0.4159    0.1657    0.4041
 000276   L  0.769637  0.561222  0.497630    0.4879    0.4901    0.4170    0.1340    0.4544    0.1393    0.4089
 000277   S  0.754041  0.551625  0.483312    0.4203    0.4901    0.3830    0.1120    0.4331    0.1446    0.4155
 000278   T  0.743484  0.547902  0.467126    0.4149    0.4864    0.3770    0.1060    0.4283    0.1422    0.4239
 000279   D  0.685376  0.545213  0.451929    0.4149    0.4087    0.3980    0.1090    0.4086    0.1273    0.4333
 000280   E  0.625806  0.553979  0.439601    0.4918    0.4940    0.3630    0.1010    0.4215    0.1105    0.4254
 000281   R  0.567763  0.536521  0.428792    0.4149    0.5017    0.3260    0.0900    0.3912    0.1085    0.4182
 000282   G  0.507714  0.528514  0.420287    0.4749    0.5992    0.3060    0.0920    0.4028    0.1156    0.4159
 000283   R  0.447860  0.525984  0.408790    0.4749    0.5055    0.3150    0.1000    0.3782    0.0976    0.4152
 000284   I  0.386340  0.509283  0.395476    0.4600    0.5211    0.3010    0.0940    0.3630    0.1010    0.4170
 000285   P  0.324885  0.484490  0.384388    0.4282    0.5707    0.2720    0.1080    0.3467    0.1178    0.4195
 000286   V  0.283286  0.480414  0.376354    0.4556    0.4766    0.2270    0.0860    0.3205    0.1165    0.4231
 000287   D  0.237889  0.458141  0.362990    0.5412    0.4766    0.2000    0.0720    0.3190    0.1391    0.4253
 000288   E  0.225084  0.433921  0.348826    0.4651    0.4476    0.2250    0.0770    0.2995    0.1161    0.4305
 000289   H  0.211473  0.393208  0.332608    0.3847    0.3529    0.2040    0.0800    0.2577    0.0950    0.4300
 000290   L  0.194212  0.368066  0.317205    0.3578    0.3392    0.1800    0.0800    0.2398    0.0930    0.4259
 000291   R  0.181722  0.326345  0.301341    0.2748    0.3356    0.1420    0.0650    0.2101    0.0888    0.4242
 000292   T  0.166583  0.289010  0.289242    0.2865    0.2783    0.1440    0.0710    0.1940    0.0785    0.4208
 000293   R  0.161844  0.262983  0.279852    0.2913    0.2164    0.1440    0.0630    0.1794    0.0737    0.4188
 000294   V  0.162893  0.235870  0.272299    0.2385    0.2193    0.1370    0.0490    0.1656    0.0650    0.4151
 000295   P  0.156116  0.189659  0.264322    0.2531    0.3019    0.1280    0.0410    0.1715    0.0760    0.4129
 000296   H  0.159297  0.192137  0.259390    0.2209    0.3019    0.1320    0.0430    0.1677    0.0721    0.4125
 000297   I  0.169705  0.178843  0.249391    0.2820    0.3321    0.1440    0.0510    0.1845    0.0789    0.4146
 000298   Y  0.164386  0.150191  0.239107    0.3005    0.2470    0.1540    0.0570    0.1693    0.0692    0.4147
 000299   A  0.159646  0.154174  0.232077    0.2531    0.2034    0.1540    0.0570    0.1540    0.0553    0.4157
 000300   I  0.162218  0.171264  0.228446    0.1732    0.2064    0.1570    0.0550    0.1450    0.0459    0.4180
 000301   G  0.201905  0.168878  0.224396    0.2080    0.2783    0.1480    0.0450    0.1675    0.0558    0.4175
 000302   D  0.253878  0.175541  0.217055    0.2209    0.2541    0.1450    0.0460    0.1748    0.0538    0.4160
 000303   V  0.308579  0.175522  0.208438    0.2167    0.2436    0.1590    0.0450    0.1839    0.0598    0.4155
 000304   V  0.369509  0.191628  0.203637    0.1921    0.2609    0.1560    0.0430    0.1951    0.0779    0.4158
 000305   R  0.425103  0.209354  0.200411    0.2531    0.3356    0.1370    0.0390    0.2267    0.1008    0.4184
 000306   G  0.481987  0.250371  0.196326    0.2292    0.3087    0.1300    0.0450    0.2334    0.1153    0.4197
 000307   P  0.558260  0.285308  0.192154    0.2292    0.2164    0.1450    0.0420    0.2391    0.1388    0.4195
 000308   M  0.639277  0.318904  0.187154    0.3005    0.2680    0.2130    0.0440    0.2900    0.1527    0.4158
 000309   L  0.707063  0.350298  0.183532    0.2820    0.3149    0.2890    0.0790    0.3238    0.1685    0.4148
 000310   A  0.742089  0.412519  0.180013    0.2700    0.2783    0.3290    0.0910    0.3387    0.1834    0.4141
 000311   H  0.760037  0.476001  0.173764    0.3096    0.3740    0.3760    0.1050    0.3825    0.1827    0.4122
 000312   K  0.769402  0.521461  0.166963    0.2333    0.3840    0.4930    0.1540    0.4002    0.2009    0.4138
 000313   A  0.778767  0.556292  0.157361    0.2483    0.3392    0.4980    0.1750    0.4034    0.2089    0.4102
 000314   S  0.773840  0.596805  0.152001    0.3146    0.3321    0.4680    0.1810    0.4143    0.2045    0.4072
 000315   E  0.769507  0.576227  0.147352    0.3311    0.3948    0.4450    0.1870    0.4194    0.1959    0.4056
 000316   E  0.763400  0.597323  0.142015    0.2700    0.3948    0.4010    0.1670    0.4044    0.2054    0.4043
 000317   G  0.749982  0.560097  0.137717    0.2657    0.2918    0.3260    0.1140    0.3655    0.2060    0.4065
 000318   I  0.748389  0.525686  0.136898    0.2385    0.2609    0.2840    0.1160    0.3429    0.2087    0.4061
 000319   A  0.732149  0.449071  0.137690    0.1766    0.3053    0.2070    0.0930    0.3117    0.2062    0.4094
 000320   A  0.716724  0.371625  0.141601    0.2483    0.3149    0.1770    0.0780    0.3047    0.1917    0.4107
 000321   V  0.697542  0.319758  0.141729    0.2865    0.3566    0.1420    0.0540    0.3004    0.1878    0.4137
 000322   E  0.645541  0.277408  0.138409    0.2167    0.2609    0.1150    0.0440    0.2526    0.1772    0.4146
 000323   H  0.578891  0.236833  0.134491    0.2333    0.2752    0.1100    0.0430    0.2391    0.1551    0.4154
 000324   M  0.513729  0.230061  0.131605    0.1805    0.2752    0.1010    0.0390    0.2168    0.1377    0.4244
 000325   V  0.450741  0.221585  0.128338    0.1878    0.1914    0.0870    0.0300    0.1897    0.1180    0.4325
 000326   R  0.386729  0.213935  0.124949    0.1566    0.2034    0.0810    0.0240    0.1736    0.0993    0.4250
 000327   G  0.307959  0.212743  0.122289    0.0965    0.1942    0.0760    0.0200    0.1479    0.0820    0.4169
 000328   F  0.243587  0.212921  0.120181    0.1117    0.1424    0.0780    0.0180    0.1314    0.0616    0.4124
 000329   G  0.172051  0.203200  0.118463    0.1805    0.1583    0.0660    0.0160    0.1300    0.0494    0.4021
 000330   H  0.106218  0.192841  0.117920    0.1566    0.1184    0.0670    0.0170    0.1069    0.0442    0.3964
 000331   V  0.082114  0.184882  0.117340    0.1322    0.1449    0.0650    0.0190    0.1015    0.0442    0.3867
 000332   D  0.079685  0.177941  0.117750    0.1178    0.2129    0.0640    0.0180    0.1086    0.0558    0.3819
 000333   Y  0.069673  0.172632  0.118666    0.1060    0.2224    0.0650    0.0160    0.1059    0.0594    0.3772
 000334   Q  0.057205  0.183671  0.120004    0.1060    0.2292    0.0670    0.0160    0.1072    0.0645    0.3740
 000335   A  0.077853  0.201276  0.120266    0.1566    0.1852    0.0820    0.0320    0.1171    0.0518    0.3750
 000336   I  0.106173  0.207310  0.121262    0.2255    0.2164    0.0820    0.0310    0.1396    0.0614    0.3795
 000337   P  0.105485  0.203141  0.122634    0.1566    0.1914    0.0730    0.0270    0.1216    0.0506    0.3839
 000338   S  0.114790  0.207707  0.125091    0.1322    0.1399    0.0640    0.0170    0.1098    0.0471    0.3904
 000339   V  0.122666  0.192072  0.127626    0.1805    0.2292    0.0580    0.0140    0.1304    0.0597    0.3937
 000340   V  0.166857  0.171859  0.127978    0.1292    0.1528    0.0590    0.0160    0.1133    0.0434    0.3988
 000341   Y  0.202893  0.165383  0.127240    0.1240    0.1501    0.0620    0.0180    0.1173    0.0482    0.4013
 000342   T  0.236572  0.186141  0.131354    0.1117    0.2224    0.0730    0.0290    0.1382    0.0634    0.4068
 000343   H  0.245518  0.207564  0.133083    0.0991    0.2258    0.0730    0.0260    0.1418    0.0692    0.4096
 000344   P  0.221356  0.212729  0.133533    0.1698    0.3286    0.0700    0.0240    0.1671    0.0834    0.4080
 000345   E  0.196046  0.231422  0.135634    0.1667    0.2364    0.0680    0.0230    0.1498    0.0625    0.4076
 000346   I  0.200146  0.260469  0.140480    0.2041    0.2609    0.0780    0.0280    0.1672    0.0691    0.4064
 000347   A  0.199814  0.268095  0.148705    0.2080    0.3149    0.0880    0.0330    0.1799    0.0780    0.3989
 000348   A  0.262249  0.281271  0.159948    0.1766    0.3019    0.1040    0.0440    0.1876    0.0767    0.3899
 000349   V  0.219680  0.300533  0.172230    0.1456    0.3019    0.1180    0.0470    0.1809    0.0772    0.3804
 000350   G  0.178704  0.324337  0.176489    0.2122    0.2783    0.1280    0.0430    0.1869    0.0725    0.3714
 000351   Y  0.144197  0.344345  0.173895    0.2748    0.3667    0.1580    0.0530    0.2147    0.0943    0.3642
 000352   T  0.134313  0.376881  0.178956    0.2913    0.3599    0.1520    0.0470    0.2191    0.1027    0.3583
 000353   E  0.126139  0.409986  0.184770    0.3184    0.3494    0.1590    0.0580    0.2271    0.1106    0.3526
 000354   E  0.118840  0.425979  0.188490    0.2209    0.2752    0.1550    0.0670    0.1993    0.1050    0.3457
 000355   E  0.109770  0.466332  0.192967    0.1921    0.2470    0.1450    0.0570    0.1933    0.1203    0.3396
 000356   L  0.101722  0.459624  0.196134    0.1266    0.2258    0.1320    0.0540    0.1743    0.1251    0.3304
 000357   K  0.030477  0.440986  0.201633    0.1878    0.2064    0.1000    0.0370    0.1609    0.1314    0.3179
 000358   A  0.018961  0.431913  0.209230    0.2122    0.2645    0.1010    0.0330    0.1714    0.1341    0.3137
 000359   Q  0.015608  0.396773  0.216888    0.1732    0.2034    0.0960    0.0340    0.1475    0.1230    0.3124
 000360   G  0.012243  0.345203  0.222674    0.2657    0.2680    0.0950    0.0320    0.1643    0.1191    0.3129
 000361   I  0.009707  0.315908  0.230922    0.1805    0.2399    0.0990    0.0370    0.1408    0.1073    0.3162
 000362   P  0.009332  0.305670  0.238547    0.2602    0.3249    0.1070    0.0400    0.1678    0.1197    0.3167
 000363   Y  0.025524  0.287793  0.242454    0.2292    0.3182    0.1330    0.0520    0.1656    0.1071    0.3167
 000364   K  0.034662  0.309478  0.246858    0.2209    0.3019    0.1370    0.0520    0.1673    0.1049    0.3152
 000365   V  0.044234  0.338618  0.249463    0.2080    0.2575    0.1520    0.0520    0.1668    0.1013    0.3165
 000366   G  0.054612  0.360855  0.253052    0.1998    0.2399    0.1570    0.0580    0.1686    0.1027    0.3194
 000367   K  0.077710  0.379763  0.257520    0.2333    0.2918    0.1480    0.0640    0.1883    0.1065    0.3264
 000368   F  0.112329  0.416615  0.261059    0.2483    0.2541    0.1660    0.0890    0.1996    0.1040    0.3360
 000369   P  0.157776  0.440203  0.265622    0.2483    0.2817    0.1700    0.0900    0.2164    0.1028    0.3378
 000370   Y  0.240775  0.448818  0.267533    0.1998    0.2849    0.1830    0.0940    0.2262    0.0979    0.3354
 000371   S  0.289045  0.484365  0.273743    0.1998    0.2951    0.1920    0.0910    0.2433    0.1067    0.3323
 000372   A  0.319090  0.488184  0.279000    0.2700    0.3983    0.1950    0.0890    0.2784    0.1058    0.3266
 000373   S  0.356337  0.516674  0.279898    0.2432    0.3704    0.2100    0.0890    0.2827    0.1116    0.3231
 000374   G  0.387163  0.532324  0.282989    0.3359    0.3494    0.2490    0.0940    0.3090    0.1022    0.3167
 000375   R  0.446754  0.575756  0.287367    0.3359    0.2645    0.2970    0.0920    0.3200    0.1200    0.3143
 000376   A  0.486313  0.584261  0.291127    0.3184    0.3286    0.3290    0.1160    0.3411    0.1180    0.3089
 000377   R  0.509766  0.565257  0.290856    0.2432    0.2609    0.3170    0.1370    0.3161    0.1345    0.3037
 000378   A  0.518926  0.562113  0.287776    0.2531    0.1823    0.2840    0.1050    0.3001    0.1489    0.2949
 000379   M  0.488816  0.528379  0.281424    0.2700    0.2541    0.2710    0.0930    0.3021    0.1230    0.2889
 000380   G  0.486850  0.467392  0.271903    0.1698    0.2364    0.2380    0.0840    0.2664    0.1292    0.2845
 000381   E  0.510516  0.423744  0.265464    0.2167    0.2951    0.2020    0.0680    0.2747    0.1204    0.2880
 000382   T  0.533749  0.383576  0.264222    0.2255    0.2918    0.1890    0.0660    0.2706    0.1233    0.2889
 000383   E  0.556531  0.323098  0.256547    0.2167    0.3321    0.1410    0.0460    0.2616    0.1368    0.2902
 000384   G  0.523609  0.284659  0.250220    0.2167    0.3426    0.1100    0.0320    0.2462    0.1337    0.2899
 000385   F  0.500341  0.268415  0.245697    0.2255    0.3460    0.0900    0.0240    0.2385    0.1311    0.2956
 000386   I  0.474965  0.244000  0.240451    0.2292    0.2575    0.0820    0.0220    0.2147    0.1217    0.2946
 000387   K  0.442482  0.213301  0.237179    0.2657    0.2034    0.0780    0.0180    0.2004    0.1150    0.2972
 000388   V  0.390546  0.194080  0.232174    0.1732    0.2034    0.0770    0.0140    0.1730    0.1012    0.3049
 000389   L  0.344271  0.176343  0.224795    0.1292    0.1702    0.0760    0.0110    0.1494    0.0918    0.3138
 000390   A  0.273667  0.160149  0.218783    0.1532    0.2164    0.0770    0.0100    0.1467    0.0722    0.3175
 000391   H  0.203048  0.167483  0.214136    0.1018    0.2129    0.0810    0.0100    0.1276    0.0644    0.3297
 000392   A  0.141468  0.199936  0.206458    0.1018    0.1251    0.0840    0.0110    0.1088    0.0575    0.3294
 000393   K  0.106391  0.236654  0.198595    0.1018    0.1184    0.0890    0.0140    0.1087    0.0645    0.3308
 000394   T  0.066727  0.254542  0.195230    0.0502    0.0888    0.0880    0.0150    0.0915    0.0813    0.3326
 000395   D  0.036388  0.276411  0.192251    0.0514    0.0909    0.0820    0.0120    0.0895    0.0911    0.3324
 000396   R  0.018978  0.274299  0.189329    0.0701    0.1137    0.0810    0.0190    0.0930    0.0901    0.3288
 000397   I  0.020575  0.253004  0.185730    0.1117    0.1823    0.0870    0.0320    0.1091    0.0819    0.3243
 000398   L  0.025015  0.219359  0.180800    0.0660    0.1914    0.0800    0.0310    0.0969    0.0789    0.3196
 000399   G  0.054562  0.199306  0.176296    0.0991    0.1914    0.0770    0.0350    0.1035    0.0650    0.3081
 000400   V  0.073481  0.189208  0.170735    0.1495    0.1942    0.0670    0.0270    0.1123    0.0591    0.2978
 000401   H  0.089719  0.175616  0.168336    0.1240    0.1942    0.0590    0.0230    0.1071    0.0562    0.2945
 000402   G  0.099989  0.167897  0.161170    0.0677    0.2034    0.0590    0.0200    0.0997    0.0603    0.2801
 000403   I  0.112555  0.178099  0.157050    0.0701    0.2034    0.0650    0.0200    0.1048    0.0587    0.2729
 000404   G  0.121676  0.195275  0.155829    0.0789    0.1759    0.0680    0.0210    0.1066    0.0542    0.2680
 000405   A  0.121766  0.196392  0.152348    0.0607    0.1070    0.0700    0.0220    0.0927    0.0531    0.2647
 000406   R  0.121010  0.215660  0.149331    0.0490    0.0817    0.0770    0.0310    0.0908    0.0605    0.2644
 000407   V  0.116838  0.229716  0.146102    0.0279    0.0473    0.0890    0.0410    0.0852    0.0711    0.2627
 000408   G  0.088906  0.225795  0.144580    0.0414    0.0424    0.0940    0.0400    0.0820    0.0683    0.2657
 000409   D  0.071972  0.217226  0.146292    0.0425    0.0364    0.1080    0.0400    0.0793    0.0678    0.2731
 000410   V  0.055971  0.207707  0.148773    0.0245    0.0356    0.1170    0.0460    0.0734    0.0704    0.2832
 000411   L  0.077290  0.180037  0.150445    0.0212    0.0443    0.1130    0.0430    0.0726    0.0615    0.2933
 000412   A  0.098402  0.163563  0.155066    0.0194    0.0414    0.1010    0.0370    0.0707    0.0591    0.2974
 000413   E  0.119363  0.157031  0.161872    0.0144    0.0341    0.0960    0.0380    0.0702    0.0625    0.3070
 000414   A  0.157090  0.137754  0.166088    0.0308    0.0676    0.0940    0.0370    0.0812    0.0563    0.3115
 000415   A  0.187115  0.130694  0.172058    0.0252    0.0734    0.0880    0.0350    0.0840    0.0634    0.3155
 000416   L  0.218107  0.137157  0.179978    0.0363    0.0518    0.0890    0.0320    0.0887    0.0725    0.3175
 000417   A  0.262639  0.163835  0.190092    0.0395    0.0506    0.0930    0.0290    0.1015    0.0858    0.3167
 000418   L  0.305990  0.174204  0.196146    0.0376    0.0780    0.1050    0.0290    0.1169    0.0942    0.3163
 000419   F  0.348255  0.188149  0.199881    0.0387    0.0646    0.1220    0.0180    0.1269    0.1078    0.3134
 000420   F  0.316429  0.229592  0.202363    0.0350    0.0704    0.1480    0.0180    0.1333    0.1012    0.3021
 000421   K  0.287018  0.268130  0.205279    0.0455    0.1115    0.1740    0.0150    0.1476    0.0910    0.2897
 000422   A  0.259991  0.314589  0.209610    0.0965    0.1449    0.2720    0.0390    0.1814    0.0832    0.2836
 000423   S  0.224273  0.366440  0.214503    0.1178    0.1791    0.3910    0.0830    0.2131    0.1046    0.2792
 000424   A  0.201225  0.418170  0.220741    0.0858    0.1852    0.4850    0.1180    0.2293    0.1441    0.2790
 000425   E  0.231887  0.478540  0.227718    0.1060    0.2129    0.5700    0.1290    0.2666    0.1676    0.2854
 000426   D  0.265312  0.550848  0.239294    0.1495    0.1643    0.6420    0.1100    0.2953    0.1948    0.2901
 000427   L  0.307912  0.615975  0.249898    0.2209    0.2436    0.6560    0.1300    0.3407    0.1863    0.2915
 000428   G  0.350513  0.635918  0.260879    0.1667    0.2918    0.6020    0.1290    0.3411    0.1799    0.2979
 000429   R  0.439124  0.655864  0.269371    0.2432    0.2849    0.5550    0.1160    0.3630    0.1621    0.3084
 000430   A  0.524455  0.670552  0.278701    0.3535    0.3117    0.5050    0.1270    0.3943    0.1458    0.3162
 000431   P  0.608168  0.633172  0.284668    0.3668    0.4186    0.4590    0.1100    0.4142    0.1333    0.3283
 000432   H  0.681839  0.597046  0.290653    0.2820    0.4409    0.4450    0.1110    0.4079    0.1543    0.3385
 000433   A  0.733856  0.594440  0.300427    0.3225    0.4409    0.3950    0.0890    0.4145    0.1617    0.3404
 000434   H  0.743322  0.590259  0.310296    0.3399    0.4119    0.3550    0.1000    0.4067    0.1651    0.3431
 000435   P  0.672390  0.585794  0.316964    0.3578    0.3599    0.3440    0.0900    0.3867    0.1469    0.3362
 000436   S  0.606469  0.608477  0.326310    0.3225    0.3117    0.3600    0.1070    0.3681    0.1424    0.3219
 000437   L  0.572806  0.632979  0.332048    0.2333    0.2715    0.3570    0.1070    0.3445    0.1598    0.3100
 000438   S  0.531323  0.614584  0.337122    0.3146    0.2609    0.3150    0.0770    0.3395    0.1413    0.3053
 000439   E  0.498846  0.599207  0.341591    0.2963    0.2817    0.2820    0.0890    0.3264    0.1349    0.3016
 000440   I  0.452063  0.564015  0.344204    0.1958    0.2817    0.2590    0.0740    0.2920    0.1371    0.2972
 000441   L  0.415824  0.537473  0.345100    0.2531    0.3460    0.2250    0.0670    0.2963    0.1185    0.2994
 000442   K  0.420556  0.511830  0.347328    0.2167    0.2258    0.1820    0.0380    0.2595    0.1331    0.3047
 000443   E  0.441442  0.483568  0.349559    0.2385    0.2292    0.1690    0.0380    0.2603    0.1293    0.3055
 000444   A  0.505284  0.424815  0.349448    0.1921    0.1791    0.1690    0.0420    0.2450    0.1437    0.3106
 000445   A  0.533511  0.389632  0.354662    0.1958    0.1671    0.2020    0.0570    0.2480    0.1440    0.3145
 000446   L  0.518285  0.356941  0.358267    0.1088    0.1229    0.5140    0.1460    0.2702    0.1752    0.3222
 000447   A  0.502566  0.379605  0.359458    0.1416    0.1028    0.5160    0.1360    0.2738    0.1715    0.3352
 000448   A  0.483146  0.393606  0.357123    0.2657    0.1449    0.5560    0.0950    0.3072    0.1476    0.3475
 000449   W  0.467614  0.456303  0.359619    0.3096    0.1206    0.5450    0.0880    0.3166    0.1500    0.3582
 000450   E  0.438885  0.528777  0.365075    0.3359    0.0817    0.4780    0.1130    0.3105    0.1571    0.3614
 000451   R  0.427068  0.584384  0.372037    0.4749    0.1275    0.5020    0.1390    0.3527    0.1568    0.3650
 000452   P  0.349767  0.615909  0.379775    0.5992    0.1852    0.6640    0.0640    0.4024    0.1841    0.3653
 000453   I  0.256014  0.644388  0.387479    0.6374    0.1501    0.7530    0.0670    0.4069    0.2304    0.3616
 000454   H  0.141761  0.670576  0.396002    0.6604    0.0967    0.7660    0.0850    0.3893    0.2713    0.3649
 000455   L  0.485964  0.693914  0.404175    0.7192    0.0948    0.8390    0.0400    0.4721    0.2556    0.3658
