#RESNUM RES     VL-XT     VSL2B       VL3  IUPred-S  IUPred-L  PONDRFIT  FITERROR       MDP  MDPERROR   ANCHOR2
 000001   M  0.566330  0.739630  0.431488    0.7724    0.1048    0.9730    0.0130    0.5260    0.2869    0.4038
 000002   Y  0.580268  0.725937  0.418365    0.7034    0.1611    0.9290    0.0330    0.5166    0.2546    0.4086
 000003   L  0.511096  0.694278  0.406024    0.5762    0.2164    0.9060    0.0270    0.4841    0.2271    0.4087
 000004   H  0.465590  0.631890  0.395751    0.5473    0.2609    0.8450    0.0560    0.4585    0.1960    0.4109
 000005   R  0.541182  0.546167  0.385999    0.5126    0.1969    0.8140    0.0600    0.4351    0.1968    0.4158
 000006   P  0.552583  0.456941  0.379787    0.4749    0.2645    0.7520    0.1090    0.4168    0.1634    0.4179
 000007   R  0.541557  0.380372  0.376913    0.3263    0.3087    0.7130    0.0910    0.3784    0.1562    0.4242
 000008   L  0.535845  0.338069  0.378956    0.3146    0.3356    0.6490    0.0420    0.3622    0.1392    0.4303
 000009   L  0.537546  0.329054  0.384912    0.2786    0.2918    0.5500    0.1140    0.3312    0.1277    0.4295
 000010   R  0.546072  0.335584  0.384370    0.2333    0.2436    0.6030    0.1090    0.3269    0.1545    0.4216
 000011   A  0.551947  0.360091  0.383869    0.1322    0.2064    0.6720    0.0600    0.3204    0.1963    0.4212
 000012   L  0.586789  0.384618  0.384357    0.0991    0.2364    0.6380    0.0970    0.3242    0.1971    0.4224
 000013   Q  0.590737  0.383791  0.379557    0.1018    0.2988    0.5420    0.1180    0.3196    0.1726    0.4234
 000014   E  0.556646  0.375951  0.370078    0.1602    0.3910    0.3950    0.1370    0.3131    0.1308    0.4208
 000015   G  0.540121  0.384561  0.362489    0.1292    0.3631    0.2950    0.1140    0.2854    0.1361    0.4205
 000016   L  0.538669  0.389313  0.355644    0.1566    0.3740    0.2400    0.0910    0.2832    0.1341    0.4243
 000017   P  0.513400  0.374787  0.341163    0.1117    0.2436    0.1610    0.0420    0.2340    0.1471    0.4246
 000018   E  0.478724  0.379564  0.333747    0.1117    0.2503    0.1270    0.0220    0.2245    0.1435    0.4292
 000019   G  0.434817  0.358587  0.327498    0.1060    0.3215    0.1060    0.0160    0.2212    0.1369    0.4309
 000020   V  0.386296  0.315461  0.318773    0.1766    0.4017    0.0950    0.0160    0.2292    0.1230    0.4218
 000021   L  0.307054  0.276515  0.304154    0.1766    0.3356    0.0940    0.0170    0.1983    0.0995    0.4130
 000022   V  0.235147  0.264075  0.292188    0.2167    0.2918    0.1060    0.0250    0.1857    0.0801    0.4104
 000023   H  0.189071  0.251455  0.277506    0.2292    0.2918    0.1040    0.0220    0.1776    0.0782    0.4065
 000024   A  0.131590  0.251204  0.270060    0.1566    0.2783    0.1070    0.0240    0.1540    0.0828    0.3985
 000025   P  0.079910  0.246560  0.262320    0.1018    0.2680    0.1090    0.0220    0.1343    0.0927    0.3902
 000026   A  0.054398  0.251074  0.256542    0.0991    0.1702    0.1170    0.0270    0.1153    0.0869    0.3817
 000027   G  0.035762  0.266016  0.256529    0.1698    0.2164    0.1240    0.0340    0.1354    0.0909    0.3733
 000028   F  0.017183  0.280572  0.265130    0.0935    0.2002    0.1270    0.0380    0.1198    0.1039    0.3640
 000029   G  0.004766  0.290464  0.278828    0.0744    0.1702    0.1270    0.0350    0.1111    0.1131    0.3600
 000030   K  0.003719  0.301406  0.291045    0.0789    0.1702    0.1290    0.0350    0.1138    0.1178    0.3579
 000031   T  0.002207  0.303711  0.296805    0.1088    0.2292    0.1380    0.0410    0.1303    0.1187    0.3555
 000032   L  0.001801  0.304991  0.306864    0.1698    0.2258    0.1280    0.0280    0.1385    0.1180    0.3559
 000033   L  0.002522  0.326863  0.319780    0.2432    0.3149    0.1250    0.0320    0.1688    0.1318    0.3557
 000034   L  0.006489  0.349459  0.335329    0.1766    0.2193    0.1290    0.0410    0.1468    0.1309    0.3592
 000035   K  0.013805  0.361969  0.348131    0.2292    0.2364    0.1350    0.0440    0.1628    0.1334    0.3659
 000036   S  0.022612  0.368610  0.357647    0.1349    0.2034    0.1310    0.0370    0.1435    0.1384    0.3740
 000037   F  0.025843  0.384909  0.365936    0.1602    0.2399    0.1290    0.0330    0.1566    0.1419    0.3833
 000038   A  0.046686  0.400906  0.372723    0.1602    0.1399    0.1290    0.0390    0.1461    0.1453    0.3938
 000039   E  0.087272  0.420569  0.379001    0.2602    0.2292    0.1430    0.0480    0.1900    0.1343    0.4038
 000040   A  0.140570  0.424623  0.384494    0.1732    0.2541    0.1550    0.0570    0.1912    0.1291    0.4097
 000041   K  0.179383  0.429055  0.392818    0.1732    0.2609    0.1630    0.0610    0.2009    0.1259    0.4155
 000042   G  0.184677  0.430273  0.401819    0.1878    0.2783    0.1780    0.0670    0.2099    0.1240    0.4216
 000043   L  0.184058  0.436174  0.411935    0.2700    0.3529    0.1770    0.0680    0.2367    0.1234    0.4267
 000044   P  0.194960  0.444544  0.428923    0.3578    0.3566    0.1620    0.0650    0.2527    0.1299    0.4318
 000045   Y  0.223944  0.459152  0.449306    0.4379    0.3321    0.1800    0.0660    0.2722    0.1343    0.4329
 000046   R  0.325007  0.473971  0.467754    0.3847    0.3426    0.1740    0.0650    0.2834    0.1276    0.4322
 000047   R  0.410406  0.500357  0.483595    0.3053    0.2680    0.1790    0.0530    0.2771    0.1419    0.4337
 000048   D  0.438066  0.504776  0.499312    0.3992    0.3599    0.1760    0.0460    0.3130    0.1387    0.4283
 000049   W  0.458878  0.522667  0.511129    0.3578    0.3807    0.1860    0.0430    0.3177    0.1427    0.4248
 000050   S  0.483632  0.529980  0.519348    0.3491    0.3983    0.1910    0.0470    0.3254    0.1463    0.4234
 000051   P  0.529929  0.546286  0.537012    0.3806    0.4476    0.2030    0.0570    0.3512    0.1509    0.4231
 000052   E  0.592406  0.561621  0.556078    0.4078    0.4766    0.2170    0.0710    0.3759    0.1583    0.4231
 000053   P  0.647921  0.579138  0.573263    0.4282    0.4831    0.2190    0.0820    0.3928    0.1693    0.4226
 000054   G  0.691394  0.578475  0.591224    0.5229    0.4940    0.2250    0.0860    0.4187    0.1749    0.4228
 000055   C  0.673050  0.597300  0.613369    0.5043    0.3872    0.2360    0.0770    0.3997    0.1813    0.4218
 000056   Y  0.665760  0.608962  0.632558    0.5331    0.5139    0.2350    0.0680    0.4260    0.1777    0.4192
 000057   D  0.692635  0.625454  0.645163    0.4749    0.5254    0.2480    0.0670    0.4278    0.1828    0.4173
 000058   L  0.709848  0.647524  0.655237    0.4967    0.5533    0.2600    0.0730    0.4446    0.1846    0.4177
 000059   R  0.741428  0.667685  0.657194    0.4781    0.4685    0.2510    0.0680    0.4345    0.1978    0.4224
 000060   K  0.765722  0.667358  0.657230    0.5846    0.5176    0.2970    0.0860    0.4720    0.1844    0.4232
 000061   P  0.775414  0.661838  0.660065    0.5331    0.4901    0.3080    0.0820    0.4615    0.1860    0.4215
 000062   P  0.798810  0.673837  0.669565    0.4556    0.4330    0.3140    0.0970    0.4459    0.2017    0.4189
 000063   P  0.809800  0.683298  0.675928    0.4333    0.4119    0.3500    0.0830    0.4480    0.2039    0.4160
 000064   E  0.820229  0.689674  0.682290    0.3885    0.4017    0.3710    0.0940    0.4452    0.2110    0.4141
 000065   V  0.829263  0.695297  0.685772    0.3762    0.3667    0.3880    0.1140    0.4426    0.2182    0.4123
 000066   L  0.843131  0.679028  0.692072    0.4600    0.4256    0.3290    0.1080    0.4561    0.2130    0.4113
 000067   P  0.861439  0.671209  0.701014    0.5084    0.4409    0.2630    0.0730    0.4575    0.2269    0.4134
 000068   G  0.866912  0.693482  0.706792    0.4879    0.4582    0.2610    0.0750    0.4613    0.2307    0.4139
 000069   Q  0.854198  0.677774  0.710734    0.4879    0.5098    0.2460    0.0670    0.4625    0.2277    0.4146
 000070   V  0.808874  0.653561  0.710585    0.5126    0.4369    0.2440    0.0700    0.4427    0.2216    0.4140
 000071   V  0.745231  0.664889  0.711550    0.4879    0.4409    0.2390    0.0670    0.4297    0.2137    0.4135
 000072   A  0.730640  0.679182  0.716136    0.3992    0.4051    0.2320    0.0620    0.4077    0.2251    0.4151
 000073   A  0.712250  0.674644  0.717683    0.3885    0.2988    0.2210    0.0520    0.3825    0.2379    0.4176
 000074   R  0.643945  0.691335  0.716395    0.3630    0.2752    0.2280    0.0470    0.3670    0.2351    0.4181
 000075   Q  0.565437  0.676694  0.713316    0.2913    0.2918    0.2470    0.0620    0.3454    0.2269    0.4165
 000076   A  0.485652  0.710390  0.714005    0.3535    0.3704    0.2580    0.0770    0.3630    0.2121    0.4154
 000077   R  0.400864  0.711629  0.715412    0.4458    0.4619    0.2460    0.0700    0.3777    0.2062    0.4157
 000078   L  0.353602  0.695774  0.719675    0.4333    0.3529    0.2660    0.0640    0.3502    0.2122    0.4134
 000079   P  0.342391  0.691688  0.721861    0.4420    0.3215    0.2690    0.0710    0.3444    0.2156    0.4107
 000080   A  0.337672  0.719291  0.721258    0.3456    0.2002    0.2980    0.0750    0.3168    0.2383    0.4075
 000081   L  0.338366  0.733153  0.720069    0.3762    0.2783    0.3020    0.0810    0.3380    0.2268    0.4031
 000082   H  0.335800  0.709788  0.715774    0.3456    0.3704    0.3030    0.0850    0.3441    0.2138    0.3994
 000083   R  0.372521  0.695798  0.711233    0.3717    0.4087    0.3420    0.0880    0.3650    0.1966    0.3952
 000084   L  0.434734  0.680696  0.700585    0.4245    0.4476    0.3850    0.1010    0.3954    0.1731    0.3898
 000085   G  0.497872  0.678719  0.691380    0.4420    0.3840    0.3790    0.1130    0.3970    0.1726    0.3863
 000086   P  0.572661  0.675601  0.678927    0.4333    0.3740    0.3630    0.1300    0.4031    0.1743    0.3841
 000087   E  0.642292  0.693066  0.668753    0.3885    0.4149    0.3670    0.1430    0.4177    0.1792    0.3798
 000088   D  0.700421  0.690211  0.661556    0.3992    0.3426    0.4040    0.1090    0.4227    0.1884    0.3734
 000089   L  0.749157  0.664735  0.653378    0.4781    0.3948    0.4410    0.0980    0.4546    0.1707    0.3674
 000090   A  0.759993  0.665981  0.650168    0.3717    0.3566    0.4320    0.0920    0.4311    0.1916    0.3645
 000091   F  0.776902  0.658769  0.642925    0.3717    0.3774    0.4420    0.1180    0.4377    0.1889    0.3649
 000092   T  0.788763  0.638908  0.631388    0.4282    0.3774    0.3760    0.1320    0.4349    0.1881    0.3717
 000093   P  0.787789  0.626344  0.617622    0.4078    0.3774    0.3640    0.1300    0.4272    0.1884    0.3780
 000094   E  0.778811  0.621371  0.607335    0.3311    0.3840    0.3830    0.1170    0.4164    0.1911    0.3843
 000095   E  0.775106  0.621073  0.599777    0.4078    0.4541    0.3970    0.1110    0.4425    0.1687    0.3921
 000096   V  0.777349  0.625753  0.595086    0.3992    0.4685    0.3640    0.1250    0.4391    0.1740    0.3989
 000097   G  0.790188  0.620345  0.592446    0.3578    0.3631    0.3230    0.1110    0.4090    0.1982    0.4069
 000098   E  0.806194  0.612679  0.591028    0.3578    0.3215    0.3280    0.0980    0.4044    0.2059    0.4149
 000099   L  0.810069  0.614269  0.583663    0.2748    0.3149    0.3250    0.1030    0.3898    0.2190    0.4212
 000100   A  0.809910  0.604490  0.575224    0.3311    0.4220    0.2860    0.0860    0.4089    0.2034    0.4316
 000101   R  0.808500  0.615513  0.568077    0.3578    0.3807    0.2730    0.0700    0.4058    0.2054    0.4252
 000102   R  0.748191  0.623629  0.561430    0.4749    0.4979    0.2270    0.0590    0.4286    0.1849    0.4195
 000103   L  0.700561  0.618167  0.550543    0.3992    0.4541    0.2070    0.0530    0.3965    0.1846    0.4231
 000104   G  0.649972  0.608485  0.543850    0.3578    0.3494    0.1930    0.0560    0.3598    0.1861    0.4252
 000105   K  0.562672  0.612050  0.539107    0.3263    0.2292    0.1960    0.0490    0.3210    0.1892    0.4278
 000106   R  0.475138  0.615078  0.530939    0.2558    0.2224    0.2080    0.0460    0.2960    0.1844    0.4325
 000107   E  0.383350  0.596650  0.515769    0.2531    0.2951    0.1910    0.0430    0.2865    0.1676    0.4262
 000108   L  0.290433  0.569667  0.499299    0.2558    0.1881    0.1800    0.0250    0.2473    0.1719    0.4148
 000109   A  0.198290  0.558527  0.484527    0.2531    0.2002    0.1550    0.0290    0.2275    0.1747    0.4070
 000110   G  0.111629  0.517721  0.467551    0.2333    0.2849    0.1570    0.0410    0.2175    0.1694    0.4019
 000111   P  0.081780  0.472917  0.452432    0.2865    0.2328    0.1720    0.0400    0.2078    0.1603    0.3946
 000112   V  0.046839  0.452882  0.440409    0.2913    0.2541    0.1690    0.0350    0.2024    0.1609    0.3862
 000113   H  0.010719  0.456267  0.426962    0.2122    0.2503    0.1670    0.0320    0.1828    0.1682    0.3768
 000114   A  0.009476  0.432006  0.414799    0.3005    0.3182    0.1670    0.0320    0.2045    0.1620    0.3743
 000115   L  0.008200  0.432387  0.408913    0.2820    0.2884    0.1750    0.0380    0.1977    0.1589    0.3751
 000116   F  0.007772  0.422189  0.402096    0.2700    0.2129    0.2060    0.0690    0.1865    0.1539    0.3783
 000117   G  0.017626  0.423669  0.393788    0.2558    0.2364    0.2240    0.0800    0.1929    0.1478    0.3856
 000118   G  0.025442  0.435128  0.390547    0.1667    0.2094    0.2470    0.0790    0.1806    0.1519    0.3976
 000119   W  0.034139  0.436623  0.386332    0.2432    0.2918    0.2630    0.0750    0.2114    0.1431    0.4171
 000120   P  0.034332  0.436083  0.382006    0.2483    0.3321    0.2370    0.0690    0.2147    0.1443    0.4314
 000121   H  0.034926  0.427435  0.373693    0.2483    0.2988    0.2620    0.0730    0.2119    0.1386    0.4202
 000122   L  0.038598  0.472469  0.372815    0.2333    0.2436    0.2580    0.0720    0.2076    0.1475    0.4031
 000123   T  0.065095  0.499004  0.374472    0.2700    0.2094    0.2280    0.0800    0.2119    0.1495    0.3867
 000124   R  0.085275  0.494647  0.379292    0.2483    0.2193    0.2230    0.0830    0.2118    0.1447    0.3665
 000125   R  0.128515  0.505141  0.385757    0.1635    0.2752    0.2570    0.0870    0.2216    0.1435    0.3582
 000126   A  0.157388  0.519954  0.386812    0.2333    0.3667    0.2940    0.0880    0.2620    0.1329    0.3612
 000127   L  0.171718  0.548327  0.386429    0.3311    0.3948    0.2950    0.0940    0.2901    0.1308    0.3630
 000128   E  0.185139  0.559452  0.382332    0.3359    0.3774    0.2900    0.1100    0.2914    0.1296    0.3654
 000129   R  0.212808  0.568938  0.378666    0.2333    0.3494    0.2880    0.1130    0.2754    0.1343    0.3644
 000130   G  0.241176  0.578239  0.383152    0.3146    0.3494    0.3040    0.1160    0.2979    0.1239    0.3734
 000131   E  0.281968  0.580273  0.389580    0.2558    0.2399    0.2970    0.1190    0.2758    0.1341    0.3799
 000132   A  0.320033  0.570673  0.396322    0.1844    0.2541    0.3040    0.1150    0.2722    0.1390    0.3896
 000133   A  0.369295  0.534969  0.397970    0.1844    0.3356    0.2850    0.1070    0.2848    0.1260    0.3982
 000134   W  0.403915  0.540440  0.399712    0.1844    0.2436    0.2500    0.0930    0.2704    0.1391    0.4054
 000135   T  0.409252  0.527071  0.402242    0.2041    0.1823    0.2250    0.0960    0.2579    0.1449    0.4134
 000136   P  0.451241  0.526351  0.403035    0.1416    0.2164    0.1900    0.0860    0.2542    0.1599    0.4097
 000137   E  0.484218  0.505254  0.400711    0.0991    0.2715    0.1670    0.0720    0.2544    0.1680    0.3996
 000138   L  0.468378  0.458329  0.406321    0.1878    0.2715    0.1420    0.0560    0.2547    0.1457    0.3941
 000139   R  0.455249  0.465700  0.413232    0.2080    0.2715    0.1340    0.0450    0.2557    0.1450    0.3888
 000140   A  0.422149  0.478284  0.423763    0.1416    0.2034    0.1420    0.0430    0.2313    0.1588    0.3961
 000141   F  0.379790  0.462126  0.437320    0.1532    0.1914    0.1580    0.0510    0.2241    0.1510    0.3961
 000142   L  0.328832  0.416686  0.448753    0.0813    0.2034    0.1590    0.0510    0.1982    0.1542    0.3893
 000143   E  0.269329  0.490631  0.457760    0.0858    0.1373    0.1490    0.0410    0.1886    0.1756    0.3838
 000144   G  0.233175  0.517009  0.467040    0.1240    0.1028    0.1550    0.0430    0.1887    0.1825    0.3776
 000145   L  0.180488  0.504890  0.475850    0.1349    0.1184    0.1630    0.0510    0.1836    0.1806    0.3695
 000146   L  0.165274  0.507451  0.485371    0.0744    0.1298    0.1540    0.0580    0.1719    0.1926    0.3598
 000147   P  0.191608  0.539376  0.499037    0.0327    0.0662    0.1560    0.0600    0.1643    0.2162    0.3561
 000148   P  0.245804  0.552617  0.514168    0.0376    0.0734    0.1660    0.0650    0.1792    0.2189    0.3468
 000149   L  0.280949  0.552209  0.519541    0.0336    0.1275    0.1790    0.0690    0.1955    0.2124    0.3349
 000150   D  0.271818  0.591923  0.529417    0.0490    0.1162    0.1800    0.0740    0.2016    0.2220    0.3287
 000151   L  0.265059  0.573199  0.539405    0.0660    0.1162    0.1990    0.0680    0.2032    0.2161    0.3099
 000152   R  0.260091  0.602098  0.550143    0.0858    0.1137    0.2050    0.0590    0.2112    0.2219    0.2955
 000153   P  0.269315  0.602390  0.551973    0.1150    0.1643    0.2010    0.0590    0.2253    0.2111    0.2904
 000154   F  0.269570  0.566596  0.551785    0.0542    0.1583    0.2500    0.0460    0.2164    0.2117    0.2771
 000155   L  0.240182  0.573760  0.551735    0.0502    0.1349    0.2420    0.0670    0.2068    0.2182    0.2681
 000156   L  0.217876  0.550340  0.546231    0.0935    0.2034    0.2250    0.0780    0.2150    0.1988    0.2628
 000157   P  0.163495  0.569311  0.543407    0.1205    0.1731    0.2240    0.0940    0.2084    0.2056    0.2630
 000158   L  0.134482  0.575837  0.539533    0.1041    0.1501    0.2560    0.0840    0.2033    0.2129    0.2590
 000159   P  0.182362  0.555115  0.534046    0.0414    0.1399    0.2400    0.0880    0.1932    0.2142    0.2629
 000160   E  0.223239  0.563658  0.526199    0.0744    0.1852    0.2570    0.1000    0.2172    0.1994    0.2682
 000161   A  0.285063  0.562609  0.518767    0.0744    0.1184    0.2700    0.0930    0.2185    0.2027    0.2668
 000162   A  0.344453  0.536652  0.514908    0.1041    0.1914    0.2470    0.0970    0.2373    0.1817    0.2676
 000163   F  0.412955  0.526937  0.508327    0.0621    0.1759    0.2550    0.0930    0.2388    0.1921    0.2697
 000164   R  0.478601  0.532642  0.501552    0.0587    0.0967    0.2190    0.0910    0.2309    0.2135    0.2679
 000165   Q  0.540830  0.542429  0.493405    0.0813    0.1115    0.2340    0.0860    0.2516    0.2143    0.2782
 000166   A  0.594787  0.543927  0.482280    0.0744    0.1449    0.2470    0.0920    0.2675    0.2169    0.2868
 000167   G  0.604515  0.525643  0.471342    0.0771    0.2258    0.2400    0.0900    0.2788    0.2037    0.2926
 000168   F  0.571811  0.517468  0.468174    0.0478    0.1702    0.2580    0.0810    0.2609    0.2078    0.2929
 000169   G  0.548022  0.509625  0.467417    0.0991    0.1702    0.2430    0.0870    0.2616    0.1919    0.2932
 000170   E  0.526488  0.478446  0.469399    0.0587    0.1251    0.2550    0.0990    0.2406    0.1989    0.2871
 000171   A  0.505561  0.488870  0.467090    0.0286    0.1229    0.2740    0.0940    0.2367    0.2027    0.2767
 000172   V  0.469099  0.488162  0.463653    0.0297    0.1449    0.2660    0.0730    0.2330    0.1933    0.2701
 000173   E  0.448557  0.507566  0.463550    0.0405    0.1162    0.2690    0.0770    0.2303    0.1956    0.2719
 000174   A  0.412932  0.511427  0.468428    0.0789    0.2328    0.3040    0.0850    0.2567    0.1676    0.2634
 000175   L  0.404670  0.516514  0.473055    0.0490    0.1671    0.2990    0.0940    0.2394    0.1843    0.2587
 000176   L  0.450445  0.531933  0.475867    0.0554    0.1476    0.2860    0.0950    0.2452    0.1936    0.2501
 000177   A  0.462724  0.533988  0.478278    0.0414    0.1092    0.2890    0.0880    0.2394    0.2051    0.2379
 000178   Q  0.454428  0.520347  0.480538    0.0395    0.0646    0.3080    0.0860    0.2312    0.2106    0.2300
 000179   A  0.431704  0.507339  0.480390    0.0464    0.1501    0.3300    0.0860    0.2442    0.1895    0.2238
 000180   L  0.431537  0.529363  0.484935    0.0268    0.1275    0.3500    0.0830    0.2441    0.2027    0.2215
 000181   A  0.427129  0.538310  0.486525    0.0286    0.0704    0.3630    0.0810    0.2380    0.2142    0.2222
 000182   Q  0.410724  0.544899  0.488454    0.0297    0.0704    0.3710    0.0730    0.2378    0.2145    0.2270
 000183   G  0.421863  0.547354  0.489294    0.0308    0.0888    0.3660    0.0660    0.2425    0.2120    0.2319
 000184   V  0.414729  0.530295  0.492712    0.0212    0.0433    0.3480    0.0540    0.2262    0.2196    0.2303
 000185   P  0.392727  0.555888  0.499432    0.0226    0.0306    0.3260    0.0490    0.2213    0.2256    0.2357
 000186   L  0.378867  0.549730  0.496434    0.0252    0.0568    0.3360    0.0590    0.2245    0.2175    0.2351
 000187   R  0.435196  0.555023  0.495127    0.0252    0.0780    0.3330    0.0780    0.2377    0.2182    0.2382
 000188   L  0.456854  0.522737  0.496918    0.0376    0.1028    0.3370    0.0830    0.2428    0.2079    0.2469
 000189   L  0.481096  0.531354  0.499217    0.0274    0.0985    0.3040    0.0720    0.2404    0.2157    0.2562
 000190   P  0.537714  0.521318  0.505877    0.0387    0.1373    0.2770    0.0840    0.2520    0.2152    0.2679
 000191   A  0.593963  0.438313  0.514390    0.0677    0.1349    0.2850    0.1000    0.2533    0.2113    0.2760
 000192   L  0.627019  0.463661  0.523290    0.1060    0.1852    0.2460    0.0990    0.2713    0.2092    0.2841
 000193   A  0.662447  0.493450  0.529622    0.0542    0.2002    0.2240    0.0830    0.2723    0.2318    0.2938
 000194   A  0.700381  0.552505  0.538451    0.0643    0.2164    0.2380    0.0640    0.2952    0.2423    0.3075
 000195   Y  0.766732  0.555832  0.548743    0.1322    0.3019    0.2680    0.0530    0.3375    0.2326    0.3263
 000196   L  0.781583  0.593474  0.559490    0.1240    0.2849    0.2730    0.0640    0.3428    0.2444    0.3512
 000197   E  0.816556  0.620160  0.570784    0.2080    0.3392    0.3210    0.0810    0.3841    0.2290    0.3852
 000198   A  0.823626  0.656378  0.584041    0.2255    0.3392    0.4280    0.0780    0.4121    0.2232    0.4102
 000199   T  0.818475  0.701471  0.596406    0.2748    0.4087    0.4970    0.1030    0.4501    0.2061    0.4301
 000200   H  0.813692  0.719037  0.602087    0.3491    0.4051    0.5280    0.1010    0.4692    0.1918    0.4280
 000201   P  0.815978  0.723493  0.605896    0.3053    0.2884    0.5330    0.1010    0.4444    0.2212    0.4243
 000202   L  0.816637  0.744834  0.608172    0.2602    0.3356    0.5660    0.1080    0.4539    0.2251    0.4247
 000203   P  0.820075  0.759470  0.603070    0.2657    0.3872    0.5010    0.1100    0.4556    0.2198    0.4192
 000204   P  0.816376  0.767058  0.597633    0.3225    0.3872    0.4920    0.1160    0.4642    0.2083    0.4222
 000205   E  0.813269  0.767959  0.588559    0.3225    0.3286    0.4650    0.1070    0.4496    0.2175    0.4326
 000206   E  0.814195  0.757393  0.584476    0.3847    0.3983    0.4920    0.0890    0.4744    0.1923    0.4131
 000207   T  0.802590  0.738761  0.581575    0.3885    0.3983    0.4670    0.0810    0.4658    0.1879    0.3828
 000208   A  0.797287  0.703345  0.579817    0.3399    0.3840    0.4330    0.0880    0.4429    0.1942    0.3466
 000209   R  0.797974  0.660461  0.574094    0.2913    0.3840    0.4020    0.1010    0.4226    0.1998    0.3186
 000210   R  0.797233  0.609768  0.570426    0.2820    0.2575    0.4390    0.1420    0.3975    0.2119    0.2990
 000211   L  0.792188  0.605557  0.565121    0.2531    0.2715    0.4590    0.1260    0.3969    0.2115    0.2930
 000212   L  0.786250  0.588710  0.556878    0.1456    0.2575    0.4430    0.1390    0.3702    0.2324    0.2897
 000213   E  0.775297  0.582588  0.548342    0.2432    0.3117    0.3970    0.1470    0.3850    0.2015    0.2899
 000214   A  0.764004  0.565071  0.542464    0.2255    0.2002    0.4180    0.1390    0.3622    0.2173    0.2839
 000215   A  0.753525  0.619844  0.537237    0.1732    0.1881    0.4170    0.1170    0.3587    0.2320    0.2834
 000216   L  0.757734  0.607057  0.531871    0.0965    0.1476    0.4090    0.1140    0.3362    0.2542    0.2888
 000217   A  0.740294  0.606627  0.533269    0.0965    0.1137    0.3960    0.1140    0.3255    0.2571    0.2983
 000218   L  0.723513  0.581042  0.529384    0.0744    0.1048    0.3650    0.1320    0.3080    0.2566    0.3130
 000219   G  0.713353  0.614480  0.522403    0.0771    0.1162    0.3430    0.1470    0.3108    0.2558    0.3304
 000220   A  0.697228  0.626685  0.515175    0.0832    0.0690    0.3300    0.1530    0.3011    0.2617    0.3430
 000221   W  0.673373  0.612217  0.502613    0.0789    0.0749    0.3240    0.1520    0.2938    0.2530    0.3498
 000222   E  0.648656  0.599726  0.488551    0.0677    0.1251    0.3000    0.1400    0.2903    0.2382    0.3493
 000223   E  0.623833  0.570503  0.475057    0.1178    0.1942    0.2760    0.1300    0.2970    0.2067    0.3473
 000224   A  0.546626  0.575815  0.460471    0.1041    0.1162    0.2750    0.1080    0.2696    0.2073    0.3439
 000225   L  0.471461  0.565011  0.444696    0.1240    0.0835    0.3070    0.1110    0.2585    0.1937    0.3441
 000226   E  0.405210  0.549238  0.430819    0.0858    0.0605    0.3300    0.0980    0.2385    0.1935    0.3436
 000227   A  0.352584  0.539631  0.427407    0.0884    0.0518    0.3510    0.0990    0.2306    0.1897    0.3433
 000228   A  0.346544  0.528360  0.419361    0.0621    0.0690    0.3040    0.0900    0.2184    0.1857    0.3425
 000229   G  0.324759  0.493217  0.407859    0.0643    0.0676    0.2820    0.0770    0.2054    0.1746    0.3418
 000230   R  0.274271  0.470164  0.395796    0.0677    0.0749    0.2490    0.0650    0.1894    0.1634    0.3424
 000231   Y  0.235528  0.468270  0.386634    0.0455    0.0851    0.2080    0.0640    0.1738    0.1640    0.3504
 000232   G  0.206856  0.438562  0.375578    0.0858    0.1373    0.1820    0.0600    0.1751    0.1415    0.3584
 000233   G  0.212812  0.396837  0.366035    0.0701    0.1251    0.1620    0.0480    0.1611    0.1353    0.3675
 000234   G  0.213193  0.369843  0.368280    0.0526    0.1070    0.1490    0.0450    0.1486    0.1368    0.3784
 000235   L  0.227202  0.330757  0.368006    0.0643    0.1501    0.1420    0.0460    0.1525    0.1236    0.3850
 000236   L  0.220938  0.306676  0.368389    0.0991    0.1501    0.1320    0.0410    0.1514    0.1148    0.3921
 000237   L  0.162013  0.276878  0.366627    0.1060    0.0851    0.1310    0.0500    0.1268    0.1179    0.3959
 000238   W  0.122990  0.302945  0.363698    0.0789    0.1137    0.1480    0.0580    0.1277    0.1221    0.3942
 000239   T  0.117083  0.323583  0.358208    0.0554    0.1349    0.1470    0.0550    0.1297    0.1264    0.3893
 000240   L  0.158719  0.309593  0.352519    0.0567    0.1323    0.1490    0.0560    0.1345    0.1191    0.3775
 000241   E  0.188173  0.327221  0.346469    0.0660    0.1399    0.1600    0.0570    0.1469    0.1161    0.3616
 000242   R  0.212510  0.340138  0.343489    0.1266    0.1611    0.1810    0.0610    0.1701    0.1023    0.3413
 000243   A  0.223164  0.358119  0.345274    0.1292    0.1731    0.1980    0.0630    0.1803    0.1030    0.3246
 000244   G  0.228808  0.372988  0.357632    0.0832    0.1476    0.1950    0.0620    0.1713    0.1208    0.3070
 000245   R  0.252333  0.401511  0.367905    0.0858    0.0780    0.1960    0.0620    0.1689    0.1394    0.2908
 000246   P  0.276864  0.434660  0.381640    0.1266    0.0676    0.1960    0.0560    0.1836    0.1460    0.2886
 000247   L  0.339510  0.453388  0.395419    0.1178    0.1070    0.2130    0.0610    0.2051    0.1490    0.2848
 000248   L  0.364843  0.457281  0.407571    0.1041    0.1731    0.1950    0.0560    0.2157    0.1484    0.2767
 000249   E  0.349375  0.463084  0.421747    0.1566    0.2436    0.1740    0.0580    0.2312    0.1372    0.2725
 000250   G  0.336017  0.467699  0.433892    0.1456    0.2470    0.1750    0.0600    0.2285    0.1421    0.2720
 000251   G  0.338999  0.454242  0.446037    0.1998    0.3215    0.1620    0.0640    0.2461    0.1334    0.2774
 000252   K  0.387497  0.461751  0.461335    0.1878    0.2328    0.1470    0.0580    0.2362    0.1498    0.2813
 000253   V  0.426718  0.464139  0.477958    0.1958    0.2129    0.1420    0.0550    0.2402    0.1602    0.2843
 000254   E  0.458803  0.446253  0.494324    0.1667    0.2541    0.1280    0.0480    0.2424    0.1687    0.2896
 000255   A  0.471985  0.417581  0.508188    0.1456    0.2884    0.1160    0.0370    0.2399    0.1751    0.3005
 000256   F  0.424300  0.432547  0.520873    0.1635    0.2951    0.1160    0.0260    0.2387    0.1710    0.3152
 000257   F  0.422837  0.428796  0.532140    0.1667    0.2951    0.1230    0.0280    0.2394    0.1718    0.3190
 000258   R  0.410431  0.434580  0.536486    0.2385    0.3667    0.1380    0.0410    0.2647    0.1588    0.3224
 000259   H  0.385992  0.463282  0.544023    0.3535    0.3667    0.1370    0.0390    0.2844    0.1545    0.3330
 000260   A  0.366986  0.489170  0.553894    0.3399    0.3392    0.1470    0.0450    0.2803    0.1586    0.3405
 000261   E  0.316496  0.503122  0.565389    0.2483    0.2575    0.1560    0.0500    0.2468    0.1734    0.3413
 000262   R  0.267896  0.549981  0.578672    0.2385    0.1791    0.1830    0.0690    0.2364    0.1926    0.3410
 000263   V  0.211599  0.580342  0.595007    0.1602    0.1184    0.2020    0.0800    0.2120    0.2213    0.3507
 000264   A  0.182328  0.589573  0.609490    0.1667    0.1501    0.2010    0.0830    0.2150    0.2250    0.3618
 000265   H  0.181177  0.589012  0.618839    0.1088    0.0870    0.2120    0.0930    0.1963    0.2425    0.3696
 000266   P  0.181154  0.601088  0.630403    0.1178    0.1048    0.2240    0.1000    0.2048    0.2438    0.3708
 000267   S  0.211969  0.596689  0.640402    0.1292    0.1914    0.2640    0.1240    0.2323    0.2284    0.3656
 000268   P  0.290775  0.580004  0.644581    0.2209    0.2849    0.2540    0.1300    0.2717    0.1990    0.3662
 000269   R  0.305982  0.608049  0.654079    0.2255    0.2645    0.2530    0.1280    0.2762    0.2069    0.3609
 000270   L  0.321878  0.617329  0.665397    0.2167    0.2436    0.2420    0.1090    0.2736    0.2157    0.3637
 000271   R  0.337486  0.618118  0.677205    0.2080    0.2752    0.2050    0.1110    0.2739    0.2215    0.3631
 000272   L  0.383405  0.600278  0.686763    0.1878    0.2752    0.1820    0.1010    0.2715    0.2266    0.3698
 000273   L  0.419466  0.589422  0.694387    0.1998    0.2002    0.1790    0.0930    0.2647    0.2344    0.3755
 000274   L  0.452882  0.607006  0.700425    0.2786    0.2783    0.1790    0.0910    0.2993    0.2215    0.3749
 000275   A  0.477422  0.603010  0.694710    0.2122    0.2988    0.1830    0.0960    0.2958    0.2259    0.3734
 000276   L  0.436900  0.579005  0.687734    0.2167    0.2884    0.1950    0.0990    0.2860    0.2173    0.3692
 000277   G  0.360421  0.554032  0.675142    0.1805    0.1759    0.2020    0.1050    0.2455    0.2251    0.3676
 000278   H  0.351272  0.576768  0.662643    0.1805    0.1554    0.2430    0.1300    0.2511    0.2235    0.3709
 000279   R  0.350570  0.615373  0.653007    0.0935    0.0870    0.3030    0.1720    0.2416    0.2485    0.3690
 000280   M  0.340144  0.623838  0.643983    0.0832    0.0568    0.3360    0.1960    0.2400    0.2543    0.3759
 000281   R  0.301386  0.630231  0.637434    0.0935    0.1028    0.3660    0.2000    0.2489    0.2443    0.3690
 000282   G  0.283718  0.637817  0.632687    0.0514    0.1092    0.4070    0.2080    0.2482    0.2530    0.3696
 000283   E  0.301858  0.645792  0.626826    0.0935    0.0929    0.4020    0.1810    0.2560    0.2469    0.3674
 000284   L  0.314750  0.652603  0.620965    0.1380    0.1759    0.4080    0.1840    0.2816    0.2243    0.3672
 000285   D  0.374053  0.622973  0.613861    0.1117    0.2645    0.3830    0.1830    0.2927    0.2084    0.3676
 000286   R  0.446817  0.597797  0.613316    0.1566    0.3087    0.3890    0.1650    0.3164    0.1894    0.3685
 000287   G  0.513339  0.601117  0.614025    0.2432    0.3948    0.4030    0.1150    0.3592    0.1653    0.3759
 000288   L  0.577831  0.611009  0.616021    0.2531    0.4292    0.4250    0.0880    0.3827    0.1660    0.3840
 000289   A  0.652838  0.570651  0.616009    0.2657    0.3910    0.4950    0.0860    0.3958    0.1692    0.3917
 000290   V  0.722821  0.599151  0.616243    0.3146    0.3249    0.5330    0.0840    0.4157    0.1827    0.4016
 000291   L  0.776055  0.624485  0.612573    0.3263    0.2783    0.5900    0.0750    0.4326    0.2030    0.4117
 000292   E  0.791882  0.623413  0.607029    0.2657    0.2609    0.6210    0.0910    0.4272    0.2218    0.4290
 000293   G  0.813665  0.631570  0.596611    0.1878    0.2715    0.6400    0.1240    0.4241    0.2416    0.4249
 000294   F  0.823829  0.655541  0.585899    0.1495    0.2258    0.6910    0.0910    0.4243    0.2663    0.4106
 000295   P  0.822294  0.644234  0.573966    0.2531    0.2258    0.5900    0.0790    0.4225    0.2335    0.3994
 000296   E  0.824003  0.637967  0.564622    0.2122    0.1449    0.5840    0.0920    0.4006    0.2573    0.3908
 000297   E  0.822917  0.631813  0.555640    0.1532    0.1323    0.5590    0.1150    0.3831    0.2682    0.3810
 000298   D  0.822535  0.614805  0.545766    0.0965    0.1229    0.5230    0.1220    0.3632    0.2775    0.3739
 000299   P  0.813211  0.586735  0.541312    0.1292    0.1881    0.4720    0.1230    0.3648    0.2515    0.3695
 000300   A  0.801154  0.539247  0.536655    0.1380    0.2258    0.4430    0.1320    0.3579    0.2361    0.3706
 000301   L  0.796292  0.506727  0.531998    0.1998    0.2094    0.4070    0.1330    0.3532    0.2232    0.3699
 000302   L  0.790183  0.453521  0.523438    0.3005    0.2094    0.3580    0.1360    0.3519    0.2061    0.3734
 000303   A  0.770382  0.444111  0.514822    0.2080    0.1969    0.3110    0.1160    0.3218    0.2168    0.3802
 000304   E  0.698295  0.453713  0.508279    0.1416    0.1275    0.2810    0.0970    0.2836    0.2221    0.3886
 000305   A  0.613180  0.438178  0.502199    0.2432    0.2164    0.2580    0.0780    0.2948    0.1708    0.3968
 000306   L  0.524509  0.436684  0.493350    0.1380    0.1852    0.2420    0.0620    0.2544    0.1741    0.4058
 000307   L  0.452269  0.425102  0.485528    0.1178    0.1501    0.2270    0.0530    0.2286    0.1698    0.4188
 000308   A  0.397337  0.429925  0.480929    0.1088    0.1449    0.2100    0.0420    0.2151    0.1665    0.4303
 000309   R  0.394192  0.437879  0.478054    0.0832    0.1399    0.2050    0.0440    0.2100    0.1726    0.4169
 000310   G  0.389036  0.440275  0.475161    0.0660    0.1251    0.2060    0.0490    0.2043    0.1773    0.4082
 000311   T  0.340026  0.435973  0.474152    0.0813    0.1229    0.2310    0.0520    0.2018    0.1682    0.4056
 000312   L  0.290870  0.432824  0.473597    0.1349    0.1969    0.2560    0.0680    0.2186    0.1443    0.3994
 000313   L  0.305312  0.445093  0.472429    0.1667    0.2752    0.2290    0.0610    0.2369    0.1354    0.3949
 000314   G  0.342603  0.467843  0.476359    0.2080    0.2328    0.2150    0.0520    0.2444    0.1389    0.3902
 000315   L  0.384534  0.499893  0.471536    0.1844    0.1298    0.2170    0.0490    0.2359    0.1641    0.3870
 000316   K  0.381507  0.512196  0.469332    0.1532    0.1501    0.2430    0.0550    0.2399    0.1645    0.3857
 000317   G  0.368759  0.508309  0.462604    0.1416    0.2328    0.2690    0.0550    0.2534    0.1501    0.3866
 000318   A  0.299650  0.515379  0.459177    0.2080    0.3149    0.2720    0.0540    0.2684    0.1318    0.3913
 000319   H  0.235698  0.517283  0.458241    0.2558    0.2752    0.2750    0.0710    0.2598    0.1334    0.3984
 000320   G  0.276189  0.520587  0.454477    0.2657    0.2541    0.3440    0.0890    0.2767    0.1266    0.3949
 000321   E  0.329909  0.519718  0.455853    0.1921    0.1759    0.3270    0.0710    0.2574    0.1467    0.3913
 000322   A  0.380375  0.534310  0.461416    0.1602    0.1643    0.2730    0.0590    0.2520    0.1616    0.3892
 000323   E  0.425531  0.526721  0.465790    0.1635    0.2541    0.2130    0.0620    0.2638    0.1575    0.3894
 000324   G  0.468157  0.509176  0.471213    0.2333    0.3460    0.1920    0.0580    0.2914    0.1457    0.3880
 000325   V  0.539310  0.497924  0.476768    0.2385    0.3807    0.1810    0.0510    0.3062    0.1560    0.3909
 000326   F  0.608138  0.474204  0.481311    0.3263    0.3807    0.1700    0.0420    0.3265    0.1595    0.3970
 000327   S  0.657658  0.448757  0.481449    0.3717    0.3740    0.1450    0.0390    0.3329    0.1729    0.3980
 000328   Q  0.664893  0.430631  0.483126    0.2913    0.3426    0.1330    0.0430    0.3104    0.1839    0.3933
 000329   G  0.614127  0.426081  0.487260    0.3225    0.3667    0.1310    0.0430    0.3100    0.1697    0.3891
 000330   V  0.546496  0.416542  0.487508    0.2913    0.2436    0.1460    0.0420    0.2739    0.1623    0.3832
 000331   A  0.473047  0.411028  0.485598    0.2820    0.1671    0.1620    0.0470    0.2491    0.1569    0.3880
 000332   L  0.395791  0.419278  0.483687    0.1958    0.1671    0.1740    0.0470    0.2253    0.1530    0.3920
 000333   G  0.327746  0.435611  0.483481    0.1667    0.1942    0.1820    0.0460    0.2177    0.1498    0.3922
 000334   E  0.257043  0.446827  0.487488    0.1635    0.1759    0.2140    0.0580    0.2095    0.1523    0.3934
 000335   T  0.194753  0.443302  0.491987    0.1667    0.1759    0.2690    0.0850    0.2083    0.1540    0.3937
 000336   P  0.153908  0.436046  0.499629    0.2167    0.2094    0.3000    0.1010    0.2194    0.1508    0.3879
 000337   L  0.172693  0.423905  0.511849    0.3146    0.2884    0.3040    0.1070    0.2506    0.1371    0.3739
 000338   R  0.190352  0.430649  0.527015    0.2786    0.2817    0.2800    0.0990    0.2436    0.1427    0.3588
 000339   A  0.227837  0.438024  0.539502    0.2385    0.1791    0.2570    0.0790    0.2235    0.1577    0.3495
 000340   R  0.313281  0.449778  0.551988    0.2292    0.1702    0.2540    0.0710    0.2360    0.1613    0.3381
 000341   F  0.409420  0.450094  0.563495    0.2167    0.1583    0.2720    0.0880    0.2510    0.1696    0.3299
 000342   L  0.500382  0.475218  0.571330    0.2432    0.1852    0.2440    0.0780    0.2746    0.1776    0.3162
 000343   T  0.593240  0.507384  0.579005    0.2432    0.2575    0.2170    0.0760    0.3031    0.1893    0.2999
 000344   S  0.681349  0.518753  0.583425    0.2432    0.1731    0.2250    0.0740    0.3068    0.2200    0.2794
 000345   R  0.753725  0.528756  0.583674    0.2255    0.1554    0.2530    0.0850    0.3194    0.2389    0.2600
 000346   G  0.772379  0.554856  0.590138    0.1532    0.1554    0.2700    0.1080    0.3177    0.2559    0.2447
 000347   A  0.758480  0.541027  0.596479    0.1178    0.1115    0.2770    0.1320    0.3009    0.2660    0.2332
 000348   A  0.751010  0.559561  0.604812    0.1766    0.1476    0.2380    0.1050    0.3121    0.2551    0.2260
 000349   R  0.692571  0.566462  0.611718    0.1566    0.1643    0.2170    0.1020    0.2995    0.2479    0.2221
 000350   I  0.640837  0.570542  0.612192    0.1602    0.1942    0.2260    0.1000    0.2986    0.2327    0.2182
 000351   R  0.582363  0.582104  0.614648    0.1635    0.1323    0.2370    0.0940    0.2829    0.2339    0.2167
 000352   L  0.542198  0.562831  0.609374    0.2255    0.2399    0.2510    0.0840    0.3035    0.1961    0.2172
 000353   G  0.469177  0.544504  0.603463    0.2041    0.3356    0.2580    0.0920    0.3019    0.1781    0.2168
 000354   R  0.409985  0.523886  0.601901    0.1958    0.2918    0.2810    0.0920    0.2838    0.1745    0.2159
 000355   Y  0.383822  0.535152  0.597791    0.1958    0.2094    0.3330    0.1080    0.2762    0.1808    0.2199
 000356   R  0.391447  0.580983  0.595965    0.1844    0.1229    0.3930    0.1360    0.2787    0.2045    0.2226
 000357   E  0.417231  0.595832  0.593051    0.1178    0.0749    0.4290    0.1430    0.2725    0.2294    0.2289
 000358   A  0.467161  0.617907  0.594121    0.0832    0.0888    0.4590    0.1630    0.2860    0.2408    0.2367
 000359   A  0.496091  0.641427  0.594570    0.0587    0.1007    0.4670    0.1520    0.2940    0.2498    0.2442
 000360   E  0.524799  0.643460  0.592550    0.0643    0.1048    0.4680    0.1430    0.3009    0.2500    0.2466
 000361   D  0.540504  0.655263  0.595047    0.1041    0.1914    0.4850    0.1380    0.3294    0.2293    0.2510
 000362   L  0.597407  0.648433  0.597990    0.1060    0.1914    0.4460    0.1370    0.3315    0.2330    0.2547
 000363   E  0.654983  0.641196  0.598939    0.1698    0.1914    0.3590    0.1280    0.3361    0.2284    0.2537
 000364   E  0.709809  0.639771  0.601202    0.1566    0.1881    0.3480    0.1040    0.3403    0.2419    0.2582
 000365   A  0.764635  0.602539  0.602568    0.1018    0.2094    0.3690    0.0770    0.3412    0.2554    0.2664
 000366   L  0.791635  0.581462  0.599617    0.1532    0.2328    0.3990    0.0790    0.3597    0.2428    0.2717
 000367   F  0.793491  0.586541  0.590588    0.1698    0.2541    0.4220    0.0900    0.3709    0.2345    0.2743
 000368   L  0.797383  0.597923  0.583930    0.1117    0.2094    0.4320    0.1070    0.3581    0.2549    0.2664
 000369   S  0.804369  0.575923  0.574326    0.1349    0.1643    0.4430    0.1400    0.3537    0.2559    0.2541
 000370   R  0.805572  0.597679  0.563609    0.1349    0.1643    0.4760    0.1550    0.3631    0.2567    0.2425
 000371   K  0.780858  0.592870  0.550542    0.0813    0.0967    0.5030    0.1440    0.3424    0.2746    0.2385
 000372   E  0.759811  0.590059  0.537501    0.0701    0.0985    0.5180    0.1310    0.3394    0.2712    0.2323
 000373   R  0.739235  0.596158  0.530030    0.0660    0.1671    0.5130    0.1280    0.3470    0.2544    0.2321
 000374   L  0.729790  0.595012  0.525143    0.0677    0.0985    0.5300    0.1190    0.3368    0.2655    0.2363
 000375   K  0.738890  0.581986  0.520248    0.0677    0.0749    0.5010    0.1280    0.3274    0.2685    0.2363
 000376   E  0.744982  0.564741  0.513133    0.0441    0.0494    0.4770    0.1270    0.3134    0.2764    0.2330
 000377   V  0.728206  0.540211  0.507293    0.0621    0.0690    0.4530    0.1130    0.3088    0.2608    0.2269
 000378   E  0.705825  0.490426  0.497035    0.0542    0.1275    0.4070    0.1050    0.2974    0.2394    0.2230
 000379   A  0.635982  0.435067  0.483725    0.0789    0.2002    0.3580    0.0790    0.2847    0.2002    0.2218
 000380   L  0.617998  0.360300  0.472400    0.0723    0.2094    0.3100    0.0820    0.2617    0.1924    0.2280
 000381   A  0.600015  0.355981  0.461247    0.0813    0.1501    0.2600    0.0650    0.2412    0.1935    0.2372
 000382   L  0.589668  0.334170  0.449698    0.0858    0.1501    0.2220    0.0590    0.2303    0.1895    0.2440
 000383   H  0.568190  0.336422  0.442434    0.0455    0.1501    0.2030    0.0670    0.2172    0.1925    0.2495
 000384   N  0.534601  0.354017  0.434200    0.0490    0.0985    0.2080    0.0610    0.2073    0.1902    0.2420
 000385   L  0.455061  0.354313  0.422425    0.0909    0.1323    0.2360    0.0630    0.2115    0.1558    0.2322
 000386   A  0.404390  0.374885  0.414643    0.0490    0.1449    0.2530    0.0830    0.2043    0.1546    0.2234
 000387   I  0.359475  0.337555  0.402118    0.0376    0.1115    0.2850    0.0840    0.1885    0.1500    0.2156
 000388   A  0.360275  0.327742  0.393905    0.0607    0.1115    0.2990    0.0860    0.1931    0.1424    0.2168
 000389   R  0.327383  0.322291  0.384488    0.0464    0.0967    0.3280    0.0920    0.1868    0.1443    0.2166
 000390   H  0.328078  0.315026  0.374543    0.0336    0.0719    0.3690    0.1010    0.1863    0.1538    0.2178
 000391   H  0.316650  0.323820  0.367067    0.0554    0.0690    0.3710    0.0920    0.1893    0.1479    0.2091
 000392   L  0.305222  0.339668  0.358013    0.0350    0.0799    0.3800    0.0870    0.1900    0.1507    0.1937
 000393   G  0.297557  0.343052  0.349950    0.0363    0.1424    0.3750    0.0860    0.1991    0.1378    0.1782
 000394   E  0.338344  0.359084  0.343417    0.0350    0.0929    0.3640    0.0990    0.1982    0.1482    0.1655
 000395   L  0.390986  0.382971  0.336590    0.0387    0.0506    0.3660    0.1070    0.2050    0.1639    0.1558
 000396   A  0.444979  0.364242  0.330885    0.0425    0.1028    0.3540    0.1100    0.2181    0.1572    0.1450
 000397   E  0.506597  0.331315  0.324203    0.0268    0.0749    0.3080    0.1100    0.2079    0.1725    0.1377
 000398   A  0.574409  0.304658  0.319752    0.0621    0.1323    0.2860    0.1070    0.2266    0.1709    0.1303
 000399   V  0.608635  0.264889  0.314448    0.0395    0.1671    0.2570    0.0920    0.2229    0.1811    0.1211
 000400   R  0.647744  0.215568  0.306587    0.0414    0.1476    0.2250    0.0820    0.2129    0.1965    0.1175
 000401   L  0.671766  0.202885  0.303447    0.0425    0.1671    0.2020    0.0770    0.2144    0.2038    0.1151
 000402   Y  0.693257  0.191823  0.303498    0.0304    0.1028    0.1750    0.0640    0.1989    0.2212    0.1176
 000403   R  0.706244  0.186576  0.301296    0.0660    0.1583    0.1610    0.0540    0.2129    0.2157    0.1215
 000404   E  0.682665  0.193004  0.294980    0.0363    0.1528    0.1750    0.0550    0.2067    0.2111    0.1276
 000405   V  0.644813  0.222012  0.283682    0.0363    0.1206    0.1980    0.0690    0.2037    0.1984    0.1324
 000406   L  0.597871  0.243970  0.274459    0.0621    0.1162    0.1970    0.0690    0.2028    0.1781    0.1397
 000407   P  0.544681  0.272070  0.268280    0.0587    0.1476    0.1990    0.0630    0.2037    0.1578    0.1500
 000408   L  0.491491  0.301842  0.269610    0.0327    0.0835    0.2190    0.0920    0.1880    0.1569    0.1586
 000409   K  0.447844  0.333135  0.271601    0.0441    0.0618    0.2100    0.0820    0.1828    0.1502    0.1687
 000410   T  0.444383  0.337592  0.275708    0.0395    0.0929    0.2230    0.0880    0.1895    0.1456    0.1764
 000411   A  0.404643  0.336862  0.279623    0.0226    0.0581    0.2270    0.0950    0.1749    0.1469    0.1765
 000412   P  0.366574  0.341174  0.278977    0.0425    0.0967    0.2030    0.0840    0.1750    0.1288    0.1749
 000413   L  0.383175  0.325708  0.280141    0.0414    0.1671    0.1840    0.0740    0.1836    0.1224    0.1691
 000414   S  0.366884  0.311847  0.282554    0.0414    0.1476    0.1680    0.0690    0.1726    0.1205    0.1661
 000415   R  0.355043  0.308921  0.285017    0.0387    0.0851    0.1550    0.0660    0.1571    0.1277    0.1591
 000416   A  0.397848  0.305651  0.287259    0.0502    0.1251    0.1400    0.0650    0.1699    0.1300    0.1540
 000417   Y  0.427619  0.265898  0.285737    0.0542    0.1229    0.1300    0.0590    0.1668    0.1341    0.1493
 000418   T  0.394405  0.278473  0.286415    0.0455    0.0631    0.1290    0.0570    0.1518    0.1371    0.1440
 000419   L  0.330338  0.289399  0.287273    0.0502    0.1028    0.1320    0.0620    0.1508    0.1175    0.1377
 000420   L  0.314925  0.283516  0.286110    0.0279    0.0985    0.1270    0.0600    0.1420    0.1196    0.1312
 000421   S  0.303417  0.292266  0.283482    0.0268    0.0454    0.1120    0.0470    0.1299    0.1279    0.1253
 000422   L  0.241554  0.308242  0.279159    0.0336    0.0341    0.1130    0.0470    0.1217    0.1221    0.1209
 000423   G  0.235253  0.313723  0.274881    0.0131    0.0300    0.1150    0.0490    0.1179    0.1262    0.1188
 000424   E  0.249510  0.298307  0.268030    0.0144    0.0405    0.1040    0.0410    0.1178    0.1220    0.1196
 000425   A  0.200964  0.285948  0.261644    0.0160    0.0414    0.0950    0.0320    0.1066    0.1138    0.1182
 000426   L  0.149806  0.276862  0.256441    0.0124    0.0405    0.0950    0.0290    0.0958    0.1092    0.1195
 000427   S  0.156611  0.242216  0.248229    0.0160    0.0531    0.0920    0.0250    0.0933    0.0981    0.1187
 000428   Y  0.167913  0.231681  0.243817    0.0297    0.0543    0.0790    0.0160    0.0937    0.0939    0.1188
 000429   L  0.171332  0.231698  0.238901    0.0286    0.0248    0.0640    0.0140    0.0868    0.0992    0.1189
 000430   G  0.177544  0.229621  0.230565    0.0297    0.0389    0.0670    0.0210    0.0905    0.0944    0.1183
 000431   R  0.198512  0.211724  0.223479    0.0268    0.0543    0.0860    0.0300    0.0961    0.0882    0.1172
 000432   F  0.209733  0.233461  0.216012    0.0259    0.0518    0.1100    0.0400    0.1052    0.0902    0.1170
 000433   L  0.208809  0.244305  0.206987    0.0363    0.0967    0.1340    0.0510    0.1200    0.0803    0.1164
 000434   E  0.214751  0.258041  0.201034    0.0327    0.1048    0.1380    0.0490    0.1248    0.0824    0.1144
 000435   A  0.242664  0.286415  0.196838    0.0363    0.0799    0.1860    0.0710    0.1385    0.0933    0.1113
 000436   K  0.266349  0.316375  0.192874    0.0478    0.0463    0.2000    0.0700    0.1462    0.1066    0.1103
 000437   R  0.294445  0.313775  0.187828    0.0643    0.0631    0.2030    0.0710    0.1565    0.1034    0.1068
 000438   T  0.284326  0.309554  0.186156    0.0308    0.0631    0.1810    0.0630    0.1448    0.1075    0.1063
 000439   L  0.311575  0.305595  0.179074    0.0425    0.1048    0.1660    0.0670    0.1550    0.1025    0.1043
 000440   F  0.340527  0.302878  0.173801    0.0744    0.1702    0.1550    0.0630    0.1738    0.0955    0.1006
 000441   R  0.392935  0.309102  0.169429    0.0723    0.1070    0.1540    0.0590    0.1726    0.1168    0.0987
 000442   A  0.437101  0.334300  0.161371    0.0789    0.1048    0.1760    0.0600    0.1884    0.1310    0.1003
 000443   R  0.426444  0.352661  0.157132    0.0813    0.1643    0.1660    0.0540    0.1985    0.1247    0.1020
 000444   E  0.399799  0.354615  0.155774    0.1205    0.2034    0.1600    0.0540    0.2063    0.1092    0.1047
 000445   E  0.370619  0.358131  0.155502    0.0935    0.1914    0.1650    0.0540    0.1964    0.1079    0.1064
 000446   A  0.338285  0.374561  0.160221    0.0909    0.1424    0.1650    0.0570    0.1852    0.1088    0.1074
 000447   W  0.341871  0.382312  0.167042    0.0935    0.1528    0.1550    0.0500    0.1875    0.1105    0.1095
 000448   A  0.304644  0.391185  0.176183    0.0567    0.1028    0.1260    0.0360    0.1636    0.1214    0.1167
 000449   S  0.265713  0.390195  0.181083    0.0587    0.0592    0.1020    0.0390    0.1460    0.1240    0.1247
 000450   G  0.195178  0.360305  0.181399    0.0677    0.1070    0.0860    0.0280    0.1361    0.1031    0.1350
 000451   D  0.118643  0.320949  0.183800    0.0858    0.1251    0.0770    0.0190    0.1213    0.0885    0.1471
 000452   Y  0.096096  0.284583  0.187042    0.0909    0.1092    0.0750    0.0160    0.1093    0.0800    0.1606
 000453   R  0.083675  0.264973  0.197773    0.0723    0.1349    0.0740    0.0160    0.1049    0.0792    0.1686
 000454   A  0.077487  0.237726  0.206639    0.0621    0.0870    0.0820    0.0200    0.0910    0.0775    0.1805
 000455   M  0.071299  0.215812  0.216856    0.0621    0.0454    0.1020    0.0260    0.0828    0.0796    0.1934
 000456   G  0.056073  0.213899  0.228040    0.0387    0.0398    0.1240    0.0300    0.0787    0.0878    0.2068
 000457   Y  0.042965  0.213422  0.237073    0.0297    0.0531    0.1440    0.0380    0.0805    0.0921    0.2228
 000458   T  0.037195  0.207047  0.248471    0.0567    0.0909    0.1510    0.0500    0.0904    0.0877    0.2387
 000459   L  0.079895  0.213894  0.258033    0.0832    0.1070    0.1580    0.0570    0.1069    0.0797    0.2472
 000460   L  0.133240  0.226532  0.268805    0.0701    0.0646    0.1580    0.0560    0.1088    0.0875    0.2501
 000461   N  0.193028  0.244478  0.281609    0.0701    0.0799    0.1480    0.0460    0.1226    0.0916    0.2532
 000462   L  0.253584  0.226870  0.292014    0.0405    0.0835    0.1550    0.0470    0.1265    0.1030    0.2587
 000463   A  0.299375  0.256647  0.302452    0.0884    0.1162    0.1480    0.0420    0.1514    0.1008    0.2621
 000464   D  0.345165  0.272121  0.313132    0.1088    0.1323    0.1570    0.0480    0.1692    0.1060    0.2681
 000465   L  0.403289  0.280923  0.323538    0.1060    0.1554    0.1680    0.0520    0.1856    0.1177    0.2701
 000466   Y  0.477216  0.305013  0.332516    0.1532    0.1206    0.1720    0.0480    0.2046    0.1363    0.2669
 000467   R  0.547666  0.332536  0.343265    0.1495    0.0704    0.1760    0.0480    0.2127    0.1679    0.2667
 000468   E  0.579754  0.374696  0.356876    0.1456    0.1137    0.1750    0.0410    0.2315    0.1741    0.2698
 000469   A  0.610034  0.412283  0.366272    0.0832    0.1184    0.1830    0.0470    0.2344    0.1954    0.2673
 000470   G  0.632113  0.448732  0.375212    0.1240    0.1501    0.1940    0.0560    0.2582    0.1931    0.2710
 000471   L  0.652687  0.477651  0.384898    0.1958    0.2364    0.2340    0.0660    0.2994    0.1746    0.2777
 000472   P  0.685457  0.509372  0.396800    0.1635    0.1942    0.2380    0.0570    0.2984    0.1986    0.2820
 000473   E  0.724727  0.533032  0.409373    0.2558    0.2817    0.2550    0.0600    0.3417    0.1855    0.2809
 000474   A  0.745955  0.561218  0.422215    0.2483    0.2292    0.2530    0.0680    0.3396    0.2038    0.2835
 000475   E  0.750848  0.575093  0.432814    0.2385    0.2399    0.2190    0.0670    0.3373    0.2121    0.2889
 000476   G  0.749872  0.559353  0.442066    0.2255    0.3215    0.2050    0.0660    0.3436    0.2061    0.2968
 000477   L  0.750778  0.558891  0.449247    0.3263    0.3807    0.1850    0.0630    0.3670    0.1939    0.3088
 000478   Y  0.697629  0.548074  0.453790    0.3399    0.3948    0.1570    0.0450    0.3563    0.1844    0.3154
 000479   R  0.640302  0.546408  0.459051    0.2820    0.3872    0.1470    0.0380    0.3338    0.1804    0.3225
 000480   E  0.582158  0.563815  0.466948    0.3225    0.4541    0.1690    0.0710    0.3487    0.1627    0.3399
 000481   A  0.523148  0.581930  0.472383    0.3359    0.3631    0.1790    0.0830    0.3306    0.1551    0.3541
 000482   E  0.455580  0.578544  0.473583    0.4513    0.4186    0.1780    0.0870    0.3470    0.1450    0.3694
 000483   A  0.389535  0.569691  0.475613    0.3359    0.3019    0.1840    0.0880    0.2968    0.1468    0.3848
 000484   H  0.325409  0.586226  0.476097    0.2865    0.2849    0.1820    0.0800    0.2775    0.1561    0.4068
 000485   L  0.308777  0.587006  0.474967    0.2385    0.2364    0.1730    0.0730    0.2573    0.1666    0.4192
 000486   E  0.259485  0.592977  0.472224    0.2209    0.1583    0.1480    0.0440    0.2300    0.1841    0.4254
 000487   K  0.238940  0.592097  0.470064    0.1635    0.1611    0.1390    0.0380    0.2157    0.1908    0.4257
 000488   A  0.225936  0.559438  0.470481    0.1805    0.1611    0.1210    0.0380    0.2079    0.1841    0.4317
 000489   H  0.207510  0.518438  0.470899    0.2748    0.2436    0.1160    0.0410    0.2267    0.1633    0.4231
 000490   D  0.185173  0.474086  0.473539    0.2041    0.1731    0.1170    0.0400    0.1922    0.1657    0.4185
 000491   P  0.168664  0.442635  0.475475    0.1844    0.1349    0.1060    0.0340    0.1728    0.1685    0.4161
 000492   Y  0.162586  0.416292  0.474600    0.1532    0.1501    0.1090    0.0460    0.1652    0.1645    0.4162
 000493   A  0.146909  0.413511  0.477270    0.1205    0.0851    0.0950    0.0450    0.1435    0.1782    0.4217
 000494   L  0.086503  0.390105  0.471376    0.1416    0.1028    0.0910    0.0440    0.1353    0.1748    0.4215
 000495   G  0.056584  0.389161  0.464234    0.0935    0.0817    0.0930    0.0480    0.1189    0.1821    0.4275
 000496   L  0.049347  0.372493  0.456278    0.1495    0.1298    0.0930    0.0490    0.1323    0.1690    0.4255
 000497   V  0.047919  0.389450  0.446121    0.1150    0.1206    0.0900    0.0460    0.1271    0.1724    0.4266
 000498   H  0.049147  0.389130  0.438417    0.1178    0.1184    0.0910    0.0430    0.1277    0.1696    0.4253
 000499   L  0.052348  0.323598  0.429888    0.1416    0.0851    0.0970    0.0480    0.1166    0.1566    0.4323
 000500   G  0.056290  0.334873  0.425696    0.1349    0.0909    0.0930    0.0390    0.1183    0.1565    0.4254
 000501   L  0.061171  0.334522  0.419012    0.0789    0.0799    0.1100    0.0410    0.1108    0.1578    0.4221
 000502   A  0.063631  0.344493  0.410201    0.0701    0.0531    0.1340    0.0490    0.1109    0.1591    0.4087
 000503   R  0.064675  0.376481  0.401336    0.1150    0.0870    0.1610    0.0580    0.1340    0.1519    0.3974
 000504   L  0.064810  0.407868  0.395752    0.1117    0.0870    0.1930    0.0740    0.1441    0.1559    0.3901
 000505   G  0.081020  0.449327  0.395031    0.1667    0.0719    0.2180    0.0790    0.1644    0.1595    0.3760
 000506   A  0.094586  0.496519  0.395447    0.1380    0.0349    0.2430    0.0820    0.1678    0.1777    0.3715
 000507   K  0.112011  0.533393  0.395799    0.1266    0.0631    0.2510    0.0780    0.1810    0.1811    0.3682
 000508   G  0.134657  0.521921  0.391190    0.1088    0.1070    0.2700    0.0810    0.1904    0.1699    0.3703
 000509   S  0.156790  0.500629  0.387554    0.1150    0.1048    0.2370    0.0880    0.1857    0.1607    0.3729
 000510   L  0.189801  0.486934  0.387803    0.1805    0.1671    0.2420    0.0890    0.2110    0.1364    0.3776
 000511   E  0.269422  0.466691  0.386549    0.1805    0.1611    0.2060    0.0700    0.2140    0.1295    0.3769
 000512   R  0.346437  0.450153  0.390295    0.2558    0.2715    0.2100    0.0620    0.2557    0.1053    0.3734
 000513   A  0.422689  0.445021  0.400154    0.2865    0.3019    0.1780    0.0530    0.2724    0.1145    0.3854
 000514   R  0.490001  0.446946  0.407018    0.3263    0.3249    0.1670    0.0520    0.2925    0.1251    0.3938
 000515   A  0.524051  0.446622  0.407704    0.4037    0.3249    0.1840    0.0580    0.3139    0.1262    0.4064
 000516   F  0.548712  0.477438  0.414514    0.4116    0.2951    0.2260    0.0840    0.3265    0.1279    0.4198
 000517   F  0.568664  0.499724  0.419151    0.3630    0.3392    0.2160    0.0910    0.3310    0.1336    0.4165
 000518   Q  0.556476  0.521945  0.420333    0.3359    0.2364    0.2020    0.0870    0.3087    0.1510    0.4022
 000519   E  0.535945  0.556935  0.422850    0.3456    0.2399    0.2060    0.0900    0.3141    0.1518    0.3874
 000520   G  0.483034  0.574244  0.422216    0.2700    0.1671    0.1960    0.0750    0.2817    0.1666    0.3776
 000521   G  0.433392  0.564736  0.421892    0.3630    0.1791    0.2000    0.0620    0.2900    0.1523    0.3708
 000522   S  0.377289  0.571070  0.425727    0.2820    0.1424    0.2010    0.0640    0.2623    0.1601    0.3680
 000523   P  0.322310  0.563803  0.433228    0.2255    0.1501    0.1840    0.0580    0.2410    0.1631    0.3652
 000524   G  0.323918  0.552724  0.440069    0.2432    0.1671    0.1800    0.0570    0.2444    0.1580    0.3519
 000525   E  0.331446  0.549221  0.450726    0.2531    0.1115    0.1720    0.0560    0.2363    0.1698    0.3399
 000526   L  0.300599  0.536759  0.459211    0.2748    0.0929    0.1700    0.0620    0.2291    0.1717    0.3262
 000527   A  0.343550  0.525961  0.465992    0.2865    0.1731    0.1590    0.0570    0.2480    0.1575    0.3152
 000528   E  0.367440  0.518241  0.477001    0.2963    0.2715    0.1560    0.0540    0.2682    0.1469    0.3121
 000529   W  0.357000  0.494447  0.483174    0.2820    0.2918    0.1640    0.0560    0.2648    0.1415    0.3126
 000530   H  0.372183  0.481456  0.489715    0.2558    0.2918    0.1620    0.0560    0.2606    0.1440    0.3136
 000531   L  0.419450  0.453521  0.490047    0.2913    0.2951    0.1770    0.0580    0.2727    0.1363    0.3035
 000532   V  0.430729  0.470555  0.490299    0.3005    0.1852    0.1830    0.0590    0.2616    0.1518    0.2976
 000533   A  0.415519  0.496126  0.491685    0.2963    0.2064    0.1870    0.0580    0.2669    0.1506    0.2979
 000534   G  0.385414  0.471973  0.489837    0.1732    0.1914    0.2000    0.0640    0.2371    0.1574    0.2979
 000535   R  0.379594  0.515749  0.491924    0.1805    0.1671    0.2180    0.0720    0.2435    0.1657    0.3013
 000536   L  0.346607  0.514806  0.492492    0.1805    0.0985    0.2370    0.0850    0.2296    0.1750    0.3109
 000537   C  0.358732  0.513444  0.493732    0.2209    0.1501    0.2450    0.0850    0.2481    0.1599    0.3191
 000538   G  0.420110  0.523475  0.497512    0.1602    0.1137    0.2450    0.0770    0.2437    0.1815    0.3226
 000539   R  0.457409  0.553837  0.505170    0.1380    0.0870    0.2630    0.0800    0.2499    0.1999    0.3288
 000540   P  0.469649  0.568764  0.513056    0.1240    0.1731    0.2860    0.0840    0.2702    0.1910    0.3414
 000541   E  0.508670  0.589658  0.514886    0.0991    0.1671    0.3100    0.0840    0.2791    0.2044    0.3483
 000542   H  0.552578  0.593387  0.520087    0.1532    0.2164    0.3360    0.1010    0.3087    0.1909    0.3617
 000543   F  0.612593  0.606568  0.527342    0.1998    0.2884    0.3460    0.1030    0.3422    0.1828    0.3621
 000544   E  0.689072  0.609837  0.531534    0.1921    0.2849    0.3360    0.0890    0.3520    0.2011    0.3532
 000545   E  0.745060  0.616085  0.537367    0.1921    0.2849    0.3600    0.0840    0.3663    0.2130    0.3479
 000546   A  0.768334  0.625651  0.544809    0.1732    0.2849    0.3920    0.0860    0.3741    0.2223    0.3443
 000547   L  0.771034  0.636621  0.548053    0.2483    0.2849    0.3700    0.1000    0.3852    0.2112    0.3289
 000548   R  0.756548  0.646281  0.553033    0.3263    0.2645    0.3630    0.1250    0.3928    0.2017    0.3117
 000549   L  0.732116  0.656271  0.561812    0.2432    0.1823    0.3610    0.1460    0.3625    0.2270    0.3043
 000550   A  0.730066  0.661491  0.570597    0.1844    0.1251    0.3040    0.1490    0.3342    0.2539    0.2928
 000551   E  0.723130  0.671756  0.580609    0.1018    0.0870    0.2790    0.1380    0.3105    0.2794    0.2779
 000552   K  0.679900  0.681158  0.590007    0.0554    0.0734    0.2780    0.1350    0.2947    0.2862    0.2671
 000553   A  0.608815  0.664734  0.593140    0.0478    0.0414    0.2830    0.1230    0.2743    0.2804    0.2525
 000554   G  0.539728  0.632730  0.592288    0.0832    0.0929    0.3020    0.1240    0.2751    0.2481    0.2403
 000555   A  0.462561  0.605125  0.591256    0.0441    0.0483    0.3360    0.1010    0.2494    0.2513    0.2304
 000556   G  0.394916  0.583042  0.590663    0.0441    0.0218    0.3270    0.1120    0.2285    0.2487    0.2161
 000557   R  0.351750  0.566984  0.583199    0.0304    0.0163    0.3100    0.1200    0.2125    0.2462    0.2001
 000558   L  0.294465  0.504072  0.575052    0.0304    0.0253    0.2950    0.1230    0.1916    0.2308    0.1924
 000559   L  0.216457  0.434420  0.562639    0.0167    0.0227    0.2510    0.1220    0.1569    0.2205    0.1835
 000560   L  0.138825  0.455708  0.553169    0.0327    0.0454    0.2200    0.1320    0.1488    0.2187    0.1699
 000561   L  0.141254  0.451859  0.542461    0.0308    0.0543    0.2160    0.1190    0.1490    0.2137    0.1578
 000562   A  0.169166  0.379696  0.534584    0.0376    0.0592    0.2140    0.1150    0.1432    0.1970    0.1450
 000563   R  0.191924  0.415563  0.528756    0.0363    0.0605    0.2130    0.1250    0.1529    0.1990    0.1349
 000564   L  0.195691  0.351708  0.523921    0.0542    0.0799    0.1870    0.1120    0.1448    0.1841    0.1307
 000565   E  0.193962  0.391002  0.519255    0.0526    0.0662    0.1560    0.0970    0.1433    0.1913    0.1311
 000566   L  0.188883  0.404758  0.508869    0.0701    0.0799    0.1780    0.1070    0.1536    0.1842    0.1314
 000567   F  0.244851  0.446677  0.497447    0.0554    0.0676    0.2400    0.1270    0.1757    0.1880    0.1350
 000568   L  0.332000  0.478451  0.484752    0.0554    0.0424    0.2380    0.1160    0.1911    0.1964    0.1394
 000569   K  0.417804  0.520216  0.468248    0.0744    0.0618    0.2550    0.1130    0.2216    0.1987    0.1416
 000570   A  0.447827  0.531321  0.450829    0.0587    0.0967    0.3850    0.1410    0.2533    0.1975    0.1464
 000571   P  0.458445  0.554158  0.433488    0.0789    0.1643    0.4360    0.1480    0.2820    0.1858    0.1477
 000572   S  0.430273  0.568891  0.417807    0.1178    0.1759    0.4840    0.1480    0.2961    0.1773    0.1482
 000573   P  0.432286  0.581270  0.400270    0.1495    0.1323    0.4510    0.1360    0.2911    0.1765    0.1467
 000574   G  0.434300  0.575711  0.384349    0.0909    0.1424    0.4360    0.1200    0.2799    0.1831    0.1376
 000575   E  0.437425  0.582750  0.371720    0.0832    0.1881    0.3810    0.0850    0.2787    0.1747    0.1249
 000576   A  0.460933  0.571827  0.359879    0.0723    0.1791    0.3450    0.0560    0.2716    0.1768    0.1094
 000577   K  0.435273  0.545067  0.345948    0.1041    0.1476    0.3550    0.0370    0.2644    0.1644    0.0964
 000578   A  0.348136  0.498763  0.331589    0.1766    0.2609    0.3360    0.0430    0.2700    0.1121    0.0830
 000579   L  0.273974  0.452441  0.319252    0.1698    0.3529    0.2690    0.0470    0.2530    0.1015    0.0709
 000580   A  0.218362  0.415844  0.304793    0.1805    0.2364    0.1900    0.0460    0.2068    0.0960    0.0617
 000581   R  0.206736  0.380832  0.287108    0.2333    0.1671    0.1360    0.0280    0.1874    0.0939    0.0528
 000582   E  0.190559  0.342220  0.269718    0.1240    0.0851    0.1040    0.0240    0.1410    0.1035    0.0500
 000583   V  0.174382  0.299557  0.251767    0.0813    0.0443    0.0930    0.0220    0.1154    0.1022    0.0462
 000584   L  0.151073  0.274917  0.236042    0.0376    0.0389    0.0790    0.0250    0.0969    0.1010    0.0464
 000585   K  0.070007  0.244571  0.222325    0.0218    0.0364    0.0740    0.0260    0.0744    0.0958    0.0503
 000586   A  0.005834  0.209618  0.209650    0.0252    0.0281    0.0720    0.0270    0.0569    0.0925    0.0540
 000587   G  0.004374  0.180015  0.200587    0.0286    0.0174    0.0660    0.0250    0.0493    0.0853    0.0592
 000588   F  0.003528  0.158378  0.199812    0.0226    0.0209    0.0610    0.0250    0.0444    0.0818    0.0637
 000589   Q  0.003524  0.149746  0.200133    0.0128    0.0153    0.0560    0.0260    0.0396    0.0824    0.0732
 000590   D  0.003479  0.127408  0.202666    0.0363    0.0294    0.0510    0.0250    0.0412    0.0766    0.0833
 000591   F  0.002687  0.124028  0.204066    0.0212    0.0214    0.0520    0.0290    0.0369    0.0790    0.0942
 000592   W  0.002028  0.101739  0.205313    0.0286    0.0143    0.0570    0.0320    0.0340    0.0774    0.1087
 000593   L  0.001902  0.095771  0.206382    0.0102    0.0119    0.0600    0.0290    0.0299    0.0794    0.1148
 000594   W  0.001604  0.097768  0.206737    0.0097    0.0099    0.0700    0.0310    0.0315    0.0800    0.1274
 000595   E  0.003675  0.094330  0.206696    0.0167    0.0153    0.0740    0.0290    0.0340    0.0781    0.1319
 000596   R  0.007621  0.092514  0.206645    0.0081    0.0134    0.0990    0.0390    0.0368    0.0796    0.1317
 000597   A  0.012053  0.101455  0.205762    0.0102    0.0157    0.1260    0.0550    0.0442    0.0807    0.1398
 000598   F  0.022994  0.109503  0.206486    0.0079    0.0165    0.1550    0.0690    0.0520    0.0835    0.1498
 000599   P  0.078136  0.124530  0.207994    0.0160    0.0349    0.1380    0.0600    0.0652    0.0738    0.1638
 000600   L  0.159455  0.136634  0.211677    0.0167    0.0334    0.1500    0.0730    0.0826    0.0782    0.1686
 000601   P  0.251802  0.153056  0.215358    0.0167    0.0194    0.1600    0.0810    0.1001    0.0967    0.1788
 000602   L  0.337579  0.174910  0.221463    0.0336    0.0231    0.1980    0.0930    0.1278    0.1153    0.1839
 000603   L  0.421094  0.195503  0.228189    0.0279    0.0483    0.2420    0.0970    0.1559    0.1370    0.1875
 000604   A  0.502239  0.231425  0.239637    0.0268    0.0690    0.2430    0.0990    0.1787    0.1583    0.1967
 000605   F  0.585472  0.266530  0.245844    0.0478    0.0799    0.2720    0.1110    0.2087    0.1795    0.2002
 000606   E  0.663429  0.317811  0.252732    0.0327    0.0433    0.3010    0.1110    0.2263    0.2147    0.2043
 000607   A  0.738801  0.351088  0.256804    0.0182    0.0389    0.3300    0.1260    0.2462    0.2435    0.2056
 000608   G  0.739946  0.389447  0.266070    0.0124    0.0473    0.3070    0.1120    0.2494    0.2452    0.2001
 000609   E  0.714921  0.403885  0.277819    0.0231    0.0631    0.2700    0.0790    0.2458    0.2344    0.1916
 000610   E  0.693315  0.406223  0.289784    0.0182    0.0531    0.2900    0.0840    0.2434    0.2310    0.1747
 000611   G  0.674708  0.386910  0.304558    0.0252    0.0454    0.2980    0.0900    0.2384    0.2248    0.1624
 000612   L  0.667895  0.378100  0.321395    0.0200    0.0218    0.2820    0.0880    0.2283    0.2285    0.1466
 000613   L  0.635939  0.340616  0.338144    0.0245    0.0327    0.2600    0.0840    0.2156    0.2157    0.1332
 000614   E  0.591307  0.304865  0.353834    0.0297    0.0356    0.2270    0.0600    0.1981    0.2024    0.1180
 000615   A  0.552782  0.281381  0.367778    0.0327    0.0380    0.2000    0.0530    0.1842    0.1930    0.1013
 000616   L  0.469320  0.251853  0.380137    0.0414    0.0765    0.1890    0.0550    0.1714    0.1658    0.0843
 000617   L  0.413441  0.246510  0.391569    0.0336    0.0405    0.1920    0.0560    0.1543    0.1637    0.0718
 000618   A  0.358692  0.235769  0.402306    0.0455    0.0494    0.2080    0.0770    0.1495    0.1524    0.0614
 000619   G  0.290351  0.250556  0.413799    0.0231    0.0405    0.2270    0.0970    0.1386    0.1539    0.0521
 000620   V  0.236797  0.254498  0.418709    0.0194    0.0223    0.2350    0.1010    0.1281    0.1564    0.0440
 000621   G  0.163319  0.268662  0.426172    0.0137    0.0218    0.2610    0.1180    0.1215    0.1620    0.0384
 000622   W  0.125234  0.295538  0.436304    0.0069    0.0184    0.3070    0.1370    0.1256    0.1751    0.0333
 000623   L  0.145614  0.348987  0.449126    0.0141    0.0275    0.3070    0.1270    0.1405    0.1804    0.0292
 000624   R  0.173265  0.366892  0.461924    0.0245    0.0506    0.3040    0.1220    0.1533    0.1785    0.0252
 000625   V  0.248506  0.392108  0.474464    0.0179    0.0506    0.3090    0.1250    0.1696    0.1849    0.0240
 000626   R  0.319512  0.418911  0.489618    0.0259    0.0631    0.2860    0.1260    0.1857    0.1895    0.0242
 000627   S  0.398823  0.453264  0.503994    0.0478    0.1092    0.2930    0.1300    0.2170    0.1903    0.0263
 000628   L  0.471048  0.506027  0.521980    0.0832    0.1969    0.3050    0.1240    0.2603    0.1874    0.0286
 000629   K  0.549772  0.564912  0.538566    0.1041    0.1476    0.3080    0.1120    0.2791    0.2125    0.0330
 000630   A  0.640782  0.584035  0.553417    0.1178    0.1702    0.3720    0.1050    0.3142    0.2234    0.0384
 000631   L  0.721543  0.629396  0.566518    0.1041    0.1528    0.4760    0.1050    0.3473    0.2521    0.0458
 000632   E  0.760549  0.657172  0.579619    0.1178    0.1759    0.4680    0.0960    0.3633    0.2574    0.0558
 000633   A  0.784728  0.681355  0.589573    0.1117    0.2783    0.5200    0.0830    0.3960    0.2517    0.0697
 000634   R  0.801566  0.702890  0.598698    0.1958    0.3529    0.5370    0.0790    0.4318    0.2277    0.0872
 000635   T  0.825082  0.716364  0.599678    0.2122    0.3667    0.5620    0.0750    0.4471    0.2286    0.1127
 000636   E  0.837432  0.732077  0.605043    0.2700    0.4507    0.5510    0.0900    0.4736    0.2100    0.1354
 000637   E  0.855191  0.741081  0.608144    0.2913    0.3774    0.5150    0.0900    0.4634    0.2203    0.1572
 000638   G  0.855232  0.752640  0.613853    0.2963    0.2988    0.4890    0.1150    0.4487    0.2353    0.1786
 000639   P  0.850074  0.756735  0.618192    0.2963    0.3019    0.4560    0.1090    0.4435    0.2366    0.2018
 000640   L  0.843019  0.747304  0.618914    0.2167    0.2164    0.4480    0.0890    0.4120    0.2642    0.2188
 000641   P  0.775533  0.741731  0.620761    0.1732    0.1643    0.4100    0.0860    0.3775    0.2703    0.2375
 000642   L  0.736638  0.728719  0.620561    0.1878    0.1671    0.4250    0.0780    0.3743    0.2575    0.2518
 000643   P  0.659015  0.722592  0.621584    0.1205    0.0985    0.3680    0.0920    0.3282    0.2734    0.2649
 000644   S  0.618585  0.719645  0.623749    0.0935    0.0581    0.3680    0.1340    0.3096    0.2816    0.2731
 000645   R  0.577935  0.685879  0.625800    0.0643    0.0592    0.3730    0.1520    0.2933    0.2766    0.2804
 000646   K  0.523242  0.674050  0.629720    0.0308    0.0494    0.3660    0.1690    0.2740    0.2789    0.2869
 000647   E  0.482484  0.663761  0.633170    0.0304    0.0473    0.3160    0.1360    0.2567    0.2760    0.2910
 000648   L  0.432091  0.655847  0.637809    0.0297    0.0372    0.2890    0.1200    0.2406    0.2754    0.3008
 000649   L  0.439324  0.646245  0.639471    0.0304    0.0218    0.2530    0.0960    0.2318    0.2787    0.3082
 000650   L  0.491614  0.612864  0.638508    0.0200    0.0194    0.2340    0.0870    0.2296    0.2801    0.3123
 000651   L  0.507620  0.621597  0.642420    0.0226    0.0275    0.2180    0.0770    0.2328    0.2831    0.3125
 000652   L  0.505926  0.574132  0.640537    0.0167    0.0244    0.2120    0.0670    0.2222    0.2771    0.3103
 000653   L  0.477424  0.622778  0.637535    0.0286    0.0356    0.2050    0.0560    0.2282    0.2778    0.3039
 000654   L  0.426814  0.602022  0.633739    0.0231    0.0181    0.2030    0.0770    0.2121    0.2737    0.2947
 000655   W  0.390935  0.559032  0.630294    0.0173    0.0163    0.2200    0.0900    0.2006    0.2637    0.2875
 000656   R  0.340727  0.591180  0.627961    0.0097    0.0163    0.2290    0.1030    0.1978    0.2676    0.2823
 000657   R  0.305282  0.575282  0.621782    0.0081    0.0108    0.2870    0.1330    0.1978    0.2623    0.2741
 000658   K  0.215771  0.596276  0.618872    0.0079    0.0078    0.3440    0.1610    0.1953    0.2687    0.2768
 000659   A  0.136534  0.621260  0.612435    0.0078    0.0072    0.3840    0.1910    0.1928    0.2793    0.2787
 000660   L  0.101087  0.611263  0.605792    0.0075    0.0107    0.3850    0.1930    0.1860    0.2789    0.2813
 000661   E  0.131423  0.608942  0.606464    0.0067    0.0165    0.3100    0.1670    0.1789    0.2718    0.2839
 000662   A  0.190191  0.599943  0.606371    0.0137    0.0258    0.2650    0.1390    0.1825    0.2627    0.2947
 000663   E  0.262335  0.590405  0.602616    0.0274    0.0443    0.2230    0.1180    0.1913    0.2527    0.3057
 000664   A  0.270577  0.574096  0.598090    0.0455    0.0851    0.2070    0.1080    0.1970    0.2395    0.3262
 000665   L  0.343115  0.535836  0.593868    0.0789    0.1611    0.1690    0.0850    0.2146    0.2187    0.3459
 000666   A  0.405470  0.509770  0.595366    0.1495    0.2715    0.1640    0.0700    0.2501    0.1953    0.3625
 000667   R  0.475645  0.498834  0.593714    0.1766    0.2817    0.2000    0.0800    0.2722    0.1873    0.3776
 000668   L  0.498127  0.471871  0.587230    0.1844    0.2817    0.2550    0.0790    0.2818    0.1762    0.3988
 000669   L  0.491431  0.502370  0.582753    0.1844    0.1969    0.2630    0.0950    0.2730    0.1871    0.4023
 000670   F  0.487802  0.499058  0.576863    0.1998    0.2292    0.2840    0.0970    0.2832    0.1754    0.3958
 000671   P  0.435861  0.535805  0.570566    0.2122    0.2470    0.2780    0.0930    0.2849    0.1704    0.3849
 000672   G  0.393813  0.554425  0.561318    0.2333    0.2129    0.3490    0.1160    0.2906    0.1665    0.3716
 000673   S  0.409193  0.576048  0.550351    0.1958    0.1759    0.4080    0.1380    0.2942    0.1803    0.3545
 000674   K  0.360671  0.589324  0.542376    0.1766    0.1671    0.4460    0.1640    0.2900    0.1874    0.3366
 000675   N  0.315397  0.594440  0.535447    0.1416    0.1881    0.4650    0.1810    0.2841    0.1927    0.3161
 000676   P  0.265797  0.632803  0.532811    0.2292    0.1852    0.3770    0.1760    0.2817    0.1861    0.3000
 000677   K  0.309645  0.634899  0.518412    0.2700    0.1969    0.3570    0.1740    0.2948    0.1732    0.2836
 000678   K  0.364530  0.610568  0.500535    0.1921    0.2164    0.3070    0.1430    0.2818    0.1712    0.2627
 000679   R  0.414595  0.560777  0.482596    0.2865    0.2752    0.2740    0.1240    0.3018    0.1380    0.2367
 000680   L  0.488564  0.514806  0.466218    0.3806    0.2680    0.2270    0.1130    0.3132    0.1347    0.2233
 000681   Q  0.523595  0.454217  0.454242    0.4651    0.3910    0.1820    0.1010    0.3360    0.1333    0.2128
 000682   V  0.559184  0.377049  0.442959    0.3456    0.3910    0.1630    0.0910    0.3060    0.1396    0.2048
 000683   A  0.626743  0.313954  0.434945    0.3491    0.3948    0.1470    0.0780    0.3053    0.1608    0.2004
 000684   V  0.631943  0.282558  0.426150    0.3668    0.3182    0.1400    0.0750    0.2900    0.1657    0.1941
 000685   H  0.624045  0.276299  0.414802    0.3578    0.2503    0.1530    0.0870    0.2770    0.1643    0.1920
 000686   H  0.580270  0.306921  0.403105    0.2820    0.2224    0.1790    0.1060    0.2618    0.1485    0.1878
 000687   L  0.560569  0.311425  0.391172    0.1958    0.1275    0.1940    0.1040    0.2316    0.1600    0.1781
 000688   R  0.533056  0.346289  0.381401    0.1844    0.1349    0.1830    0.0950    0.2302    0.1536    0.1747
 000689   E  0.483629  0.370555  0.367631    0.1178    0.1373    0.1780    0.0840    0.2146    0.1510    0.1761
 000690   A  0.455162  0.402374  0.353536    0.1240    0.1528    0.1880    0.0910    0.2205    0.1419    0.1834
 000691   L  0.437054  0.413017  0.340596    0.1878    0.2064    0.1840    0.0860    0.2381    0.1205    0.1847
 000692   D  0.382258  0.417372  0.324159    0.1698    0.1251    0.1650    0.0710    0.2099    0.1269    0.1905
 000693   P  0.395732  0.397080  0.307723    0.2122    0.1702    0.1490    0.0660    0.2207    0.1134    0.1985
 000694   D  0.433293  0.385230  0.294455    0.1566    0.1702    0.1370    0.0600    0.2137    0.1260    0.2024
 000695   L  0.478405  0.343436  0.280726    0.1998    0.1554    0.1230    0.0430    0.2166    0.1301    0.2095
 000696   V  0.471622  0.318995  0.268122    0.1732    0.1007    0.1100    0.0220    0.1957    0.1375    0.2125
 000697   R  0.461039  0.314250  0.253616    0.1018    0.1206    0.1170    0.0110    0.1858    0.1372    0.2177
 000698   L  0.421119  0.307543  0.239935    0.0965    0.2164    0.1100    0.0160    0.1919    0.1187    0.2319
 000699   E  0.386006  0.309519  0.229643    0.1117    0.2328    0.0920    0.0170    0.1886    0.1100    0.2406
 000700   G  0.345098  0.307275  0.217427    0.1266    0.1643    0.0870    0.0140    0.1717    0.0998    0.2522
 000701   E  0.308794  0.294258  0.207602    0.1532    0.0985    0.0820    0.0130    0.1561    0.0948    0.2612
 000702   A  0.284678  0.285868  0.199746    0.1602    0.0817    0.0700    0.0120    0.1471    0.0925    0.2780
 000703   Y  0.244417  0.263529  0.192158    0.0858    0.0817    0.0640    0.0070    0.1232    0.0874    0.2893
 000704   R  0.169547  0.236402  0.188726    0.0376    0.0581    0.0650    0.0110    0.0945    0.0817    0.2993
 000705   A  0.114853  0.208593  0.178998    0.0395    0.0506    0.0820    0.0250    0.0827    0.0696    0.3222
 000706   Y  0.063020  0.192739  0.166354    0.0502    0.0568    0.1170    0.0380    0.0799    0.0623    0.3356
 000707   L  0.046811  0.157988  0.150564    0.0621    0.0888    0.1650    0.0600    0.0867    0.0539    0.3501
 000708   P  0.043543  0.153569  0.146341    0.0414    0.0985    0.1980    0.0720    0.0891    0.0628    0.3592
 000709   P  0.070464  0.157517  0.152042    0.0723    0.1528    0.2030    0.0790    0.1093    0.0543    0.3602
 000710   G  0.140683  0.145911  0.152222    0.0744    0.0948    0.2220    0.0770    0.1130    0.0534    0.3634
 000711   V  0.129760  0.142494  0.155019    0.0723    0.0568    0.2150    0.0630    0.1027    0.0586    0.3638
 000712   W  0.186992  0.151638  0.161560    0.0441    0.0518    0.2080    0.0470    0.1071    0.0690    0.3646
 000713   W  0.292183  0.169748  0.173942    0.0308    0.0287    0.1950    0.0440    0.1194    0.0976    0.3562
 000714   D  0.393983  0.197854  0.183246    0.0514    0.0433    0.1760    0.0430    0.1437    0.1202    0.3485
 000715   A  0.497061  0.199550  0.186808    0.0316    0.0443    0.1850    0.0440    0.1596    0.1563    0.3420
 000716   R  0.598508  0.222145  0.189932    0.0316    0.0483    0.1810    0.0560    0.1802    0.1899    0.3198
 000717   V  0.702313  0.255953  0.192841    0.0514    0.0518    0.1780    0.0530    0.2065    0.2226    0.3035
 000718   K  0.778224  0.286143  0.200712    0.0858    0.0851    0.1550    0.0460    0.2317    0.2419    0.2903
 000719   E  0.812888  0.293609  0.216237    0.0425    0.0424    0.1590    0.0720    0.2251    0.2650    0.2791
 000720   S  0.913921  0.293798  0.234083    0.0363    0.0424    0.1650    0.0940    0.2418    0.3007    0.2754
 000721   L  0.930880  0.298003  0.252361    0.0194    0.0443    0.1570    0.0980    0.2415    0.3093    0.2710
 000722   L  0.935178  0.295857  0.266566    0.0376    0.0592    0.1420    0.0790    0.2450    0.3076    0.2636
 000723   R  0.913075  0.295962  0.280328    0.0813    0.1275    0.1420    0.0660    0.2600    0.2863    0.2544
 000724   W  0.897892  0.298808  0.293595    0.1349    0.2034    0.1340    0.0570    0.2782    0.2682    0.2519
 000725   A  0.833045  0.304694  0.306499    0.1349    0.1881    0.1100    0.0340    0.2618    0.2499    0.2524
 000726   R  0.764432  0.324975  0.319464    0.1380    0.1528    0.1180    0.0300    0.2498    0.2290    0.2454
 000727   R  0.689151  0.368257  0.332989    0.1416    0.1671    0.1320    0.0370    0.2497    0.2026    0.2509
 000728   L  0.619904  0.377917  0.348234    0.1456    0.2292    0.1370    0.0340    0.2517    0.1759    0.2597
 000729   S  0.557796  0.406826  0.361257    0.1456    0.2034    0.1490    0.0360    0.2437    0.1630    0.2618
 000730   L  0.511606  0.439359  0.382195    0.1380    0.1298    0.1900    0.0450    0.2347    0.1647    0.2662
 000731   P  0.427442  0.484809  0.403696    0.1240    0.1528    0.1910    0.0400    0.2300    0.1596    0.2673
 000732   Q  0.370951  0.499407  0.421026    0.1266    0.2258    0.2080    0.0380    0.2385    0.1486    0.2684
 000733   A  0.329039  0.520668  0.437410    0.2167    0.2918    0.1980    0.0350    0.2594    0.1363    0.2731
 000734   Q  0.339638  0.556492  0.455695    0.2333    0.1881    0.1960    0.0340    0.2523    0.1577    0.2726
 000735   A  0.358385  0.552610  0.470340    0.3311    0.3019    0.2270    0.0490    0.2951    0.1336    0.2727
 000736   R  0.373159  0.557208  0.488710    0.2700    0.3529    0.2520    0.0610    0.3009    0.1367    0.2691
 000737   V  0.408349  0.585461  0.505764    0.2865    0.3494    0.2740    0.0620    0.3172    0.1412    0.2760
 000738   E  0.434136  0.603292  0.522127    0.3311    0.3356    0.2840    0.0720    0.3314    0.1433    0.2722
 000739   E  0.461589  0.600103  0.539407    0.4078    0.3249    0.3750    0.1040    0.3615    0.1305    0.2730
 000740   A  0.506862  0.594752  0.546989    0.3885    0.2470    0.4670    0.1240    0.3674    0.1462    0.2795
 000741   L  0.571867  0.592688  0.560741    0.4116    0.3356    0.5190    0.1530    0.4051    0.1323    0.2848
 000742   P  0.608150  0.591183  0.574143    0.3311    0.3182    0.4950    0.1400    0.3906    0.1533    0.2898
 000743   G  0.636927  0.611966  0.582202    0.3263    0.3321    0.5350    0.1650    0.4071    0.1602    0.2971
 000744   R  0.663457  0.638808  0.586260    0.3717    0.3494    0.5430    0.1660    0.4278    0.1570    0.3035
 000745   F  0.704821  0.636126  0.594460    0.3885    0.3182    0.7490    0.0820    0.4662    0.1873    0.3194
 000746   S  0.694548  0.650565  0.610063    0.4556    0.3215    0.7300    0.0840    0.4754    0.1760    0.3289
 000747   P  0.716229  0.657381  0.628589    0.5173    0.3117    0.7320    0.0600    0.4890    0.1782    0.3403
 000748   R  0.727803  0.706065  0.649103    0.6255    0.3667    0.7340    0.0740    0.5267    0.1664    0.3492
 000749   A  0.720534  0.734269  0.664591    0.6650    0.3356    0.7720    0.0880    0.5379    0.1825    0.3715
 000750   Y  0.669421  0.756625  0.667787    0.7079    0.3019    0.7800    0.0880    0.5359    0.1948    0.3777
 000751   L  0.814371  0.783190  0.670011    0.7644    0.3053    0.8290    0.0870    0.5827    0.2129    0.3821
 000752   T  0.738400  0.793838  0.671385    0.8677    0.4017    0.8790    0.0570    0.6135    0.1965    0.3874
 000753   D  0.578968  0.797082  0.678241    0.8781    0.3286    0.8610    0.0660    0.5739    0.2220    0.3941
 000754   P  0.373412  0.812705  0.681627    0.9040    0.2849    0.8720    0.0570    0.5412    0.2672    0.4000
