#RESNUM RES     VL-XT     VSL2B       VL3  IUPred-S  IUPred-L  PONDRFIT  FITERROR       MDP  MDPERROR   ANCHOR2
 000001   M  0.777736  0.855305  0.123324    0.4458    0.0054    0.9820    0.0150    0.5110    0.3700    0.0337
 000002   K  0.635257  0.766899  0.122252    0.3005    0.0062    0.9480    0.0190    0.4428    0.3441    0.0347
 000003   A  0.662409  0.654445  0.121075    0.1602    0.0058    0.9370    0.0290    0.4033    0.3444    0.0350
 000004   A  0.575786  0.489796  0.119560    0.1018    0.0050    0.8420    0.0530    0.3358    0.3024    0.0353
 000005   L  0.391739  0.323153  0.118235    0.0455    0.0044    0.7930    0.0610    0.2596    0.2699    0.0356
 000006   R  0.307153  0.185498  0.117243    0.0157    0.0039    0.7660    0.0650    0.2131    0.2607    0.0359
 000007   L  0.237488  0.088531  0.116005    0.0061    0.0039    0.5190    0.1180    0.1424    0.1788    0.0335
 000008   G  0.164660  0.050227  0.114591    0.0013    0.0033    0.5210    0.1490    0.1235    0.1802    0.0319
 000009   L  0.100971  0.025339  0.113295    0.0006    0.0037    0.3370    0.1110    0.0780    0.1178    0.0303
 000010   I  0.057404  0.016326  0.112406    0.0003    0.0034    0.2850    0.1390    0.0604    0.1016    0.0295
 000011   Y  0.026428  0.013007  0.112701    0.0002    0.0041    0.6470    0.1430    0.1151    0.2332    0.0313
 000012   W  0.013303  0.010380  0.111992    0.0002    0.0046    0.5650    0.1520    0.0990    0.2047    0.0334
 000013   A  0.006120  0.010170  0.111507    0.0002    0.0044    0.5070    0.1530    0.0880    0.1841    0.0349
 000014   V  0.004006  0.010712  0.111081    0.0002    0.0049    0.3630    0.1370    0.0638    0.1327    0.0363
 000015   L  0.002184  0.012762  0.110297    0.0002    0.0055    0.3510    0.2060    0.0620    0.1285    0.0389
 000016   L  0.001301  0.016703  0.110666    0.0005    0.0058    0.3260    0.1980    0.0583    0.1192    0.0420
 000017   L  0.000592  0.022880  0.111831    0.0005    0.0062    0.3990    0.2360    0.0715    0.1447    0.0450
 000018   V  0.000599  0.034335  0.122528    0.0006    0.0086    0.3950    0.2090    0.0733    0.1429    0.0494
 000019   F  0.013391  0.046904  0.126664    0.0007    0.0088    0.3770    0.1760    0.0744    0.1344    0.0555
 000020   A  0.032776  0.067553  0.135020    0.0013    0.0109    0.3040    0.1340    0.0694    0.1069    0.0620
 000021   L  0.049683  0.100967  0.144183    0.0055    0.0194    0.2680    0.1160    0.0739    0.0926    0.0665
 000022   G  0.121362  0.149177  0.153831    0.0081    0.0294    0.2570    0.1110    0.0942    0.0871    0.0700
 000023   H  0.183205  0.214913  0.166848    0.0173    0.0543    0.3440    0.1560    0.1356    0.1106    0.0737
 000024   R  0.268152  0.303802  0.181876    0.0173    0.0356    0.4120    0.1760    0.1728    0.1453    0.0728
 000025   N  0.352250  0.399763  0.200210    0.0297    0.0605    0.4770    0.1890    0.2198    0.1722    0.0735
 000026   Q  0.443785  0.491220  0.220722    0.0297    0.0985    0.5420    0.1620    0.2676    0.2016    0.0723
 000027   V  0.535090  0.583949  0.241116    0.0567    0.1702    0.5800    0.1830    0.3209    0.2164    0.0710
 000028   E  0.613787  0.632420  0.260657    0.1060    0.1643    0.5670    0.2010    0.3472    0.2235    0.0718
 000029   K  0.686909  0.663593  0.279127    0.1698    0.2328    0.5690    0.2250    0.3870    0.2168    0.0708
 000030   E  0.763121  0.646991  0.293994    0.1805    0.3182    0.5160    0.2140    0.4041    0.2121    0.0663
 000031   A  0.784100  0.625606  0.308946    0.2167    0.2541    0.4660    0.2020    0.3910    0.2125    0.0628
 000032   N  0.815308  0.611670  0.324845    0.3005    0.3529    0.3970    0.1680    0.4128    0.1940    0.0601
 000033   A  0.823326  0.582318  0.341314    0.2122    0.3215    0.3510    0.1290    0.3817    0.2122    0.0555
 000034   R  0.832550  0.564727  0.357913    0.2080    0.3215    0.3390    0.1260    0.3776    0.2144    0.0512
 000035   L  0.833861  0.565273  0.374595    0.1921    0.3426    0.3060    0.1020    0.3733    0.2188    0.0504
 000036   E  0.833165  0.561535  0.386785    0.1921    0.2988    0.2730    0.0820    0.3598    0.2254    0.0506
 000037   R  0.829258  0.561200  0.397457    0.1921    0.2645    0.2870    0.0780    0.3557    0.2266    0.0515
 000038   E  0.827709  0.561679  0.411029    0.2657    0.2470    0.2710    0.0820    0.3623    0.2197    0.0538
 000039   L  0.827063  0.552667  0.425002    0.2333    0.1702    0.2890    0.1040    0.3453    0.2338    0.0548
 000040   Q  0.823330  0.536257  0.438595    0.1667    0.1349    0.2810    0.1100    0.3236    0.2484    0.0568
 000041   A  0.819200  0.530479  0.451944    0.1117    0.1349    0.2990    0.1170    0.3158    0.2558    0.0622
 000042   L  0.815165  0.530826  0.460877    0.1178    0.1611    0.3050    0.1160    0.3217    0.2497    0.0667
 000043   E  0.772449  0.552250  0.470665    0.1178    0.0780    0.3030    0.1060    0.3039    0.2565    0.0739
 000044   A  0.730180  0.547644  0.473757    0.1456    0.0888    0.3020    0.1010    0.3023    0.2390    0.0852
 000045   Q  0.651975  0.542915  0.478382    0.0965    0.0543    0.3070    0.0950    0.2754    0.2368    0.0956
 000046   K  0.635348  0.523842  0.483812    0.1566    0.0555    0.2950    0.0920    0.2777    0.2218    0.1092
 000047   A  0.647757  0.502302  0.488567    0.0965    0.0473    0.2870    0.0850    0.2636    0.2347    0.1220
 000048   A  0.656585  0.500763  0.489415    0.0587    0.0618    0.2790    0.0750    0.2595    0.2410    0.1306
 000049   L  0.668983  0.455160  0.479286    0.0502    0.0618    0.2750    0.0780    0.2518    0.2396    0.1372
 000050   V  0.651519  0.487968  0.476819    0.1117    0.1028    0.2670    0.0730    0.2702    0.2194    0.1437
 000051   M  0.635659  0.508635  0.471771    0.1117    0.0568    0.2610    0.0810    0.2623    0.2269    0.1478
 000052   E  0.657335  0.525995  0.465851    0.1178    0.0380    0.2620    0.0920    0.2669    0.2359    0.1497
 000053   K  0.632472  0.529701  0.460462    0.1240    0.0581    0.2540    0.0900    0.2664    0.2254    0.1595
 000054   W  0.681330  0.543359  0.452798    0.0723    0.0263    0.2680    0.0920    0.2652    0.2517    0.1699
 000055   R  0.691688  0.519613  0.444827    0.0723    0.0263    0.2750    0.0950    0.2642    0.2497    0.1784
 000056   L  0.674118  0.514921  0.435884    0.0387    0.0269    0.2900    0.0990    0.2574    0.2496    0.1981
 000057   L  0.628847  0.499716  0.425534    0.0327    0.0275    0.2950    0.1070    0.2473    0.2373    0.2109
 000058   R  0.579689  0.521290  0.411981    0.0376    0.0349    0.2920    0.1060    0.2442    0.2259    0.2177
 000059   P  0.547496  0.497537  0.399587    0.0405    0.0414    0.2720    0.0920    0.2331    0.2128    0.2339
 000060   E  0.495585  0.485598  0.395078    0.0621    0.0356    0.2490    0.0850    0.2213    0.1983    0.2480
 000061   R  0.473552  0.456506  0.391701    0.1041    0.0356    0.2510    0.0880    0.2201    0.1817    0.2727
 000062   L  0.518186  0.443863  0.390180    0.0677    0.0568    0.2640    0.0870    0.2251    0.1896    0.3105
 000063   L  0.532264  0.455233  0.390128    0.0414    0.0405    0.2570    0.0810    0.2211    0.2027    0.3455
 000064   A  0.507849  0.456414  0.387134    0.0478    0.0380    0.2750    0.0790    0.2209    0.1966    0.3720
 000065   W  0.466047  0.435332  0.380268    0.0660    0.0433    0.3090    0.0800    0.2199    0.1805    0.3856
 000066   A  0.456928  0.456429  0.368977    0.0744    0.0463    0.3140    0.0820    0.2247    0.1783    0.3929
 000067   E  0.447252  0.451010  0.365578    0.0723    0.0780    0.3400    0.0660    0.2315    0.1700    0.3851
 000068   E  0.480656  0.444573  0.363418    0.1292    0.0690    0.4200    0.0530    0.2572    0.1705    0.3793
 000069   E  0.519336  0.428645  0.358156    0.1266    0.0734    0.4490    0.0690    0.2662    0.1775    0.3905
 000070   G  0.503151  0.416317  0.352286    0.0542    0.0568    0.6060    0.1350    0.2727    0.2181    0.4035
 000071   F  0.466777  0.396847  0.346418    0.0542    0.0506    0.6920    0.1180    0.2767    0.2339    0.4047
 000072   V  0.430279  0.392123  0.340079    0.0502    0.0433    0.6840    0.0640    0.2667    0.2306    0.3826
 000073   P  0.434153  0.412671  0.337708    0.1117    0.0646    0.7270    0.1280    0.2918    0.2276    0.3497
 000074   M  0.467542  0.422390  0.335130    0.2122    0.0967    0.7100    0.1200    0.3182    0.2031    0.3177
 000075   S  0.487179  0.482991  0.341533    0.2786    0.0948    0.6450    0.0790    0.3314    0.1845    0.2734
 000076   L  0.554650  0.534067  0.346247    0.4149    0.1731    0.6630    0.1100    0.3899    0.1693    0.2372
 000077   G  0.591926  0.602807  0.350766    0.4918    0.1759    0.7130    0.0900    0.4292    0.1877    0.2273
 000078   R  0.696663  0.667325  0.355061    0.5331    0.1373    0.7390    0.0960    0.4622    0.2219    0.2179
 000079   W  0.599245  0.713578  0.358077    0.5802    0.1007    0.8510    0.0740    0.4742    0.2515    0.2107
 000080   S  0.989749  0.718911  0.365307    0.6293    0.0676    0.8610    0.0930    0.5444    0.3151    0.1914
 000081   R  0.989655  0.694544  0.372592    0.6604    0.0443    0.8950    0.0340    0.5473    0.3252    0.1614
