#RESNUM RES     VL-XT     VSL2B       VL3  IUPred-S  IUPred-L  PONDRFIT  FITERROR       MDP  MDPERROR   ANCHOR2
 000001   M  0.991476  0.962683  0.923042    0.9831    0.8279    0.9800    0.0210    0.9448    0.0568    0.4360
 000002   R  0.994861  0.959843  0.922038    0.9760    0.8596    0.9920    0.0070    0.9507    0.0474    0.4247
 000003   P  0.993493  0.952449  0.919893    0.9697    0.8828    0.9710    0.0380    0.9482    0.0368    0.4171
 000004   P  0.995350  0.945669  0.916390    0.9553    0.8375    0.9620    0.0380    0.9354    0.0496    0.4122
 000005   P  0.972193  0.940015  0.912013    0.9299    0.7163    0.9670    0.0130    0.9062    0.0874    0.4080
 000006   F  0.961729  0.932685  0.907077    0.8920    0.6755    0.9560    0.0190    0.8875    0.0980    0.4039
 000007   P  0.937591  0.926203  0.900934    0.8074    0.5577    0.9450    0.0200    0.8458    0.1368    0.4039
 000008   K  0.921995  0.917779  0.894138    0.7458    0.5992    0.9440    0.0250    0.8372    0.1247    0.4035
 000009   P  0.901996  0.908539  0.885740    0.6442    0.6136    0.9430    0.0300    0.8162    0.1339    0.4061
 000010   A  0.867691  0.896868  0.876932    0.6293    0.5854    0.9160    0.0650    0.7953    0.1344    0.4073
 000011   H  0.786746  0.882015  0.870350    0.5900    0.5055    0.8950    0.0880    0.7549    0.1525    0.4076
 000012   P  0.695926  0.873039  0.866494    0.5941    0.5139    0.8550    0.0980    0.7331    0.1420    0.4095
 000013   E  0.682021  0.862379  0.864998    0.5229    0.5176    0.7990    0.1020    0.7081    0.1460    0.4107
 000014   E  0.655101  0.853596  0.863361    0.4781    0.4864    0.7540    0.1050    0.6817    0.1571    0.4099
 000015   A  0.624091  0.837797  0.861541    0.4651    0.3872    0.7220    0.1180    0.6496    0.1775    0.4063
 000016   L  0.597433  0.832038  0.858071    0.4556    0.3599    0.7040    0.1320    0.6345    0.1838    0.4033
 000017   A  0.568328  0.820265  0.852735    0.4749    0.3983    0.6550    0.1290    0.6283    0.1673    0.4013
 000018   L  0.544375  0.799789  0.845044    0.4600    0.3392    0.6300    0.1550    0.6030    0.1787    0.3973
 000019   Q  0.556875  0.792345  0.835964    0.3762    0.3392    0.5780    0.1840    0.5798    0.1874    0.3950
 000020   R  0.591933  0.789170  0.825110    0.3263    0.3149    0.5790    0.2100    0.5711    0.1992    0.3935
 000021   A  0.591221  0.766984  0.813341    0.3578    0.2680    0.5600    0.2160    0.5595    0.1975    0.3918
 000022   L  0.544718  0.742156  0.799867    0.3456    0.2783    0.5560    0.2180    0.5444    0.1892    0.3899
 000023   A  0.573094  0.726393  0.785645    0.2333    0.2503    0.5490    0.2080    0.5197    0.2128    0.3889
 000024   K  0.610227  0.700029  0.770521    0.2432    0.1671    0.5510    0.2150    0.5070    0.2252    0.3885
 000025   K  0.658023  0.685707  0.754946    0.2385    0.1528    0.5530    0.2250    0.5072    0.2294    0.3910
 000026   V  0.699662  0.658175  0.739269    0.1921    0.1791    0.5540    0.2250    0.5036    0.2319    0.3962
 000027   R  0.678631  0.630815  0.724415    0.2531    0.1583    0.5080    0.2450    0.4922    0.2148    0.4006
 000028   L  0.676165  0.588113  0.711607    0.2700    0.1583    0.5090    0.2350    0.4856    0.2050    0.4066
 000029   A  0.711456  0.574496  0.698772    0.2292    0.2002    0.4440    0.2200    0.4763    0.2053    0.4161
 000030   G  0.795323  0.551434  0.684558    0.1766    0.1229    0.4610    0.2010    0.4653    0.2467    0.4256
 000031   S  0.787808  0.551349  0.668234    0.1456    0.1349    0.4710    0.2010    0.4598    0.2463    0.4332
 000032   L  0.719404  0.550568  0.649845    0.0991    0.1323    0.4410    0.2040    0.4321    0.2397    0.4256
 000033   E  0.691469  0.519441  0.630438    0.1416    0.1942    0.3930    0.1980    0.4283    0.2068    0.4124
 000034   G  0.630247  0.499190  0.610418    0.1292    0.2328    0.3770    0.1890    0.4132    0.1861    0.4022
 000035   V  0.605056  0.460331  0.590739    0.1240    0.2328    0.3820    0.1510    0.3991    0.1763    0.3955
 000036   R  0.645766  0.424435  0.570867    0.1205    0.2328    0.4060    0.1550    0.4000    0.1809    0.3903
 000037   R  0.641842  0.416273  0.551091    0.1698    0.3053    0.4020    0.1580    0.4143    0.1540    0.3857
 000038   I  0.626831  0.402833  0.532398    0.1635    0.3019    0.3510    0.1270    0.3964    0.1510    0.3808
 000039   A  0.611777  0.383837  0.515099    0.2209    0.4119    0.3000    0.1340    0.4072    0.1293    0.3835
 000040   A  0.668111  0.397184  0.499984    0.2483    0.3599    0.2960    0.1180    0.4116    0.1393    0.3895
 000041   L  0.723020  0.425824  0.485259    0.2748    0.2918    0.3260    0.1190    0.4211    0.1541    0.3974
 000042   D  0.736607  0.456318  0.467629    0.1844    0.2609    0.3640    0.1240    0.4116    0.1767    0.3980
 000043   A  0.703057  0.457703  0.447448    0.1958    0.2752    0.3840    0.1240    0.4106    0.1604    0.3935
 000044   S  0.624540  0.478590  0.425231    0.1667    0.2258    0.3820    0.1240    0.3838    0.1532    0.3881
 000045   H  0.550994  0.477697  0.403709    0.1150    0.1583    0.3720    0.1420    0.3463    0.1592    0.3781
 000046   K  0.476629  0.455068  0.382489    0.1456    0.1554    0.3890    0.1470    0.3341    0.1340    0.3575
 000047   R  0.425524  0.438838  0.362497    0.0858    0.0909    0.3890    0.1440    0.2987    0.1508    0.3358
 000048   G  0.406374  0.438632  0.344308    0.0502    0.1007    0.3080    0.1150    0.2747    0.1477    0.3132
 000049   R  0.354857  0.370390  0.327543    0.0554    0.1184    0.2770    0.0960    0.2506    0.1207    0.2939
 000050   P  0.321485  0.319354  0.312402    0.0771    0.1528    0.2090    0.0620    0.2319    0.0939    0.2708
 000051   L  0.268289  0.252534  0.298457    0.0514    0.1791    0.1720    0.0340    0.2036    0.0820    0.2479
 000052   V  0.293798  0.193217  0.284896    0.1041    0.2575    0.1330    0.0260    0.2110    0.0734    0.2257
 000053   A  0.316139  0.151786  0.273047    0.1041    0.2680    0.0990    0.0230    0.2020    0.0868    0.2095
 000054   V  0.322312  0.124129  0.262986    0.1266    0.2224    0.0910    0.0230    0.1916    0.0836    0.1989
 000055   A  0.330984  0.108113  0.254899    0.1456    0.2328    0.1040    0.0230    0.1961    0.0835    0.1945
 000056   L  0.309320  0.109403  0.247688    0.0771    0.1611    0.1200    0.0290    0.1708    0.0820    0.1967
 000057   L  0.248282  0.128535  0.240453    0.0744    0.1373    0.1360    0.0400    0.1609    0.0628    0.2008
 000058   Y  0.205462  0.159806  0.232425    0.0441    0.1476    0.1470    0.0430    0.1561    0.0591    0.2049
 000059   D  0.148715  0.203187  0.223416    0.0363    0.1275    0.1500    0.0440    0.1482    0.0601    0.2150
 000060   L  0.134041  0.247293  0.215692    0.0376    0.0817    0.1790    0.0500    0.1493    0.0733    0.2205
 000061   E  0.140137  0.278803  0.210617    0.0231    0.0414    0.1910    0.0460    0.1475    0.0912    0.2301
 000062   K  0.158553  0.289522  0.207665    0.0226    0.0817    0.2190    0.0650    0.1632    0.0890    0.2399
 000063   G  0.183979  0.288957  0.207067    0.0179    0.1349    0.2350    0.0780    0.1779    0.0855    0.2521
 000064   P  0.196725  0.280404  0.208186    0.0279    0.1702    0.2330    0.0850    0.1860    0.0785    0.2669
 000065   L  0.273603  0.249877  0.212169    0.0514    0.2034    0.2390    0.0940    0.2049    0.0725    0.2814
 000066   H  0.309845  0.236461  0.217922    0.0744    0.1611    0.2260    0.0880    0.2043    0.0726    0.2910
 000067   V  0.349170  0.232149  0.226100    0.0991    0.1349    0.2010    0.0730    0.2070    0.0797    0.2911
 000068   A  0.366344  0.237001  0.236305    0.0909    0.2224    0.1710    0.0560    0.2207    0.0827    0.2983
 000069   T  0.404532  0.238958  0.248107    0.0789    0.2258    0.1740    0.0600    0.2283    0.0974    0.3126
 000070   A  0.409175  0.249363  0.260835    0.0884    0.1528    0.2010    0.0650    0.2270    0.1002    0.3152
 000071   L  0.390603  0.261270  0.273698    0.0909    0.2470    0.2460    0.0780    0.2517    0.0873    0.3208
 000072   L  0.388979  0.267691  0.287927    0.0478    0.2328    0.2270    0.0780    0.2420    0.1020    0.3252
 000073   P  0.385963  0.283982  0.303908    0.0554    0.1583    0.1930    0.0660    0.2301    0.1078    0.3296
 000074   E  0.337814  0.300711  0.320658    0.0554    0.1048    0.2030    0.0620    0.2205    0.1089    0.3316
 000075   E  0.367885  0.299831  0.337492    0.0268    0.0888    0.2360    0.0640    0.2261    0.1269    0.3281
 000076   A  0.395033  0.291891  0.354378    0.0279    0.0734    0.2610    0.0690    0.2339    0.1371    0.3222
 000077   L  0.447626  0.283823  0.371711    0.0279    0.0690    0.2770    0.0680    0.2461    0.1515    0.3181
 000078   F  0.463569  0.258531  0.387484    0.0245    0.1137    0.2770    0.0700    0.2542    0.1498    0.3156
 000079   P  0.459765  0.234946  0.400046    0.0286    0.1137    0.2660    0.0670    0.2505    0.1498    0.3137
 000080   Y  0.463224  0.230079  0.408439    0.0336    0.1206    0.2670    0.0750    0.2538    0.1498    0.3021
 000081   V  0.449735  0.212832  0.414782    0.0327    0.1206    0.2530    0.0720    0.2473    0.1485    0.2994
 000082   P  0.437980  0.213367  0.420922    0.0723    0.1115    0.2560    0.0800    0.2520    0.1394    0.2986
 000083   G  0.414321  0.234738  0.429577    0.1041    0.1137    0.2770    0.0900    0.2622    0.1286    0.2920
 000084   L  0.361338  0.236106  0.437917    0.0514    0.1048    0.2810    0.0870    0.2453    0.1349    0.2863
 000085   L  0.348352  0.259049  0.446202    0.0252    0.0799    0.3040    0.0810    0.2438    0.1474    0.2836
 000086   S  0.309016  0.275022  0.451777    0.0252    0.0443    0.3230    0.0740    0.2380    0.1539    0.2795
 000087   F  0.299531  0.328681  0.455918    0.0274    0.0454    0.3550    0.0850    0.2520    0.1600    0.2755
 000088   R  0.340193  0.351109  0.458131    0.0304    0.0605    0.3610    0.0880    0.2669    0.1614    0.2735
 000089   E  0.393552  0.377623  0.459918    0.0502    0.0734    0.3590    0.0870    0.2857    0.1614    0.2737
 000090   A  0.449576  0.386711  0.461148    0.0327    0.0734    0.3540    0.0930    0.2929    0.1738    0.2671
 000091   P  0.525800  0.393881  0.461023    0.0327    0.1349    0.3320    0.0970    0.3134    0.1753    0.2687
 000092   A  0.607728  0.342825  0.460511    0.0660    0.1611    0.3310    0.0950    0.3282    0.1791    0.2689
 000093   Y  0.682931  0.358689  0.460344    0.0643    0.1611    0.3210    0.0940    0.3413    0.2003    0.2675
 000094   L  0.719195  0.367167  0.459331    0.0502    0.1731    0.3260    0.0900    0.3492    0.2122    0.2723
 000095   E  0.771096  0.353792  0.456532    0.1060    0.2129    0.3330    0.0970    0.3722    0.2099    0.2812
 000096   A  0.787006  0.369294  0.450265    0.1921    0.2129    0.3550    0.1030    0.3945    0.1972    0.2817
 000097   L  0.786366  0.390834  0.442701    0.1602    0.1449    0.3610    0.1060    0.3810    0.2133    0.2876
 000098   A  0.783840  0.390304  0.435386    0.1766    0.1791    0.3680    0.1010    0.3888    0.2032    0.2971
 000099   A  0.779894  0.407168  0.428857    0.1150    0.1881    0.3920    0.0990    0.3852    0.2122    0.3035
 000100   L  0.778021  0.432168  0.421954    0.0567    0.1759    0.4070    0.0930    0.3787    0.2272    0.3150
 000101   P  0.777817  0.441373  0.412556    0.0884    0.2129    0.3930    0.0960    0.3877    0.2144    0.3307
 000102   E  0.770876  0.447039  0.401926    0.0723    0.1881    0.4370    0.1010    0.3862    0.2207    0.3407
 000103   A  0.770505  0.458618  0.390334    0.1041    0.1554    0.4170    0.1070    0.3826    0.2186    0.3473
 000104   P  0.776998  0.444825  0.379358    0.1635    0.2034    0.3660    0.1250    0.3891    0.1998    0.3559
 000105   E  0.786349  0.410239  0.368835    0.1766    0.2884    0.3420    0.1190    0.3954    0.1897    0.3589
 000106   A  0.790841  0.384828  0.357870    0.1292    0.2988    0.2800    0.1000    0.3736    0.2035    0.3591
 000107   L  0.805103  0.364321  0.344007    0.1635    0.3249    0.2140    0.0880    0.3693    0.2078    0.3687
 000108   L  0.809569  0.353768  0.327677    0.2657    0.4051    0.1550    0.0590    0.3862    0.2049    0.3727
 000109   V  0.796041  0.359779  0.311910    0.3005    0.3529    0.1320    0.0310    0.3755    0.2027    0.3722
 000110   D  0.788835  0.377910  0.299908    0.3359    0.3840    0.1190    0.0170    0.3843    0.2015    0.3785
 000111   G  0.751887  0.382604  0.293252    0.3359    0.3599    0.1150    0.0190    0.3730    0.1907    0.3737
 000112   Q  0.669863  0.383395  0.289303    0.3053    0.3019    0.1270    0.0390    0.3461    0.1639    0.3631
 000113   G  0.587654  0.368971  0.287144    0.1921    0.2884    0.1320    0.0450    0.3094    0.1455    0.3538
 000114   V  0.508873  0.354087  0.283946    0.1998    0.3286    0.1280    0.0460    0.3006    0.1206    0.3485
 000115   A  0.432554  0.359731  0.282923    0.1805    0.2193    0.1250    0.0400    0.2667    0.1049    0.3485
 000116   H  0.347670  0.384256  0.281961    0.1698    0.2094    0.1350    0.0360    0.2546    0.0911    0.3538
 000117   P  0.271336  0.391555  0.284387    0.1322    0.1731    0.1300    0.0290    0.2304    0.0945    0.3546
 000118   R  0.199230  0.402370  0.288890    0.2041    0.2575    0.1270    0.0270    0.2464    0.0862    0.3513
 000119   G  0.122780  0.402016  0.297368    0.2255    0.2541    0.1190    0.0220    0.2369    0.0985    0.3554
 000120   L  0.088793  0.405637  0.307622    0.3096    0.3356    0.1190    0.0200    0.2610    0.1161    0.3631
 000121   G  0.092098  0.389860  0.318162    0.2080    0.2436    0.1210    0.0210    0.2287    0.1041    0.3694
 000122   I  0.096150  0.379730  0.327186    0.2209    0.2680    0.1200    0.0200    0.2354    0.1026    0.3825
 000123   A  0.103510  0.358604  0.333729    0.1416    0.2575    0.1150    0.0180    0.2182    0.1036    0.4075
 000124   S  0.097635  0.351513  0.337599    0.1635    0.1914    0.1090    0.0230    0.2085    0.1013    0.4331
 000125   H  0.101833  0.339416  0.341001    0.2333    0.2609    0.1210    0.0260    0.2330    0.0944    0.4128
 000126   L  0.096146  0.321764  0.344458    0.2080    0.2224    0.1390    0.0350    0.2220    0.0893    0.4018
 000127   G  0.096865  0.316600  0.352240    0.2041    0.1852    0.1640    0.0500    0.2198    0.0881    0.3964
 000128   V  0.090188  0.327076  0.362686    0.1266    0.1611    0.1780    0.0650    0.2076    0.1014    0.3890
 000129   H  0.080101  0.349344  0.374230    0.1060    0.1611    0.1900    0.0840    0.2101    0.1132    0.3793
 000130   L  0.070373  0.355433  0.384131    0.1117    0.1048    0.1950    0.0890    0.2035    0.1236    0.3777
 000131   D  0.057331  0.366250  0.394431    0.1805    0.1070    0.2000    0.0960    0.2176    0.1245    0.3771
 000132   L  0.042950  0.372804  0.407023    0.1266    0.0618    0.2250    0.1120    0.2060    0.1427    0.3778
 000133   P  0.082993  0.374489  0.421141    0.1416    0.1162    0.2300    0.1130    0.2277    0.1289    0.3799
 000134   S  0.113842  0.369628  0.434940    0.1088    0.1349    0.2430    0.1220    0.2341    0.1283    0.3883
 000135   V  0.177871  0.355266  0.447923    0.1088    0.1554    0.2450    0.1130    0.2484    0.1186    0.3981
 000136   G  0.243203  0.357155  0.459314    0.1018    0.1583    0.2330    0.1030    0.2588    0.1194    0.4055
 000137   V  0.333524  0.373560  0.471596    0.1844    0.2034    0.2260    0.0890    0.2987    0.1034    0.4098
 000138   A  0.427986  0.386652  0.486313    0.1878    0.2258    0.2050    0.0800    0.3200    0.1178    0.4118
 000139   K  0.520725  0.407810  0.504147    0.2209    0.2129    0.1860    0.0760    0.3421    0.1403    0.4139
 000140   R  0.612517  0.407058  0.522679    0.2333    0.2328    0.2030    0.0830    0.3685    0.1576    0.4143
 000141   L  0.697479  0.384893  0.540459    0.2333    0.3286    0.2230    0.0970    0.4014    0.1696    0.4100
 000142   L  0.743424  0.379723  0.557387    0.2432    0.3321    0.2260    0.0960    0.4136    0.1832    0.4110
 000143   Y  0.792095  0.426449  0.574331    0.3263    0.4119    0.2210    0.0760    0.4587    0.1834    0.4169
 000144   G  0.817472  0.474886  0.590735    0.3053    0.3872    0.2150    0.0380    0.4651    0.1975    0.4248
 000145   R  0.849348  0.536546  0.605574    0.3005    0.3529    0.2450    0.0440    0.4816    0.2078    0.4316
 000146   P  0.848890  0.569621  0.617074    0.3668    0.3948    0.2650    0.0590    0.5103    0.1931    0.4301
 000147   E  0.843051  0.605075  0.626374    0.3359    0.3249    0.3250    0.0610    0.5101    0.1967    0.4233
 000148   A  0.840079  0.636409  0.634628    0.3762    0.3910    0.3860    0.1080    0.5440    0.1737    0.4177
 000149   P  0.841501  0.662262  0.643049    0.3456    0.3460    0.3990    0.1080    0.5396    0.1878    0.4124
 000150   L  0.843969  0.679571  0.650306    0.3399    0.2680    0.4540    0.1030    0.5393    0.2022    0.4086
 000151   P  0.845587  0.693316  0.655483    0.2748    0.2399    0.4320    0.0900    0.5235    0.2238    0.4024
 000152   E  0.847536  0.700417  0.659457    0.2820    0.3460    0.4320    0.1150    0.5446    0.2043    0.3958
 000153   E  0.849485  0.672166  0.664830    0.3263    0.4369    0.3860    0.1310    0.5559    0.1859    0.3940
 000154   K  0.842260  0.646241  0.672012    0.4245    0.5342    0.3740    0.1380    0.5822    0.1583    0.3963
 000155   G  0.845272  0.609007  0.680974    0.4282    0.5296    0.3700    0.1300    0.5771    0.1587    0.3993
 000156   A  0.842988  0.576868  0.690021    0.4282    0.5665    0.3430    0.1240    0.5747    0.1635    0.4014
 000157   A  0.840404  0.545586  0.699909    0.4078    0.4476    0.3270    0.1180    0.5447    0.1766    0.4028
 000158   V  0.816151  0.529904  0.706324    0.4149    0.4330    0.3140    0.1100    0.5357    0.1742    0.4068
 000159   R  0.772907  0.508837  0.708366    0.3885    0.3774    0.3040    0.0870    0.5100    0.1748    0.4110
 000160   L  0.756325  0.519446  0.706677    0.3717    0.2817    0.3500    0.0940    0.4977    0.1804    0.4173
 000161   L  0.735841  0.522845  0.702494    0.3847    0.2783    0.3990    0.1080    0.5039    0.1681    0.4208
 000162   A  0.712428  0.532600  0.696055    0.3053    0.2470    0.4510    0.1540    0.4907    0.1772    0.4244
 000163   P  0.693002  0.544544  0.688424    0.2292    0.2328    0.4680    0.1780    0.4760    0.1902    0.4273
 000164   D  0.666379  0.527194  0.681399    0.2209    0.2164    0.5030    0.2060    0.4692    0.1888    0.4309
 000165   G  0.681982  0.505082  0.676391    0.2167    0.2292    0.5040    0.1980    0.4689    0.1880    0.4333
 000166   R  0.686528  0.511751  0.672457    0.2122    0.2292    0.4930    0.1920    0.4676    0.1891    0.4288
 000167   P  0.709807  0.479454  0.670945    0.2483    0.1942    0.4680    0.1580    0.4618    0.1927    0.4227
 000168   L  0.748899  0.472876  0.670874    0.2786    0.2224    0.4700    0.1660    0.4772    0.1896    0.4159
 000169   G  0.753260  0.468203  0.670691    0.2700    0.3182    0.4000    0.1470    0.4801    0.1769    0.4132
 000170   Y  0.752402  0.462789  0.669822    0.2748    0.2470    0.4190    0.1590    0.4710    0.1871    0.4117
 000171   V  0.786822  0.441432  0.667329    0.3630    0.2364    0.3750    0.1460    0.4783    0.1892    0.4122
 000172   Y  0.818625  0.455633  0.663600    0.3456    0.2470    0.3500    0.1290    0.4801    0.1993    0.4096
 000173   R  0.833304  0.453772  0.659121    0.3053    0.2783    0.3450    0.1060    0.4792    0.2029    0.4089
 000174   S  0.807283  0.475451  0.655171    0.2122    0.2783    0.3690    0.1120    0.4662    0.2088    0.4056
 000175   R  0.799209  0.468980  0.652394    0.2041    0.2680    0.3950    0.1190    0.4647    0.2076    0.4039
 000176   T  0.791134  0.472194  0.651973    0.2292    0.2752    0.4300    0.1260    0.4750    0.1973    0.4008
 000177   G  0.776939  0.472635  0.654745    0.2292    0.2752    0.4740    0.1590    0.4805    0.1931    0.3992
 000178   V  0.767630  0.495431  0.659257    0.2080    0.1852    0.4690    0.1610    0.4642    0.2139    0.4005
 000179   K  0.780132  0.509256  0.662387    0.2700    0.2609    0.4000    0.1510    0.4804    0.1927    0.4020
 000180   P  0.764767  0.506306  0.662030    0.1921    0.1852    0.3810    0.1490    0.4486    0.2193    0.4019
 000181   L  0.741149  0.497935  0.659907    0.2657    0.2817    0.3640    0.1510    0.4685    0.1820    0.3986
 000182   Y  0.741265  0.485994  0.657421    0.2385    0.3599    0.3210    0.1300    0.4674    0.1811    0.4013
 000183   V  0.716090  0.466974  0.656228    0.3053    0.4186    0.2760    0.1020    0.4732    0.1646    0.4102
 000184   S  0.676078  0.458814  0.656115    0.3005    0.3460    0.2680    0.0770    0.4509    0.1634    0.4170
 000185   P  0.628889  0.459461  0.656438    0.2700    0.3460    0.2680    0.0710    0.4382    0.1581    0.4249
 000186   G  0.572775  0.451939  0.657055    0.1958    0.2436    0.3010    0.0990    0.4036    0.1706    0.4334
 000187   H  0.517162  0.463782  0.658864    0.1878    0.1702    0.3090    0.1180    0.3845    0.1777    0.4251
 000188   R  0.451539  0.473777  0.662498    0.1205    0.1671    0.3450    0.1460    0.3701    0.1858    0.4120
 000189   V  0.383156  0.485843  0.668138    0.1205    0.2258    0.3260    0.1440    0.3683    0.1767    0.4008
 000190   G  0.330447  0.498481  0.674627    0.1178    0.1583    0.3150    0.1300    0.3492    0.1913    0.3887
 000191   L  0.272221  0.517361  0.680751    0.1018    0.1583    0.3300    0.1360    0.3433    0.2008    0.3782
 000192   E  0.274072  0.521023  0.687848    0.0965    0.2399    0.3150    0.1240    0.3557    0.1943    0.3629
 000193   E  0.282895  0.524165  0.694723    0.1667    0.3249    0.2930    0.1120    0.3811    0.1757    0.3580
 000194   A  0.298389  0.496061  0.701397    0.2385    0.2849    0.2750    0.1000    0.3824    0.1651    0.3608
 000195   L  0.298307  0.480261  0.706237    0.2292    0.2817    0.2740    0.1010    0.3783    0.1667    0.3653
 000196   R  0.301606  0.446134  0.710341    0.1240    0.1823    0.2640    0.1110    0.3380    0.1946    0.3653
 000197   F  0.301744  0.410395  0.713495    0.1178    0.2064    0.2520    0.1160    0.3336    0.1918    0.3683
 000198   V  0.312892  0.378787  0.715391    0.0701    0.2034    0.2150    0.0990    0.3159    0.2028    0.3691
 000199   R  0.336808  0.404349  0.715624    0.0858    0.2328    0.2000    0.1020    0.3293    0.2001    0.3697
 000200   R  0.396434  0.420033  0.716488    0.1322    0.2224    0.2190    0.1260    0.3511    0.1925    0.3701
 000201   L  0.426406  0.484724  0.716723    0.1532    0.2224    0.2450    0.1440    0.3747    0.1919    0.3738
 000202   P  0.456149  0.519771  0.719124    0.1456    0.2258    0.2320    0.1380    0.3831    0.2004    0.3740
 000203   T  0.426381  0.578330  0.723213    0.1416    0.1881    0.2390    0.1410    0.3827    0.2133    0.3790
 000204   R  0.434871  0.579483  0.729287    0.0858    0.1881    0.2870    0.1550    0.3840    0.2224    0.3792
 000205   F  0.443143  0.589029  0.733453    0.0884    0.1476    0.3040    0.1590    0.3842    0.2300    0.3821
 000206   R  0.451894  0.584059  0.734958    0.1349    0.2193    0.3010    0.1680    0.4044    0.2087    0.3844
 000207   L  0.440997  0.612099  0.733698    0.0813    0.1942    0.3450    0.1680    0.4012    0.2255    0.3871
 000208   P  0.409910  0.625243  0.731169    0.1349    0.2988    0.3540    0.1610    0.4256    0.1997    0.3863
 000209   E  0.391974  0.643784  0.727332    0.1635    0.3599    0.3540    0.1520    0.4400    0.1901    0.3880
 000210   P  0.366910  0.632505  0.725376    0.1698    0.3321    0.3740    0.1240    0.4335    0.1882    0.3943
 000211   L  0.332377  0.597307  0.725415    0.1667    0.2609    0.4370    0.1060    0.4199    0.1924    0.4011
 000212   R  0.369107  0.597497  0.727009    0.2255    0.3392    0.4660    0.1110    0.4540    0.1673    0.4050
 000213   L  0.395669  0.653894  0.729054    0.1292    0.2849    0.5850    0.0970    0.4629    0.2120    0.4131
 000214   A  0.409917  0.686918  0.730470    0.1322    0.1969    0.6260    0.1060    0.4637    0.2350    0.4178
 000215   H  0.441669  0.703047  0.731250    0.1240    0.2064    0.6590    0.1230    0.4775    0.2408    0.4244
 000216   L  0.462836  0.683682  0.731705    0.1349    0.3087    0.6600    0.1440    0.4969    0.2176    0.4206
 000217   E  0.502537  0.701663  0.732518    0.1416    0.2884    0.8410    0.0810    0.5346    0.2507    0.4145
 000218   A  0.518527  0.723156  0.732673    0.2558    0.3460    0.8530    0.0420    0.5715    0.2166    0.4151
 000219   G  0.527037  0.718521  0.730846    0.2700    0.2918    0.8990    0.0330    0.5728    0.2328    0.4177
 000220   R  0.548308  0.759275  0.727447    0.3146    0.2541    0.9120    0.0500    0.5860    0.2386    0.4196
 000221   A  0.559976  0.779418  0.725249    0.3225    0.1881    0.9170    0.0360    0.5820    0.2565    0.4243
 000222   L  0.538853  0.799202  0.724871    0.4600    0.2541    0.8880    0.0370    0.6108    0.2161    0.4239
 000223   K  0.608454  0.813372  0.725871    0.5126    0.2164    0.9280    0.0400    0.6341    0.2298    0.4238
 000224   A  0.638089  0.824690  0.728701    0.6442    0.2918    0.9570    0.0200    0.6807    0.2056    0.4207
 000225   L  0.652863  0.832830  0.732102    0.7079    0.3019    0.9540    0.0180    0.6969    0.2016    0.4184
 000226   D  0.310722  0.833378  0.734609    0.7458    0.2436    0.9500    0.0430    0.6364    0.2644    0.4129
