#RESNUM RES     VL-XT     VSL2B       VL3  IUPred-S  IUPred-L  PONDRFIT  FITERROR       MDP  MDPERROR   ANCHOR2
 000001   M  0.906327  0.676529  0.448269    0.8158    0.2541    0.9630    0.0200    0.6026    0.2640    0.3939
 000002   I  0.881423  0.659830  0.447483    0.8001    0.3149    0.9120    0.0310    0.5947    0.2343    0.3956
 000003   P  0.598800  0.719594  0.443436    0.7869    0.3087    0.8800    0.0410    0.5490    0.2108    0.3914
 000004   E  0.458434  0.648913  0.444268    0.7501    0.3249    0.8420    0.0490    0.5040    0.1972    0.3864
 000005   G  0.653322  0.558284  0.442539    0.6827    0.2470    0.8230    0.0590    0.4940    0.1987    0.3848
 000006   T  0.622037  0.505174  0.438526    0.6412    0.2752    0.7880    0.0390    0.4719    0.1789    0.3817
 000007   R  0.596426  0.430158  0.441142    0.5229    0.2680    0.6720    0.0870    0.4148    0.1489    0.3785
 000008   F  0.604962  0.381539  0.448971    0.4825    0.3117    0.6200    0.1150    0.4002    0.1340    0.3675
 000009   L  0.630130  0.366839  0.449325    0.4116    0.2609    0.5260    0.1300    0.3659    0.1387    0.3672
 000010   L  0.676611  0.366281  0.444597    0.3762    0.2129    0.4920    0.1630    0.3539    0.1591    0.3789
 000011   P  0.670763  0.380992  0.443422    0.2531    0.2399    0.5170    0.1320    0.3437    0.1671    0.3968
 000012   P  0.646426  0.400605  0.445094    0.2080    0.2715    0.4940    0.1350    0.3367    0.1619    0.4120
 000013   E  0.586961  0.396650  0.444952    0.3005    0.2884    0.4220    0.1470    0.3324    0.1242    0.4231
 000014   A  0.513915  0.395507  0.451454    0.2657    0.2680    0.3010    0.1060    0.2907    0.1210    0.4327
 000015   R  0.476809  0.392951  0.457524    0.1805    0.2575    0.2780    0.1030    0.2642    0.1331    0.4194
 000016   L  0.472095  0.404292  0.463270    0.1958    0.1823    0.2470    0.0830    0.2502    0.1449    0.4118
 000017   K  0.463812  0.421579  0.465508    0.1878    0.0948    0.2370    0.0790    0.2342    0.1648    0.4036
 000018   A  0.446409  0.424855  0.466676    0.1322    0.0948    0.2230    0.0750    0.2201    0.1719    0.4021
 000019   E  0.399894  0.410958  0.461481    0.1322    0.1643    0.2220    0.0810    0.2215    0.1509    0.3942
 000020   V  0.389175  0.391690  0.456655    0.1805    0.2364    0.2200    0.0900    0.2364    0.1287    0.3887
 000021   V  0.401202  0.371275  0.452235    0.2432    0.3182    0.2120    0.0950    0.2576    0.1136    0.3909
 000022   G  0.390192  0.362358  0.450588    0.2122    0.2002    0.2120    0.0910    0.2296    0.1250    0.3976
 000023   K  0.451927  0.364685  0.448209    0.1921    0.1881    0.2110    0.0890    0.2347    0.1380    0.4026
 000024   L  0.485516  0.360471  0.451606    0.1266    0.2064    0.1960    0.0820    0.2291    0.1552    0.4110
 000025   Q  0.490116  0.341449  0.450951    0.1566    0.1671    0.1730    0.0610    0.2214    0.1575    0.4151
 000026   H  0.460864  0.341916  0.446505    0.1844    0.1914    0.1790    0.0630    0.2263    0.1426    0.4180
 000027   L  0.436546  0.327643  0.443943    0.1958    0.1881    0.1890    0.0700    0.2228    0.1346    0.4144
 000028   F  0.466868  0.316212  0.443714    0.1998    0.2193    0.1670    0.0560    0.2283    0.1388    0.4070
 000029   R  0.491027  0.329398  0.443952    0.1532    0.2164    0.1640    0.0640    0.2256    0.1517    0.3951
 000030   R  0.475541  0.363128  0.443192    0.1698    0.1349    0.1890    0.0780    0.2221    0.1552    0.3889
 000031   H  0.487084  0.384690  0.439557    0.2167    0.2064    0.2020    0.0840    0.2495    0.1391    0.3898
 000032   G  0.462163  0.396308  0.437401    0.2080    0.1942    0.2040    0.0720    0.2441    0.1375    0.3869
 000033   Y  0.434146  0.419988  0.435559    0.2167    0.1206    0.2160    0.0680    0.2345    0.1462    0.3836
 000034   E  0.398939  0.432279  0.439256    0.1456    0.1298    0.2150    0.0630    0.2203    0.1520    0.3815
 000035   P  0.437325  0.428265  0.442212    0.1456    0.2258    0.2230    0.0780    0.2434    0.1424    0.3773
 000036   V  0.466698  0.420964  0.443537    0.1349    0.2258    0.2160    0.0870    0.2440    0.1493    0.3755
 000037   E  0.428508  0.419189  0.447380    0.1602    0.2292    0.1970    0.0810    0.2391    0.1413    0.3761
 000038   L  0.409687  0.403522  0.447650    0.2292    0.3392    0.1640    0.0730    0.2576    0.1269    0.3830
 000039   P  0.445078  0.396936  0.445573    0.3096    0.3667    0.1400    0.0620    0.2764    0.1288    0.3938
 000040   A  0.505838  0.404863  0.443821    0.3535    0.3460    0.1270    0.0460    0.2896    0.1400    0.4073
 000041   L  0.545890  0.401378  0.442674    0.2786    0.3740    0.1230    0.0390    0.2871    0.1522    0.4184
 000042   E  0.575525  0.407585  0.441158    0.2531    0.3599    0.1110    0.0340    0.2846    0.1638    0.4221
 000043   L  0.603376  0.426483  0.433573    0.2602    0.3286    0.1250    0.0340    0.2906    0.1666    0.4271
 000044   Y  0.572386  0.448266  0.427518    0.3311    0.3019    0.1340    0.0420    0.2979    0.1543    0.4304
 000045   D  0.552910  0.456090  0.413403    0.2963    0.2817    0.1470    0.0580    0.2889    0.1492    0.4303
 000046   P  0.537210  0.463349  0.399288    0.1698    0.1731    0.1750    0.0690    0.2531    0.1662    0.4310
 000047   D  0.508107  0.463397  0.385131    0.2209    0.1731    0.1950    0.0770    0.2601    0.1482    0.4301
 000048   H  0.463392  0.444653  0.368852    0.1380    0.1702    0.2080    0.0840    0.2374    0.1452    0.4275
 000049   P  0.398217  0.404523  0.354352    0.1456    0.2436    0.2140    0.0780    0.2343    0.1144    0.4163
 000050   L  0.348559  0.392547  0.348522    0.1292    0.2224    0.2450    0.0840    0.2229    0.1077    0.4019
 000051   A  0.355102  0.391572  0.345522    0.1456    0.2541    0.2250    0.0760    0.2285    0.1032    0.3858
 000052   E  0.364446  0.370333  0.340866    0.2209    0.3529    0.1990    0.0640    0.2512    0.0904    0.3678
 000053   R  0.378556  0.363635  0.337502    0.2122    0.2645    0.1920    0.0640    0.2352    0.0920    0.3528
 000054   A  0.392403  0.363758  0.339377    0.3146    0.2645    0.1540    0.0430    0.2482    0.0967    0.3399
 000055   F  0.443805  0.340917  0.336465    0.3184    0.3249    0.1310    0.0300    0.2598    0.1085    0.3288
 000056   K  0.509485  0.325801  0.335194    0.2292    0.2364    0.1170    0.0240    0.2364    0.1333    0.3223
 000057   L  0.547685  0.327137  0.331328    0.1766    0.1969    0.1220    0.0360    0.2284    0.1512    0.3169
 000058   V  0.585725  0.327668  0.324981    0.1041    0.1852    0.1300    0.0570    0.2222    0.1721    0.3084
 000059   D  0.586772  0.328274  0.314374    0.1041    0.1969    0.1310    0.0610    0.2246    0.1703    0.3025
 000060   K  0.531764  0.326978  0.307238    0.0858    0.0888    0.1380    0.0670    0.1952    0.1682    0.3003
 000061   T  0.470252  0.336265  0.301339    0.1495    0.1528    0.1310    0.0610    0.2067    0.1336    0.3025
 000062   G  0.446275  0.310547  0.291856    0.0991    0.1881    0.1260    0.0570    0.1950    0.1290    0.3049
 000063   E  0.423206  0.294001  0.283086    0.0909    0.1137    0.1180    0.0480    0.1732    0.1307    0.3104
 000064   V  0.387541  0.295779  0.273718    0.0991    0.0734    0.1140    0.0380    0.1616    0.1262    0.3186
 000065   L  0.334178  0.282281  0.262145    0.0621    0.0734    0.1070    0.0310    0.1432    0.1174    0.3298
 000066   A  0.289021  0.251558  0.247520    0.0660    0.1399    0.0990    0.0290    0.1408    0.0940    0.3387
 000067   L  0.247885  0.252371  0.235423    0.0587    0.0909    0.0970    0.0280    0.1245    0.0914    0.3406
 000068   R  0.233018  0.254943  0.222254    0.1041    0.0929    0.1000    0.0310    0.1308    0.0789    0.3409
 000069   S  0.225057  0.233414  0.208211    0.0909    0.1323    0.1080    0.0330    0.1316    0.0673    0.3505
 000070   E  0.212817  0.217962  0.193384    0.0478    0.1048    0.1000    0.0320    0.1138    0.0726    0.3541
 000071   F  0.193260  0.211137  0.184171    0.0464    0.1137    0.0910    0.0280    0.1092    0.0676    0.3586
 000072   T  0.181870  0.201211  0.180201    0.0363    0.0646    0.0820    0.0270    0.0943    0.0717    0.3630
 000073   T  0.170480  0.193359  0.173924    0.0336    0.0646    0.0800    0.0260    0.0903    0.0683    0.3683
 000074   L  0.161929  0.203276  0.171315    0.0160    0.0631    0.0810    0.0280    0.0875    0.0727    0.3694
 000075   L  0.163353  0.210318  0.169620    0.0279    0.0985    0.0790    0.0320    0.0964    0.0681    0.3655
 000076   A  0.144707  0.204823  0.167351    0.0502    0.1349    0.0760    0.0300    0.1018    0.0594    0.3538
 000077   K  0.127226  0.213613  0.166561    0.0607    0.1611    0.0760    0.0270    0.1064    0.0599    0.3428
 000078   L  0.117002  0.211859  0.166545    0.0884    0.2292    0.0810    0.0250    0.1212    0.0641    0.3426
 000079   L  0.117432  0.227024  0.166973    0.0832    0.1399    0.0900    0.0290    0.1096    0.0565    0.3375
 000080   R  0.102929  0.253919  0.168294    0.0789    0.1476    0.1150    0.0340    0.1164    0.0635    0.3253
 000081   A  0.082159  0.286478  0.164309    0.0387    0.0799    0.1630    0.0460    0.1084    0.0858    0.3199
 000082   H  0.061389  0.317876  0.161650    0.0789    0.1323    0.2080    0.0500    0.1331    0.0901    0.3161
 000083   L  0.038657  0.347544  0.159655    0.0441    0.1251    0.2390    0.0660    0.1324    0.1118    0.3083
 000084   G  0.015955  0.381216  0.156368    0.0363    0.1399    0.2530    0.0790    0.1377    0.1278    0.2967
 000085   E  0.010672  0.401449  0.152584    0.0677    0.1399    0.2230    0.0680    0.1405    0.1273    0.2916
 000086   G  0.020626  0.407708  0.149737    0.1456    0.1229    0.1860    0.0490    0.1471    0.1197    0.2873
 000087   A  0.025154  0.387826  0.146396    0.1041    0.0929    0.1570    0.0440    0.1278    0.1163    0.2895
 000088   H  0.033763  0.348244  0.147348    0.0514    0.0909    0.1100    0.0260    0.1057    0.1072    0.2929
 000089   R  0.044633  0.303229  0.150915    0.0514    0.1554    0.0880    0.0220    0.1071    0.0914    0.2845
 000090   F  0.071003  0.250552  0.154062    0.0909    0.2034    0.0760    0.0230    0.1152    0.0727    0.2865
 000091   Q  0.091371  0.207422  0.155095    0.1041    0.2224    0.0590    0.0150    0.1140    0.0656    0.2883
 000092   Y  0.103080  0.178519  0.154182    0.1060    0.2224    0.0560    0.0140    0.1111    0.0604    0.2905
 000093   A  0.117306  0.180610  0.157454    0.1150    0.2292    0.0580    0.0200    0.1168    0.0603    0.2883
 000094   G  0.128917  0.170160  0.164501    0.1566    0.2292    0.0600    0.0240    0.1241    0.0578    0.2900
 000095   P  0.142927  0.171656  0.167349    0.1667    0.2292    0.0590    0.0210    0.1282    0.0580    0.2950
 000096   L  0.155536  0.172885  0.171451    0.1018    0.2064    0.0650    0.0220    0.1169    0.0556    0.2904
 000097   W  0.169859  0.180955  0.178840    0.0991    0.1373    0.0770    0.0270    0.1107    0.0501    0.2828
 000098   L  0.181014  0.214449  0.188459    0.1117    0.1528    0.0980    0.0360    0.1264    0.0521    0.2694
 000099   R  0.185919  0.248598  0.198292    0.0701    0.1611    0.1130    0.0470    0.1299    0.0668    0.2532
 000100   E  0.193867  0.285892  0.204027    0.0677    0.1048    0.1400    0.0630    0.1321    0.0792    0.2493
 000101   A  0.213212  0.322605  0.207270    0.1416    0.2002    0.1530    0.0580    0.1717    0.0681    0.2368
 000102   D  0.220338  0.340038  0.210169    0.0789    0.2002    0.1630    0.0570    0.1671    0.0851    0.2297
 000103   A  0.257109  0.355743  0.216453    0.1380    0.2164    0.1730    0.0570    0.1900    0.0778    0.2184
 000104   E  0.311114  0.382793  0.226935    0.1667    0.2436    0.1810    0.0660    0.2143    0.0838    0.2081
 000105   L  0.371441  0.387436  0.237436    0.1041    0.1671    0.2190    0.0860    0.2081    0.1098    0.1944
 000106   G  0.430682  0.375572  0.242765    0.0832    0.1528    0.2090    0.0740    0.2086    0.1273    0.1822
 000107   R  0.482209  0.369223  0.251009    0.0789    0.1528    0.2240    0.0880    0.2179    0.1399    0.1763
 000108   L  0.522448  0.356054  0.255673    0.1667    0.1759    0.2320    0.1060    0.2423    0.1303    0.1752
 000109   R  0.572469  0.325584  0.260599    0.1667    0.2470    0.2350    0.1090    0.2578    0.1370    0.1766
 000110   E  0.626185  0.306907  0.264634    0.1041    0.2258    0.2450    0.1160    0.2513    0.1664    0.1837
 000111   Y  0.670963  0.301589  0.271551    0.0965    0.2224    0.2460    0.1140    0.2562    0.1831    0.1839
 000112   T  0.695441  0.292535  0.276398    0.0935    0.2541    0.2230    0.0950    0.2598    0.1915    0.1916
 000113   Q  0.679356  0.270808  0.284065    0.0935    0.2715    0.2210    0.0910    0.2561    0.1862    0.1920
 000114   V  0.675818  0.272457  0.292340    0.1117    0.2224    0.2350    0.1000    0.2529    0.1835    0.1995
 000115   G  0.677861  0.282555  0.303093    0.1266    0.1823    0.2580    0.1240    0.2545    0.1844    0.2129
 000116   L  0.681186  0.269436  0.307480    0.1205    0.2752    0.2880    0.1490    0.2724    0.1787    0.2315
 000117   E  0.672059  0.267257  0.319836    0.0965    0.2436    0.3050    0.1570    0.2641    0.1825    0.2543
 000118   L  0.675681  0.281937  0.333065    0.1178    0.2715    0.3020    0.1520    0.2748    0.1777    0.2714
 000119   L  0.671281  0.284340  0.343089    0.1495    0.2817    0.3010    0.1520    0.2813    0.1701    0.2880
 000120   G  0.684768  0.295668  0.350903    0.1805    0.2129    0.3150    0.1460    0.2814    0.1750    0.3004
 000121   A  0.689710  0.317187  0.360651    0.1060    0.2129    0.3330    0.1360    0.2764    0.1897    0.3111
 000122   T  0.705451  0.331094  0.376969    0.1041    0.2224    0.3480    0.1260    0.2852    0.1949    0.3291
 000123   G  0.713312  0.346126  0.389337    0.1178    0.1852    0.3690    0.1130    0.2885    0.2001    0.3409
 000124   P  0.681388  0.352961  0.401706    0.0621    0.1007    0.3960    0.1090    0.2655    0.2178    0.3598
 000125   L  0.686163  0.352025  0.409825    0.0858    0.1298    0.4050    0.1040    0.2765    0.2104    0.3726
 000126   A  0.707352  0.346515  0.420011    0.0425    0.1092    0.4260    0.1090    0.2720    0.2309    0.3790
 000127   D  0.704099  0.345888  0.429390    0.0621    0.1115    0.4310    0.0830    0.2757    0.2268    0.3852
 000128   A  0.706221  0.349550  0.438641    0.0414    0.1115    0.4480    0.0790    0.2760    0.2340    0.3832
 000129   E  0.706463  0.333649  0.445273    0.0395    0.1476    0.4440    0.0660    0.2786    0.2294    0.3878
 000130   V  0.706841  0.302722  0.451906    0.0884    0.1501    0.4440    0.0670    0.2820    0.2202    0.3880
 000131   L  0.703197  0.283483  0.466856    0.0643    0.1501    0.4380    0.0670    0.2731    0.2267    0.3977
 000132   E  0.706814  0.270244  0.483393    0.0464    0.1206    0.4040    0.0570    0.2581    0.2371    0.4052
 000133   L  0.737403  0.260860  0.499474    0.0441    0.1184    0.4200    0.0690    0.2635    0.2497    0.4043
 000134   A  0.742040  0.243847  0.511476    0.0268    0.1184    0.4090    0.0610    0.2567    0.2568    0.4006
 000135   F  0.740940  0.233143  0.514609    0.0200    0.1070    0.4120    0.0630    0.2522    0.2610    0.3927
 000136   A  0.742055  0.255447  0.518455    0.0395    0.1115    0.3990    0.0530    0.2580    0.2554    0.3818
 000137   A  0.740710  0.265323  0.527002    0.0567    0.1399    0.3970    0.0600    0.2666    0.2482    0.3677
 000138   L  0.748758  0.265034  0.533712    0.0304    0.0851    0.4070    0.0680    0.2561    0.2655    0.3540
 000139   E  0.751259  0.297919  0.544810    0.0455    0.1028    0.4080    0.0630    0.2676    0.2607    0.3395
 000140   A  0.759003  0.316381  0.554847    0.0226    0.0555    0.4280    0.0610    0.2636    0.2773    0.3213
 000141   L  0.752353  0.331425  0.566744    0.0387    0.1070    0.4410    0.0600    0.2785    0.2658    0.3074
 000142   G  0.754621  0.378462  0.573104    0.0395    0.1611    0.4480    0.0620    0.2970    0.2582    0.2909
 000143   V  0.757450  0.410464  0.582951    0.0425    0.0948    0.4740    0.0780    0.2965    0.2721    0.2763
 000144   Q  0.760714  0.440657  0.591083    0.0771    0.0985    0.4810    0.0770    0.3097    0.2670    0.2706
 000145   G  0.766634  0.463385  0.597591    0.0542    0.1162    0.4910    0.0760    0.3152    0.2721    0.2705
 000146   E  0.755775  0.453658  0.600846    0.0660    0.2164    0.4820    0.0770    0.3290    0.2506    0.2717
 000147   V  0.738126  0.463062  0.611685    0.0884    0.1759    0.4870    0.0740    0.3254    0.2503    0.2739
 000148   E  0.736618  0.465553  0.617184    0.1205    0.1349    0.4910    0.0730    0.3247    0.2518    0.2817
 000149   V  0.735109  0.455550  0.621961    0.1380    0.1942    0.4960    0.0810    0.3365    0.2379    0.2914
 000150   G  0.733907  0.450593  0.628940    0.0723    0.1554    0.4750    0.0680    0.3146    0.2592    0.3067
 000151   L  0.731974  0.436681  0.635919    0.0965    0.1791    0.4580    0.0620    0.3170    0.2502    0.3256
 000152   P  0.732429  0.430279  0.640899    0.1349    0.2503    0.4340    0.0660    0.3303    0.2322    0.3422
 000153   S  0.726688  0.448800  0.641881    0.1416    0.1731    0.4460    0.0690    0.3227    0.2420    0.3542
 000154   L  0.718938  0.442328  0.645641    0.2122    0.2680    0.4450    0.0820    0.3478    0.2120    0.3656
 000155   V  0.695643  0.441779  0.652302    0.1349    0.2752    0.4350    0.0930    0.3304    0.2242    0.3727
 000156   G  0.702988  0.465872  0.660561    0.1635    0.2436    0.4170    0.0840    0.3321    0.2261    0.3816
 000157   E  0.707165  0.488061  0.671054    0.1495    0.1554    0.4260    0.0850    0.3210    0.2474    0.3902
 000158   V  0.716749  0.509551  0.677439    0.1921    0.2258    0.4410    0.0840    0.3476    0.2306    0.3981
 000159   L  0.722628  0.514113  0.681688    0.1205    0.2034    0.4160    0.0850    0.3295    0.2516    0.4023
 000160   K  0.719775  0.526843  0.688617    0.1921    0.2680    0.3980    0.0960    0.3508    0.2293    0.3993
 000161   A  0.716374  0.560953  0.696823    0.1844    0.2328    0.3890    0.1070    0.3473    0.2399    0.3938
 000162   S  0.718904  0.581722  0.700210    0.2700    0.3215    0.3640    0.1240    0.3761    0.2157    0.3870
 000163   G  0.714791  0.569198  0.704188    0.2080    0.2951    0.3810    0.1280    0.3614    0.2287    0.3778
 000164   L  0.707656  0.605610  0.709886    0.2167    0.2609    0.3660    0.1150    0.3596    0.2362    0.3703
 000165   P  0.711452  0.629462  0.714516    0.3225    0.2399    0.3110    0.0830    0.3690    0.2333    0.3622
 000166   E  0.718972  0.657145  0.722229    0.3806    0.3149    0.3540    0.0930    0.4043    0.2141    0.3477
 000167   A  0.678071  0.664330  0.728853    0.2963    0.3053    0.3890    0.0970    0.3889    0.2201    0.3354
 000168   L  0.664528  0.674082  0.733990    0.3053    0.2884    0.3540    0.1060    0.3810    0.2258    0.3215
 000169   Q  0.666533  0.685139  0.739581    0.3762    0.3704    0.3340    0.1100    0.4054    0.2102    0.3069
 000170   R  0.655637  0.681477  0.744471    0.4556    0.3667    0.3190    0.1010    0.4131    0.2055    0.2957
 000171   R  0.670905  0.681667  0.747384    0.4651    0.4051    0.2980    0.0830    0.4201    0.2064    0.2936
 000172   A  0.692380  0.682434  0.749796    0.4149    0.4541    0.2880    0.0810    0.4219    0.2112    0.2940
 000173   Q  0.709993  0.680162  0.750533    0.4420    0.3740    0.2900    0.0760    0.4160    0.2185    0.2924
 000174   Q  0.671934  0.682227  0.750664    0.4420    0.3667    0.3020    0.0660    0.4109    0.2129    0.2995
 000175   A  0.637292  0.679392  0.747578    0.4458    0.4541    0.3030    0.0520    0.4199    0.1990    0.3090
 000176   I  0.682441  0.671566  0.746406    0.4149    0.3356    0.3170    0.0640    0.4035    0.2158    0.3183
 000177   H  0.675430  0.664252  0.745658    0.4149    0.2399    0.3060    0.0800    0.3833    0.2321    0.3392
 000178   R  0.628796  0.651395  0.741069    0.3717    0.2399    0.3490    0.1080    0.3734    0.2221    0.3569
 000179   K  0.583155  0.636613  0.733935    0.3717    0.3356    0.3610    0.1360    0.3813    0.1970    0.3806
 000180   N  0.524093  0.649742  0.729640    0.3399    0.3286    0.3730    0.1430    0.3692    0.1980    0.4080
 000181   L  0.507936  0.657625  0.727573    0.3491    0.3704    0.3820    0.1210    0.3779    0.1908    0.4311
 000182   P  0.540409  0.675487  0.727309    0.3578    0.3053    0.3680    0.1110    0.3745    0.2032    0.4075
 000183   E  0.588165  0.663821  0.730150    0.4203    0.3704    0.4040    0.1450    0.4078    0.1842    0.3908
 000184   L  0.625655  0.653447  0.732208    0.3399    0.3807    0.4150    0.1540    0.4025    0.1941    0.3721
 000185   K  0.619788  0.664885  0.734885    0.3578    0.3872    0.3790    0.1500    0.4015    0.1961    0.3636
 000186   G  0.647915  0.683764  0.736132    0.3806    0.3872    0.4210    0.1400    0.4201    0.1932    0.3571
 000187   L  0.702022  0.683141  0.736255    0.4651    0.4864    0.4950    0.1250    0.4719    0.1675    0.3498
 000188   L  0.762109  0.682527  0.734612    0.4149    0.4725    0.4780    0.1230    0.4684    0.1853    0.3569
 000189   A  0.809480  0.702106  0.735520    0.4149    0.4051    0.4380    0.1330    0.4615    0.2082    0.3672
 000190   E  0.801712  0.717895  0.737613    0.4149    0.3286    0.4270    0.1170    0.4483    0.2226    0.3814
 000191   S  0.795392  0.729583  0.737259    0.3399    0.2328    0.4480    0.1050    0.4243    0.2494    0.3903
 000192   P  0.795702  0.728705  0.735109    0.3578    0.2817    0.4880    0.1020    0.4420    0.2339    0.3968
 000193   V  0.789954  0.734879  0.734992    0.2602    0.1702    0.5950    0.0640    0.4250    0.2727    0.4023
 000194   P  0.785592  0.741884  0.734612    0.2333    0.1823    0.5940    0.0670    0.4228    0.2750    0.4027
 000195   E  0.781245  0.740579  0.732325    0.2432    0.2752    0.5940    0.0850    0.4390    0.2527    0.4060
 000196   E  0.778627  0.732863  0.729001    0.2657    0.2002    0.5710    0.1140    0.4248    0.2614    0.4026
 000197   A  0.775146  0.725638  0.727334    0.2786    0.1298    0.5450    0.1430    0.4090    0.2736    0.3952
 000198   R  0.775414  0.717824  0.724391    0.2786    0.1969    0.5110    0.1360    0.4133    0.2566    0.3878
 000199   K  0.786725  0.709848  0.723872    0.2748    0.2752    0.4860    0.1260    0.4221    0.2430    0.3735
 000200   V  0.787626  0.685440  0.723524    0.3053    0.3019    0.4480    0.1200    0.4213    0.2323    0.3547
 000201   L  0.778729  0.658584  0.720020    0.3053    0.3019    0.4210    0.1150    0.4110    0.2292    0.3368
 000202   L  0.772059  0.647184  0.717148    0.2913    0.2292    0.3840    0.1230    0.3873    0.2445    0.3272
 000203   A  0.765305  0.637546  0.715300    0.2700    0.1323    0.3720    0.1120    0.3629    0.2657    0.3240
 000204   L  0.773336  0.646501  0.715118    0.2748    0.1881    0.3640    0.1060    0.3745    0.2562    0.3199
 000205   P  0.764038  0.657040  0.712578    0.1766    0.1759    0.3510    0.0990    0.3540    0.2744    0.3202
 000206   D  0.739595  0.649548  0.712760    0.1732    0.1349    0.4100    0.0860    0.3512    0.2746    0.3215
 000207   L  0.724849  0.687279  0.714154    0.1805    0.1184    0.4570    0.0880    0.3614    0.2780    0.3284
 000208   Y  0.713742  0.710154  0.717657    0.1766    0.1424    0.4330    0.0980    0.3626    0.2763    0.3446
 000209   G  0.713562  0.710499  0.721650    0.1766    0.0929    0.3990    0.1080    0.3487    0.2889    0.3656
 000210   G  0.719489  0.713812  0.727567    0.1844    0.1162    0.3910    0.1180    0.3541    0.2855    0.3881
 000211   R  0.732802  0.733165  0.728701    0.1667    0.1115    0.3920    0.1210    0.3561    0.2944    0.4118
 000212   E  0.748820  0.749769  0.727269    0.2558    0.2002    0.4040    0.1030    0.3930    0.2651    0.4334
 000213   V  0.743679  0.751676  0.724036    0.2209    0.3117    0.4050    0.0910    0.4054    0.2512    0.4178
 000214   L  0.758590  0.741537  0.722703    0.2820    0.3426    0.3620    0.0860    0.4145    0.2401    0.4090
 000215   K  0.792238  0.744867  0.720777    0.3939    0.3948    0.3550    0.0690    0.4467    0.2226    0.3938
 000216   E  0.812842  0.742510  0.719114    0.3668    0.3667    0.4000    0.0770    0.4482    0.2268    0.3806
 000217   A  0.833172  0.744648  0.715981    0.3096    0.3667    0.4900    0.0880    0.4573    0.2316    0.3692
 000218   R  0.836452  0.741594  0.713578    0.3992    0.4186    0.5520    0.0980    0.4914    0.2035    0.3598
 000219   G  0.796223  0.742276  0.709642    0.4825    0.4256    0.6130    0.0970    0.5100    0.1800    0.3564
 000220   L  0.786841  0.738368  0.706822    0.4458    0.3948    0.6430    0.0930    0.5014    0.1890    0.3599
 000221   P  0.789088  0.722819  0.699798    0.3578    0.4017    0.5880    0.1250    0.4766    0.2001    0.3597
 000222   L  0.792939  0.737046  0.689759    0.3359    0.3286    0.6060    0.1220    0.4667    0.2179    0.3573
 000223   P  0.789577  0.738341  0.681006    0.3359    0.3215    0.5290    0.1400    0.4524    0.2177    0.3522
 000224   P  0.782687  0.728178  0.669446    0.3184    0.3910    0.5400    0.1360    0.4600    0.2046    0.3443
 000225   K  0.774446  0.712562  0.651263    0.3939    0.4864    0.5660    0.1400    0.4889    0.1698    0.3309
 000226   A  0.760801  0.689732  0.630182    0.3885    0.4087    0.6020    0.1180    0.4749    0.1732    0.3260
 000227   Q  0.759908  0.656982  0.607480    0.3847    0.4051    0.5710    0.1350    0.4629    0.1673    0.3245
 000228   E  0.793424  0.621975  0.585941    0.3184    0.3599    0.5270    0.1570    0.4367    0.1879    0.3248
 000229   A  0.796345  0.587462  0.565076    0.3399    0.2918    0.4760    0.1700    0.4152    0.1923    0.3242
 000230   L  0.784111  0.521440  0.541486    0.2483    0.2918    0.4530    0.1610    0.3832    0.1985    0.3237
 000231   A  0.762803  0.467592  0.518383    0.2432    0.3667    0.3720    0.1270    0.3687    0.1840    0.3170
 000232   Q  0.726393  0.430331  0.497418    0.2080    0.3667    0.3010    0.1160    0.3387    0.1840    0.3120
 000233   L  0.679824  0.418586  0.478065    0.3005    0.3807    0.2930    0.1240    0.3454    0.1532    0.3112
 000234   E  0.626825  0.394984  0.457441    0.2963    0.2715    0.2620    0.1210    0.3085    0.1498    0.3091
 000235   R  0.560163  0.358632  0.438590    0.1805    0.1671    0.2670    0.1380    0.2556    0.1584    0.3084
 000236   T  0.488166  0.326879  0.421282    0.1178    0.1823    0.2330    0.1200    0.2247    0.1482    0.3150
 000237   L  0.426061  0.304145  0.402997    0.0832    0.1424    0.1910    0.0880    0.1911    0.1454    0.3181
 000238   D  0.352995  0.284558  0.383826    0.0832    0.1373    0.1690    0.0680    0.1712    0.1291    0.3199
 000239   L  0.292650  0.264661  0.362898    0.0425    0.1070    0.1750    0.0640    0.1470    0.1258    0.3171
 000240   L  0.240834  0.256011  0.342370    0.0502    0.1070    0.1600    0.0470    0.1357    0.1133    0.3144
 000241   G  0.208030  0.236093  0.321561    0.0567    0.1611    0.1450    0.0450    0.1344    0.0980    0.3062
 000242   R  0.176067  0.226800  0.303264    0.0526    0.1823    0.1260    0.0400    0.1272    0.0930    0.3026
 000243   P  0.147387  0.209208  0.286233    0.0464    0.1092    0.1060    0.0340    0.1031    0.0913    0.3005
 000244   V  0.141012  0.206606  0.268039    0.0789    0.1791    0.0890    0.0310    0.1158    0.0797    0.2902
 000245   L  0.139881  0.200773  0.247328    0.0395    0.1070    0.0760    0.0230    0.0939    0.0822    0.2856
 000246   L  0.134115  0.196415  0.228706    0.0441    0.0662    0.0700    0.0190    0.0852    0.0792    0.2761
 000247   D  0.124916  0.201390  0.209964    0.0231    0.0605    0.0690    0.0150    0.0798    0.0790    0.2595
 000248   L  0.105064  0.195020  0.189845    0.0245    0.0985    0.0750    0.0180    0.0830    0.0685    0.2420
 000249   G  0.087185  0.183443  0.167936    0.0218    0.0506    0.0770    0.0200    0.0699    0.0652    0.2220
 000250   M  0.068491  0.190936  0.148932    0.0376    0.0424    0.0780    0.0220    0.0695    0.0617    0.1998
 000251   A  0.057638  0.184917  0.128911    0.0316    0.0356    0.0690    0.0230    0.0630    0.0591    0.1780
 000252   R  0.052642  0.178731  0.112050    0.0144    0.0334    0.0650    0.0260    0.0574    0.0581    0.1616
 000253   R  0.044835  0.176158  0.098618    0.0075    0.0294    0.0620    0.0240    0.0533    0.0577    0.1455
 000254   Y  0.031597  0.178574  0.085538    0.0061    0.0153    0.0610    0.0220    0.0487    0.0600    0.1291
 000255   E  0.017785  0.162116  0.072259    0.0075    0.0240    0.0570    0.0190    0.0447    0.0536    0.1178
 000256   Y  0.010729  0.150499  0.065594    0.0069    0.0463    0.0570    0.0190    0.0452    0.0488    0.1044
 000257   Y  0.007661  0.142725  0.061776    0.0124    0.0765    0.0540    0.0170    0.0489    0.0462    0.0965
 000258   S  0.004639  0.134164  0.060618    0.0141    0.0356    0.0500    0.0180    0.0398    0.0435    0.0915
 000259   G  0.002271  0.116406  0.057354    0.0274    0.0592    0.0510    0.0170    0.0428    0.0362    0.0870
 000260   I  0.002137  0.102502  0.056115    0.0116    0.0349    0.0510    0.0170    0.0336    0.0342    0.0842
 000261   F  0.001992  0.094748  0.055764    0.0160    0.0531    0.0510    0.0160    0.0361    0.0313    0.0879
 000262   F  0.001628  0.087772  0.056097    0.0109    0.0389    0.0550    0.0180    0.0324    0.0305    0.0929
 000263   R  0.001182  0.095968  0.056623    0.0141    0.0248    0.0580    0.0150    0.0323    0.0333    0.0984
 000264   A  0.001744  0.100386  0.057904    0.0079    0.0258    0.0630    0.0130    0.0331    0.0358    0.1054
 000265   Y  0.002165  0.103595  0.060233    0.0079    0.0443    0.0640    0.0150    0.0370    0.0361    0.1175
 000266   T  0.004608  0.115271  0.063298    0.0070    0.0414    0.0640    0.0170    0.0388    0.0394    0.1310
 000267   P  0.007935  0.135024  0.068597    0.0121    0.0676    0.0740    0.0190    0.0495    0.0443    0.1425
 000268   G  0.013990  0.160756  0.073996    0.0231    0.0676    0.0940    0.0250    0.0598    0.0501    0.1476
 000269   F  0.026793  0.186919  0.078853    0.0218    0.0719    0.1040    0.0280    0.0686    0.0567    0.1514
 000270   G  0.027756  0.213578  0.085177    0.0099    0.0719    0.0920    0.0280    0.0692    0.0669    0.1589
 000271   L  0.029604  0.238503  0.096391    0.0259    0.1048    0.0910    0.0280    0.0816    0.0722    0.1661
 000272   P  0.030289  0.267548  0.112206    0.0490    0.1229    0.0880    0.0250    0.0929    0.0792    0.1647
 000273   L  0.030270  0.279889  0.127725    0.0744    0.1206    0.1170    0.0340    0.1037    0.0799    0.1595
 000274   L  0.030057  0.285863  0.143332    0.0425    0.1476    0.1260    0.0420    0.1053    0.0874    0.1519
 000275   G  0.027863  0.295001  0.164104    0.0304    0.1671    0.1060    0.0350    0.1044    0.0959    0.1460
 000276   G  0.024737  0.300710  0.185250    0.0677    0.2129    0.1170    0.0540    0.1205    0.0976    0.1379
 000277   G  0.019000  0.301248  0.204898    0.0643    0.1731    0.1210    0.0730    0.1131    0.0989    0.1295
 000278   R  0.006557  0.299560  0.222914    0.0441    0.1501    0.1120    0.0690    0.1020    0.1069    0.1240
 000279   Y  0.005778  0.308914  0.242723    0.0395    0.0780    0.1030    0.0550    0.0892    0.1166    0.1232
 000280   D  0.004226  0.328182  0.263593    0.0813    0.1251    0.0960    0.0470    0.1058    0.1196    0.1257
 000281   G  0.011861  0.333326  0.282889    0.0502    0.0765    0.0930    0.0460    0.0941    0.1303    0.1252
 000282   A  0.023149  0.326985  0.300597    0.0771    0.1251    0.0990    0.0420    0.1085    0.1247    0.1256
 000283   L  0.032113  0.320246  0.318709    0.0363    0.0676    0.1180    0.0440    0.0958    0.1348    0.1287
 000284   F  0.038780  0.315043  0.336729    0.0660    0.1184    0.1340    0.0480    0.1120    0.1289    0.1326
 000285   P  0.056037  0.305811  0.355634    0.0723    0.1731    0.1570    0.0660    0.1274    0.1259    0.1398
 000286   K  0.095994  0.298218  0.375847    0.0884    0.1115    0.1770    0.0750    0.1286    0.1260    0.1425
 000287   A  0.111508  0.302744  0.395837    0.0884    0.0662    0.1910    0.0850    0.1267    0.1372    0.1473
 000288   A  0.127304  0.321183  0.414969    0.0542    0.0704    0.1990    0.0980    0.1287    0.1488    0.1551
 000289   G  0.139144  0.318966  0.434292    0.0327    0.0618    0.1990    0.1030    0.1252    0.1588    0.1654
 000290   F  0.152557  0.302769  0.456546    0.0701    0.0631    0.1970    0.1040    0.1310    0.1574    0.1729
 000291   A  0.189545  0.371027  0.477079    0.0514    0.0555    0.1950    0.1030    0.1438    0.1750    0.1774
 000292   L  0.263531  0.403455  0.498058    0.0308    0.0327    0.2110    0.1080    0.1569    0.1927    0.1830
 000293   G  0.345452  0.428934  0.519638    0.0376    0.0473    0.2170    0.1080    0.1794    0.2019    0.1898
 000294   V  0.419113  0.449345  0.539921    0.0376    0.0765    0.2260    0.1060    0.2014    0.2107    0.1976
 000295   E  0.471128  0.467817  0.558304    0.0858    0.1554    0.2220    0.0960    0.2338    0.2019    0.2092
 000296   R  0.548286  0.561509  0.577989    0.0701    0.1399    0.2630    0.1160    0.2637    0.2314    0.2182
 000297   L  0.626764  0.610839  0.595528    0.0771    0.1528    0.2890    0.1160    0.2928    0.2485    0.2324
 000298   L  0.708734  0.624368  0.611603    0.0965    0.2064    0.3060    0.1150    0.3236    0.2541    0.2427
 000299   E  0.781031  0.628212  0.626590    0.1205    0.2680    0.3360    0.0920    0.3557    0.2556    0.2504
 000300   A  0.825921  0.684534  0.641901    0.1416    0.2783    0.4090    0.0970    0.3899    0.2629    0.2585
 000301   L  0.836192  0.706898  0.655705    0.2531    0.3149    0.5040    0.0980    0.4359    0.2362    0.2674
 000302   R  0.840372  0.732851  0.665584    0.2913    0.2680    0.5550    0.0800    0.4480    0.2418    0.2747
 000303   L  0.840690  0.747183  0.671343    0.3096    0.3149    0.5800    0.0840    0.4654    0.2319    0.2895
 000304   P  0.838920  0.782539  0.677249    0.2333    0.2328    0.4860    0.0940    0.4290    0.2692    0.3028
 000305   K  0.838240  0.800581  0.679945    0.2963    0.3149    0.4630    0.1030    0.4522    0.2468    0.3125
 000306   E  0.833544  0.806981  0.678639    0.1958    0.2193    0.4860    0.0740    0.4236    0.2821    0.3215
 000307   E  0.833177  0.810399  0.678104    0.2122    0.2224    0.5020    0.0810    0.4301    0.2782    0.3326
 000308   E  0.838117  0.810321  0.677903    0.2209    0.2715    0.4760    0.0950    0.4361    0.2693    0.3407
 000309   P  0.836304  0.808926  0.681983    0.3005    0.2752    0.4510    0.0830    0.4453    0.2553    0.3537
 000310   P  0.835759  0.799053  0.685540    0.2748    0.2503    0.4270    0.0930    0.4312    0.2649    0.3652
 000311   E  0.837266  0.777185  0.686089    0.2292    0.2752    0.4200    0.0810    0.4231    0.2663    0.3664
 000312   V  0.837389  0.764799  0.687430    0.3053    0.2436    0.4160    0.0660    0.4279    0.2575    0.3644
 000313   L  0.819965  0.757748  0.686038    0.3005    0.2193    0.3720    0.0780    0.4116    0.2623    0.3680
 000314   A  0.792888  0.763750  0.681419    0.3146    0.2918    0.3150    0.0870    0.4129    0.2495    0.3620
 000315   L  0.790154  0.764886  0.675091    0.2602    0.2752    0.2930    0.0950    0.3972    0.2619    0.3502
 000316   D  0.759894  0.699629  0.668688    0.2483    0.2715    0.2740    0.0970    0.3756    0.2503    0.3355
 000317   L  0.721447  0.704343  0.662386    0.2483    0.2470    0.2820    0.0960    0.3673    0.2456    0.3159
 000318   K  0.702241  0.680539  0.658640    0.2333    0.2470    0.2620    0.0940    0.3542    0.2432    0.2886
 000319   A  0.681969  0.666879  0.658366    0.2122    0.2503    0.2680    0.0960    0.3466    0.2400    0.2686
 000320   L  0.660235  0.669168  0.656916    0.1921    0.1449    0.2800    0.0890    0.3244    0.2562    0.2446
 000321   R  0.614010  0.705859  0.651927    0.1667    0.0618    0.2610    0.0790    0.3015    0.2772    0.2238
 000322   R  0.588934  0.707223  0.650913    0.1088    0.0581    0.2730    0.0810    0.2893    0.2833    0.2181
 000323   F  0.570100  0.723827  0.649620    0.1018    0.0888    0.2960    0.1120    0.2968    0.2777    0.2220
 000324   A  0.529629  0.735289  0.646824    0.1532    0.1501    0.2760    0.1010    0.3074    0.2573    0.2218
 000325   R  0.486721  0.741290  0.645580    0.1698    0.1823    0.3050    0.0790    0.3142    0.2451    0.2194
 000326   E  0.445476  0.732990  0.645987    0.2432    0.2884    0.3100    0.0690    0.3366    0.2147    0.2231
 000327   R  0.392322  0.731897  0.643490    0.2292    0.2064    0.3530    0.0560    0.3189    0.2248    0.2320
 000328   R  0.339245  0.724730  0.640174    0.3456    0.2541    0.3750    0.0580    0.3398    0.2029    0.2474
 000329   T  0.286034  0.725742  0.639057    0.2786    0.1759    0.3610    0.0650    0.3046    0.2273    0.2788
 000330   E  0.280945  0.719775  0.638561    0.2748    0.1759    0.3510    0.0700    0.3005    0.2270    0.3096
 000331   L  0.273391  0.706377  0.636259    0.2786    0.2436    0.4130    0.1190    0.3192    0.2116    0.3518
 000332   F  0.250487  0.698878  0.632397    0.2700    0.2399    0.4460    0.1300    0.3175    0.2136    0.3856
 000333   H  0.232277  0.681987  0.625268    0.2700    0.2399    0.4210    0.1180    0.3075    0.2104    0.3968
 000334   G  0.229012  0.674426  0.615749    0.3225    0.3529    0.4260    0.1320    0.3342    0.1893    0.3869
 000335   E  0.225409  0.658915  0.608069    0.3225    0.2918    0.4020    0.0930    0.3168    0.1907    0.3798
 000336   D  0.221427  0.648233  0.599188    0.3456    0.3286    0.3350    0.0980    0.3132    0.1845    0.3829
 000337   P  0.219728  0.631154  0.592789    0.2602    0.2064    0.3000    0.1120    0.2695    0.2011    0.3852
 000338   V  0.218697  0.612393  0.588938    0.3053    0.1449    0.2590    0.1230    0.2567    0.2054    0.3901
 000339   A  0.199587  0.586595  0.586863    0.2432    0.1298    0.2300    0.1320    0.2315    0.2097    0.3968
 000340   Y  0.191191  0.548341  0.582318    0.1732    0.1137    0.2530    0.1530    0.2133    0.2090    0.3910
 000341   A  0.196244  0.515184  0.575221    0.1566    0.1070    0.2550    0.1530    0.2049    0.2032    0.3702
 000342   R  0.185204  0.487346  0.572286    0.1958    0.1759    0.2730    0.1640    0.2196    0.1838    0.3399
 000343   R  0.191282  0.504128  0.566164    0.2820    0.2988    0.2840    0.1550    0.2600    0.1636    0.3224
 000344   R  0.239864  0.520815  0.566332    0.2913    0.2164    0.2770    0.1510    0.2575    0.1674    0.3195
 000345   G  0.282793  0.526854  0.569949    0.2963    0.1251    0.2910    0.1410    0.2538    0.1804    0.3365
 000346   I  0.306791  0.551599  0.580550    0.2209    0.1092    0.3170    0.1290    0.2508    0.1947    0.3569
 000347   P  0.321466  0.553379  0.583966    0.1532    0.0676    0.3080    0.1340    0.2340    0.2129    0.3639
 000348   F  0.385123  0.578629  0.587795    0.1150    0.0605    0.4230    0.1140    0.2604    0.2279    0.3645
 000349   L  0.406324  0.587713  0.588963    0.1178    0.1007    0.4800    0.0970    0.2820    0.2244    0.3461
 000350   A  0.464288  0.593476  0.587649    0.1349    0.1028    0.4450    0.0940    0.2901    0.2214    0.3107
 000351   R  0.553033  0.615846  0.587393    0.1921    0.1583    0.5230    0.1400    0.3404    0.2124    0.2798
 000352   G  0.635770  0.603934  0.588959    0.1844    0.1643    0.8310    0.0550    0.4033    0.2637    0.2673
 000353   E  0.667739  0.589221  0.586361    0.2385    0.1476    0.8090    0.0740    0.4087    0.2546    0.2568
 000354   E  0.703355  0.617916  0.583929    0.3053    0.1298    0.8510    0.0660    0.4345    0.2617    0.2474
 000355   L  0.735596  0.634717  0.581918    0.3717    0.1137    0.8470    0.0880    0.4505    0.2612    0.2393
 000356   F  0.756598  0.648802  0.578216    0.4037    0.0888    0.8700    0.0670    0.4613    0.2723    0.2177
 000357   R  0.738497  0.677729  0.572944    0.5253    0.1424    0.8620    0.0620    0.4910    0.2461    0.1967
 000358   V  0.849004  0.730394  0.570291    0.5331    0.0870    0.9100    0.0530    0.5182    0.2877    0.1811
 000359   E  0.668795  0.786622  0.570748    0.6474    0.1731    0.9250    0.0350    0.5335    0.2517    0.1646
 000360   E  0.489746  0.772784  0.565843    0.7418    0.2575    0.9370    0.0090    0.5331    0.2391    0.1587
 000361   A  0.602404  0.804897  0.559124    0.8001    0.2715    0.8940    0.0490    0.5622    0.2280    0.1631
