#RESNUM RES     VL-XT     VSL2B       VL3  IUPred-S  IUPred-L  PONDRFIT  FITERROR       MDP  MDPERROR   ANCHOR2
 000001   M  0.669751  0.849941  0.523710    0.8158    0.1501    0.9750    0.0120    0.5767    0.2839    0.1548
 000002   S  0.606410  0.799752  0.503504    0.7772    0.1881    0.9350    0.0340    0.5510    0.2573    0.1624
 000003   L  0.460226  0.811702  0.485287    0.6516    0.1349    0.9150    0.0340    0.4956    0.2683    0.1709
 000004   V  0.523374  0.772468  0.467715    0.6219    0.0967    0.8900    0.0520    0.4840    0.2641    0.1787
 000005   G  0.481918  0.701976  0.454718    0.5008    0.1229    0.9290    0.0300    0.4562    0.2576    0.1870
 000006   K  0.439736  0.581076  0.441718    0.3762    0.1823    0.9580    0.0310    0.4228    0.2489    0.1953
 000007   T  0.439835  0.529965  0.427042    0.3359    0.1251    0.9360    0.0560    0.3945    0.2552    0.2119
 000008   L  0.458444  0.450945  0.414759    0.3184    0.1251    0.8940    0.1260    0.3745    0.2415    0.2243
 000009   S  0.458967  0.371122  0.405825    0.1766    0.1476    0.8970    0.1240    0.3419    0.2556    0.2349
 000010   G  0.465901  0.317545  0.401813    0.1117    0.1759    0.9120    0.0990    0.3306    0.2689    0.2440
 000011   R  0.514070  0.300070  0.396837    0.0884    0.1731    0.8920    0.0980    0.3280    0.2709    0.2554
 000012   Y  0.585716  0.267002  0.393234    0.1088    0.1424    0.8250    0.1050    0.3215    0.2609    0.2616
 000013   R  0.648813  0.254095  0.392585    0.0832    0.1206    0.6860    0.1840    0.2987    0.2453    0.2673
 000014   V  0.711265  0.259059  0.397241    0.0832    0.1791    0.6240    0.1310    0.3094    0.2376    0.2688
 000015   V  0.778903  0.265594  0.404963    0.1041    0.1759    0.4200    0.1290    0.2907    0.2297    0.2697
 000016   R  0.767125  0.270748  0.411287    0.1150    0.1028    0.3210    0.1260    0.2627    0.2336    0.2702
 000017   P  0.760034  0.272881  0.402647    0.0643    0.0605    0.2810    0.1110    0.2397    0.2459    0.2688
 000018   L  0.725127  0.279904  0.398222    0.0395    0.0463    0.2860    0.1570    0.2295    0.2414    0.2746
 000019   A  0.676136  0.271618  0.391430    0.0455    0.0372    0.2170    0.1280    0.2079    0.2282    0.2801
 000020   R  0.573659  0.274981  0.379751    0.0387    0.0389    0.1690    0.0800    0.1826    0.2008    0.2894
 000021   G  0.472210  0.258512  0.364721    0.0200    0.0463    0.1540    0.0670    0.1585    0.1745    0.2983
 000022   A  0.384151  0.253717  0.349342    0.0194    0.0227    0.1500    0.0530    0.1383    0.1560    0.3074
 000023   L  0.295081  0.235644  0.339199    0.0441    0.0424    0.1440    0.0400    0.1269    0.1288    0.3183
 000024   A  0.199274  0.219139  0.335289    0.0212    0.0463    0.1350    0.0330    0.1035    0.1206    0.3208
 000025   R  0.147641  0.172346  0.331273    0.0363    0.0851    0.1380    0.0380    0.0966    0.1072    0.3275
 000026   V  0.085924  0.152483  0.329312    0.0643    0.0719    0.1390    0.0430    0.0857    0.1060    0.3338
 000027   Y  0.062189  0.153855  0.327603    0.0723    0.0605    0.1530    0.0480    0.0837    0.1083    0.3381
 000028   L  0.043712  0.173233  0.326888    0.0350    0.0306    0.1710    0.0500    0.0756    0.1201    0.3435
 000029   A  0.035479  0.204298  0.330418    0.0554    0.0543    0.1980    0.0730    0.0912    0.1205    0.3453
 000030   F  0.026468  0.210146  0.332273    0.0455    0.0398    0.2250    0.0930    0.0911    0.1285    0.3478
 000031   D  0.014793  0.224991  0.331844    0.0478    0.0205    0.2430    0.1070    0.0919    0.1361    0.3492
 000032   P  0.009177  0.234165  0.335095    0.0286    0.0235    0.3020    0.1420    0.0995    0.1491    0.3529
 000033   F  0.005117  0.257620  0.342681    0.0194    0.0334    0.4320    0.2090    0.1246    0.1796    0.3568
 000034   G  0.001131  0.266282  0.350416    0.0414    0.0581    0.4440    0.2250    0.1352    0.1788    0.3639
 000035   T  0.002080  0.282047  0.360940    0.0621    0.0592    0.4450    0.2330    0.1418    0.1791    0.3758
 000036   P  0.034183  0.297949  0.372083    0.0621    0.0581    0.3840    0.2000    0.1395    0.1648    0.3821
 000037   Y  0.116560  0.322460  0.382936    0.0858    0.1048    0.3230    0.1490    0.1588    0.1379    0.3853
 000038   A  0.225090  0.327443  0.392413    0.1292    0.1759    0.2760    0.1120    0.1890    0.1105    0.3880
 000039   L  0.327706  0.350426  0.403768    0.2122    0.2503    0.2600    0.1120    0.2334    0.0940    0.3850
 000040   K  0.435726  0.387262  0.414462    0.2292    0.2884    0.2800    0.1230    0.2701    0.1034    0.3773
 000041   L  0.546344  0.421853  0.424612    0.3225    0.4051    0.3640    0.1650    0.3433    0.0989    0.3699
 000042   F  0.656910  0.449512  0.433814    0.3359    0.4119    0.3650    0.1390    0.3699    0.1263    0.3570
 000043   P  0.767307  0.506824  0.447113    0.3053    0.3053    0.3100    0.0900    0.3659    0.1817    0.3419
 000044   P  0.876453  0.546122  0.457976    0.4203    0.3053    0.3550    0.1100    0.4173    0.2023    0.3277
 000045   K  0.955396  0.573265  0.463918    0.3491    0.2364    0.3980    0.1030    0.4187    0.2424    0.3112
 000046   A  0.984091  0.569051  0.464481    0.2385    0.2258    0.3860    0.1190    0.4006    0.2677    0.2938
 000047   R  0.986598  0.572179  0.465943    0.1566    0.2002    0.3760    0.0930    0.3819    0.2866    0.2814
 000048   P  0.994991  0.570792  0.469595    0.2385    0.2918    0.3270    0.1150    0.4038    0.2669    0.2715
 000049   R  0.998040  0.560841  0.466747    0.2602    0.2399    0.3010    0.1370    0.3933    0.2736    0.2599
 000050   R  0.998492  0.546557  0.465979    0.3359    0.2918    0.2910    0.1550    0.4107    0.2585    0.2570
 000051   D  0.998984  0.536558  0.473518    0.2333    0.2918    0.2580    0.1270    0.3864    0.2752    0.2598
 000052   R  0.999278  0.518504  0.481943    0.2865    0.3983    0.2050    0.0880    0.4012    0.2676    0.2609
 000053   E  0.999034  0.489440  0.493043    0.3806    0.5382    0.1870    0.0730    0.4323    0.2589    0.2686
 000054   L  0.992301  0.443397  0.503038    0.3806    0.4186    0.1650    0.0490    0.4000    0.2643    0.2771
 000055   W  0.984328  0.409238  0.507319    0.3630    0.4087    0.1600    0.0450    0.3875    0.2658    0.2849
 000056   V  0.906254  0.391132  0.512050    0.2748    0.4330    0.1650    0.0490    0.3617    0.2488    0.2927
 000057   G  0.815150  0.405215  0.520737    0.3096    0.3948    0.1850    0.0620    0.3516    0.2151    0.3015
 000058   R  0.715377  0.444952  0.523816    0.3399    0.3149    0.1960    0.0480    0.3352    0.1879    0.3084
 000059   R  0.620113  0.465787  0.520643    0.2602    0.3019    0.2070    0.0460    0.3092    0.1726    0.3191
 000060   L  0.510179  0.453168  0.517661    0.1921    0.2752    0.2180    0.0510    0.2747    0.1614    0.3340
 000061   A  0.415213  0.490095  0.520954    0.2041    0.1942    0.2340    0.0580    0.2562    0.1618    0.3439
 000062   H  0.385410  0.518644  0.529214    0.1732    0.1969    0.2590    0.0690    0.2556    0.1689    0.3532
 000063   P  0.364704  0.480032  0.534660    0.1205    0.1298    0.3100    0.0890    0.2341    0.1814    0.3633
 000064   N  0.347783  0.507350  0.537480    0.1205    0.1298    0.3820    0.1400    0.2479    0.1868    0.3707
 000065   L  0.403961  0.512224  0.535743    0.1150    0.2034    0.3910    0.1340    0.2709    0.1776    0.3777
 000066   N  0.469986  0.521884  0.534093    0.2041    0.3215    0.3620    0.1330    0.3132    0.1479    0.3824
 000067   P  0.544658  0.492869  0.530224    0.2820    0.4186    0.3610    0.1410    0.3498    0.1294    0.3875
 000068   V  0.610588  0.520034  0.529393    0.2786    0.3872    0.3600    0.1370    0.3594    0.1444    0.3929
 000069   L  0.695837  0.516237  0.528784    0.3096    0.3117    0.3980    0.1220    0.3718    0.1626    0.3996
 000070   E  0.745720  0.509217  0.524840    0.2913    0.2364    0.3940    0.1100    0.3628    0.1899    0.4029
 000071   A  0.730797  0.509409  0.518402    0.3053    0.2399    0.4320    0.0950    0.3695    0.1812    0.4078
 000072   L  0.727404  0.508547  0.507471    0.2700    0.2399    0.4930    0.1050    0.3732    0.1847    0.4154
 000073   D  0.722945  0.517203  0.495197    0.1998    0.1528    0.5040    0.1120    0.3494    0.2136    0.4222
 000074   L  0.711113  0.507800  0.479647    0.1566    0.1115    0.5110    0.1230    0.3330    0.2262    0.4255
 000075   E  0.709175  0.500905  0.464098    0.0909    0.1184    0.4320    0.1390    0.3086    0.2311    0.4309
 000076   E  0.707237  0.474009  0.446087    0.1205    0.1823    0.3760    0.1390    0.3100    0.2081    0.4292
 000077   G  0.707517  0.440535  0.430014    0.1349    0.1791    0.3530    0.1440    0.3025    0.2022    0.4192
 000078   P  0.708076  0.402355  0.414116    0.1178    0.1671    0.3150    0.1280    0.2850    0.2050    0.4110
 000079   A  0.720418  0.348937  0.396196    0.1766    0.1554    0.2960    0.1130    0.2829    0.1985    0.4045
 000080   L  0.735478  0.303433  0.382635    0.2657    0.2292    0.2270    0.0850    0.2935    0.1882    0.3987
 000081   L  0.740232  0.270730  0.370311    0.1698    0.2129    0.1690    0.0660    0.2604    0.2087    0.3966
 000082   L  0.718871  0.261768  0.355763    0.1878    0.1399    0.1470    0.0520    0.2425    0.2093    0.4041
 000083   A  0.668072  0.272891  0.340822    0.2558    0.1702    0.1390    0.0470    0.2509    0.1833    0.4167
 000084   Y  0.625488  0.274869  0.325297    0.1532    0.1611    0.1530    0.0660    0.2279    0.1758    0.4302
 000085   A  0.564969  0.284009  0.310421    0.1766    0.2399    0.1460    0.0670    0.2353    0.1461    0.4294
 000086   P  0.486296  0.321865  0.297319    0.1698    0.2258    0.1350    0.0520    0.2231    0.1259    0.4171
 000087   G  0.407485  0.349225  0.284700    0.1635    0.2399    0.1370    0.0420    0.2162    0.1069    0.4018
 000088   E  0.343763  0.360908  0.271071    0.1635    0.2094    0.1490    0.0470    0.2045    0.0940    0.3883
 000089   E  0.284973  0.381934  0.264858    0.1667    0.0985    0.1560    0.0490    0.1814    0.1046    0.3799
 000090   L  0.223037  0.407030  0.267404    0.1635    0.1162    0.1460    0.0460    0.1760    0.1069    0.3752
 000091   G  0.197120  0.402455  0.267838    0.1349    0.1881    0.1480    0.0550    0.1784    0.1012    0.3680
 000092   R  0.199291  0.397665  0.261272    0.1878    0.2292    0.1620    0.0740    0.1961    0.0887    0.3651
 000093   W  0.164070  0.403698  0.253835    0.2786    0.2645    0.1720    0.0730    0.2138    0.0901    0.3712
 000094   M  0.144573  0.409372  0.244669    0.2700    0.2884    0.1780    0.0640    0.2151    0.0943    0.3846
 000095   G  0.141563  0.401587  0.237017    0.3146    0.3149    0.1840    0.0510    0.2262    0.0962    0.3916
 000096   K  0.133654  0.429873  0.234669    0.3456    0.2292    0.2050    0.0510    0.2238    0.1048    0.3941
 000097   S  0.119565  0.433338  0.228419    0.2531    0.2064    0.1860    0.0520    0.1997    0.1040    0.3973
 000098   P  0.097422  0.406782  0.219684    0.1667    0.2193    0.1680    0.0580    0.1763    0.1026    0.4026
 000099   A  0.074453  0.387887  0.211527    0.1532    0.1373    0.1630    0.0620    0.1526    0.1043    0.4046
 000100   F  0.040158  0.373363  0.206574    0.1532    0.0799    0.1440    0.0610    0.1317    0.1123    0.4035
 000101   S  0.011614  0.349566  0.202058    0.1667    0.0817    0.1010    0.0380    0.1185    0.1124    0.4022
 000102   Q  0.005495  0.327408  0.197538    0.1088    0.0676    0.0740    0.0180    0.0972    0.1103    0.4038
 000103   A  0.001603  0.303598  0.193985    0.0660    0.0414    0.0560    0.0150    0.0780    0.1097    0.4051
 000104   M  0.001351  0.245782  0.193481    0.1088    0.0719    0.0470    0.0170    0.0791    0.0902    0.4056
 000105   R  0.001406  0.181825  0.192915    0.0858    0.0967    0.0420    0.0180    0.0679    0.0762    0.4014
 000106   V  0.001352  0.140220  0.193131    0.0677    0.0749    0.0390    0.0160    0.0539    0.0713    0.4104
 000107   F  0.001827  0.121419  0.194775    0.0701    0.0749    0.0360    0.0130    0.0507    0.0699    0.4272
 000108   H  0.002064  0.113043  0.195475    0.0526    0.0835    0.0310    0.0080    0.0470    0.0708    0.4196
 000109   Q  0.002154  0.117365  0.195081    0.0478    0.0704    0.0330    0.0080    0.0451    0.0711    0.4035
 000110   L  0.002155  0.129452  0.193452    0.0621    0.0870    0.0430    0.0140    0.0539    0.0697    0.3860
 000111   L  0.002230  0.136042  0.190247    0.1292    0.1092    0.0530    0.0140    0.0716    0.0684    0.3703
 000112   L  0.002359  0.146066  0.188979    0.1292    0.0749    0.0670    0.0200    0.0700    0.0684    0.3581
 000113   A  0.002533  0.172874  0.189147    0.0643    0.0690    0.0840    0.0270    0.0655    0.0720    0.3512
 000114   L  0.003189  0.180626  0.188655    0.0490    0.0799    0.1050    0.0260    0.0696    0.0738    0.3429
 000115   A  0.005772  0.207930  0.188254    0.0660    0.1162    0.1280    0.0220    0.0873    0.0756    0.3391
 000116   H  0.031540  0.251158  0.187505    0.0643    0.0780    0.2000    0.0370    0.1042    0.0869    0.3330
 000117   M  0.066510  0.309287  0.188242    0.1041    0.1184    0.3310    0.0600    0.1550    0.1063    0.3378
 000118   H  0.102325  0.354485  0.191933    0.1117    0.2364    0.4050    0.0960    0.2017    0.1184    0.3499
 000119   E  0.138230  0.406049  0.193920    0.1117    0.2541    0.4420    0.1190    0.2253    0.1303    0.3659
 000120   K  0.168270  0.456448  0.197084    0.1240    0.2541    0.4630    0.1200    0.2443    0.1387    0.3813
 000121   G  0.207394  0.473836  0.199064    0.1998    0.2436    0.4720    0.1350    0.2661    0.1281    0.3982
 000122   L  0.246519  0.462725  0.203864    0.2820    0.2503    0.4330    0.1340    0.2791    0.1041    0.4168
 000123   V  0.298058  0.451940  0.210303    0.2786    0.2645    0.3590    0.1270    0.2753    0.0847    0.4337
 000124   H  0.376192  0.409401  0.214416    0.2292    0.3053    0.2880    0.1150    0.2680    0.0794    0.4192
 000125   R  0.434231  0.377485  0.214688    0.2432    0.3599    0.2760    0.1120    0.2819    0.0861    0.4000
 000126   D  0.484933  0.347982  0.213631    0.2786    0.3910    0.2300    0.0830    0.2888    0.1013    0.3838
 000127   V  0.519633  0.330703  0.209651    0.2432    0.4087    0.1880    0.0610    0.2817    0.1229    0.3666
 000128   K  0.545780  0.338576  0.210818    0.2913    0.4220    0.1530    0.0430    0.2917    0.1351    0.3573
 000129   P  0.580781  0.361443  0.215105    0.2913    0.4149    0.1500    0.0430    0.2997    0.1448    0.3504
 000130   E  0.578840  0.356441  0.214855    0.2531    0.3215    0.1530    0.0470    0.2771    0.1410    0.3422
 000131   N  0.575596  0.325798  0.213210    0.2385    0.2503    0.1440    0.0380    0.2557    0.1426    0.3363
 000132   I  0.571915  0.301638  0.210427    0.1698    0.2609    0.1350    0.0370    0.2398    0.1480    0.3329
 000133   L  0.552418  0.272752  0.213434    0.1878    0.2328    0.1260    0.0370    0.2286    0.1410    0.3369
 000134   V  0.535312  0.248015  0.219452    0.2748    0.3149    0.1260    0.0420    0.2498    0.1308    0.3395
 000135   N  0.513927  0.232110  0.222088    0.1844    0.2399    0.1210    0.0370    0.2153    0.1290    0.3472
 000136   A  0.498621  0.224711  0.220399    0.2041    0.2436    0.1170    0.0320    0.2147    0.1233    0.3571
 000137   G  0.459562  0.218466  0.217456    0.1266    0.2328    0.1110    0.0340    0.1915    0.1195    0.3671
 000138   E  0.451314  0.223241  0.220763    0.1878    0.3249    0.1090    0.0310    0.2160    0.1152    0.3772
 000139   A  0.451007  0.224708  0.225187    0.1878    0.3019    0.1210    0.0410    0.2143    0.1106    0.3860
 000140   R  0.436798  0.235446  0.237363    0.1878    0.2884    0.1300    0.0500    0.2130    0.1037    0.3938
 000141   L  0.412007  0.252366  0.252465    0.1495    0.2918    0.1280    0.0490    0.2056    0.1029    0.4041
 000142   L  0.383949  0.284558  0.270160    0.1566    0.2715    0.1250    0.0490    0.2036    0.0970    0.4133
 000143   D  0.355449  0.315993  0.289023    0.2531    0.2541    0.1220    0.0430    0.2168    0.0874    0.4183
 000144   F  0.324075  0.342870  0.306764    0.3263    0.3460    0.1250    0.0430    0.2440    0.0927    0.4170
 000145   D  0.284987  0.365774  0.324669    0.3096    0.4087    0.1250    0.0430    0.2491    0.1041    0.4179
 000146   L  0.276262  0.387779  0.343327    0.3263    0.4220    0.1310    0.0520    0.2572    0.1100    0.4132
 000147   S  0.233007  0.418477  0.359894    0.3491    0.3740    0.1210    0.0420    0.2492    0.1178    0.4091
 000148   G  0.213497  0.445315  0.372956    0.3806    0.2951    0.1220    0.0370    0.2428    0.1259    0.4050
 000149   P  0.220552  0.457744  0.380998    0.2963    0.2002    0.1480    0.0430    0.2205    0.1248    0.4032
 000150   A  0.213074  0.481683  0.393777    0.2558    0.2292    0.1780    0.0330    0.2263    0.1269    0.4004
 000151   Q  0.226258  0.492863  0.404556    0.1844    0.2470    0.1760    0.0430    0.2211    0.1364    0.3998
 000152   E  0.202356  0.498705  0.407319    0.2558    0.3494    0.1640    0.0400    0.2450    0.1354    0.3992
 000153   R  0.193918  0.486837  0.402435    0.3399    0.3948    0.1640    0.0440    0.2633    0.1336    0.3972
 000154   F  0.210146  0.476197  0.396402    0.3630    0.2849    0.1750    0.0470    0.2515    0.1243    0.3985
 000155   Q  0.269877  0.451467  0.388144    0.4203    0.3117    0.1690    0.0620    0.2704    0.1163    0.4017
 000156   K  0.314008  0.423629  0.382468    0.3184    0.2680    0.1840    0.0660    0.2514    0.1000    0.4058
 000157   P  0.345416  0.371977  0.378267    0.3184    0.3740    0.2100    0.0800    0.2700    0.0862    0.4133
 000158   L  0.369957  0.328269  0.375803    0.2786    0.3948    0.2370    0.1070    0.2681    0.0844    0.4209
 000159   L  0.362330  0.282302  0.370908    0.3053    0.3117    0.2310    0.0960    0.2488    0.0778    0.4298
 000160   L  0.319123  0.241264  0.364366    0.2865    0.2064    0.2200    0.0910    0.2122    0.0827    0.4311
 000161   G  0.369310  0.216455  0.360712    0.2292    0.2292    0.2310    0.0830    0.2125    0.0890    0.4235
 000162   T  0.420645  0.214505  0.358265    0.1416    0.2164    0.2470    0.0780    0.2066    0.1116    0.4192
 000163   P  0.492012  0.220075  0.357148    0.1266    0.1323    0.2370    0.0690    0.2014    0.1419    0.4168
 000164   A  0.521820  0.224726  0.351958    0.1266    0.1583    0.2320    0.0570    0.2106    0.1457    0.4123
 000165   Y  0.565268  0.226539  0.344177    0.1240    0.2609    0.2230    0.0610    0.2333    0.1502    0.4077
 000166   L  0.620797  0.248980  0.340201    0.1322    0.2470    0.2140    0.0600    0.2439    0.1657    0.4027
 000167   A  0.667326  0.272863  0.339900    0.1349    0.2783    0.2140    0.0510    0.2612    0.1778    0.4012
 000168   P  0.755920  0.307649  0.340166    0.1088    0.2680    0.2490    0.0780    0.2816    0.2082    0.3985
 000169   E  0.842222  0.326559  0.334262    0.1844    0.3149    0.2570    0.0760    0.3208    0.2216    0.3950
 000170   L  0.859815  0.358198  0.328290    0.2748    0.4087    0.2650    0.0700    0.3610    0.2117    0.3961
 000171   L  0.866412  0.385968  0.315496    0.3096    0.4186    0.2510    0.0690    0.3720    0.2115    0.3957
 000172   R  0.856742  0.410364  0.301243    0.3263    0.3182    0.2620    0.0410    0.3623    0.2097    0.3986
 000173   G  0.847348  0.435748  0.285634    0.2432    0.2817    0.3040    0.0530    0.3520    0.2144    0.3974
 000174   L  0.837146  0.458253  0.268241    0.1322    0.2258    0.3100    0.0670    0.3272    0.2343    0.3944
 000175   P  0.813117  0.445909  0.250307    0.1322    0.2575    0.2720    0.0440    0.3201    0.2256    0.3933
 000176   S  0.765809  0.475326  0.233395    0.1698    0.2645    0.2700    0.0610    0.3242    0.2067    0.3938
 000177   G  0.672034  0.460303  0.215216    0.2558    0.2503    0.2350    0.0690    0.3122    0.1702    0.3960
 000178   P  0.591737  0.458613  0.199616    0.2167    0.2034    0.2020    0.0770    0.2787    0.1592    0.3979
 000179   E  0.510136  0.430217  0.186923    0.1292    0.1048    0.1730    0.0380    0.2246    0.1588    0.3985
 000180   A  0.428233  0.385308  0.176169    0.0744    0.0473    0.1420    0.0360    0.1795    0.1495    0.4017
 000181   D  0.337395  0.306255  0.162875    0.0813    0.0605    0.1220    0.0300    0.1513    0.1101    0.4012
 000182   V  0.246857  0.215842  0.150342    0.0789    0.0605    0.1000    0.0220    0.1170    0.0738    0.4030
 000183   Y  0.156935  0.150868  0.141801    0.0643    0.0676    0.0920    0.0190    0.0886    0.0455    0.4017
 000184   A  0.078792  0.109890  0.137682    0.0414    0.0676    0.0830    0.0170    0.0635    0.0383    0.4007
 000185   A  0.026161  0.084302  0.133386    0.0771    0.1206    0.0800    0.0170    0.0647    0.0410    0.4022
 000186   G  0.022454  0.074208  0.132127    0.0660    0.1048    0.0750    0.0150    0.0571    0.0404    0.4011
 000187   I  0.013158  0.081383  0.131364    0.0771    0.1251    0.0710    0.0120    0.0613    0.0448    0.4002
 000188   I  0.012030  0.061078  0.131942    0.0744    0.0618    0.0680    0.0110    0.0463    0.0413    0.3963
 000189   L  0.011224  0.067307  0.135459    0.0723    0.0433    0.0750    0.0120    0.0449    0.0438    0.3911
 000190   Y  0.008210  0.078025  0.138066    0.0405    0.0424    0.1100    0.0170    0.0465    0.0499    0.3907
 000191   W  0.004667  0.084567  0.141466    0.0441    0.0618    0.1540    0.0290    0.0582    0.0576    0.3885
 000192   M  0.003803  0.095547  0.143325    0.0455    0.0555    0.2090    0.0570    0.0682    0.0719    0.3877
 000193   L  0.001835  0.119164  0.145868    0.0858    0.0851    0.2940    0.0900    0.0976    0.0919    0.3871
 000194   T  0.002114  0.147782  0.151075    0.1495    0.1611    0.3730    0.1720    0.1390    0.1114    0.3890
 000195   G  0.004599  0.189537  0.160076    0.1732    0.1298    0.4460    0.1900    0.1572    0.1346    0.3911
 000196   E  0.014101  0.238756  0.172405    0.2255    0.1501    0.4930    0.2160    0.1869    0.1468    0.3916
 000197   H  0.047276  0.290535  0.190880    0.1635    0.0948    0.4870    0.2290    0.1805    0.1480    0.3938
 000198   P  0.103983  0.359893  0.208491    0.2385    0.1702    0.4760    0.2200    0.2248    0.1288    0.3937
 000199   F  0.161699  0.436525  0.226338    0.2333    0.2849    0.5380    0.1800    0.2758    0.1366    0.3939
 000200   A  0.237993  0.491147  0.248036    0.3263    0.3807    0.5550    0.1320    0.3319    0.1249    0.3949
 000201   D  0.305615  0.518274  0.270524    0.4282    0.4766    0.5570    0.1090    0.3809    0.1148    0.3919
 000202   P  0.381206  0.553689  0.292897    0.5374    0.6089    0.5490    0.1030    0.4383    0.1217    0.3929
 000203   S  0.449033  0.585316  0.314824    0.5623    0.7036    0.5350    0.1240    0.4726    0.1313    0.3934
 000204   G  0.520904  0.589252  0.334854    0.6374    0.7982    0.5510    0.1440    0.5162    0.1493    0.3934
 000205   Q  0.570676  0.576925  0.356611    0.6516    0.8198    0.5820    0.1450    0.5335    0.1488    0.3933
 000206   V  0.647367  0.610687  0.377749    0.6442    0.8493    0.6290    0.1550    0.5635    0.1507    0.3939
 000207   S  0.698934  0.621483  0.398830    0.6516    0.7547    0.6220    0.1740    0.5581    0.1295    0.3941
 000208   L  0.751614  0.661280  0.418036    0.6870    0.7163    0.6460    0.1700    0.5771    0.1285    0.3944
 000209   D  0.780655  0.709600  0.435212    0.6174    0.6806    0.6090    0.1520    0.5661    0.1299    0.3982
 000210   P  0.811302  0.718902  0.451435    0.6681    0.7289    0.5800    0.1240    0.5845    0.1385    0.4044
 000211   D  0.833279  0.737160  0.469086    0.6984    0.7672    0.5970    0.1030    0.6055    0.1430    0.4096
 000212   R  0.862673  0.717367  0.487597    0.6255    0.7755    0.5990    0.1420    0.5967    0.1472    0.4156
 000213   G  0.884925  0.686233  0.504442    0.6079    0.7628    0.5760    0.1580    0.5864    0.1514    0.4190
 000214   P  0.916153  0.672437  0.523144    0.6293    0.7289    0.5120    0.1770    0.5764    0.1621    0.4219
 000215   H  0.896793  0.675078  0.542829    0.6474    0.6906    0.4470    0.1730    0.5595    0.1658    0.4245
 000216   P  0.881961  0.660579  0.559610    0.6079    0.5665    0.4210    0.1870    0.5230    0.1677    0.4264
 000217   P  0.859691  0.656414  0.578744    0.6516    0.5382    0.3840    0.1670    0.5150    0.1729    0.4273
 000218   V  0.843391  0.657379  0.595862    0.5941    0.4541    0.3960    0.1870    0.4908    0.1752    0.4283
 000219   A  0.833328  0.654273  0.611771    0.6079    0.5707    0.3620    0.1640    0.5046    0.1720    0.4287
 000220   G  0.823216  0.650099  0.622134    0.5229    0.5456    0.3630    0.1630    0.4842    0.1739    0.4285
 000221   L  0.813472  0.656405  0.635104    0.5229    0.4330    0.3660    0.1520    0.4653    0.1829    0.4283
 000222   G  0.805132  0.686650  0.644944    0.5008    0.3392    0.3290    0.1150    0.4435    0.2073    0.4286
 000223   E  0.802886  0.684291  0.652278    0.4420    0.3149    0.3310    0.1070    0.4292    0.2150    0.4281
 000224   E  0.794106  0.694057  0.662969    0.3806    0.3392    0.3020    0.0920    0.4183    0.2230    0.4300
 000225   A  0.784345  0.694343  0.671474    0.3311    0.3321    0.2760    0.0800    0.4030    0.2340    0.4322
 000226   A  0.783233  0.689779  0.676314    0.3668    0.3566    0.2830    0.0840    0.4132    0.2255    0.4357
 000227   L  0.767964  0.673219  0.679452    0.3491    0.3215    0.2950    0.0890    0.4011    0.2260    0.4399
 000228   Y  0.761567  0.677733  0.677587    0.3456    0.2645    0.2980    0.1000    0.3912    0.2339    0.4456
 000229   L  0.755019  0.649711  0.672880    0.3939    0.3215    0.2830    0.1060    0.4006    0.2167    0.4515
 000230   E  0.729316  0.671928  0.664986    0.3806    0.2436    0.2680    0.0920    0.3823    0.2297    0.4552
 000231   R  0.670484  0.672010  0.654573    0.3668    0.2680    0.2660    0.0800    0.3739    0.2155    0.4576
 000232   L  0.645233  0.666134  0.644057    0.3359    0.3529    0.2790    0.0770    0.3799    0.1978    0.4586
 000233   L  0.626516  0.645884  0.635044    0.3578    0.3215    0.2770    0.0690    0.3714    0.1922    0.4557
 000234   A  0.605822  0.659906  0.630190    0.3456    0.3182    0.2750    0.0610    0.3674    0.1927    0.4493
 000235   P  0.602918  0.683030  0.628107    0.2865    0.3215    0.2920    0.0640    0.3643    0.2005    0.4412
 000236   D  0.626569  0.696749  0.623389    0.3263    0.3215    0.3520    0.0610    0.3871    0.1908    0.4331
 000237   P  0.605926  0.721519  0.620335    0.3630    0.2783    0.4110    0.0610    0.3966    0.1892    0.4250
 000238   K  0.581647  0.728519  0.617702    0.3939    0.3426    0.5000    0.1050    0.4245    0.1673    0.4191
 000239   A  0.556732  0.729469  0.614184    0.3762    0.4087    0.5400    0.1230    0.4352    0.1574    0.4135
 000240   R  0.596493  0.724624  0.611872    0.4420    0.3774    0.5710    0.1420    0.4519    0.1531    0.4091
 000241   F  0.602674  0.706565  0.608987    0.3847    0.3807    0.5880    0.1270    0.4437    0.1580    0.4016
 000242   P  0.580915  0.703280  0.604397    0.2865    0.2752    0.5020    0.1240    0.3913    0.1895    0.3942
 000243   T  0.593802  0.690180  0.598427    0.3806    0.3426    0.5460    0.1290    0.4255    0.1590    0.3866
 000244   A  0.550517  0.687580  0.593169    0.3535    0.3983    0.7830    0.0690    0.4621    0.1801    0.3772
 000245   Q  0.498401  0.658813  0.586070    0.4203    0.4119    0.7940    0.0530    0.4639    0.1672    0.3652
 000246   E  0.480766  0.679281  0.579069    0.4379    0.3566    0.8050    0.0450    0.4600    0.1794    0.3529
 000247   A  0.467478  0.671502  0.577354    0.4651    0.3087    0.8340    0.0330    0.4578    0.1932    0.3420
 000248   L  0.466647  0.670852  0.572121    0.4825    0.2436    0.7890    0.0690    0.4421    0.1963    0.3294
 000249   K  0.430740  0.723270  0.570472    0.5253    0.2164    0.7360    0.1100    0.4386    0.2015    0.3231
 000250   A  0.394628  0.747049  0.568198    0.5992    0.2193    0.8090    0.0950    0.4615    0.2220    0.3121
 000251   F  0.393826  0.770281  0.570917    0.6442    0.1914    0.8810    0.0580    0.4801    0.2486    0.3009
 000252   P  0.327798  0.773301  0.569202    0.7605    0.3249    0.8410    0.0460    0.5046    0.2304    0.2973
 000253   F  0.299656  0.778883  0.573336    0.7724    0.2328    0.8580    0.0960    0.4903    0.2606    0.2925
