#RESNUM RES     VL-XT     VSL2B       VL3  IUPred-S  IUPred-L  PONDRFIT  FITERROR       MDP  MDPERROR   ANCHOR2
 000001   M  0.694054  0.705125  0.125178    0.6756    0.0433    0.9740    0.0060    0.5153    0.3364    0.2103
 000002   Q  0.511376  0.654618  0.122472    0.6374    0.0463    0.9170    0.0240    0.4611    0.3071    0.2215
 000003   I  0.361714  0.599232  0.119201    0.5992    0.0235    0.9000    0.0430    0.4140    0.3020    0.2304
 000004   K  0.194309  0.470356  0.117470    0.5229    0.0194    0.7270    0.1150    0.3223    0.2503    0.2448
 000005   A  0.298308  0.361716  0.114749    0.3847    0.0327    0.7170    0.0980    0.2990    0.2201    0.2588
 000006   G  0.222529  0.254906  0.112488    0.2700    0.0494    0.6520    0.1330    0.2414    0.1929    0.2727
 000007   L  0.167954  0.159905  0.109118    0.2531    0.0734    0.5240    0.1400    0.1964    0.1503    0.3090
 000008   I  0.132076  0.092052  0.106536    0.2122    0.1007    0.5320    0.1950    0.1782    0.1567    0.3338
 000009   W  0.118701  0.059024  0.103502    0.1844    0.1007    0.5190    0.1630    0.1637    0.1568    0.3506
 000010   M  0.110137  0.060025  0.101190    0.1635    0.1229    0.5570    0.1190    0.1690    0.1698    0.3400
 000011   N  0.088390  0.072019  0.098595    0.1041    0.1528    0.6750    0.0950    0.1821    0.2152    0.3291
 000012   G  0.071911  0.084527  0.096193    0.1266    0.1881    0.5710    0.1140    0.1736    0.1753    0.3220
 000013   A  0.062710  0.112126  0.094201    0.1240    0.1275    0.5840    0.1500    0.1684    0.1808    0.3136
 000014   F  0.054249  0.170360  0.092349    0.1878    0.1323    0.6020    0.1750    0.1911    0.1831    0.3055
 000015   V  0.054686  0.259952  0.092149    0.1349    0.1298    0.6570    0.1340    0.2061    0.2055    0.2861
 000016   P  0.072829  0.346973  0.091609    0.1088    0.1554    0.5390    0.0550    0.2039    0.1704    0.2657
 000017   Q  0.080254  0.451566  0.088754    0.1060    0.1349    0.5080    0.0790    0.2134    0.1800    0.2501
 000018   E  0.085397  0.539235  0.085745    0.1667    0.1349    0.4770    0.1060    0.2339    0.1874    0.2348
 000019   E  0.065902  0.585434  0.083452    0.2041    0.2064    0.4420    0.1070    0.2506    0.1892    0.2232
 000020   A  0.079904  0.608422  0.084144    0.1998    0.2034    0.4240    0.1100    0.2526    0.1913    0.2191
 000021   K  0.114989  0.635755  0.086491    0.2432    0.2470    0.3910    0.1030    0.2720    0.1857    0.2239
 000022   T  0.129377  0.600515  0.087410    0.1532    0.2436    0.3610    0.0670    0.2480    0.1760    0.2288
 000023   S  0.162045  0.557478  0.091232    0.1532    0.2436    0.3200    0.0480    0.2394    0.1544    0.2332
 000024   V  0.195533  0.504023  0.096545    0.1805    0.2094    0.2770    0.0500    0.2278    0.1288    0.2375
 000025   L  0.181138  0.460315  0.099775    0.2700    0.2094    0.2500    0.0600    0.2285    0.1119    0.2400
 000026   S  0.171041  0.399634  0.100790    0.2786    0.2884    0.2050    0.0440    0.2239    0.0969    0.2483
 000027   H  0.159323  0.357448  0.100684    0.1667    0.2645    0.1560    0.0450    0.1840    0.0868    0.2582
 000028   A  0.149836  0.322154  0.101523    0.1698    0.1731    0.1320    0.0330    0.1578    0.0722    0.2594
 000029   L  0.154228  0.290655  0.102479    0.1566    0.1611    0.1190    0.0320    0.1469    0.0629    0.2617
 000030   H  0.132468  0.256818  0.105696    0.0935    0.1298    0.1010    0.0340    0.1189    0.0584    0.2624
 000031   Y  0.136431  0.252759  0.109121    0.1205    0.0870    0.0960    0.0370    0.1154    0.0586    0.2532
 000032   G  0.110216  0.257286  0.111964    0.1041    0.0948    0.0910    0.0400    0.1096    0.0611    0.2471
 000033   T  0.081866  0.237728  0.115014    0.0607    0.0929    0.0910    0.0400    0.0941    0.0610    0.2424
 000034   S  0.093574  0.230674  0.118551    0.0621    0.0780    0.0840    0.0300    0.0914    0.0595    0.2392
 000035   V  0.109637  0.247246  0.122035    0.0965    0.1162    0.0830    0.0300    0.1087    0.0581    0.2357
 000036   F  0.126176  0.234886  0.124855    0.1205    0.1759    0.0960    0.0440    0.1256    0.0507    0.2325
 000037   E  0.128284  0.233897  0.130106    0.1240    0.1969    0.1090    0.0590    0.1321    0.0503    0.2239
 000038   G  0.139978  0.252814  0.134262    0.1205    0.1671    0.1120    0.0550    0.1321    0.0522    0.2139
 000039   I  0.149452  0.265189  0.138248    0.1667    0.1251    0.1230    0.0550    0.1382    0.0540    0.2091
 000040   R  0.150138  0.243538  0.142977    0.2122    0.1092    0.1190    0.0470    0.1390    0.0543    0.2056
 000041   A  0.188008  0.263487  0.148255    0.1416    0.1070    0.1080    0.0360    0.1346    0.0594    0.2072
 000042   Y  0.223601  0.275494  0.156138    0.1380    0.1184    0.0950    0.0290    0.1417    0.0678    0.2136
 000043   E  0.278865  0.293578  0.162259    0.1380    0.1206    0.0710    0.0140    0.1503    0.0862    0.2245
 000044   T  0.293261  0.293657  0.168497    0.0858    0.1229    0.0710    0.0110    0.1444    0.0951    0.2337
 000045   A  0.379516  0.299999  0.178838    0.0858    0.1251    0.0670    0.0070    0.1596    0.1181    0.2401
 000046   K  0.449106  0.286573  0.185956    0.1292    0.1251    0.0620    0.0080    0.1753    0.1323    0.2510
 000047   G  0.418238  0.279859  0.191561    0.2080    0.2129    0.0600    0.0130    0.1966    0.1118    0.2652
 000048   P  0.394194  0.267180  0.200148    0.1380    0.2002    0.0540    0.0110    0.1755    0.1108    0.2825
 000049   A  0.382598  0.261531  0.209315    0.1322    0.1184    0.0530    0.0140    0.1580    0.1133    0.3021
 000050   I  0.337405  0.250935  0.217975    0.1844    0.1092    0.0570    0.0160    0.1564    0.0987    0.3223
 000051   F  0.301126  0.241430  0.223533    0.1240    0.1184    0.0630    0.0220    0.1414    0.0905    0.3382
 000052   R  0.233193  0.236110  0.226991    0.0909    0.1373    0.0630    0.0220    0.1267    0.0805    0.3420
 000053   L  0.201563  0.241481  0.235176    0.1456    0.1942    0.0680    0.0220    0.1418    0.0713    0.3450
 000054   K  0.125664  0.247922  0.239609    0.1416    0.1823    0.0630    0.0170    0.1267    0.0762    0.3364
 000055   E  0.072235  0.241867  0.242317    0.1266    0.1251    0.0680    0.0150    0.1056    0.0823    0.3306
 000056   H  0.119847  0.262525  0.246719    0.1495    0.0948    0.0710    0.0080    0.1162    0.0838    0.3276
 000057   V  0.167477  0.280793  0.259968    0.1041    0.0948    0.0760    0.0150    0.1206    0.0914    0.3164
 000058   K  0.262672  0.276175  0.273861    0.0660    0.0704    0.0900    0.0340    0.1276    0.1082    0.3012
 000059   R  0.265195  0.290135  0.286763    0.0542    0.0676    0.1110    0.0460    0.1314    0.1138    0.2907
 000060   F  0.264929  0.307096  0.293475    0.0542    0.0463    0.1220    0.0420    0.1325    0.1208    0.2782
 000061   Y  0.280186  0.304510  0.294095    0.0884    0.0909    0.1360    0.0500    0.1500    0.1073    0.2595
 000062   N  0.300007  0.287138  0.296848    0.0991    0.0909    0.1470    0.0540    0.1540    0.1053    0.2416
 000063   S  0.329526  0.295831  0.302711    0.1088    0.0765    0.1570    0.0690    0.1613    0.1128    0.2355
 000064   A  0.364477  0.275750  0.304337    0.0991    0.1399    0.1610    0.0780    0.1734    0.1087    0.2300
 000065   K  0.393995  0.240957  0.304061    0.0832    0.1501    0.1490    0.0710    0.1696    0.1168    0.2273
 000066   V  0.407987  0.218567  0.302206    0.0909    0.1501    0.1460    0.0630    0.1689    0.1186    0.2217
 000067   L  0.384813  0.238877  0.303139    0.0832    0.0929    0.1440    0.0530    0.1573    0.1221    0.2144
 000068   R  0.474473  0.244466  0.301399    0.1266    0.1449    0.1630    0.0530    0.1922    0.1302    0.2102
 000069   M  0.557007  0.245370  0.301050    0.0813    0.1554    0.1880    0.0600    0.2045    0.1597    0.2063
 000070   E  0.623799  0.273290  0.301556    0.0858    0.1323    0.2040    0.0680    0.2198    0.1820    0.1989
 000071   I  0.689160  0.281877  0.300783    0.1322    0.1476    0.2200    0.0800    0.2452    0.1934    0.1944
 000072   P  0.723256  0.313148  0.299298    0.1698    0.2364    0.2270    0.0790    0.2782    0.1897    0.1943
 000073   F  0.761210  0.344011  0.296025    0.1088    0.2399    0.2610    0.0710    0.2858    0.2096    0.1980
 000074   A  0.777127  0.401600  0.293316    0.1088    0.1823    0.2710    0.0620    0.2902    0.2215    0.1923
 000075   P  0.808904  0.447475  0.290031    0.1322    0.1528    0.3370    0.0770    0.3132    0.2322    0.1876
 000076   E  0.822547  0.465965  0.282080    0.0884    0.1501    0.4020    0.0830    0.3214    0.2462    0.1869
 000077   E  0.817562  0.497036  0.276719    0.0884    0.2064    0.3920    0.0940    0.3336    0.2394    0.1889
 000078   L  0.820349  0.503368  0.273222    0.1292    0.2951    0.3770    0.1140    0.3541    0.2239    0.1901
 000079   E  0.824054  0.520580  0.268866    0.1266    0.2951    0.3210    0.0950    0.3478    0.2292    0.1860
 000080   E  0.829827  0.498526  0.266185    0.1532    0.2436    0.3030    0.0800    0.3380    0.2299    0.1848
 000081   A  0.821126  0.482863  0.263429    0.1566    0.2292    0.2820    0.0770    0.3287    0.2281    0.1843
 000082   I  0.805296  0.450986  0.258636    0.1566    0.3149    0.2270    0.0750    0.3258    0.2193    0.1803
 000083   K  0.789451  0.413902  0.254466    0.1322    0.2364    0.1860    0.0720    0.2930    0.2248    0.1761
 000084   E  0.762487  0.383692  0.247235    0.2167    0.2470    0.1840    0.0780    0.2990    0.2031    0.1739
 000085   V  0.735403  0.351314  0.240126    0.1921    0.1914    0.1950    0.0880    0.2775    0.1992    0.1751
 000086   V  0.700592  0.303788  0.231635    0.1150    0.1731    0.2080    0.1060    0.2501    0.1967    0.1762
 000087   R  0.683136  0.276391  0.223671    0.0771    0.1823    0.1830    0.0920    0.2337    0.1973    0.1735
 000088   R  0.666892  0.269024  0.211592    0.0744    0.1115    0.1630    0.0700    0.2141    0.2003    0.1700
 000089   N  0.659743  0.244564  0.196944    0.1349    0.1476    0.1490    0.0620    0.2226    0.1875    0.1696
 000090   G  0.607520  0.222508  0.183214    0.0909    0.0835    0.1370    0.0520    0.1902    0.1823    0.1739
 000091   Y  0.624749  0.211019  0.174977    0.0771    0.0581    0.1440    0.0680    0.1858    0.1929    0.1831
 000092   R  0.646132  0.200727  0.171046    0.0542    0.0704    0.1320    0.0610    0.1840    0.2027    0.1973
 000093   S  0.675546  0.171536  0.164858    0.0701    0.0967    0.1330    0.0700    0.1911    0.2092    0.2174
 000094   C  0.635495  0.132836  0.156009    0.0677    0.0948    0.1320    0.0770    0.1772    0.1972    0.2371
 000095   Y  0.585357  0.121303  0.151232    0.0526    0.0719    0.1240    0.0600    0.1592    0.1841    0.2458
 000096   I  0.514738  0.097339  0.148373    0.0858    0.0646    0.1310    0.0630    0.1489    0.1570    0.2560
 000097   R  0.447236  0.098142  0.147129    0.1041    0.0967    0.1450    0.0710    0.1486    0.1268    0.2682
 000098   P  0.375921  0.099592  0.145871    0.0660    0.0646    0.1680    0.0890    0.1289    0.1093    0.2863
 000099   L  0.380101  0.087570  0.144776    0.0677    0.0704    0.1940    0.1050    0.1333    0.1119    0.3085
 000100   A  0.308652  0.084005  0.143600    0.0441    0.0749    0.1950    0.0880    0.1177    0.0926    0.3211
 000101   W  0.278721  0.089686  0.141305    0.0425    0.0454    0.1940    0.0690    0.1083    0.0876    0.3302
 000102   M  0.280706  0.120151  0.142109    0.0813    0.0967    0.1780    0.0630    0.1261    0.0704    0.3249
 000103   G  0.356470  0.142452  0.142642    0.0502    0.1048    0.1740    0.0640    0.1379    0.0982    0.3091
 000104   A  0.449137  0.165653  0.141653    0.0526    0.1137    0.1740    0.0680    0.1592    0.1278    0.2894
 000105   K  0.515501  0.191755  0.142974    0.0744    0.1759    0.1720    0.0750    0.1883    0.1429    0.2685
 000106   A  0.595936  0.214749  0.143534    0.1205    0.2364    0.1610    0.0720    0.2215    0.1635    0.2538
 000107   L  0.661124  0.249353  0.144454    0.1878    0.3356    0.1570    0.0740    0.2652    0.1799    0.2385
 000108   G  0.725301  0.298947  0.143792    0.1635    0.2752    0.1950    0.0650    0.2764    0.1996    0.2189
 000109   V  0.800756  0.343872  0.142912    0.1602    0.2064    0.3040    0.0950    0.3025    0.2254    0.1991
 000110   N  0.803613  0.381904  0.139124    0.1602    0.2193    0.3020    0.0800    0.3112    0.2267    0.1795
 000111   P  0.723505  0.436844  0.132373    0.1495    0.2193    0.2910    0.0850    0.3034    0.2059    0.1696
 000112   L  0.627172  0.463701  0.125622    0.1667    0.2752    0.2690    0.0890    0.3004    0.1749    0.1631
 000113   P  0.539166  0.470588  0.121775    0.1766    0.2258    0.2540    0.0990    0.2778    0.1546    0.1589
 000114   N  0.485226  0.470732  0.117082    0.1532    0.2436    0.2510    0.0950    0.2674    0.1445    0.1671
 000115   N  0.401577  0.452542  0.113161    0.1292    0.1852    0.2170    0.0710    0.2309    0.1321    0.1779
 000116   P  0.326163  0.428557  0.111232    0.1349    0.1852    0.1420    0.0360    0.2028    0.1177    0.2022
 000117   A  0.230097  0.354801  0.109676    0.1117    0.1852    0.0980    0.0190    0.1632    0.0926    0.2300
 000118   E  0.135554  0.281846  0.108018    0.1698    0.1759    0.0780    0.0210    0.1401    0.0674    0.2602
 000119   V  0.095693  0.213010  0.103989    0.1532    0.1137    0.0750    0.0200    0.1085    0.0487    0.2935
 000120   M  0.099203  0.156689  0.105189    0.1322    0.1611    0.0710    0.0210    0.1033    0.0367    0.3292
 000121   V  0.110497  0.107349  0.106417    0.0832    0.1611    0.0650    0.0200    0.0878    0.0346    0.3608
 000122   A  0.151976  0.096521  0.107890    0.0771    0.1554    0.0510    0.0130    0.0887    0.0416    0.3850
 000123   A  0.148015  0.085091  0.108970    0.1349    0.1969    0.0460    0.0090    0.1018    0.0513    0.4049
 000124   W  0.157037  0.078493  0.109753    0.1292    0.1251    0.0470    0.0080    0.0894    0.0404    0.4248
 000125   E  0.155565  0.086479  0.110738    0.1150    0.1137    0.0470    0.0080    0.0862    0.0378    0.4188
 000126   W  0.163490  0.096656  0.110609    0.0789    0.1028    0.0540    0.0120    0.0826    0.0382    0.4129
 000127   G  0.165822  0.114121  0.110909    0.0677    0.0888    0.0490    0.0110    0.0809    0.0418    0.3836
 000128   A  0.139020  0.125283  0.110418    0.0858    0.0888    0.0500    0.0130    0.0815    0.0345    0.3560
 000129   Y  0.122565  0.147540  0.107608    0.0813    0.0780    0.0580    0.0190    0.0812    0.0351    0.3294
 000130   L  0.112454  0.190935  0.105503    0.1060    0.0704    0.0700    0.0210    0.0916    0.0440    0.3108
 000131   G  0.134746  0.234556  0.103859    0.1292    0.0543    0.0760    0.0210    0.1048    0.0602    0.2922
 000132   E  0.124017  0.268275  0.105771    0.1205    0.0870    0.0960    0.0200    0.1160    0.0640    0.2801
 000133   E  0.135517  0.286970  0.105132    0.0909    0.1048    0.1120    0.0260    0.1218    0.0696    0.2723
 000134   A  0.174145  0.322941  0.103461    0.1117    0.1251    0.1380    0.0330    0.1453    0.0772    0.2661
 000135   V  0.178497  0.342577  0.105799    0.1566    0.1275    0.1230    0.0280    0.1547    0.0817    0.2622
 000136   R  0.190609  0.361857  0.111194    0.1456    0.0948    0.1160    0.0310    0.1516    0.0930    0.2764
 000137   K  0.208151  0.329716  0.116606    0.1495    0.1554    0.1420    0.0560    0.1641    0.0735    0.2895
 000138   G  0.224434  0.309457  0.122219    0.1240    0.0851    0.1300    0.0450    0.1456    0.0796    0.3077
 000139   A  0.220098  0.308444  0.128463    0.1416    0.1206    0.1190    0.0420    0.1516    0.0730    0.3339
 000140   R  0.155164  0.259498  0.133837    0.1456    0.1643    0.0870    0.0240    0.1353    0.0564    0.3630
 000141   L  0.164649  0.216547  0.139848    0.2292    0.2541    0.0680    0.0150    0.1554    0.0670    0.3893
 000142   I  0.155057  0.208127  0.144705    0.1921    0.1914    0.0570    0.0110    0.1339    0.0558    0.4081
 000143   T  0.144888  0.197800  0.147954    0.1878    0.1424    0.0560    0.0110    0.1215    0.0520    0.4283
 000144   S  0.134201  0.185837  0.150606    0.1292    0.1501    0.0590    0.0120    0.1097    0.0459    0.4223
 000145   S  0.142479  0.186404  0.152655    0.1266    0.1731    0.0520    0.0100    0.1135    0.0502    0.4051
 000146   W  0.140754  0.176307  0.153082    0.1921    0.2292    0.0530    0.0120    0.1319    0.0604    0.3929
 000147   A  0.129440  0.172789  0.154456    0.1921    0.2034    0.0500    0.0120    0.1247    0.0570    0.4131
 000148   R  0.148566  0.188589  0.158857    0.1958    0.2034    0.0600    0.0160    0.1327    0.0552    0.4333
 000149   F  0.178461  0.218461  0.163598    0.1667    0.1501    0.0770    0.0200    0.1318    0.0505    0.4144
 000150   P  0.176217  0.243986  0.166364    0.1958    0.1731    0.0770    0.0220    0.1444    0.0568    0.3816
 000151   A  0.164508  0.254373  0.167419    0.1456    0.1759    0.1050    0.0420    0.1410    0.0526    0.3467
 000152   N  0.136578  0.286663  0.175937    0.2041    0.2645    0.1280    0.0540    0.1699    0.0667    0.3122
 000153   V  0.147582  0.328695  0.186858    0.2748    0.2575    0.1660    0.0800    0.1958    0.0719    0.2855
 000154   M  0.136584  0.379109  0.199433    0.2748    0.1852    0.1850    0.0810    0.1935    0.0861    0.2546
 000155   P  0.125648  0.421586  0.213835    0.1878    0.1969    0.1860    0.0790    0.1863    0.0999    0.2275
 000156   G  0.220396  0.479963  0.225758    0.1380    0.1969    0.1780    0.0680    0.2021    0.1175    0.2009
 000157   K  0.276741  0.473653  0.238066    0.1921    0.2541    0.1390    0.0360    0.2226    0.1119    0.1806
 000158   A  0.320321  0.472269  0.251652    0.2255    0.2064    0.1250    0.0210    0.2249    0.1165    0.1725
 000159   K  0.316995  0.474686  0.267084    0.1921    0.1823    0.1180    0.0270    0.2139    0.1240    0.1652
 000160   V  0.321613  0.459441  0.284845    0.2080    0.2849    0.1160    0.0280    0.2316    0.1153    0.1587
 000161   G  0.324402  0.448719  0.302419    0.1602    0.2129    0.1050    0.0360    0.2086    0.1244    0.1544
 000162   G  0.310176  0.423380  0.321588    0.1844    0.2609    0.1230    0.0450    0.2169    0.1112    0.1535
 000163   N  0.295656  0.395438  0.336767    0.1456    0.2164    0.1370    0.0510    0.1984    0.1113    0.1549
 000164   Y  0.299529  0.369294  0.351615    0.2209    0.2193    0.1550    0.0530    0.2107    0.0967    0.1575
 000165   V  0.208654  0.353905  0.363025    0.2209    0.2364    0.1570    0.0510    0.1961    0.0972    0.1634
 000166   N  0.181216  0.343511  0.369180    0.1566    0.1823    0.1690    0.0540    0.1721    0.1069    0.1686
 000167   S  0.175745  0.339778  0.369021    0.1322    0.1823    0.1800    0.0530    0.1683    0.1091    0.1761
 000168   A  0.243359  0.345645  0.367440    0.1060    0.1583    0.2030    0.0660    0.1761    0.1124    0.1805
 000169   L  0.295533  0.346962  0.366838    0.1266    0.2002    0.2310    0.0770    0.2000    0.1040    0.1851
 000170   A  0.340162  0.360022  0.370298    0.0991    0.2193    0.2450    0.0900    0.2107    0.1142    0.1884
 000171   K  0.393948  0.387324  0.374845    0.1566    0.2503    0.2590    0.1040    0.2412    0.1081    0.1938
 000172   M  0.469596  0.412277  0.373734    0.1732    0.1791    0.2660    0.0990    0.2501    0.1297    0.2007
 000173   E  0.540808  0.412796  0.372773    0.1456    0.1184    0.2690    0.0990    0.2478    0.1614    0.2067
 000174   A  0.613973  0.402443  0.373420    0.0935    0.0676    0.2890    0.1020    0.2444    0.1976    0.2124
 000175   V  0.651189  0.397368  0.374392    0.1018    0.1275    0.2790    0.0970    0.2595    0.1951    0.2196
 000176   A  0.634377  0.378189  0.379414    0.0909    0.1914    0.2600    0.0910    0.2591    0.1836    0.2275
 000177   A  0.613475  0.362371  0.384681    0.1018    0.1969    0.2390    0.0760    0.2523    0.1761    0.2388
 000178   G  0.630876  0.371338  0.390209    0.1178    0.1942    0.2220    0.0590    0.2560    0.1807    0.2521
 000179   A  0.665320  0.385805  0.389988    0.1602    0.1424    0.2080    0.0590    0.2603    0.1929    0.2679
 000180   D  0.688226  0.384925  0.389322    0.2209    0.1554    0.1940    0.0620    0.2739    0.1917    0.2886
 000181   E  0.694351  0.386585  0.390732    0.1732    0.1554    0.1930    0.0680    0.2671    0.1996    0.3083
 000182   A  0.697500  0.374888  0.396132    0.1292    0.1759    0.1910    0.0760    0.2615    0.2045    0.3211
 000183   L  0.705345  0.352764  0.394874    0.1322    0.2129    0.1720    0.0740    0.2626    0.2039    0.3363
 000184   L  0.711807  0.349005  0.389472    0.1322    0.1969    0.1690    0.0760    0.2599    0.2071    0.3444
 000185   L  0.741134  0.361894  0.382260    0.1566    0.2258    0.1750    0.0800    0.2768    0.2087    0.3487
 000186   D  0.764505  0.386097  0.371068    0.2041    0.3053    0.1800    0.0720    0.3066    0.2028    0.3438
 000187   E  0.733977  0.408799  0.361129    0.2333    0.3460    0.1720    0.0540    0.3157    0.1888    0.3359
 000188   E  0.690046  0.430615  0.352151    0.3005    0.3019    0.1770    0.0450    0.3168    0.1700    0.3213
 000189   G  0.671429  0.456202  0.341520    0.3053    0.2034    0.2170    0.0550    0.3089    0.1702    0.3033
 000190   Y  0.649483  0.470517  0.328810    0.2602    0.1449    0.2610    0.0750    0.2977    0.1735    0.2925
 000191   V  0.632793  0.472617  0.314871    0.1635    0.0948    0.2960    0.0990    0.2766    0.1884    0.2814
 000192   A  0.612420  0.479590  0.298712    0.0909    0.0835    0.3100    0.1150    0.2627    0.1977    0.2718
 000193   E  0.588768  0.469282  0.279555    0.0771    0.1092    0.2960    0.1190    0.2568    0.1878    0.2660
 000194   G  0.511260  0.458501  0.259956    0.1088    0.1671    0.2660    0.0970    0.2520    0.1516    0.2571
 000195   S  0.440718  0.421713  0.241424    0.1805    0.1823    0.2160    0.0790    0.2403    0.1159    0.2547
 000196   G  0.396614  0.369080  0.228235    0.2602    0.1759    0.1710    0.0620    0.2288    0.0957    0.2511
 000197   E  0.399169  0.324690  0.217481    0.1732    0.1028    0.1450    0.0580    0.1908    0.1097    0.2526
 000198   N  0.377414  0.268511  0.208126    0.0909    0.0780    0.1330    0.0540    0.1579    0.1114    0.2556
 000199   L  0.359467  0.208736  0.201179    0.0478    0.0424    0.1100    0.0350    0.1280    0.1151    0.2626
 000200   F  0.303360  0.159966  0.193204    0.0395    0.0483    0.0950    0.0220    0.1077    0.0972    0.2706
 000201   F  0.243028  0.112936  0.181347    0.0395    0.0888    0.0840    0.0160    0.0947    0.0742    0.2698
 000202   V  0.180344  0.083856  0.169631    0.0660    0.1275    0.0830    0.0160    0.0902    0.0524    0.2637
 000203   R  0.192311  0.071206  0.161882    0.0858    0.1070    0.0930    0.0250    0.0915    0.0513    0.2605
 000204   D  0.196795  0.067832  0.157000    0.0723    0.1028    0.1030    0.0260    0.0905    0.0531    0.2571
 000205   G  0.200715  0.066687  0.152128    0.0455    0.0631    0.0930    0.0200    0.0782    0.0607    0.2494
 000206   V  0.167608  0.073342  0.147364    0.0455    0.0704    0.0830    0.0210    0.0733    0.0504    0.2425
 000207   I  0.148208  0.081821  0.141573    0.0252    0.0704    0.0820    0.0230    0.0679    0.0485    0.2425
 000208   Y  0.137095  0.099298  0.136572    0.0226    0.0356    0.0890    0.0230    0.0639    0.0500    0.2442
 000209   A  0.163500  0.128437  0.129257    0.0226    0.0349    0.0970    0.0280    0.0745    0.0557    0.2387
 000210   L  0.201910  0.146746  0.125307    0.0200    0.0555    0.1170    0.0290    0.0901    0.0629    0.2346
 000211   E  0.247901  0.164441  0.120858    0.0363    0.1137    0.1060    0.0290    0.1114    0.0673    0.2275
 000212   H  0.266788  0.187433  0.116537    0.0587    0.1881    0.1140    0.0310    0.1359    0.0699    0.2227
 000213   S  0.295855  0.216139  0.108888    0.0965    0.1881    0.1340    0.0420    0.1551    0.0715    0.2181
 000214   V  0.335069  0.252432  0.101139    0.1088    0.1229    0.1840    0.0740    0.1672    0.0870    0.2100
 000215   N  0.394113  0.301756  0.096473    0.0587    0.1115    0.2030    0.0750    0.1782    0.1210    0.2028
 000216   L  0.439480  0.346276  0.092293    0.0316    0.0662    0.2270    0.0740    0.1851    0.1521    0.1982
 000217   E  0.471295  0.383458  0.088280    0.0478    0.0799    0.2140    0.0700    0.1994    0.1621    0.1915
 000218   G  0.462199  0.377579  0.086096    0.0478    0.1298    0.2030    0.0580    0.2034    0.1531    0.1783
 000219   I  0.442980  0.333009  0.082782    0.0607    0.2129    0.1770    0.0410    0.2044    0.1352    0.1640
 000220   T  0.444755  0.291263  0.079678    0.0723    0.1702    0.1200    0.0260    0.1831    0.1337    0.1602
 000221   R  0.460828  0.254087  0.077453    0.1322    0.2399    0.0910    0.0200    0.1963    0.1320    0.1546
 000222   D  0.481044  0.209204  0.075373    0.0677    0.1476    0.0710    0.0170    0.1627    0.1466    0.1533
 000223   S  0.496387  0.190397  0.074141    0.0677    0.1583    0.0650    0.0170    0.1630    0.1519    0.1508
 000224   V  0.456771  0.180398  0.075138    0.0414    0.1137    0.0660    0.0170    0.1431    0.1423    0.1492
 000225   I  0.423022  0.174102  0.077181    0.0744    0.1671    0.0690    0.0160    0.1512    0.1244    0.1484
 000226   R  0.393729  0.171571  0.078990    0.0490    0.1115    0.0720    0.0160    0.1329    0.1181    0.1491
 000227   I  0.395275  0.180569  0.080016    0.0965    0.1251    0.0790    0.0140    0.1461    0.1118    0.1527
 000228   A  0.396196  0.185175  0.080215    0.0567    0.1092    0.0650    0.0130    0.1354    0.1193    0.1573
 000229   K  0.374433  0.180365  0.081161    0.0376    0.0929    0.0550    0.0140    0.1234    0.1162    0.1649
 000230   D  0.350252  0.173332  0.082533    0.0660    0.1583    0.0530    0.0160    0.1335    0.1023    0.1741
 000231   L  0.322699  0.170007  0.083955    0.0526    0.1476    0.0540    0.0130    0.1245    0.0945    0.1783
 000232   G  0.285529  0.154281  0.086596    0.0567    0.1643    0.0520    0.0140    0.1188    0.0821    0.1847
 000233   Y  0.273700  0.154555  0.088329    0.0526    0.1583    0.0530    0.0160    0.1154    0.0785    0.1907
 000234   E  0.266194  0.172424  0.090142    0.0554    0.1048    0.0460    0.0130    0.1075    0.0777    0.1974
 000235   V  0.245431  0.180730  0.092789    0.0935    0.0929    0.0480    0.0120    0.1101    0.0684    0.2027
 000236   Q  0.234218  0.176048  0.094831    0.1041    0.1206    0.0500    0.0120    0.1142    0.0617    0.2107
 000237   V  0.230349  0.181073  0.096699    0.0660    0.1028    0.0550    0.0130    0.1059    0.0651    0.2196
 000238   V  0.208841  0.183710  0.096623    0.0991    0.1759    0.0580    0.0130    0.1210    0.0573    0.2251
 000239   R  0.189155  0.188081  0.096537    0.0991    0.2224    0.0580    0.0130    0.1261    0.0624    0.2331
 000240   A  0.182995  0.200937  0.096409    0.1060    0.1702    0.0650    0.0130    0.1208    0.0527    0.2424
 000241   T  0.172951  0.234384  0.096685    0.1060    0.0909    0.0690    0.0140    0.1122    0.0595    0.2531
 000242   R  0.171479  0.246280  0.097365    0.1266    0.1115    0.0850    0.0260    0.1234    0.0574    0.2687
 000243   D  0.163496  0.238410  0.098662    0.0771    0.1184    0.0780    0.0200    0.1126    0.0593    0.2876
 000244   Q  0.165873  0.233667  0.099973    0.1041    0.1823    0.0880    0.0280    0.1290    0.0552    0.3065
 000245   L  0.176526  0.219646  0.100383    0.0935    0.1759    0.0950    0.0380    0.1268    0.0521    0.3288
 000246   Y  0.198464  0.197975  0.099404    0.1380    0.2034    0.0940    0.0400    0.1386    0.0498    0.3525
 000247   M  0.237799  0.195785  0.097724    0.1322    0.1671    0.0900    0.0350    0.1372    0.0551    0.3709
 000248   A  0.287718  0.205022  0.098326    0.1566    0.2436    0.0770    0.0300    0.1617    0.0771    0.3850
 000249   D  0.331120  0.203525  0.097974    0.1844    0.2436    0.0680    0.0240    0.1718    0.0894    0.4016
 000250   E  0.391135  0.198017  0.098368    0.2041    0.2575    0.0770    0.0270    0.1879    0.1056    0.4144
 000251   V  0.449274  0.198966  0.098585    0.1766    0.3182    0.0810    0.0270    0.2041    0.1292    0.4251
 000252   F  0.508294  0.206073  0.098233    0.1805    0.2436    0.0830    0.0230    0.2036    0.1418    0.4333
 000253   M  0.580281  0.225548  0.096868    0.2080    0.2470    0.0800    0.0150    0.2234    0.1657    0.4303
 000254   T  0.590772  0.245796  0.097268    0.1416    0.1942    0.0810    0.0140    0.2088    0.1736    0.4188
 000255   G  0.565858  0.273771  0.096859    0.1416    0.1162    0.1080    0.0280    0.2009    0.1677    0.4065
 000256   T  0.545850  0.299244  0.095459    0.1732    0.1914    0.1030    0.0230    0.2188    0.1554    0.3938
 000257   A  0.485136  0.317189  0.094342    0.1698    0.1823    0.1000    0.0210    0.2090    0.1386    0.3814
 000258   A  0.420334  0.326040  0.093598    0.2209    0.2129    0.0910    0.0200    0.2118    0.1192    0.3784
 000259   E  0.368629  0.312450  0.094671    0.1805    0.2752    0.0890    0.0200    0.2043    0.1077    0.3750
 000260   V  0.319873  0.287041  0.097359    0.1698    0.1759    0.0950    0.0260    0.1746    0.0876    0.3710
 000261   T  0.270599  0.265216  0.100109    0.1805    0.1611    0.0830    0.0240    0.1601    0.0743    0.3672
 000262   P  0.203205  0.232203  0.103761    0.1667    0.2064    0.0820    0.0250    0.1484    0.0579    0.3624
 000263   V  0.183538  0.188903  0.104869    0.2432    0.3087    0.0880    0.0270    0.1687    0.0779    0.3524
 000264   S  0.206064  0.172788  0.108901    0.2748    0.3599    0.0840    0.0240    0.1829    0.0963    0.3481
 000265   M  0.209869  0.163753  0.112106    0.2786    0.3182    0.1020    0.0270    0.1787    0.0827    0.3474
 000266   I  0.278424  0.162067  0.111515    0.2820    0.3215    0.1090    0.0270    0.1922    0.0880    0.3477
 000267   D  0.337761  0.173761  0.110763    0.2531    0.3426    0.1100    0.0260    0.2029    0.0984    0.3484
 000268   W  0.368142  0.191518  0.109653    0.2913    0.3087    0.1090    0.0250    0.2115    0.1013    0.3479
 000269   R  0.358953  0.221410  0.109116    0.3456    0.3117    0.1130    0.0250    0.2251    0.1049    0.3370
 000270   P  0.402715  0.241293  0.107994    0.2700    0.2094    0.1480    0.0520    0.2120    0.0962    0.3309
 000271   I  0.424943  0.271467  0.107788    0.3146    0.2680    0.1650    0.0690    0.2407    0.1037    0.3275
 000272   G  0.435821  0.300302  0.108998    0.2333    0.1791    0.1460    0.0510    0.2157    0.1107    0.3237
 000273   K  0.433451  0.316095  0.111003    0.1958    0.1476    0.1490    0.0560    0.2070    0.1151    0.3246
 000274   G  0.410293  0.328906  0.116293    0.1878    0.2224    0.1640    0.0770    0.2189    0.1027    0.3294
 000275   T  0.418651  0.342943  0.119514    0.1805    0.1643    0.1470    0.0640    0.2088    0.1130    0.3365
 000276   A  0.439672  0.328622  0.121680    0.2292    0.1373    0.1460    0.0690    0.2135    0.1179    0.3429
 000277   G  0.458586  0.308261  0.128990    0.2531    0.1424    0.1400    0.0670    0.2170    0.1206    0.3485
 000278   P  0.520829  0.285256  0.135746    0.1602    0.1424    0.1200    0.0530    0.2048    0.1439    0.3580
 000279   V  0.530120  0.241829  0.142705    0.1635    0.1969    0.1080    0.0430    0.2067    0.1424    0.3695
 000280   A  0.541368  0.207403  0.149046    0.1698    0.1476    0.1020    0.0380    0.1948    0.1493    0.3846
 000281   L  0.538996  0.186431  0.154833    0.1292    0.1323    0.1020    0.0410    0.1815    0.1528    0.3969
 000282   R  0.529895  0.162647  0.161728    0.1456    0.2034    0.1000    0.0430    0.1903    0.1456    0.4036
 000283   L  0.576607  0.158582  0.167577    0.1495    0.2002    0.1040    0.0440    0.1981    0.1617    0.4144
 000284   R  0.549059  0.155726  0.172137    0.1566    0.2002    0.1060    0.0440    0.1946    0.1511    0.4158
 000285   E  0.537089  0.156550  0.176927    0.1456    0.2292    0.1080    0.0450    0.1961    0.1469    0.4158
 000286   V  0.540436  0.164578  0.183671    0.1349    0.2328    0.1080    0.0450    0.1967    0.1485    0.4109
 000287   Y  0.500488  0.190250  0.193202    0.1766    0.1823    0.1030    0.0370    0.1920    0.1313    0.4045
 000288   L  0.460541  0.211850  0.200234    0.1766    0.1969    0.1020    0.0350    0.1913    0.1164    0.3980
 000289   E  0.460911  0.242743  0.209178    0.1018    0.1671    0.1000    0.0320    0.1788    0.1270    0.3825
 000290   A  0.450537  0.281021  0.215481    0.1495    0.1424    0.1190    0.0490    0.1905    0.1194    0.3654
 000291   V  0.464938  0.316640  0.215387    0.1667    0.1092    0.1420    0.0720    0.1999    0.1270    0.3541
 000292   T  0.447696  0.323638  0.216206    0.1416    0.1791    0.1490    0.0750    0.2069    0.1155    0.3463
 000293   G  0.451433  0.342286  0.219747    0.0991    0.1206    0.1690    0.0750    0.1970    0.1308    0.3415
 000294   R  0.456549  0.373225  0.221415    0.1566    0.1323    0.1780    0.0710    0.2161    0.1255    0.3355
 000295   R  0.466892  0.375291  0.220891    0.1060    0.1476    0.1760    0.0730    0.2120    0.1344    0.3383
 000296   P  0.445498  0.351501  0.221825    0.0643    0.1349    0.1730    0.0770    0.1949    0.1349    0.3430
 000297   E  0.427367  0.343517  0.225569    0.1018    0.1914    0.1880    0.0800    0.2087    0.1143    0.3498
 000298   Y  0.400219  0.325687  0.230502    0.1602    0.2645    0.1990    0.0760    0.2250    0.0888    0.3566
 000299   E  0.389472  0.259634  0.236356    0.2292    0.3249    0.3070    0.1280    0.2517    0.0686    0.3650
 000300   G  0.357076  0.237041  0.242434    0.2700    0.2849    0.3100    0.1340    0.2431    0.0576    0.3809
 000301   W  0.327068  0.244222  0.249691    0.3399    0.2951    0.3050    0.1040    0.2519    0.0550    0.4018
 000302   L  0.279160  0.251438  0.257338    0.4458    0.3494    0.2700    0.1170    0.2660    0.0814    0.4111
 000303   T  0.218620  0.296521  0.263412    0.4825    0.3117    0.3060    0.1220    0.2692    0.0931    0.4088
 000304   Y  0.142025  0.399507  0.269330    0.5253    0.2849    0.2940    0.1400    0.2743    0.1270    0.4147
 000305   V  0.115288  0.514517  0.269278    0.5762    0.2645    0.4580    0.1340    0.3214    0.1680    0.4197
 000306   N  0.064560  0.617845  0.272785    0.6293    0.2399    0.5270    0.1460    0.3464    0.2170    0.4193
 000307   G  0.144090  0.672808  0.278932    0.6442    0.1583    0.5450    0.0970    0.3607    0.2259    0.4172
 000308   Q  0.077177  0.747592  0.276541    0.6789    0.1048    0.5930    0.1670    0.3669    0.2751    0.4148
