#RESNUM RES     VL-XT     VSL2B       VL3  IUPred-S  IUPred-L  PONDRFIT  FITERROR       MDP  MDPERROR   ANCHOR2
 000001   M  0.403790  0.601499  0.187828    0.6219    0.0327    0.7760    0.0930    0.4060    0.2611    0.1160
 000002   T  0.123929  0.564846  0.187338    0.5623    0.0334    0.6980    0.0900    0.3305    0.2567    0.1067
 000003   Y  0.057224  0.529544  0.187358    0.5229    0.0463    0.6480    0.0920    0.3007    0.2447    0.0941
 000004   D  0.098091  0.458148  0.186876    0.4203    0.0349    0.5700    0.0680    0.2636    0.2009    0.0850
 000005   L  0.187141  0.402498  0.185035    0.3668    0.0356    0.6500    0.0990    0.2736    0.1995    0.0757
 000006   L  0.163781  0.330193  0.182889    0.2483    0.0356    0.7860    0.1150    0.2606    0.2404    0.0672
 000007   I  0.195463  0.275797  0.180674    0.1602    0.0364    0.7910    0.1020    0.2432    0.2440    0.0516
 000008   V  0.243622  0.244344  0.178703    0.0935    0.0258    0.7410    0.1380    0.2247    0.2332    0.0408
 000009   G  0.297487  0.255761  0.180966    0.0514    0.0389    0.7050    0.0770    0.2247    0.2247    0.0317
 000010   S  0.338339  0.270081  0.183302    0.0200    0.0389    0.6680    0.1130    0.2226    0.2200    0.0268
 000011   G  0.388439  0.305175  0.185812    0.0173    0.0494    0.6690    0.1150    0.2383    0.2236    0.0220
 000012   S  0.461629  0.336441  0.189296    0.0167    0.0518    0.6070    0.1020    0.2455    0.2154    0.0194
 000013   A  0.522736  0.378836  0.201393    0.0167    0.0287    0.5520    0.1130    0.2498    0.2191    0.0168
 000014   G  0.579042  0.411634  0.214521    0.0268    0.0531    0.5380    0.1170    0.2680    0.2226    0.0160
 000015   V  0.656717  0.439125  0.220910    0.0121    0.0389    0.5150    0.1120    0.2769    0.2439    0.0153
 000016   A  0.701051  0.457565  0.223597    0.0212    0.0662    0.4100    0.1010    0.2761    0.2392    0.0151
 000017   A  0.714322  0.469507  0.227381    0.0259    0.0888    0.3790    0.0650    0.2796    0.2375    0.0156
 000018   A  0.699302  0.451548  0.228250    0.0455    0.1275    0.3750    0.0750    0.2832    0.2213    0.0173
 000019   L  0.681378  0.425877  0.228652    0.0514    0.1275    0.3760    0.0920    0.2770    0.2125    0.0194
 000020   E  0.652990  0.427724  0.229608    0.0405    0.0909    0.3360    0.0930    0.2580    0.2109    0.0220
 000021   A  0.593992  0.428825  0.229848    0.0259    0.1028    0.3040    0.0670    0.2425    0.1952    0.0234
 000022   S  0.542503  0.414860  0.229574    0.0160    0.0851    0.2810    0.0600    0.2233    0.1844    0.0272
 000023   A  0.479785  0.405971  0.227416    0.0182    0.0851    0.2620    0.0500    0.2085    0.1670    0.0299
 000024   L  0.413762  0.394213  0.223923    0.0194    0.0704    0.2460    0.0530    0.1906    0.1523    0.0337
 000025   G  0.356768  0.395588  0.220880    0.0194    0.0424    0.2360    0.0560    0.1750    0.1468    0.0358
 000026   A  0.307262  0.379414  0.219208    0.0200    0.0631    0.2060    0.0590    0.1627    0.1312    0.0391
 000027   K  0.270008  0.360516  0.217909    0.0150    0.0780    0.1610    0.0540    0.1475    0.1211    0.0440
 000028   A  0.242085  0.336630  0.215807    0.0212    0.1048    0.1330    0.0410    0.1396    0.1083    0.0469
 000029   A  0.204396  0.311968  0.213123    0.0274    0.0835    0.1230    0.0320    0.1251    0.1002    0.0509
 000030   V  0.179238  0.282391  0.211099    0.0490    0.0929    0.1190    0.0260    0.1205    0.0854    0.0546
 000031   V  0.154814  0.251346  0.208614    0.0194    0.0888    0.1010    0.0150    0.1026    0.0849    0.0582
 000032   E  0.126524  0.231856  0.206495    0.0173    0.0734    0.0880    0.0170    0.0895    0.0825    0.0630
 000033   A  0.097078  0.218345  0.203783    0.0173    0.0719    0.0820    0.0200    0.0810    0.0799    0.0629
 000034   G  0.073899  0.199082  0.200330    0.0144    0.0568    0.0770    0.0240    0.0702    0.0784    0.0645
 000035   V  0.060921  0.171812  0.198542    0.0274    0.0631    0.0680    0.0230    0.0652    0.0714    0.0653
 000036   L  0.050315  0.157229  0.197805    0.0124    0.0780    0.0570    0.0200    0.0592    0.0724    0.0668
 000037   G  0.039616  0.150596  0.197821    0.0109    0.0967    0.0520    0.0190    0.0583    0.0731    0.0664
 000038   G  0.034808  0.151839  0.198095    0.0141    0.0985    0.0500    0.0180    0.0581    0.0737    0.0666
 000039   T  0.030717  0.149739  0.197860    0.0218    0.0676    0.0450    0.0170    0.0524    0.0734    0.0693
 000040   C  0.030388  0.144129  0.194475    0.0308    0.0494    0.0430    0.0180    0.0495    0.0716    0.0676
 000041   V  0.030664  0.134861  0.190884    0.0279    0.0454    0.0410    0.0160    0.0466    0.0698    0.0677
 000042   N  0.027577  0.134569  0.186795    0.0279    0.0690    0.0380    0.0130    0.0495    0.0677    0.0694
 000043   V  0.019364  0.130151  0.179541    0.0131    0.0494    0.0400    0.0100    0.0419    0.0685    0.0730
 000044   G  0.014150  0.119804  0.164536    0.0200    0.0506    0.0430    0.0110    0.0413    0.0614    0.0789
 000045   C  0.012312  0.116530  0.147965    0.0160    0.0568    0.0450    0.0120    0.0411    0.0560    0.0845
 000046   V  0.011053  0.123860  0.136494    0.0212    0.0704    0.0440    0.0130    0.0451    0.0531    0.0936
 000047   P  0.010477  0.133448  0.128363    0.0395    0.0605    0.0390    0.0110    0.0472    0.0511    0.1036
 000048   S  0.008555  0.143137  0.121922    0.0327    0.0662    0.0520    0.0190    0.0504    0.0517    0.1126
 000049   K  0.006342  0.144932  0.118082    0.0173    0.0662    0.0550    0.0210    0.0482    0.0537    0.1241
 000050   Y  0.005258  0.148637  0.114898    0.0160    0.0494    0.0600    0.0190    0.0465    0.0547    0.1350
 000051   L  0.005626  0.160909  0.111844    0.0376    0.0765    0.0640    0.0200    0.0574    0.0535    0.1517
 000052   L  0.005486  0.179585  0.111313    0.0455    0.1206    0.0810    0.0310    0.0720    0.0587    0.1629
 000053   R  0.007782  0.203559  0.109414    0.0441    0.1349    0.1160    0.0400    0.0844    0.0657    0.1765
 000054   A  0.009438  0.242099  0.108140    0.0660    0.1611    0.1470    0.0430    0.1043    0.0759    0.1892
 000055   A  0.010202  0.269886  0.107017    0.0832    0.0909    0.1680    0.0430    0.1037    0.0827    0.2042
 000056   D  0.017401  0.293383  0.106010    0.1292    0.1611    0.1630    0.0470    0.1274    0.0842    0.2243
 000057   A  0.022644  0.304558  0.104605    0.1088    0.2193    0.1870    0.0690    0.1404    0.0927    0.2415
 000058   F  0.036541  0.347905  0.105845    0.1117    0.1251    0.2040    0.0720    0.1375    0.1005    0.2589
 000059   H  0.050712  0.389324  0.106162    0.1060    0.1251    0.2090    0.0810    0.1467    0.1124    0.2736
 000060   R  0.061925  0.407757  0.106403    0.0587    0.1323    0.2430    0.0920    0.1506    0.1247    0.2749
 000061   A  0.073282  0.421651  0.107609    0.1060    0.2328    0.2430    0.0860    0.1795    0.1207    0.2786
 000062   G  0.082489  0.445913  0.108802    0.1602    0.2783    0.2280    0.0750    0.1991    0.1233    0.2811
 000063   H  0.092380  0.440467  0.109912    0.2333    0.2783    0.2150    0.0650    0.2099    0.1171    0.2907
 000064   P  0.093623  0.445346  0.113552    0.1998    0.2752    0.2100    0.0550    0.2039    0.1181    0.2903
 000065   A  0.087460  0.444547  0.115868    0.1602    0.2399    0.2140    0.0590    0.1911    0.1187    0.2838
 000066   F  0.083809  0.430811  0.114786    0.1878    0.2884    0.2100    0.0620    0.2001    0.1170    0.2771
 000067   P  0.069943  0.418523  0.114821    0.1266    0.1914    0.1660    0.0490    0.1620    0.1145    0.2611
 000068   G  0.055010  0.402811  0.113993    0.1602    0.2193    0.1590    0.0550    0.1661    0.1111    0.2530
 000069   L  0.043116  0.342493  0.114245    0.1732    0.2918    0.1460    0.0570    0.1661    0.1042    0.2486
 000070   R  0.031046  0.305291  0.114601    0.1805    0.2064    0.1240    0.0530    0.1412    0.0874    0.2472
 000071   T  0.019844  0.252573  0.113914    0.1566    0.1399    0.1010    0.0440    0.1116    0.0721    0.2555
 000072   E  0.011932  0.216893  0.116958    0.1266    0.1399    0.0840    0.0410    0.0966    0.0645    0.2630
 000073   A  0.025658  0.179037  0.117931    0.0813    0.1399    0.0750    0.0340    0.0835    0.0531    0.2711
 000074   L  0.030317  0.166464  0.119996    0.0701    0.1323    0.0660    0.0240    0.0774    0.0503    0.2761
 000075   G  0.031568  0.163823  0.123390    0.0607    0.1251    0.0630    0.0260    0.0740    0.0504    0.2843
 000076   V  0.036828  0.162284  0.126085    0.0744    0.1501    0.0630    0.0270    0.0811    0.0511    0.2985
 000077   D  0.037359  0.170651  0.132055    0.1456    0.1702    0.0620    0.0270    0.0976    0.0563    0.3142
 000078   W  0.037603  0.170193  0.136320    0.1266    0.0835    0.0660    0.0340    0.0807    0.0505    0.3379
 000079   K  0.038044  0.173765  0.142505    0.0813    0.0690    0.0590    0.0270    0.0701    0.0536    0.3388
 000080   A  0.047136  0.169246  0.145794    0.0813    0.0909    0.0520    0.0170    0.0734    0.0515    0.3382
 000081   L  0.051168  0.176121  0.147156    0.0660    0.0555    0.0500    0.0150    0.0665    0.0565    0.3401
 000082   L  0.068070  0.189652  0.148381    0.0526    0.0506    0.0520    0.0150    0.0688    0.0603    0.3372
 000083   A  0.067930  0.202237  0.149090    0.0279    0.0443    0.0650    0.0200    0.0678    0.0669    0.3276
 000084   G  0.068491  0.233280  0.159766    0.0327    0.0631    0.0750    0.0260    0.0788    0.0741    0.3163
 000085   K  0.066339  0.259982  0.172228    0.0567    0.1028    0.0990    0.0470    0.0974    0.0760    0.3073
 000086   E  0.076776  0.275483  0.184300    0.0621    0.0581    0.1070    0.0540    0.0966    0.0845    0.2997
 000087   G  0.083811  0.280351  0.198369    0.0991    0.0948    0.1180    0.0630    0.1127    0.0783    0.2912
 000088   L  0.101466  0.283597  0.212487    0.0514    0.0967    0.1240    0.0580    0.1096    0.0863    0.2807
 000089   I  0.115014  0.272683  0.226657    0.0935    0.1070    0.1330    0.0550    0.1202    0.0771    0.2647
 000090   A  0.130332  0.282444  0.241518    0.0991    0.0646    0.1440    0.0490    0.1201    0.0869    0.2629
 000091   A  0.120540  0.296219  0.257017    0.0771    0.0909    0.1860    0.0610    0.1284    0.0932    0.2615
 000092   L  0.171258  0.310718  0.270847    0.0771    0.1206    0.2380    0.0990    0.1530    0.0942    0.2561
 000093   R  0.226852  0.339920  0.283879    0.1240    0.1554    0.2630    0.1030    0.1848    0.0878    0.2492
 000094   K  0.276706  0.364679  0.297049    0.1240    0.1823    0.2870    0.1190    0.2057    0.0935    0.2495
 000095   E  0.318875  0.391169  0.312343    0.1041    0.1275    0.2900    0.1360    0.2053    0.1172    0.2504
 000096   K  0.397544  0.411782  0.330516    0.1060    0.1528    0.2520    0.1070    0.2200    0.1285    0.2487
 000097   Y  0.465763  0.414771  0.352569    0.0621    0.0948    0.2280    0.0760    0.2110    0.1646    0.2503
 000098   Q  0.541274  0.427196  0.372850    0.0789    0.0581    0.2080    0.0660    0.2189    0.1900    0.2510
 000099   E  0.617654  0.419188  0.390713    0.0884    0.0948    0.1930    0.0530    0.2356    0.2029    0.2533
 000100   V  0.694033  0.393532  0.404867    0.0991    0.1611    0.1860    0.0410    0.2556    0.2128    0.2567
 000101   L  0.706476  0.362607  0.416592    0.1060    0.1881    0.1710    0.0440    0.2557    0.2140    0.2566
 000102   E  0.681968  0.358091  0.427301    0.1292    0.1914    0.1640    0.0530    0.2542    0.2047    0.2502
 000103   A  0.648760  0.325313  0.438013    0.1921    0.2680    0.1590    0.0550    0.2656    0.1811    0.2457
 000104   A  0.619579  0.311877  0.451090    0.1698    0.1671    0.1420    0.0450    0.2350    0.1906    0.2404
 000105   G  0.578150  0.311308  0.465895    0.1667    0.1092    0.1350    0.0410    0.2167    0.1925    0.2356
 000106   V  0.511946  0.308155  0.481587    0.0935    0.1070    0.1420    0.0370    0.1938    0.1903    0.2336
 000107   P  0.434801  0.309788  0.495958    0.0587    0.1070    0.1480    0.0360    0.1763    0.1854    0.2376
 000108   V  0.366358  0.306159  0.504646    0.1150    0.1942    0.1660    0.0540    0.1913    0.1573    0.2356
 000109   L  0.288776  0.352930  0.517294    0.1088    0.1823    0.1750    0.0620    0.1847    0.1611    0.2368
 000110   R  0.248820  0.366302  0.530492    0.1150    0.1373    0.1790    0.0590    0.1744    0.1703    0.2330
 000111   G  0.243491  0.385458  0.539179    0.1602    0.2094    0.1990    0.0770    0.1997    0.1599    0.2372
 000112   R  0.249132  0.387016  0.553132    0.1878    0.2258    0.2200    0.0950    0.2116    0.1579    0.2432
 000113   A  0.258683  0.401912  0.565534    0.1958    0.2224    0.2290    0.1050    0.2179    0.1618    0.2562
 000114   R  0.243090  0.428132  0.577232    0.1602    0.2575    0.2580    0.1280    0.2244    0.1696    0.2693
 000115   F  0.250814  0.464228  0.581221    0.1921    0.2849    0.2800    0.1410    0.2453    0.1665    0.2893
 000116   L  0.260087  0.475554  0.583809    0.1921    0.3053    0.2630    0.1320    0.2494    0.1682    0.2974
 000117   D  0.279860  0.511884  0.586687    0.2558    0.3053    0.2430    0.1120    0.2659    0.1662    0.3018
 000118   G  0.288703  0.542907  0.583277    0.2333    0.1969    0.2630    0.1140    0.2541    0.1811    0.2995
 000119   E  0.302336  0.567500  0.583563    0.2292    0.2328    0.2950    0.1200    0.2711    0.1781    0.3025
 000120   R  0.310675  0.560686  0.572050    0.2333    0.3149    0.3280    0.1300    0.2913    0.1618    0.3040
 000121   M  0.343155  0.556896  0.562724    0.2209    0.3117    0.3510    0.1530    0.2974    0.1575    0.3127
 000122   E  0.389667  0.557205  0.551712    0.2292    0.2258    0.3320    0.1580    0.2889    0.1636    0.3085
 000123   V  0.443624  0.554948  0.540337    0.2333    0.1583    0.3580    0.1630    0.2914    0.1733    0.3051
 000124   E  0.502161  0.549663  0.533614    0.1878    0.1251    0.3120    0.1940    0.2794    0.1917    0.3055
 000125   G  0.557986  0.544260  0.523249    0.1380    0.1070    0.3060    0.2060    0.2756    0.2088    0.3074
 000126   R  0.559537  0.508299  0.507844    0.1566    0.2034    0.2860    0.1730    0.2856    0.1814    0.3080
 000127   E  0.608309  0.448798  0.493224    0.1921    0.2849    0.2310    0.1450    0.2941    0.1717    0.3212
 000128   V  0.615219  0.389936  0.474299    0.1958    0.2399    0.2200    0.1350    0.2767    0.1720    0.3342
 000129   L  0.599608  0.353684  0.459784    0.1998    0.2328    0.1950    0.1380    0.2634    0.1680    0.3495
 000130   A  0.569734  0.299949  0.445573    0.1635    0.2470    0.1790    0.1270    0.2432    0.1639    0.3558
 000131   G  0.509687  0.288893  0.433131    0.1602    0.1528    0.1720    0.1220    0.2139    0.1579    0.3627
 000132   R  0.442917  0.304036  0.425679    0.2209    0.1229    0.1630    0.0940    0.2090    0.1416    0.3698
 000133   Y  0.380450  0.281514  0.420286    0.1416    0.1323    0.1650    0.0660    0.1834    0.1350    0.3888
 000134   L  0.304678  0.295948  0.416125    0.1456    0.2164    0.1720    0.0590    0.1891    0.1149    0.4088
 000135   L  0.260479  0.302814  0.411871    0.1566    0.1251    0.1720    0.0510    0.1695    0.1204    0.4219
 000136   A  0.199528  0.305694  0.406425    0.1732    0.1476    0.1750    0.0500    0.1668    0.1142    0.4223
 000137   T  0.183373  0.350857  0.395712    0.1088    0.1554    0.1890    0.0600    0.1646    0.1240    0.4227
 000138   G  0.198709  0.350103  0.386238    0.1178    0.0888    0.1930    0.0640    0.1580    0.1280    0.4140
 000139   A  0.224436  0.382756  0.380904    0.1698    0.1399    0.2030    0.0650    0.1866    0.1158    0.4065
 000140   R  0.279835  0.381600  0.373654    0.1566    0.2193    0.2300    0.0890    0.2112    0.1029    0.3993
 000141   P  0.272451  0.363001  0.364569    0.1878    0.2503    0.2300    0.0850    0.2173    0.0895    0.4031
 000142   F  0.266557  0.362435  0.366407    0.2041    0.2224    0.2400    0.0760    0.2160    0.0889    0.4041
 000143   L  0.273246  0.366527  0.359894    0.2122    0.2609    0.2280    0.0590    0.2236    0.0847    0.3975
 000144   P  0.273553  0.379768  0.354634    0.2558    0.2503    0.2120    0.0480    0.2286    0.0839    0.3851
 000145   P  0.294166  0.408075  0.348804    0.3535    0.3426    0.2550    0.0540    0.2756    0.0755    0.3709
 000146   I  0.299587  0.421736  0.346951    0.3311    0.3356    0.3030    0.0670    0.2819    0.0706    0.3598
 000147   P  0.280024  0.421831  0.342341    0.3717    0.2884    0.2710    0.0530    0.2722    0.0791    0.3625
 000148   G  0.239376  0.419880  0.341687    0.2657    0.2884    0.2740    0.0580    0.2479    0.0827    0.3634
 000149   L  0.245444  0.426700  0.346278    0.1732    0.2575    0.2520    0.0520    0.2257    0.0998    0.3703
 000150   Q  0.342358  0.409345  0.343356    0.2255    0.2094    0.2160    0.0490    0.2338    0.0962    0.3769
 000151   E  0.420610  0.399363  0.344586    0.2080    0.2164    0.2170    0.0530    0.2436    0.1068    0.3835
 000152   S  0.458208  0.392895  0.345878    0.1205    0.1643    0.2440    0.0910    0.2300    0.1345    0.3845
 000153   A  0.545726  0.367033  0.344697    0.1844    0.2988    0.2060    0.0800    0.2669    0.1325    0.3853
 000154   P  0.588278  0.351827  0.343662    0.2167    0.3494    0.1780    0.0660    0.2807    0.1432    0.3935
 000155   W  0.634002  0.327329  0.340106    0.2209    0.2399    0.2080    0.0850    0.2717    0.1564    0.3990
 000156   T  0.700385  0.309065  0.341048    0.1667    0.2436    0.2270    0.0910    0.2745    0.1834    0.4034
 000157   Y  0.761876  0.302620  0.340845    0.1635    0.3494    0.2430    0.0960    0.3035    0.1987    0.4041
 000158   L  0.725190  0.302368  0.337033    0.1667    0.3182    0.2220    0.0710    0.2890    0.1884    0.4029
 000159   E  0.641519  0.320443  0.335456    0.1805    0.2399    0.2480    0.0860    0.2717    0.1598    0.4014
 000160   A  0.570581  0.333784  0.328704    0.2700    0.2436    0.2980    0.1000    0.2860    0.1206    0.3962
 000161   L  0.529400  0.355054  0.326656    0.1732    0.1731    0.3240    0.0850    0.2591    0.1328    0.3948
 000162   S  0.522396  0.373512  0.327740    0.1018    0.1115    0.3430    0.0910    0.2420    0.1582    0.3899
 000163   A  0.539794  0.386298  0.330178    0.0607    0.1115    0.3700    0.0940    0.2447    0.1740    0.3821
 000164   P  0.548401  0.405464  0.332616    0.0478    0.1323    0.4030    0.1030    0.2561    0.1797    0.3786
 000165   A  0.565875  0.409825  0.329962    0.0414    0.1115    0.4400    0.0710    0.2614    0.1924    0.3717
 000166   L  0.592925  0.403929  0.330156    0.0744    0.2193    0.4340    0.0680    0.2874    0.1733    0.3694
 000167   P  0.643382  0.401744  0.330584    0.0701    0.1275    0.3970    0.0590    0.2732    0.1977    0.3697
 000168   E  0.716650  0.389075  0.330807    0.1416    0.2002    0.4130    0.0820    0.3101    0.1928    0.3643
 000169   S  0.780304  0.364586  0.335042    0.1292    0.2002    0.3950    0.0700    0.3116    0.2144    0.3541
 000170   L  0.857492  0.344167  0.336145    0.1150    0.2002    0.3540    0.0620    0.3119    0.2423    0.3461
 000171   L  0.844874  0.322231  0.340966    0.0771    0.1583    0.2950    0.0670    0.2829    0.2512    0.3400
 000172   V  0.790177  0.287263  0.344755    0.1380    0.2034    0.2340    0.0590    0.2754    0.2220    0.3294
 000173   V  0.751517  0.287601  0.341946    0.0813    0.2094    0.1880    0.0750    0.2529    0.2211    0.3228
 000174   G  0.703532  0.308259  0.343492    0.0832    0.2129    0.1720    0.0700    0.2467    0.2063    0.3208
 000175   G  0.604534  0.304620  0.342567    0.0744    0.1048    0.1870    0.0810    0.2125    0.1873    0.3170
 000176   G  0.511503  0.305833  0.341867    0.0771    0.1070    0.1690    0.0610    0.1950    0.1614    0.3158
 000177   P  0.422251  0.303570  0.338772    0.0789    0.1528    0.1720    0.0470    0.1883    0.1317    0.3140
 000178   I  0.344180  0.290899  0.339552    0.0526    0.0817    0.1910    0.0340    0.1600    0.1303    0.3056
 000179   G  0.264614  0.300312  0.337756    0.0441    0.0780    0.2170    0.0450    0.1507    0.1234    0.3117
 000180   L  0.202905  0.294430  0.335075    0.0231    0.0780    0.2460    0.0580    0.1408    0.1253    0.3194
 000181   E  0.168764  0.287236  0.336161    0.0425    0.1162    0.2610    0.0710    0.1460    0.1166    0.3259
 000182   L  0.120006  0.284056  0.337406    0.0723    0.1251    0.2780    0.0850    0.1465    0.1149    0.3240
 000183   A  0.104345  0.268929  0.333726    0.1088    0.1942    0.2760    0.0970    0.1588    0.1027    0.3205
 000184   Q  0.131518  0.252613  0.341589    0.1060    0.1969    0.2740    0.1070    0.1601    0.0996    0.3176
 000185   A  0.158803  0.250091  0.351888    0.1117    0.1323    0.2830    0.1140    0.1559    0.1048    0.3129
 000186   F  0.188924  0.285555  0.364672    0.0660    0.1424    0.2720    0.1210    0.1592    0.1161    0.3093
 000187   A  0.253677  0.270862  0.374815    0.0387    0.1229    0.2600    0.1180    0.1576    0.1258    0.3002
 000188   R  0.281360  0.299312  0.387149    0.0350    0.0631    0.2650    0.1170    0.1573    0.1437    0.2887
 000189   L  0.305908  0.329912  0.402402    0.0567    0.1349    0.2620    0.1160    0.1815    0.1357    0.2874
 000190   G  0.343495  0.338862  0.416604    0.0316    0.1424    0.2590    0.1150    0.1859    0.1486    0.2810
 000191   S  0.385282  0.358507  0.431494    0.0771    0.1528    0.2630    0.1120    0.2061    0.1465    0.2761
 000192   R  0.424985  0.381052  0.446756    0.0723    0.0929    0.2790    0.0990    0.2084    0.1685    0.2698
 000193   V  0.482017  0.372399  0.461007    0.0813    0.1702    0.2860    0.0870    0.2321    0.1654    0.2756
 000194   T  0.529525  0.383434  0.470326    0.0567    0.2034    0.2720    0.0810    0.2408    0.1792    0.2905
 000195   V  0.584509  0.362486  0.481316    0.0677    0.2094    0.2630    0.0720    0.2478    0.1894    0.2974
 000196   L  0.599710  0.365962  0.491293    0.0858    0.2470    0.2500    0.0700    0.2581    0.1882    0.3061
 000197   E  0.651653  0.380384  0.499572    0.1495    0.3392    0.2420    0.0830    0.2937    0.1842    0.3143
 000198   A  0.699454  0.385889  0.507254    0.1878    0.3807    0.2400    0.0870    0.3157    0.1894    0.3224
 000199   L  0.740112  0.392146  0.517939    0.1844    0.3149    0.2240    0.0780    0.3092    0.2078    0.3302
 000200   P  0.780028  0.418867  0.525002    0.2865    0.3667    0.2140    0.0610    0.3444    0.2036    0.3333
 000201   E  0.785705  0.440695  0.534763    0.1958    0.3529    0.2290    0.0590    0.3341    0.2183    0.3323
 000202   V  0.784307  0.491269  0.542142    0.1698    0.2752    0.2710    0.0720    0.3320    0.2263    0.3270
 000203   L  0.791833  0.531946  0.549112    0.1635    0.2094    0.2910    0.0880    0.3313    0.2396    0.3283
 000204   P  0.765116  0.558973  0.558499    0.1698    0.2645    0.3040    0.0960    0.3437    0.2266    0.3243
 000205   Q  0.756007  0.582619  0.566725    0.1117    0.2503    0.3360    0.1170    0.3394    0.2395    0.3089
 000206   E  0.754981  0.600250  0.577149    0.1532    0.2364    0.3200    0.1150    0.3441    0.2371    0.3033
 000207   D  0.758800  0.597188  0.585538    0.2432    0.2364    0.3030    0.1010    0.3564    0.2246    0.3004
 000208   R  0.758925  0.578825  0.593923    0.1635    0.2364    0.3150    0.1030    0.3422    0.2370    0.2954
 000209   E  0.759133  0.576009  0.602733    0.1240    0.2783    0.3020    0.1120    0.3399    0.2424    0.2961
 000210   L  0.761146  0.535406  0.610246    0.1998    0.3704    0.2740    0.1150    0.3568    0.2204    0.2959
 000211   A  0.756950  0.533813  0.618395    0.1698    0.3392    0.2430    0.0840    0.3404    0.2334    0.2936
 000212   R  0.749846  0.484667  0.627225    0.1667    0.2470    0.2440    0.0700    0.3154    0.2403    0.2934
 000213   L  0.740084  0.512614  0.640900    0.2432    0.3053    0.2540    0.0710    0.3425    0.2218    0.3009
 000214   L  0.724251  0.510839  0.652134    0.2558    0.3117    0.2470    0.0690    0.3417    0.2193    0.2984
 000215   R  0.712590  0.515425  0.655573    0.2041    0.2884    0.2480    0.0650    0.3280    0.2287    0.2939
 000216   G  0.657808  0.547051  0.657713    0.1456    0.2951    0.2580    0.0670    0.3173    0.2303    0.3029
 000217   Y  0.607107  0.588634  0.658637    0.1416    0.2817    0.2760    0.0690    0.3159    0.2272    0.3124
 000218   L  0.584531  0.599772  0.661345    0.1380    0.2034    0.2940    0.0780    0.3033    0.2355    0.3148
 000219   E  0.578182  0.599632  0.664054    0.1566    0.2064    0.3220    0.1000    0.3105    0.2291    0.3165
 000220   E  0.577337  0.626794  0.665588    0.1060    0.1399    0.3410    0.0970    0.2985    0.2531    0.3135
 000221   E  0.583179  0.627301  0.665955    0.1495    0.2164    0.3990    0.0940    0.3292    0.2297    0.3153
 000222   G  0.611833  0.620098  0.665348    0.1205    0.2164    0.4430    0.0960    0.3354    0.2375    0.3198
 000223   L  0.633653  0.606000  0.664902    0.1322    0.1671    0.3950    0.0830    0.3223    0.2450    0.3259
 000224   R  0.645837  0.590253  0.665210    0.1667    0.2094    0.3250    0.0950    0.3229    0.2346    0.3252
 000225   V  0.701317  0.565760  0.667796    0.1667    0.2783    0.2940    0.0970    0.3343    0.2354    0.3344
 000226   H  0.739445  0.554454  0.670450    0.1602    0.3019    0.2410    0.0930    0.3328    0.2475    0.3404
 000227   T  0.702614  0.563383  0.674047    0.1380    0.3019    0.2310    0.0970    0.3228    0.2478    0.3354
 000228   G  0.642570  0.547145  0.675060    0.1998    0.3529    0.2470    0.0990    0.3316    0.2184    0.3244
 000229   V  0.589808  0.556343  0.676966    0.2865    0.3249    0.2480    0.0950    0.3343    0.2007    0.3192
 000230   R  0.534940  0.592872  0.677142    0.2602    0.3053    0.2350    0.0870    0.3214    0.2070    0.3225
 000231   V  0.471121  0.605755  0.679191    0.1732    0.2224    0.2240    0.0830    0.2827    0.2296    0.3270
 000232   E  0.412584  0.606154  0.679734    0.1532    0.2034    0.2090    0.0790    0.2640    0.2349    0.3306
 000233   A  0.352374  0.617657  0.679766    0.1041    0.2129    0.2430    0.0980    0.2549    0.2402    0.3310
 000234   V  0.291026  0.615823  0.678241    0.1416    0.3053    0.2500    0.1030    0.2673    0.2267    0.3319
 000235   A  0.240141  0.622004  0.678179    0.1635    0.3053    0.2560    0.1070    0.2646    0.2278    0.3342
 000236   R  0.232307  0.630742  0.679279    0.2292    0.3740    0.2550    0.1000    0.2868    0.2188    0.3259
 000237   E  0.231577  0.619219  0.680986    0.2167    0.2988    0.2360    0.0940    0.2671    0.2240    0.3275
 000238   G  0.231148  0.622511  0.685048    0.2122    0.1852    0.2240    0.0810    0.2458    0.2382    0.3356
 000239   A  0.223342  0.597084  0.686107    0.1532    0.1969    0.2260    0.0850    0.2327    0.2402    0.3491
 000240   F  0.224123  0.587522  0.687865    0.1349    0.2292    0.2220    0.0840    0.2329    0.2390    0.3543
 000241   R  0.214772  0.615329  0.691719    0.1566    0.2541    0.2110    0.0940    0.2420    0.2418    0.3491
 000242   V  0.204569  0.613290  0.692570    0.1878    0.3117    0.2170    0.1110    0.2558    0.2347    0.3470
 000243   R  0.192210  0.608449  0.692740    0.1921    0.2193    0.2330    0.1230    0.2408    0.2397    0.3410
 000244   T  0.184103  0.617060  0.693283    0.2080    0.1791    0.2490    0.1390    0.2395    0.2437    0.3446
 000245   D  0.180440  0.651402  0.699772    0.2167    0.1791    0.2600    0.1430    0.2479    0.2508    0.3503
 000246   R  0.186421  0.659314  0.706261    0.1878    0.1791    0.2870    0.1440    0.2499    0.2550    0.3585
 000247   G  0.229577  0.661818  0.710354    0.1566    0.1969    0.2990    0.1350    0.2573    0.2534    0.3772
 000248   V  0.238852  0.704042  0.714235    0.1349    0.1881    0.3210    0.1410    0.2645    0.2652    0.3939
 000249   F  0.249505  0.722541  0.716588    0.1416    0.1759    0.3090    0.1430    0.2664    0.2698    0.4075
 000250   E  0.248953  0.724297  0.719384    0.1635    0.1942    0.2690    0.1370    0.2667    0.2679    0.4094
 000251   A  0.252645  0.709830  0.722901    0.2255    0.3321    0.2720    0.1320    0.2987    0.2444    0.4147
 000252   E  0.262920  0.692672  0.728429    0.2209    0.3494    0.2680    0.1300    0.2990    0.2416    0.4241
 000253   R  0.288611  0.705401  0.733898    0.3184    0.3392    0.3160    0.1230    0.3280    0.2270    0.4313
 000254   L  0.314302  0.704812  0.738094    0.3399    0.3599    0.3460    0.1200    0.3441    0.2185    0.4217
 000255   L  0.330157  0.692381  0.740866    0.2531    0.3460    0.3250    0.1120    0.3244    0.2289    0.4189
 000256   V  0.345410  0.721947  0.742547    0.2483    0.2575    0.3020    0.1030    0.3125    0.2453    0.4206
 000257   A  0.363858  0.742353  0.742228    0.2700    0.2645    0.3290    0.1170    0.3282    0.2421    0.4232
 000258   T  0.381294  0.748933  0.742973    0.1958    0.1914    0.4140    0.1400    0.3219    0.2597    0.4313
 000259   G  0.392710  0.773213  0.745148    0.2657    0.2680    0.4820    0.1370    0.3636    0.2405    0.4274
 000260   R  0.412050  0.789960  0.747491    0.2820    0.3631    0.5260    0.1400    0.3954    0.2276    0.4185
 000261   R  0.458797  0.792461  0.750852    0.2865    0.3182    0.5410    0.1290    0.3995    0.2312    0.4163
 000262   P  0.472886  0.801572  0.752833    0.3005    0.3529    0.5080    0.1400    0.4059    0.2257    0.4177
 000263   D  0.481173  0.808168  0.755597    0.2748    0.2715    0.5240    0.1320    0.3934    0.2440    0.4169
 000264   L  0.517474  0.819584  0.758002    0.2963    0.2918    0.4880    0.1190    0.4023    0.2397    0.4169
 000265   E  0.487403  0.823544  0.761639    0.3005    0.3631    0.3720    0.1260    0.3910    0.2391    0.4107
 000266   G  0.494829  0.809679  0.762356    0.3717    0.4507    0.3690    0.0880    0.4160    0.2185    0.4080
 000267   L  0.492535  0.791805  0.761404    0.4149    0.5382    0.4250    0.0900    0.4438    0.1977    0.4069
 000268   G  0.530434  0.773341  0.759500    0.4420    0.5620    0.4370    0.0810    0.4574    0.1862    0.4029
 000269   L  0.523210  0.765428  0.755426    0.4420    0.5456    0.4770    0.0880    0.4588    0.1799    0.3998
 000270   E  0.487584  0.776360  0.754758    0.4282    0.4369    0.4130    0.0880    0.4236    0.1994    0.3951
 000271   R  0.466752  0.786241  0.751267    0.4513    0.3704    0.4610    0.0990    0.4227    0.2030    0.3938
 000272   A  0.439869  0.771667  0.741835    0.4078    0.3740    0.4700    0.0960    0.4106    0.2024    0.3948
 000273   G  0.387769  0.775470  0.733422    0.3184    0.2645    0.4960    0.1150    0.3736    0.2313    0.3921
 000274   V  0.356679  0.757860  0.720695    0.3096    0.2609    0.5360    0.1090    0.3702    0.2297    0.3927
 000275   E  0.325286  0.751066  0.707828    0.3184    0.3740    0.4770    0.1560    0.3744    0.2118    0.3924
 000276   R  0.304486  0.730698  0.692108    0.3263    0.3631    0.4520    0.1710    0.3628    0.2068    0.3963
 000277   D  0.266636  0.701227  0.673904    0.3535    0.2884    0.4200    0.1790    0.3383    0.2077    0.4017
 000278   E  0.251735  0.672660  0.657860    0.4245    0.3599    0.3780    0.1820    0.3478    0.1906    0.4084
 000279   R  0.234963  0.631651  0.640579    0.3311    0.3704    0.3460    0.1610    0.3190    0.1879    0.4169
 000280   G  0.230712  0.601863  0.627176    0.3939    0.4619    0.3050    0.1390    0.3323    0.1785    0.4279
 000281   F  0.238314  0.564886  0.615012    0.3885    0.4652    0.3210    0.1020    0.3297    0.1668    0.4263
 000282   L  0.258028  0.544380  0.597768    0.4116    0.5098    0.3150    0.0840    0.3397    0.1580    0.4189
 000283   R  0.254820  0.525933  0.580377    0.4379    0.5342    0.3880    0.1050    0.3567    0.1461    0.4152
 000284   L  0.252515  0.527475  0.565090    0.4651    0.4619    0.4000    0.1030    0.3512    0.1380    0.4094
 000285   D  0.258485  0.537267  0.548388    0.5229    0.4541    0.3750    0.1150    0.3580    0.1384    0.4068
 000286   P  0.245659  0.539577  0.529991    0.4458    0.4149    0.4340    0.1410    0.3467    0.1311    0.4018
 000287   S  0.242581  0.533082  0.516390    0.3847    0.3948    0.4480    0.1850    0.3339    0.1295    0.4005
 000288   L  0.267652  0.525523  0.503052    0.3491    0.3840    0.4190    0.2020    0.3242    0.1217    0.4010
 000289   R  0.298011  0.509969  0.486738    0.3096    0.3807    0.3670    0.1900    0.3108    0.1146    0.4056
 000290   T  0.333192  0.498974  0.470963    0.3146    0.3599    0.3380    0.1770    0.3074    0.1063    0.4079
 000291   T  0.385647  0.487784  0.456046    0.3184    0.3321    0.3280    0.1490    0.3087    0.1006    0.4126
 000292   N  0.473188  0.469234  0.440529    0.3491    0.4369    0.2790    0.1230    0.3346    0.1020    0.4195
 000293   P  0.472674  0.438472  0.425381    0.3668    0.4330    0.2400    0.1000    0.3252    0.1042    0.4225
 000294   R  0.453974  0.423400  0.410232    0.3717    0.4766    0.2340    0.1040    0.3267    0.1045    0.4256
 000295   V  0.453506  0.393192  0.391287    0.3578    0.5707    0.2240    0.1110    0.3332    0.1227    0.4269
 000296   Y  0.444970  0.366237  0.372276    0.3762    0.4476    0.2350    0.1120    0.3117    0.0939    0.4266
 000297   A  0.407175  0.362071  0.356556    0.3535    0.3494    0.2140    0.0880    0.2810    0.0844    0.4279
 000298   A  0.354939  0.364350  0.342385    0.2602    0.2715    0.2180    0.0850    0.2447    0.0792    0.4287
 000299   G  0.299280  0.343559  0.326499    0.2748    0.2817    0.1970    0.0670    0.2327    0.0718    0.4285
 000300   D  0.209669  0.332928  0.311994    0.2041    0.2609    0.1670    0.0530    0.1958    0.0792    0.4254
 000301   A  0.104852  0.310084  0.297059    0.1416    0.2224    0.1470    0.0390    0.1544    0.0930    0.4243
 000302   A  0.096525  0.282051  0.285489    0.1117    0.2164    0.1410    0.0440    0.1412    0.0905    0.4230
 000303   G  0.095824  0.260851  0.276287    0.0858    0.2064    0.1300    0.0390    0.1297    0.0891    0.4210
 000304   L  0.089911  0.238417  0.264378    0.0744    0.1731    0.1200    0.0320    0.1160    0.0844    0.4189
 000305   P  0.092561  0.239678  0.255792    0.0771    0.1759    0.1170    0.0260    0.1171    0.0816    0.4181
 000306   Q  0.096047  0.232579  0.247075    0.1088    0.1731    0.1210    0.0310    0.1219    0.0723    0.4230
 000307   F  0.094825  0.198925  0.241477    0.1667    0.2164    0.1290    0.0360    0.1343    0.0646    0.4272
 000308   V  0.092204  0.191639  0.238363    0.1292    0.2129    0.1210    0.0280    0.1245    0.0663    0.4330
 000309   Y  0.088911  0.182505  0.233302    0.1240    0.2328    0.1170    0.0250    0.1242    0.0688    0.4257
 000310   V  0.088661  0.192972  0.229251    0.0965    0.2470    0.1110    0.0330    0.1228    0.0749    0.4159
 000311   A  0.080699  0.221010  0.221853    0.0935    0.2094    0.1160    0.0380    0.1201    0.0716    0.4042
 000312   A  0.069596  0.253094  0.212158    0.1178    0.1643    0.1310    0.0450    0.1227    0.0703    0.3916
 000313   Q  0.058420  0.283749  0.209306    0.1150    0.1881    0.1430    0.0570    0.1314    0.0798    0.3814
 000314   S  0.127838  0.305388  0.206786    0.0660    0.1349    0.1530    0.0540    0.1312    0.0825    0.3707
 000315   G  0.187904  0.319640  0.206633    0.1060    0.1942    0.1530    0.0540    0.1602    0.0736    0.3600
 000316   R  0.231490  0.330456  0.207157    0.0526    0.1399    0.1520    0.0480    0.1511    0.0927    0.3514
 000317   V  0.265026  0.348804  0.209454    0.0490    0.1583    0.1280    0.0340    0.1581    0.1027    0.3461
 000318   A  0.302951  0.347755  0.208869    0.0660    0.1759    0.1120    0.0250    0.1674    0.1049    0.3419
 000319   A  0.340876  0.355123  0.209054    0.1205    0.2436    0.0890    0.0170    0.1915    0.1062    0.3421
 000320   R  0.354930  0.346018  0.213235    0.1150    0.2399    0.0850    0.0190    0.1902    0.1089    0.3456
 000321   N  0.383446  0.336349  0.218916    0.1805    0.2752    0.0890    0.0180    0.2108    0.1045    0.3527
 000322   A  0.427186  0.321762  0.223571    0.1416    0.2715    0.0990    0.0200    0.2101    0.1159    0.3608
 000323   L  0.361735  0.312138  0.226506    0.1456    0.2193    0.1020    0.0230    0.1902    0.0968    0.3695
 000324   G  0.313022  0.305406  0.229210    0.1178    0.2470    0.0920    0.0190    0.1791    0.0935    0.3753
 000325   V  0.262198  0.303902  0.231914    0.0723    0.2399    0.0900    0.0200    0.1614    0.0954    0.3854
 000326   K  0.221406  0.312861  0.235868    0.0935    0.1791    0.0900    0.0170    0.1495    0.0883    0.3957
 000327   A  0.181665  0.325740  0.239816    0.0884    0.1914    0.0940    0.0180    0.1468    0.0914    0.4065
 000328   P  0.144194  0.312179  0.244301    0.0935    0.1554    0.0910    0.0150    0.1327    0.0900    0.4195
 000329   L  0.129267  0.297645  0.250562    0.1240    0.1852    0.0960    0.0140    0.1387    0.0837    0.4325
 000330   D  0.104434  0.286321  0.258666    0.0935    0.2193    0.1030    0.0180    0.1345    0.0906    0.4252
 000331   L  0.063894  0.271905  0.268718    0.0935    0.2575    0.1300    0.0190    0.1362    0.0981    0.4186
 000332   A  0.053502  0.253411  0.274454    0.0965    0.2129    0.1540    0.0270    0.1283    0.0926    0.4153
 000333   A  0.037439  0.261218  0.280886    0.1416    0.1671    0.1680    0.0380    0.1292    0.0930    0.4121
 000334   L  0.045442  0.263191  0.285613    0.1878    0.2094    0.1860    0.0580    0.1486    0.0905    0.4061
 000335   P  0.047451  0.283812  0.294843    0.1322    0.1823    0.1810    0.0540    0.1377    0.0983    0.4018
 000336   R  0.050354  0.279039  0.304406    0.1732    0.1759    0.1930    0.0680    0.1452    0.0968    0.4028
 000337   V  0.066154  0.279182  0.314241    0.1495    0.1791    0.1890    0.0670    0.1438    0.0972    0.4053
 000338   T  0.133068  0.315580  0.325682    0.1266    0.1373    0.1800    0.0620    0.1488    0.1008    0.4071
 000339   F  0.215776  0.329614  0.337516    0.1060    0.1206    0.1920    0.0630    0.1607    0.1068    0.4104
 000340   T  0.299043  0.370842  0.352322    0.1117    0.1969    0.1840    0.0510    0.1937    0.1114    0.4173
 000341   D  0.373420  0.391741  0.361629    0.1041    0.2034    0.1760    0.0460    0.2081    0.1268    0.4244
 000342   P  0.415167  0.375843  0.369599    0.1766    0.2951    0.1780    0.0460    0.2401    0.1131    0.4322
 000343   A  0.455948  0.390884  0.379695    0.2209    0.2918    0.1840    0.0560    0.2572    0.1157    0.4257
 000344   L  0.498648  0.393865  0.389794    0.2657    0.3182    0.1860    0.0600    0.2771    0.1193    0.4169
 000345   A  0.540825  0.403715  0.404879    0.3096    0.3948    0.1660    0.0480    0.3024    0.1322    0.4030
 000346   A  0.597819  0.410053  0.417116    0.2786    0.3599    0.1710    0.0500    0.3029    0.1487    0.3911
 000347   V  0.604667  0.432618  0.431556    0.2786    0.2817    0.1820    0.0510    0.2967    0.1555    0.3811
 000348   G  0.599631  0.481841  0.444488    0.3491    0.3460    0.1940    0.0520    0.3284    0.1469    0.3743
 000349   L  0.569297  0.518674  0.455703    0.2700    0.3053    0.2220    0.0540    0.3143    0.1513    0.3678
 000350   T  0.546299  0.547896  0.463155    0.3717    0.4087    0.2120    0.0600    0.3477    0.1388    0.3596
 000351   E  0.558218  0.570347  0.470689    0.3359    0.3321    0.2230    0.0610    0.3366    0.1498    0.3528
 000352   E  0.569993  0.573065  0.470944    0.3263    0.3182    0.2290    0.0700    0.3362    0.1532    0.3466
 000353   E  0.580830  0.576638  0.471199    0.2333    0.2541    0.2430    0.0790    0.3146    0.1730    0.3420
 000354   A  0.599299  0.566977  0.472298    0.2700    0.2541    0.2540    0.0830    0.3240    0.1681    0.3391
 000355   R  0.581735  0.566441  0.474146    0.3146    0.3392    0.2570    0.0840    0.3431    0.1485    0.3350
 000356   R  0.571102  0.555697  0.477302    0.3146    0.2918    0.2710    0.0890    0.3340    0.1483    0.3346
 000357   R  0.557353  0.550996  0.482150    0.3491    0.3529    0.2900    0.0950    0.3500    0.1319    0.3371
 000358   Y  0.545391  0.531041  0.487148    0.3456    0.3426    0.3060    0.0990    0.3451    0.1268    0.3422
 000359   G  0.557270  0.507918  0.489072    0.3762    0.3426    0.2830    0.0980    0.3445    0.1275    0.3462
 000360   A  0.604563  0.480572  0.488203    0.3847    0.4330    0.2690    0.1020    0.3620    0.1311    0.3500
 000361   G  0.651999  0.455603  0.483000    0.3806    0.3566    0.2540    0.0860    0.3498    0.1475    0.3546
 000362   V  0.685217  0.442259  0.474024    0.3762    0.3740    0.2380    0.0850    0.3526    0.1568    0.3603
 000363   R  0.708572  0.418716  0.463888    0.3005    0.3529    0.2470    0.0960    0.3379    0.1682    0.3695
 000364   A  0.750073  0.406687  0.453043    0.3225    0.3053    0.2470    0.1050    0.3386    0.1811    0.3789
 000365   A  0.776416  0.400356  0.444834    0.3491    0.2541    0.2350    0.1100    0.3359    0.1945    0.3884
 000366   T  0.775614  0.374767  0.434418    0.3184    0.2645    0.2360    0.1100    0.3282    0.1942    0.4001
 000367   L  0.797562  0.354867  0.424251    0.2432    0.2328    0.2370    0.1110    0.3109    0.2113    0.4107
 000368   P  0.803319  0.374362  0.414838    0.2432    0.2364    0.2010    0.0910    0.3097    0.2162    0.4161
 000369   L  0.783042  0.382446  0.401771    0.2786    0.3286    0.1790    0.0690    0.3253    0.2009    0.4156
 000370   S  0.755520  0.395243  0.388310    0.2786    0.3356    0.1610    0.0500    0.3210    0.1943    0.4142
 000371   Q  0.669869  0.404642  0.373628    0.3146    0.3704    0.1590    0.0430    0.3198    0.1638    0.4115
 000372   V  0.586057  0.423232  0.363261    0.3096    0.3667    0.1640    0.0420    0.3082    0.1401    0.4084
 000373   P  0.488393  0.433671  0.355363    0.3762    0.4017    0.1610    0.0360    0.3101    0.1185    0.4042
 000374   K  0.398650  0.426469  0.344252    0.3762    0.2951    0.1950    0.0480    0.2819    0.0957    0.3932
 000375   A  0.332999  0.428815  0.331471    0.3762    0.3249    0.2120    0.0580    0.2792    0.0857    0.3866
 000376   L  0.279280  0.411283  0.314716    0.3053    0.2645    0.1970    0.0560    0.2429    0.0829    0.3771
 000377   T  0.252575  0.396268  0.297703    0.3005    0.1914    0.1930    0.0650    0.2223    0.0864    0.3618
 000378   A  0.240237  0.378456  0.277401    0.2913    0.2034    0.1900    0.0650    0.2173    0.0780    0.3456
 000379   R  0.238969  0.362909  0.257375    0.1958    0.1852    0.1760    0.0590    0.1932    0.0768    0.3316
 000380   D  0.309270  0.315339  0.237301    0.1958    0.2783    0.1650    0.0620    0.2106    0.0687    0.3219
 000381   T  0.351015  0.292292  0.220028    0.2041    0.2988    0.1340    0.0420    0.2134    0.0805    0.3106
 000382   R  0.388063  0.270951  0.201120    0.2080    0.2849    0.1160    0.0360    0.2113    0.0908    0.2997
 000383   G  0.432463  0.244183  0.186780    0.2913    0.3566    0.1090    0.0390    0.2390    0.1107    0.2893
 000384   A  0.472859  0.234487  0.172549    0.2558    0.2541    0.1010    0.0350    0.2197    0.1177    0.2812
 000385   F  0.495006  0.232583  0.160774    0.2602    0.1791    0.1080    0.0440    0.2125    0.1272    0.2757
 000386   K  0.494662  0.227429  0.147729    0.2167    0.2064    0.1000    0.0340    0.2076    0.1278    0.2626
 000387   I  0.452360  0.213842  0.133309    0.1998    0.2034    0.1070    0.0330    0.1961    0.1139    0.2529
 000388   V  0.406509  0.226205  0.118889    0.1958    0.2034    0.1060    0.0310    0.1896    0.1005    0.2464
 000389   V  0.343548  0.219596  0.105492    0.1456    0.1731    0.1140    0.0250    0.1660    0.0828    0.2438
 000390   D  0.342357  0.233941  0.092722    0.1456    0.1092    0.1180    0.0280    0.1582    0.0896    0.2399
 000391   E  0.347623  0.254016  0.080702    0.0935    0.0835    0.1300    0.0370    0.1515    0.1020    0.2325
 000392   E  0.356341  0.261843  0.074205    0.0526    0.0817    0.1320    0.0440    0.1474    0.1123    0.2243
 000393   G  0.372075  0.241947  0.069797    0.0405    0.0909    0.1220    0.0530    0.1445    0.1162    0.2185
 000394   T  0.397722  0.240197  0.069102    0.0395    0.0749    0.1030    0.0370    0.1425    0.1270    0.2157
 000395   V  0.408362  0.230140  0.066308    0.0542    0.0888    0.0850    0.0290    0.1444    0.1277    0.2092
 000396   L  0.438930  0.209067  0.064563    0.0771    0.1731    0.0690    0.0240    0.1613    0.1319    0.2047
 000397   G  0.479847  0.203986  0.062990    0.0789    0.1229    0.0600    0.0170    0.1576    0.1483    0.2036
 000398   L  0.538539  0.202723  0.061554    0.1380    0.1229    0.0690    0.0190    0.1786    0.1636    0.2004
 000399   H  0.529442  0.194195  0.059560    0.1266    0.1791    0.0730    0.0200    0.1838    0.1584    0.1945
 000400   V  0.507161  0.172686  0.058662    0.1041    0.2609    0.0880    0.0270    0.1889    0.1533    0.1817
 000401   L  0.473694  0.175155  0.057854    0.1041    0.2470    0.1000    0.0250    0.1833    0.1399    0.1741
 000402   A  0.439471  0.210047  0.056807    0.1060    0.1449    0.1030    0.0270    0.1673    0.1268    0.1673
 000403   H  0.396142  0.243736  0.055892    0.0935    0.0835    0.1280    0.0520    0.1575    0.1191    0.1616
 000404   E  0.344346  0.280932  0.055292    0.0502    0.0704    0.1450    0.0690    0.1485    0.1157    0.1519
 000405   A  0.292159  0.303973  0.055989    0.0286    0.0433    0.1300    0.0580    0.1331    0.1151    0.1387
 000406   G  0.223959  0.314214  0.056011    0.0350    0.0662    0.0980    0.0330    0.1229    0.1024    0.1284
 000407   D  0.164863  0.291249  0.055131    0.0376    0.0631    0.0880    0.0270    0.1075    0.0885    0.1183
 000408   V  0.129328  0.272823  0.054509    0.0363    0.0631    0.0790    0.0210    0.0967    0.0806    0.1084
 000409   I  0.110813  0.239904  0.054619    0.0350    0.0531    0.0680    0.0140    0.0844    0.0701    0.1007
 000410   Q  0.091928  0.219743  0.054989    0.0336    0.0506    0.0600    0.0170    0.0759    0.0634    0.0982
 000411   E  0.069048  0.185411  0.055307    0.0252    0.0443    0.0570    0.0160    0.0635    0.0530    0.0962
 000412   G  0.051962  0.152388  0.056377    0.0441    0.0749    0.0560    0.0140    0.0632    0.0380    0.0901
 000413   I  0.045841  0.111931  0.057133    0.0297    0.0985    0.0600    0.0170    0.0577    0.0304    0.0850
 000414   L  0.033599  0.092372  0.058595    0.0286    0.0581    0.0540    0.0090    0.0444    0.0229    0.0833
 000415   A  0.026290  0.090026  0.059250    0.0286    0.0281    0.0500    0.0130    0.0371    0.0249    0.0818
 000416   V  0.015012  0.090454  0.059415    0.0179    0.0380    0.0460    0.0120    0.0345    0.0275    0.0810
 000417   K  0.013794  0.087016  0.059335    0.0087    0.0405    0.0400    0.0090    0.0317    0.0283    0.0819
 000418   Y  0.008538  0.086705  0.059517    0.0087    0.0198    0.0430    0.0090    0.0278    0.0303    0.0845
 000419   G  0.003366  0.090358  0.058930    0.0157    0.0300    0.0460    0.0090    0.0308    0.0304    0.0869
 000420   F  0.002193  0.079983  0.058744    0.0160    0.0676    0.0480    0.0100    0.0356    0.0294    0.0914
 000421   G  0.001500  0.086323  0.059826    0.0150    0.0372    0.0430    0.0090    0.0305    0.0296    0.0958
 000422   Y  0.001141  0.109848  0.061397    0.0173    0.0205    0.0440    0.0090    0.0321    0.0373    0.1033
 000423   R  0.000586  0.126356  0.062599    0.0087    0.0218    0.0430    0.0100    0.0334    0.0436    0.1124
 000424   D  0.000509  0.131352  0.064253    0.0087    0.0231    0.0420    0.0090    0.0343    0.0453    0.1220
 000425   L  0.001162  0.143096  0.065902    0.0167    0.0300    0.0490    0.0070    0.0400    0.0475    0.1245
 000426   I  0.004064  0.142659  0.067290    0.0102    0.0414    0.0500    0.0070    0.0414    0.0472    0.1280
 000427   D  0.008329  0.123834  0.069684    0.0131    0.0631    0.0470    0.0070    0.0426    0.0405    0.1398
 000428   T  0.011599  0.119274  0.072393    0.0150    0.0356    0.0470    0.0060    0.0381    0.0389    0.1445
 000429   F  0.018670  0.118709  0.077334    0.0297    0.0618    0.0470    0.0070    0.0460    0.0354    0.1418
 000430   H  0.024793  0.104972  0.081823    0.0144    0.0372    0.0420    0.0060    0.0372    0.0348    0.1396
 000431   P  0.029229  0.097765  0.086090    0.0350    0.0483    0.0430    0.0100    0.0423    0.0296    0.1312
 000432   Y  0.033629  0.105233  0.089241    0.0179    0.0398    0.0560    0.0190    0.0422    0.0343    0.1175
 000433   L  0.042210  0.102426  0.092094    0.0226    0.0734    0.0530    0.0180    0.0489    0.0318    0.1022
 000434   T  0.048309  0.100983  0.095183    0.0167    0.0605    0.0480    0.0150    0.0458    0.0331    0.0903
 000435   L  0.053932  0.126068  0.097320    0.0160    0.0327    0.0570    0.0120    0.0477    0.0408    0.0783
 000436   A  0.090388  0.136324  0.101663    0.0268    0.0581    0.0600    0.0120    0.0620    0.0391    0.0702
 000437   E  0.144667  0.128389  0.105551    0.0268    0.0851    0.0660    0.0150    0.0751    0.0431    0.0652
 000438   G  0.168444  0.130487  0.111489    0.0245    0.0835    0.0810    0.0210    0.0813    0.0486    0.0555
 000439   I  0.196804  0.132838  0.117646    0.0173    0.0967    0.0820    0.0260    0.0876    0.0576    0.0495
 000440   R  0.245412  0.118760  0.125258    0.0376    0.1702    0.0810    0.0310    0.1089    0.0690    0.0483
 000441   L  0.294978  0.125801  0.134297    0.0464    0.1611    0.0810    0.0340    0.1181    0.0816    0.0462
 000442   V  0.327715  0.149635  0.143889    0.0336    0.0817    0.0840    0.0270    0.1127    0.0971    0.0450
 000443   A  0.372553  0.175108  0.145979    0.0554    0.1349    0.0910    0.0230    0.1382    0.1044    0.0443
 000444   Q  0.442663  0.197646  0.148192    0.0567    0.1476    0.1280    0.0400    0.1621    0.1243    0.0451
 000445   A  0.491049  0.267970  0.150527    0.0621    0.0985    0.1910    0.0440    0.1850    0.1440    0.0463
 000446   L  0.471321  0.318129  0.153838    0.0744    0.1298    0.2610    0.0240    0.2091    0.1359    0.0498
 000447   D  0.455016  0.361812  0.157668    0.0643    0.1501    0.3390    0.0610    0.2284    0.1412    0.0530
 000448   A  0.439503  0.426676  0.162229    0.0464    0.1137    0.6390    0.1210    0.2775    0.2132    0.0538
 000449   D  0.400707  0.507180  0.166922    0.0643    0.0967    0.7220    0.0770    0.2984    0.2402    0.0585
 000450   P  0.358460  0.553372  0.173058    0.1495    0.1424    0.7490    0.0230    0.3254    0.2309    0.0615
 000451   K  0.326353  0.601902  0.178851    0.1844    0.1184    0.7730    0.0830    0.3340    0.2441    0.0599
 000452   K  0.281837  0.674523  0.183432    0.3184    0.1702    0.7510    0.0590    0.3661    0.2326    0.0606
 000453   L  0.211889  0.700391  0.188314    0.4379    0.2193    0.7010    0.0700    0.3784    0.2238    0.0623
 000454   S  0.105886  0.744100  0.193169    0.5229    0.2292    0.7190    0.0440    0.3869    0.2575    0.0652
 000455   C  0.083504  0.781741  0.197983    0.5549    0.1852    0.7220    0.0640    0.3878    0.2782    0.0675
 000456   C  0.064864  0.797618  0.202130    0.6412    0.1942    0.7220    0.0280    0.4033    0.2922    0.0694
 000457   A  0.080112  0.782325  0.208062    0.7605    0.2988    0.7220    0.0780    0.4406    0.2893    0.0688
