#RESNUM RES     VL-XT     VSL2B       VL3  IUPred-S  IUPred-L  PONDRFIT  FITERROR       MDP  MDPERROR   ANCHOR2
 000001   M  0.638080  0.739341  0.263665    0.6789    0.0473    0.9470    0.0290    0.5085    0.3066    0.0279
 000002   R  0.783142  0.730818  0.259043    0.5374    0.0263    0.8990    0.0310    0.4961    0.3105    0.0257
 000003   I  0.613020  0.716767  0.255080    0.5008    0.0543    0.8820    0.0550    0.4612    0.2815    0.0242
 000004   E  0.636793  0.652652  0.251643    0.3311    0.0327    0.7910    0.0800    0.4074    0.2679    0.0257
 000005   A  0.508287  0.535523  0.249007    0.3263    0.0443    0.7480    0.0620    0.3604    0.2296    0.0265
 000006   A  0.485410  0.445008  0.246031    0.1732    0.0235    0.7080    0.0830    0.3059    0.2289    0.0274
 000007   E  0.454224  0.363260  0.244704    0.1349    0.0294    0.5840    0.0920    0.2610    0.1924    0.0282
 000008   L  0.436836  0.270099  0.242950    0.0526    0.0181    0.6340    0.0740    0.2352    0.2164    0.0276
 000009   R  0.410417  0.222230  0.242466    0.0376    0.0253    0.5210    0.1240    0.2028    0.1849    0.0286
 000010   I  0.410198  0.186148  0.240767    0.0124    0.0372    0.5220    0.0970    0.1946    0.1887    0.0310
 000011   L  0.399426  0.176821  0.242451    0.0094    0.0473    0.4560    0.0950    0.1815    0.1704    0.0353
 000012   E  0.389742  0.189919  0.247991    0.0141    0.0275    0.3590    0.0400    0.1634    0.1517    0.0411
 000013   L  0.386339  0.202180  0.248557    0.0167    0.0300    0.2730    0.0650    0.1513    0.1384    0.0505
 000014   P  0.329137  0.202178  0.248739    0.0167    0.0341    0.1780    0.0250    0.1266    0.1189    0.0630
 000015   L  0.300031  0.206885  0.250154    0.0167    0.0334    0.1270    0.0260    0.1140    0.1140    0.0696
 000016   K  0.251194  0.223429  0.255662    0.0109    0.0454    0.1050    0.0230    0.1061    0.1080    0.0790
 000017   F  0.207462  0.227699  0.256710    0.0144    0.0543    0.1090    0.0260    0.1021    0.1007    0.0937
 000018   R  0.170119  0.223932  0.256110    0.0157    0.0463    0.1130    0.0320    0.0948    0.0977    0.1066
 000019   F  0.128266  0.237941  0.258279    0.0308    0.0870    0.1140    0.0380    0.0997    0.0915    0.1222
 000020   E  0.101280  0.263825  0.256296    0.0304    0.0494    0.1040    0.0400    0.0914    0.1022    0.1367
 000021   T  0.075652  0.290765  0.259166    0.0621    0.0531    0.1000    0.0400    0.0970    0.1060    0.1439
 000022   S  0.050144  0.300149  0.262890    0.0607    0.0531    0.1020    0.0450    0.0943    0.1123    0.1434
 000023   F  0.047320  0.308917  0.272276    0.0327    0.0269    0.1100    0.0490    0.0876    0.1238    0.1390
 000024   G  0.031077  0.306256  0.279825    0.0414    0.0454    0.1010    0.0440    0.0876    0.1239    0.1292
 000025   V  0.031104  0.295502  0.286307    0.0157    0.0223    0.1060    0.0440    0.0785    0.1294    0.1149
 000026   Q  0.039308  0.288059  0.287045    0.0327    0.0191    0.1100    0.0410    0.0816    0.1250    0.1077
 000027   T  0.032920  0.282058  0.290129    0.0182    0.0194    0.1370    0.0600    0.0816    0.1271    0.1016
 000028   K  0.044119  0.271671  0.292434    0.0212    0.0433    0.1710    0.0780    0.0919    0.1214    0.0904
 000029   R  0.054012  0.259516  0.300700    0.0245    0.0463    0.1890    0.0950    0.0955    0.1203    0.0839
 000030   T  0.072301  0.223639  0.305474    0.0514    0.0555    0.1870    0.0960    0.0983    0.1089    0.0806
 000031   I  0.090590  0.190892  0.309800    0.0502    0.0543    0.1890    0.1070    0.0959    0.1060    0.0739
 000032   L  0.160945  0.176288  0.314181    0.0268    0.0506    0.1830    0.1020    0.0996    0.1083    0.0730
 000033   L  0.231250  0.158429  0.322168    0.0274    0.0287    0.1720    0.0880    0.1029    0.1180    0.0742
 000034   L  0.294364  0.199603  0.333089    0.0514    0.0618    0.1750    0.0880    0.1304    0.1195    0.0755
 000035   R  0.339360  0.170004  0.341604    0.0286    0.0662    0.1860    0.0810    0.1316    0.1332    0.0796
 000036   L  0.422390  0.186787  0.347468    0.0514    0.1070    0.2010    0.0810    0.1615    0.1414    0.0883
 000037   F  0.491657  0.233842  0.358234    0.0526    0.0646    0.2150    0.0780    0.1764    0.1659    0.0972
 000038   G  0.561992  0.290364  0.370276    0.0502    0.0454    0.2210    0.0710    0.1948    0.1909    0.1030
 000039   E  0.627458  0.346876  0.383916    0.0308    0.0506    0.2690    0.0870    0.2208    0.2142    0.1151
 000040   G  0.692924  0.394156  0.396385    0.0274    0.0518    0.3170    0.0990    0.2472    0.2359    0.1267
 000041   L  0.704391  0.444994  0.408546    0.0274    0.0263    0.3580    0.0970    0.2601    0.2490    0.1325
 000042   E  0.715406  0.471900  0.419631    0.0490    0.0618    0.3920    0.0900    0.2816    0.2442    0.1432
 000043   G  0.735259  0.494506  0.429815    0.0464    0.0605    0.4340    0.0990    0.2951    0.2542    0.1520
 000044   L  0.767754  0.514218  0.443042    0.0991    0.0592    0.4390    0.0890    0.3133    0.2550    0.1613
 000045   G  0.776513  0.519686  0.453381    0.0965    0.0967    0.4200    0.0820    0.3182    0.2508    0.1732
 000046   E  0.786309  0.491520  0.463613    0.0567    0.1115    0.4070    0.0820    0.3088    0.2574    0.1812
 000047   G  0.796048  0.471387  0.469734    0.0909    0.1881    0.3750    0.0820    0.3202    0.2397    0.1864
 000048   V  0.801693  0.444945  0.475441    0.1667    0.3182    0.3100    0.1110    0.3402    0.2136    0.1904
 000049   M  0.806100  0.410213  0.483709    0.1732    0.2436    0.2850    0.1100    0.3196    0.2237    0.2040
 000050   E  0.810536  0.400860  0.491897    0.1766    0.2002    0.2840    0.1070    0.3121    0.2311    0.2046
 000051   R  0.813304  0.401948  0.504007    0.1178    0.2002    0.3050    0.1120    0.3063    0.2422    0.2062
 000052   L  0.807650  0.379378  0.512041    0.1667    0.2609    0.3020    0.1150    0.3195    0.2258    0.2157
 000053   P  0.782141  0.371227  0.520803    0.1635    0.2364    0.2980    0.1000    0.3085    0.2235    0.2247
 000054   L  0.770943  0.403038  0.524395    0.1380    0.1528    0.3340    0.1030    0.2998    0.2352    0.2251
 000055   Y  0.767589  0.412733  0.529217    0.1958    0.1554    0.3720    0.1140    0.3172    0.2239    0.2251
 000056   R  0.763343  0.428734  0.530783    0.1322    0.0948    0.3950    0.1250    0.3024    0.2454    0.2240
 000057   E  0.730996  0.446669  0.539923    0.0789    0.0929    0.3990    0.1120    0.2914    0.2501    0.2318
 000058   E  0.698491  0.455954  0.546269    0.0478    0.0985    0.3690    0.0910    0.2784    0.2495    0.2393
 000059   T  0.680756  0.447776  0.552801    0.0884    0.0985    0.3750    0.0870    0.2817    0.2380    0.2476
 000060   V  0.653341  0.414809  0.555607    0.1205    0.0631    0.3770    0.0900    0.2715    0.2325    0.2421
 000061   A  0.630604  0.400885  0.564368    0.0723    0.0334    0.3640    0.0990    0.2503    0.2442    0.2458
 000062   G  0.631295  0.441304  0.573480    0.0455    0.0424    0.3420    0.1070    0.2503    0.2515    0.2467
 000063   A  0.631309  0.418416  0.579735    0.0526    0.0704    0.3140    0.0960    0.2478    0.2451    0.2460
 000064   R  0.584211  0.435130  0.580463    0.0502    0.0364    0.2980    0.0920    0.2339    0.2450    0.2412
 000065   Y  0.515815  0.441183  0.580277    0.0909    0.0364    0.3060    0.0940    0.2317    0.2272    0.2415
 000066   L  0.472117  0.422229  0.583627    0.1018    0.0676    0.3080    0.0910    0.2286    0.2126    0.2418
 000067   L  0.433731  0.460903  0.588136    0.0701    0.0676    0.2830    0.0920    0.2193    0.2198    0.2388
 000068   E  0.382489  0.486041  0.586440    0.0621    0.0662    0.2720    0.0960    0.2114    0.2207    0.2274
 000069   E  0.344895  0.484682  0.585007    0.0554    0.0341    0.3010    0.1050    0.2034    0.2254    0.2173
 000070   V  0.323556  0.456035  0.581078    0.0567    0.0372    0.3040    0.1130    0.1962    0.2192    0.2064
 000071   F  0.321198  0.450099  0.580546    0.0542    0.0662    0.2770    0.1090    0.1949    0.2133    0.2055
 000072   L  0.308689  0.443097  0.579769    0.0771    0.0948    0.2530    0.0920    0.1961    0.2035    0.2025
 000073   P  0.316060  0.414478  0.575882    0.0744    0.1007    0.2120    0.0610    0.1863    0.2005    0.2019
 000074   R  0.377353  0.438053  0.567208    0.1060    0.1007    0.2160    0.0620    0.2063    0.1977    0.1982
 000075   V  0.414370  0.464629  0.556144    0.1292    0.0631    0.2040    0.0670    0.2126    0.2048    0.2011
 000076   L  0.420125  0.476575  0.544101    0.1602    0.1048    0.2040    0.0700    0.2276    0.1913    0.2058
 000077   G  0.427713  0.463565  0.532415    0.1456    0.1759    0.2130    0.0830    0.2376    0.1765    0.2061
 000078   R  0.470851  0.482193  0.522529    0.1998    0.2292    0.2620    0.1150    0.2740    0.1589    0.2076
 000079   D  0.464955  0.522325  0.510458    0.2041    0.1449    0.3580    0.1090    0.2824    0.1701    0.2152
 000080   L  0.422508  0.537056  0.495205    0.1635    0.1162    0.4590    0.1100    0.2830    0.1835    0.2202
 000081   P  0.384718  0.548805  0.481614    0.1456    0.1969    0.4060    0.1300    0.2804    0.1655    0.2251
 000082   N  0.370047  0.572934  0.471480    0.1878    0.1942    0.4290    0.1170    0.2924    0.1613    0.2255
 000083   P  0.332838  0.582495  0.464972    0.2913    0.2715    0.4090    0.0950    0.3145    0.1330    0.2257
 000084   E  0.321188  0.562526  0.454798    0.1667    0.2399    0.4560    0.1240    0.2910    0.1564    0.2191
 000085   A  0.365298  0.543642  0.440653    0.1732    0.2680    0.4920    0.1210    0.3071    0.1477    0.2140
 000086   L  0.419428  0.532482  0.426344    0.2432    0.3704    0.3940    0.0890    0.3266    0.1113    0.2057
 000087   R  0.439815  0.502527  0.412210    0.3225    0.4186    0.2750    0.0750    0.3265    0.1019    0.1966
 000088   E  0.482722  0.473241  0.396997    0.3491    0.3872    0.2150    0.0690    0.3179    0.1109    0.1972
 000089   A  0.531856  0.449511  0.382997    0.3096    0.3910    0.2070    0.0590    0.3148    0.1207    0.1968
 000090   L  0.588196  0.424073  0.369724    0.2602    0.3529    0.1820    0.0520    0.3012    0.1418    0.1941
 000091   A  0.620447  0.403561  0.354515    0.3399    0.3667    0.1510    0.0520    0.3137    0.1493    0.1923
 000092   P  0.643798  0.398843  0.337496    0.2865    0.2541    0.1410    0.0480    0.2874    0.1656    0.1893
 000093   F  0.641495  0.390149  0.319050    0.2080    0.2503    0.1570    0.0610    0.2745    0.1678    0.1842
 000094   R  0.590707  0.385812  0.303593    0.1178    0.1881    0.1720    0.0610    0.2425    0.1678    0.1807
 000095   G  0.514212  0.385085  0.290640    0.1150    0.1528    0.1660    0.0570    0.2222    0.1505    0.1867
 000096   N  0.432289  0.392909  0.276089    0.1060    0.0985    0.1550    0.0550    0.1975    0.1411    0.1943
 000097   P  0.355207  0.377288  0.260003    0.1495    0.0851    0.1310    0.0440    0.1830    0.1203    0.2029
 000098   M  0.283194  0.356631  0.244721    0.0935    0.0948    0.1280    0.0390    0.1594    0.1088    0.2098
 000099   A  0.195975  0.333021  0.231083    0.0441    0.0518    0.1210    0.0300    0.1243    0.1094    0.2124
 000100   K  0.131003  0.300938  0.214763    0.0587    0.0320    0.1090    0.0240    0.1053    0.0987    0.2175
 000101   A  0.065925  0.265131  0.199984    0.0567    0.0443    0.0980    0.0200    0.0884    0.0887    0.2275
 000102   V  0.027234  0.219774  0.182367    0.0441    0.0531    0.0860    0.0170    0.0717    0.0790    0.2406
 000103   L  0.008687  0.191275  0.166528    0.0279    0.0356    0.0750    0.0190    0.0564    0.0755    0.2615
 000104   E  0.004104  0.147745  0.151403    0.0542    0.0424    0.0650    0.0180    0.0522    0.0599    0.2893
 000105   M  0.000817  0.114107  0.138529    0.0441    0.0463    0.0590    0.0180    0.0441    0.0515    0.3176
 000106   A  0.000657  0.095836  0.129553    0.0226    0.0424    0.0520    0.0180    0.0355    0.0486    0.3371
 000107   F  0.000496  0.092412  0.124838    0.0226    0.0473    0.0450    0.0170    0.0347    0.0466    0.3518
 000108   F  0.000488  0.074887  0.119223    0.0167    0.0235    0.0380    0.0130    0.0256    0.0448    0.3643
 000109   D  0.000383  0.076088  0.111578    0.0286    0.0163    0.0330    0.0110    0.0258    0.0422    0.3780
 000110   L  0.000391  0.084571  0.105490    0.0182    0.0198    0.0330    0.0110    0.0260    0.0419    0.3935
 000111   W  0.000423  0.091622  0.100848    0.0099    0.0141    0.0310    0.0090    0.0245    0.0434    0.4060
 000112   A  0.000374  0.087711  0.094251    0.0137    0.0108    0.0280    0.0070    0.0234    0.0407    0.4035
 000113   K  0.000837  0.090219  0.085427    0.0131    0.0157    0.0290    0.0080    0.0249    0.0382    0.3995
 000114   A  0.002472  0.085546  0.075020    0.0124    0.0244    0.0300    0.0100    0.0258    0.0335    0.3911
 000115   L  0.024836  0.082345  0.067629    0.0121    0.0160    0.0340    0.0120    0.0283    0.0287    0.3776
 000116   G  0.091919  0.086248  0.065508    0.0179    0.0181    0.0380    0.0140    0.0421    0.0320    0.3570
 000117   R  0.095279  0.092206  0.066349    0.0121    0.0223    0.0420    0.0110    0.0440    0.0340    0.3353
 000118   P  0.097636  0.098054  0.068897    0.0218    0.0364    0.0450    0.0080    0.0498    0.0315    0.3201
 000119   L  0.100343  0.103892  0.073024    0.0455    0.0463    0.0490    0.0090    0.0576    0.0275    0.3024
 000120   W  0.102279  0.108637  0.082232    0.0327    0.0473    0.0590    0.0120    0.0583    0.0311    0.2806
 000121   Q  0.105344  0.113530  0.094802    0.0376    0.0518    0.0700    0.0180    0.0631    0.0320    0.2493
 000122   V  0.107898  0.121399  0.102848    0.0643    0.1028    0.0940    0.0260    0.0818    0.0245    0.2193
 000123   L  0.109307  0.125194  0.110583    0.0526    0.0817    0.1120    0.0260    0.0802    0.0305    0.1988
 000124   G  0.090221  0.126213  0.119012    0.0542    0.0835    0.1270    0.0240    0.0802    0.0332    0.1769
 000125   G  0.024578  0.135258  0.125320    0.0455    0.0605    0.1610    0.0350    0.0712    0.0549    0.1577
 000126   V  0.029345  0.171224  0.139518    0.0884    0.1028    0.1610    0.0370    0.0922    0.0538    0.1407
 000127   R  0.116886  0.188308  0.149834    0.0490    0.0568    0.1760    0.0620    0.0978    0.0597    0.1302
 000128   Q  0.189285  0.215867  0.163133    0.0542    0.0631    0.1990    0.0820    0.1202    0.0702    0.1215
 000129   A  0.277676  0.241998  0.174377    0.0252    0.0631    0.2070    0.0830    0.1358    0.0961    0.1112
 000130   V  0.366525  0.257088  0.187293    0.0455    0.1048    0.1960    0.0690    0.1616    0.1077    0.1039
 000131   E  0.454338  0.239314  0.200961    0.0858    0.1298    0.1820    0.0530    0.1818    0.1224    0.0999
 000132   V  0.536854  0.251702  0.216013    0.0858    0.1349    0.1950    0.0540    0.2007    0.1491    0.0979
 000133   G  0.612147  0.249690  0.220559    0.0909    0.2034    0.2020    0.0580    0.2263    0.1678    0.0974
 000134   V  0.696305  0.248472  0.223923    0.1566    0.2988    0.2070    0.0660    0.2679    0.1839    0.0972
 000135   S  0.769998  0.268587  0.228561    0.1602    0.2164    0.1920    0.0610    0.2678    0.2136    0.1004
 000136   L  0.767830  0.294835  0.236042    0.1602    0.2064    0.1970    0.0540    0.2710    0.2123    0.1021
 000137   G  0.778950  0.303723  0.240233    0.1602    0.2094    0.2110    0.0640    0.2772    0.2147    0.1032
 000138   I  0.756353  0.338758  0.243962    0.1635    0.1611    0.2220    0.0700    0.2736    0.2104    0.1023
 000139   Q  0.729581  0.359286  0.248235    0.1150    0.1643    0.2360    0.0890    0.2674    0.2071    0.1041
 000140   P  0.720066  0.376832  0.251791    0.0965    0.1852    0.2450    0.0930    0.2707    0.2049    0.1083
 000141   S  0.723390  0.373351  0.254593    0.1495    0.2575    0.2650    0.1110    0.2948    0.1892    0.1110
 000142   V  0.733019  0.381237  0.260148    0.1322    0.1671    0.2610    0.1050    0.2791    0.2046    0.1139
 000143   E  0.734000  0.371998  0.267555    0.1998    0.2436    0.2420    0.1160    0.2985    0.1880    0.1220
 000144   D  0.734833  0.369505  0.276998    0.1240    0.2575    0.2370    0.1170    0.2871    0.1989    0.1291
 000145   T  0.720105  0.375049  0.282553    0.1805    0.3249    0.2310    0.1070    0.3053    0.1820    0.1353
 000146   L  0.702229  0.377621  0.287206    0.1732    0.2399    0.2220    0.0910    0.2859    0.1829    0.1373
 000147   R  0.716960  0.360651  0.292325    0.2657    0.3149    0.2360    0.0810    0.3157    0.1695    0.1434
 000148   V  0.728063  0.359877  0.294436    0.1805    0.3053    0.2400    0.0570    0.3023    0.1841    0.1521
 000149   V  0.749292  0.368450  0.294621    0.2558    0.3053    0.2340    0.0800    0.3188    0.1824    0.1625
 000150   E  0.764067  0.381668  0.292080    0.2385    0.2951    0.2230    0.0780    0.3170    0.1916    0.1678
 000151   R  0.786836  0.372072  0.285142    0.1416    0.1852    0.2540    0.0960    0.2899    0.2191    0.1718
 000152   H  0.811243  0.400102  0.276299    0.1322    0.1823    0.2670    0.1240    0.2988    0.2294    0.1812
 000153   L  0.839594  0.402631  0.270609    0.1266    0.1583    0.2470    0.1320    0.2956    0.2442    0.1855
 000154   E  0.876605  0.402721  0.265445    0.1205    0.1449    0.2180    0.1130    0.2937    0.2615    0.1828
 000155   E  0.918885  0.401511  0.260590    0.0701    0.1583    0.2240    0.1260    0.2955    0.2816    0.1797
 000156   G  0.940249  0.401893  0.257223    0.0621    0.1501    0.2210    0.1320    0.2959    0.2914    0.1813
 000157   Y  0.967837  0.371412  0.244888    0.1292    0.1349    0.2070    0.1320    0.3018    0.2939    0.1831
 000158   R  0.889464  0.356148  0.236053    0.1380    0.1501    0.1910    0.1250    0.2874    0.2647    0.1817
 000159   R  0.810535  0.328103  0.225528    0.1150    0.1349    0.1800    0.1080    0.2614    0.2420    0.1823
 000160   I  0.799314  0.307465  0.215713    0.1667    0.2002    0.1780    0.1070    0.2752    0.2259    0.1876
 000161   K  0.766473  0.282373  0.203657    0.1060    0.1373    0.1530    0.0820    0.2408    0.2295    0.1983
 000162   L  0.685351  0.265925  0.190545    0.1150    0.0909    0.1490    0.0760    0.2177    0.2054    0.2101
 000163   K  0.628040  0.259820  0.176474    0.0744    0.0888    0.1430    0.0740    0.1990    0.1911    0.2173
 000164   I  0.627603  0.239931  0.172410    0.0813    0.1229    0.1450    0.0780    0.2028    0.1859    0.2268
 000165   K  0.614664  0.221849  0.169109    0.0771    0.0765    0.1170    0.0500    0.1846    0.1890    0.2420
 000166   P  0.512643  0.206347  0.164980    0.0643    0.0676    0.0930    0.0260    0.1574    0.1578    0.2605
 000167   G  0.491641  0.183921  0.157977    0.0405    0.0734    0.0850    0.0230    0.1458    0.1534    0.2727
 000168   W  0.470130  0.162552  0.153977    0.0643    0.1048    0.0810    0.0230    0.1471    0.1400    0.2864
 000169   D  0.374831  0.159576  0.149633    0.0771    0.0568    0.0740    0.0190    0.1238    0.1111    0.2999
 000170   Y  0.307265  0.159595  0.145838    0.0677    0.0734    0.0810    0.0210    0.1149    0.0867    0.3113
 000171   E  0.287702  0.149208  0.144006    0.0607    0.1373    0.0930    0.0280    0.1213    0.0750    0.3138
 000172   V  0.267208  0.152489  0.142269    0.0813    0.1206    0.1000    0.0350    0.1203    0.0646    0.3132
 000173   L  0.179891  0.158495  0.138466    0.1292    0.1942    0.1150    0.0440    0.1294    0.0363    0.3118
 000174   K  0.104411  0.173743  0.137567    0.1117    0.1298    0.1340    0.0550    0.1089    0.0319    0.3082
 000175   A  0.170009  0.188870  0.134651    0.1698    0.2193    0.1420    0.0590    0.1484    0.0361    0.3092
 000176   V  0.238545  0.220802  0.135000    0.1117    0.1942    0.1310    0.0580    0.1494    0.0533    0.3061
 000177   R  0.324055  0.241684  0.130111    0.0935    0.1759    0.1500    0.0620    0.1642    0.0797    0.3014
 000178   E  0.395053  0.268763  0.126215    0.0744    0.1501    0.1600    0.0800    0.1747    0.1085    0.3042
 000179   A  0.451160  0.297090  0.123433    0.1380    0.2575    0.1600    0.0750    0.2173    0.1162    0.3070
 000180   F  0.516651  0.311079  0.123853    0.1117    0.2436    0.1440    0.0640    0.2211    0.1434    0.3106
 000181   P  0.555804  0.331492  0.124572    0.1732    0.3019    0.1210    0.0480    0.2473    0.1537    0.3089
 000182   E  0.604280  0.380054  0.128453    0.1732    0.2034    0.1380    0.0470    0.2497    0.1722    0.3096
 000183   A  0.663324  0.395273  0.129024    0.1998    0.2645    0.1490    0.0570    0.2786    0.1859    0.3154
 000184   T  0.668850  0.381319  0.130046    0.1998    0.2609    0.1370    0.0380    0.2746    0.1881    0.3218
 000185   L  0.637113  0.390442  0.132635    0.2080    0.2328    0.1280    0.0290    0.2661    0.1800    0.3332
 000186   T  0.590431  0.433735  0.138796    0.1566    0.2752    0.1450    0.0320    0.2668    0.1713    0.3374
 000187   A  0.607648  0.440124  0.143333    0.1844    0.2575    0.1790    0.0490    0.2781    0.1693    0.3413
 000188   D  0.568128  0.456602  0.148879    0.1921    0.2328    0.1910    0.0510    0.2734    0.1586    0.3478
 000189   A  0.518964  0.477318  0.152229    0.1150    0.2258    0.1550    0.0340    0.2488    0.1642    0.3513
 000190   N  0.459391  0.468293  0.155037    0.1150    0.1759    0.1290    0.0230    0.2246    0.1543    0.3536
 000191   S  0.398714  0.445205  0.160757    0.1998    0.2752    0.1150    0.0220    0.2389    0.1241    0.3576
 000192   A  0.382101  0.426968  0.168758    0.1088    0.2364    0.1090    0.0200    0.2105    0.1287    0.3609
 000193   Y  0.355630  0.383974  0.178895    0.0991    0.1501    0.1100    0.0260    0.1831    0.1181    0.3604
 000194   S  0.354881  0.366643  0.187254    0.1178    0.1823    0.1020    0.0220    0.1873    0.1098    0.3518
 000195   L  0.342174  0.347270  0.198157    0.0660    0.1881    0.1140    0.0410    0.1763    0.1106    0.3438
 000196   A  0.280443  0.327901  0.208697    0.1205    0.1881    0.1250    0.0510    0.1737    0.0835    0.3323
 000197   N  0.267482  0.312392  0.219536    0.1322    0.1731    0.1400    0.0640    0.1709    0.0755    0.3278
 000198   L  0.248321  0.304781  0.229009    0.0935    0.1323    0.1420    0.0660    0.1535    0.0834    0.3217
 000199   A  0.253651  0.321753  0.242549    0.0858    0.1323    0.1300    0.0550    0.1539    0.0928    0.3159
 000200   Q  0.290433  0.328692  0.251296    0.0587    0.0967    0.1380    0.0580    0.1521    0.1096    0.3109
 000201   L  0.285004  0.346286  0.256905    0.0607    0.0506    0.1300    0.0560    0.1454    0.1216    0.3123
 000202   K  0.290957  0.355286  0.261951    0.0395    0.0555    0.1180    0.0500    0.1433    0.1291    0.3092
 000203   R  0.304105  0.364691  0.271391    0.0259    0.0704    0.1030    0.0350    0.1446    0.1362    0.3151
 000204   L  0.297428  0.373127  0.283914    0.0455    0.1424    0.0930    0.0290    0.1586    0.1281    0.3279
 000205   D  0.285135  0.358976  0.295139    0.0478    0.0929    0.0920    0.0380    0.1461    0.1306    0.3437
 000206   E  0.280919  0.335685  0.304255    0.1088    0.1275    0.0910    0.0440    0.1574    0.1127    0.3595
 000207   L  0.279032  0.339580  0.313516    0.0744    0.0929    0.0870    0.0450    0.1456    0.1257    0.3760
 000208   R  0.267515  0.340441  0.325744    0.0587    0.0909    0.0810    0.0420    0.1398    0.1314    0.3899
 000209   L  0.223058  0.326531  0.334545    0.0660    0.1554    0.0830    0.0400    0.1424    0.1203    0.4111
 000210   D  0.171840  0.333070  0.346650    0.0858    0.1206    0.0860    0.0330    0.1328    0.1238    0.4286
 000211   Y  0.121846  0.359669  0.355461    0.0832    0.0734    0.0890    0.0290    0.1213    0.1393    0.4206
 000212   I  0.071563  0.351699  0.360081    0.0884    0.1275    0.0930    0.0300    0.1220    0.1378    0.4087
 000213   E  0.049341  0.328856  0.362048    0.0542    0.1349    0.0960    0.0290    0.1105    0.1406    0.3897
 000214   Q  0.031741  0.336514  0.367512    0.0621    0.1206    0.1110    0.0330    0.1104    0.1448    0.3728
 000215   P  0.022793  0.351768  0.374461    0.1060    0.1823    0.1170    0.0320    0.1299    0.1437    0.3589
 000216   L  0.021478  0.358873  0.374651    0.0858    0.1162    0.1120    0.0240    0.1157    0.1505    0.3517
 000217   A  0.020870  0.368350  0.375738    0.0723    0.1162    0.1040    0.0230    0.1137    0.1549    0.3464
 000218   Y  0.066709  0.387193  0.382025    0.0771    0.1731    0.1040    0.0270    0.1346    0.1502    0.3415
 000219   D  0.122987  0.398869  0.384424    0.0832    0.1914    0.1120    0.0300    0.1514    0.1438    0.3424
 000220   D  0.169769  0.402583  0.387243    0.1349    0.1942    0.1560    0.0540    0.1763    0.1279    0.3478
 000221   L  0.205590  0.400811  0.387976    0.1416    0.1852    0.2080    0.0790    0.1902    0.1200    0.3501
 000222   L  0.214167  0.407088  0.389573    0.1292    0.2783    0.1990    0.0750    0.2046    0.1201    0.3564
 000223   D  0.222183  0.410181  0.386542    0.2122    0.3983    0.1960    0.0770    0.2398    0.1145    0.3663
 000224   H  0.226155  0.438301  0.381675    0.1998    0.2988    0.2250    0.1020    0.2314    0.1088    0.3783
 000225   A  0.259173  0.454572  0.376948    0.2292    0.2258    0.2520    0.1040    0.2368    0.1064    0.3987
 000226   K  0.309087  0.457767  0.368935    0.1205    0.1349    0.2780    0.0970    0.2167    0.1351    0.4176
 000227   L  0.313020  0.459149  0.364146    0.1380    0.2094    0.2600    0.0860    0.2300    0.1206    0.4274
 000228   Q  0.316826  0.454276  0.361321    0.1060    0.2503    0.2130    0.0820    0.2234    0.1263    0.4279
 000229   R  0.338058  0.426072  0.360426    0.1635    0.3356    0.2150    0.0770    0.2463    0.1077    0.4160
 000230   E  0.364646  0.392795  0.359156    0.1635    0.2470    0.2350    0.0810    0.2338    0.1026    0.4113
 000231   L  0.441240  0.368689  0.362324    0.1566    0.2470    0.2410    0.0930    0.2425    0.1134    0.4097
 000232   S  0.515794  0.356295  0.364635    0.1635    0.3215    0.2110    0.0940    0.2614    0.1292    0.4037
 000233   T  0.596432  0.337827  0.368730    0.2385    0.3704    0.1920    0.0850    0.2893    0.1423    0.3990
 000234   P  0.647842  0.322473  0.369591    0.2292    0.3774    0.1860    0.0760    0.2937    0.1606    0.3986
 000235   I  0.686225  0.326613  0.364485    0.2041    0.3667    0.1990    0.0800    0.2971    0.1732    0.3946
 000236   C  0.719446  0.318749  0.356296    0.2432    0.3667    0.2000    0.0850    0.3080    0.1784    0.3971
 000237   L  0.716774  0.342807  0.353949    0.2558    0.3631    0.1930    0.0760    0.3119    0.1763    0.3976
 000238   D  0.732515  0.361770  0.347724    0.3184    0.4369    0.1890    0.0810    0.3398    0.1767    0.3905
 000239   E  0.749232  0.372022  0.347408    0.3053    0.3983    0.1930    0.0700    0.3363    0.1813    0.3852
 000240   S  0.745797  0.394200  0.345270    0.3146    0.3149    0.2200    0.0670    0.3316    0.1774    0.3816
 000241   L  0.739703  0.422752  0.343010    0.2748    0.3182    0.2500    0.0700    0.3342    0.1748    0.3747
 000242   T  0.736071  0.432994  0.345709    0.2820    0.3182    0.2340    0.0800    0.3340    0.1753    0.3658
 000243   G  0.741859  0.467033  0.353129    0.2820    0.3182    0.2440    0.0900    0.3422    0.1776    0.3599
 000244   A  0.743443  0.499574  0.361575    0.2122    0.2849    0.2540    0.0890    0.3324    0.1917    0.3556
 000245   E  0.745032  0.532719  0.369145    0.1766    0.2503    0.2630    0.0900    0.3280    0.2044    0.3506
 000246   K  0.739388  0.543274  0.376471    0.2333    0.3356    0.2640    0.1070    0.3526    0.1866    0.3444
 000247   A  0.694651  0.549818  0.389877    0.3053    0.3321    0.2420    0.1050    0.3540    0.1689    0.3388
 000248   R  0.671921  0.540133  0.400855    0.3806    0.3053    0.2060    0.0840    0.3506    0.1662    0.3346
 000249   K  0.659527  0.488056  0.403513    0.3184    0.3087    0.1790    0.0670    0.3256    0.1663    0.3378
 000250   A  0.649761  0.457061  0.411568    0.2255    0.2292    0.1620    0.0550    0.2872    0.1820    0.3410
 000251   I  0.676134  0.426840  0.417993    0.2209    0.2258    0.1490    0.0490    0.2831    0.1908    0.3432
 000252   E  0.673981  0.382322  0.418332    0.2333    0.3321    0.1370    0.0390    0.2931    0.1818    0.3487
 000253   L  0.602918  0.346109  0.416342    0.2333    0.2951    0.1310    0.0350    0.2681    0.1637    0.3556
 000254   G  0.541012  0.310493  0.415431    0.2602    0.2884    0.1320    0.0380    0.2554    0.1452    0.3604
 000255   A  0.491655  0.297594  0.413715    0.2602    0.2364    0.1250    0.0330    0.2352    0.1380    0.3663
 000256   G  0.454239  0.276120  0.413347    0.2531    0.2193    0.1210    0.0300    0.2206    0.1328    0.3749
 000257   R  0.445362  0.235491  0.414938    0.1805    0.2224    0.1200    0.0320    0.2006    0.1381    0.3859
 000258   V  0.437260  0.241196  0.413873    0.1998    0.2541    0.1170    0.0300    0.2082    0.1332    0.3967
 000259   F  0.374797  0.267477  0.411600    0.1998    0.2609    0.1220    0.0300    0.2041    0.1199    0.4088
 000260   N  0.281269  0.297877  0.408764    0.2080    0.2849    0.1350    0.0270    0.2011    0.1083    0.4101
 000261   V  0.200330  0.341761  0.401225    0.2333    0.3087    0.1490    0.0300    0.2055    0.1092    0.4140
 000262   K  0.184518  0.377727  0.394776    0.3225    0.3182    0.1570    0.0320    0.2267    0.1120    0.4174
 000263   P  0.166222  0.403785  0.390672    0.3184    0.2988    0.1710    0.0490    0.2264    0.1146    0.4211
 000264   A  0.164471  0.411529  0.385142    0.3053    0.3117    0.1980    0.0730    0.2319    0.1105    0.4221
 000265   R  0.162918  0.435684  0.384081    0.3053    0.3149    0.2210    0.0910    0.2399    0.1120    0.4243
 000266   L  0.183973  0.442187  0.385229    0.2657    0.3149    0.2330    0.1010    0.2400    0.1091    0.4291
 000267   G  0.198240  0.462036  0.386930    0.2700    0.2399    0.2200    0.0920    0.2317    0.1154    0.4313
 000268   G  0.273160  0.476210  0.385061    0.2385    0.2164    0.2160    0.0820    0.2367    0.1166    0.4299
 000269   H  0.343271  0.499589  0.385237    0.2209    0.2988    0.2040    0.0760    0.2612    0.1192    0.4216
 000270   G  0.401371  0.511716  0.381774    0.2748    0.4017    0.1830    0.0560    0.2954    0.1224    0.4189
 000271   E  0.472274  0.505887  0.377231    0.2865    0.3599    0.1500    0.0350    0.2958    0.1337    0.4090
 000272   S  0.537852  0.497068  0.368377    0.3535    0.4220    0.1370    0.0290    0.3246    0.1429    0.4019
 000273   L  0.548643  0.464114  0.356661    0.3225    0.3356    0.1340    0.0210    0.3009    0.1418    0.3956
 000274   R  0.557702  0.462030  0.344945    0.2913    0.3392    0.1210    0.0210    0.2952    0.1481    0.3949
 000275   V  0.498523  0.426496  0.328987    0.2333    0.2884    0.1250    0.0240    0.2620    0.1340    0.3914
 000276   H  0.446439  0.408184  0.312445    0.2602    0.2002    0.1220    0.0220    0.2394    0.1242    0.3862
 000277   A  0.388190  0.373263  0.296628    0.2558    0.2399    0.1280    0.0220    0.2308    0.1006    0.3809
 000278   L  0.308484  0.328102  0.279122    0.1732    0.2399    0.1310    0.0190    0.1968    0.0849    0.3717
 000279   A  0.247893  0.294386  0.259752    0.1456    0.2399    0.1200    0.0290    0.1746    0.0765    0.3704
 000280   E  0.184606  0.281791  0.243637    0.1416    0.2034    0.1280    0.0280    0.1566    0.0673    0.3725
 000281   S  0.124825  0.269761  0.226446    0.1416    0.1373    0.1390    0.0290    0.1354    0.0665    0.3691
 000282   A  0.125338  0.246176  0.212637    0.1117    0.1349    0.1400    0.0250    0.1264    0.0609    0.3653
 000283   G  0.141720  0.235325  0.207109    0.0677    0.1184    0.1250    0.0230    0.1147    0.0660    0.3606
 000284   I  0.165133  0.223362  0.202355    0.1266    0.1759    0.1160    0.0240    0.1345    0.0509    0.3546
 000285   P  0.193936  0.206712  0.200346    0.1060    0.1298    0.1010    0.0230    0.1229    0.0561    0.3470
 000286   L  0.205263  0.181049  0.200566    0.1566    0.1823    0.0980    0.0210    0.1371    0.0493    0.3404
 000287   W  0.221412  0.169952  0.197420    0.1060    0.1731    0.0880    0.0200    0.1263    0.0579    0.3381
 000288   M  0.218461  0.172695  0.191888    0.1292    0.1731    0.0820    0.0230    0.1292    0.0547    0.3467
 000289   G  0.205351  0.177182  0.186376    0.1921    0.2470    0.0870    0.0300    0.1514    0.0573    0.3595
 000290   G  0.193159  0.197949  0.181318    0.1878    0.2849    0.0900    0.0290    0.1590    0.0641    0.3668
 000291   M  0.181937  0.216123  0.175605    0.1732    0.1914    0.1200    0.0430    0.1470    0.0413    0.3739
 000292   L  0.154788  0.243656  0.170339    0.1667    0.1969    0.1410    0.0390    0.1504    0.0440    0.3823
 000293   E  0.120607  0.285549  0.165649    0.1349    0.1554    0.1440    0.0420    0.1400    0.0612    0.3907
 000294   A  0.101981  0.337781  0.161829    0.1322    0.1349    0.1750    0.0450    0.1469    0.0814    0.3972
 000295   G  0.106249  0.359581  0.158354    0.1416    0.2193    0.2170    0.0680    0.1740    0.0859    0.4039
 000296   V  0.087235  0.369669  0.150467    0.1060    0.1275    0.2170    0.0610    0.1512    0.0989    0.4090
 000297   G  0.083341  0.373167  0.142330    0.1698    0.2164    0.1810    0.0610    0.1705    0.0928    0.4136
 000298   R  0.082138  0.361436  0.136655    0.1766    0.3149    0.1670    0.0680    0.1836    0.1014    0.4142
 000299   A  0.084695  0.326064  0.128430    0.2292    0.2436    0.1530    0.0590    0.1727    0.0835    0.4067
 000300   H  0.084796  0.299907  0.122340    0.2333    0.2541    0.1410    0.0510    0.1688    0.0802    0.3946
 000301   N  0.084941  0.270512  0.116698    0.1532    0.2503    0.1850    0.0660    0.1573    0.0697    0.3844
 000302   L  0.084750  0.258143  0.116019    0.1878    0.3182    0.1800    0.0520    0.1716    0.0816    0.3732
 000303   H  0.051824  0.252181  0.113914    0.2531    0.3983    0.1480    0.0430    0.1839    0.1148    0.3649
 000304   L  0.015718  0.247393  0.112044    0.2657    0.3910    0.1570    0.0490    0.1794    0.1216    0.3614
 000305   A  0.016261  0.257500  0.112073    0.2963    0.3566    0.1630    0.0610    0.1816    0.1169    0.3616
 000306   T  0.018621  0.282006  0.114753    0.3053    0.3566    0.2300    0.1030    0.1987    0.1181    0.3637
 000307   L  0.021640  0.291954  0.120719    0.3146    0.4186    0.2280    0.0870    0.2125    0.1319    0.3684
 000308   P  0.022062  0.325038  0.130579    0.3146    0.3948    0.1740    0.0650    0.2050    0.1306    0.3747
 000309   G  0.020375  0.356357  0.143522    0.3146    0.3983    0.2010    0.0540    0.2151    0.1333    0.3832
 000310   F  0.021682  0.389292  0.155679    0.3263    0.4220    0.2330    0.0640    0.2320    0.1413    0.3912
 000311   T  0.056527  0.467469  0.171562    0.3359    0.3286    0.2470    0.0700    0.2392    0.1338    0.4060
 000312   K  0.091742  0.521248  0.182746    0.3263    0.2292    0.2320    0.0680    0.2335    0.1379    0.4232
 000313   P  0.119042  0.548835  0.196252    0.3263    0.3215    0.2160    0.0640    0.2553    0.1409    0.4327
 000314   G  0.148065  0.548107  0.205299    0.2558    0.3356    0.2210    0.0670    0.2514    0.1347    0.4235
 000315   D  0.186863  0.517182  0.211718    0.3535    0.4220    0.2040    0.0670    0.2806    0.1295    0.4180
 000316   V  0.234203  0.517850  0.218536    0.4037    0.3631    0.2030    0.0760    0.2869    0.1206    0.4138
 000317   S  0.308339  0.510497  0.226795    0.4116    0.2988    0.2060    0.0870    0.2892    0.1120    0.4104
 000318   S  0.380009  0.437371  0.235198    0.4203    0.3910    0.2150    0.1010    0.3073    0.0963    0.4076
 000319   A  0.470462  0.433396  0.245013    0.3359    0.3807    0.1850    0.0790    0.3009    0.1084    0.4066
 000320   S  0.521888  0.423388  0.252255    0.3491    0.3529    0.1680    0.0630    0.3025    0.1212    0.4060
 000321   R  0.547197  0.401591  0.256918    0.4600    0.3807    0.1860    0.0690    0.3293    0.1279    0.4045
 000322   Y  0.580126  0.392466  0.265366    0.4245    0.3872    0.1910    0.0700    0.3292    0.1308    0.4116
 000323   W  0.617050  0.386091  0.272029    0.3630    0.3631    0.1700    0.0560    0.3165    0.1432    0.4238
 000324   E  0.628429  0.387277  0.276535    0.3535    0.3286    0.1600    0.0510    0.3096    0.1492    0.4264
 000325   E  0.626154  0.390121  0.280228    0.3225    0.3426    0.1600    0.0500    0.3069    0.1487    0.4273
 000326   D  0.608616  0.380572  0.281868    0.3005    0.3321    0.1780    0.0550    0.3000    0.1402    0.4275
 000327   I  0.585683  0.346055  0.284304    0.3806    0.3182    0.1870    0.0540    0.3029    0.1303    0.4272
 000328   V  0.520676  0.349034  0.287087    0.3847    0.2817    0.1740    0.0590    0.2850    0.1169    0.4308
 000329   E  0.532799  0.371191  0.288085    0.2963    0.3117    0.1830    0.0630    0.2825    0.1166    0.4315
 000330   E  0.578326  0.386187  0.287942    0.2820    0.2752    0.2000    0.0700    0.2869    0.1307    0.4273
 000331   A  0.618587  0.418044  0.286285    0.3096    0.3053    0.1940    0.0520    0.3076    0.1427    0.4238
 000332   L  0.647543  0.430779  0.284374    0.2483    0.3249    0.1730    0.0400    0.3041    0.1608    0.4210
 000333   E  0.684580  0.445796  0.280987    0.3456    0.4149    0.1470    0.0340    0.3397    0.1714    0.4232
 000334   A  0.729616  0.461593  0.279888    0.4333    0.4441    0.1480    0.0320    0.3694    0.1849    0.4284
 000335   K  0.763467  0.481334  0.277598    0.4149    0.4292    0.1420    0.0400    0.3718    0.1967    0.4294
 000336   D  0.802476  0.455020  0.272643    0.3263    0.3215    0.1430    0.0510    0.3414    0.2122    0.4267
 000337   G  0.840258  0.452328  0.267984    0.3146    0.3149    0.1490    0.0580    0.3451    0.2247    0.4260
 000338   L  0.773443  0.424386  0.260826    0.2963    0.3321    0.1530    0.0620    0.3298    0.2013    0.4233
 000339   M  0.698407  0.379975  0.248460    0.3630    0.3983    0.1520    0.0600    0.3320    0.1737    0.4268
 000340   P  0.611528  0.351622  0.233571    0.2700    0.3019    0.1580    0.0590    0.2822    0.1480    0.4324
 000341   V  0.516854  0.357715  0.218308    0.2531    0.2849    0.1720    0.0600    0.2641    0.1182    0.4262
 000342   P  0.432733  0.347552  0.202067    0.1921    0.2292    0.1400    0.0400    0.2236    0.1061    0.4174
 000343   E  0.357294  0.335389  0.190698    0.2531    0.3356    0.1180    0.0360    0.2333    0.0928    0.4108
 000344   G  0.303696  0.322832  0.176924    0.1602    0.2164    0.1000    0.0230    0.1839    0.0840    0.4044
 000345   V  0.259938  0.298725  0.166654    0.1998    0.1852    0.0940    0.0160    0.1730    0.0713    0.4011
 000346   G  0.237864  0.243551  0.157798    0.1292    0.2034    0.0900    0.0160    0.1507    0.0621    0.3989
 000347   I  0.229788  0.199008  0.148021    0.0771    0.1914    0.0850    0.0180    0.1304    0.0626    0.3952
 000348   G  0.198415  0.174020  0.135130    0.0813    0.1373    0.0710    0.0170    0.1103    0.0509    0.3895
 000349   V  0.183841  0.151534  0.125070    0.1322    0.2129    0.0690    0.0200    0.1249    0.0501    0.3809
 000350   H  0.180811  0.127635  0.114953    0.1060    0.1791    0.0630    0.0190    0.1095    0.0455    0.3752
 000351   L  0.173365  0.126140  0.107603    0.0965    0.0888    0.0610    0.0170    0.0910    0.0392    0.3739
 000352   K  0.176271  0.123538  0.101605    0.0858    0.1373    0.0580    0.0180    0.0968    0.0415    0.3722
 000353   L  0.148579  0.113059  0.091639    0.0376    0.1137    0.0590    0.0180    0.0786    0.0399    0.3753
 000354   P  0.117007  0.104739  0.084048    0.0376    0.0568    0.0560    0.0170    0.0621    0.0316    0.3690
 000355   F  0.090243  0.107056  0.080200    0.0336    0.0443    0.0800    0.0270    0.0591    0.0289    0.3643
 000356   V  0.069639  0.095296  0.076025    0.0286    0.0662    0.1570    0.0920    0.0694    0.0408    0.3572
 000357   E  0.074963  0.086525  0.072466    0.0212    0.0555    0.1770    0.0930    0.0693    0.0492    0.3495
 000358   R  0.087826  0.084732  0.068285    0.0387    0.0967    0.1720    0.0440    0.0799    0.0421    0.3395
 000359   V  0.101970  0.082648  0.063669    0.0279    0.0929    0.1400    0.0280    0.0743    0.0361    0.3388
 000360   T  0.119530  0.076475  0.057155    0.0441    0.1115    0.1080    0.0620    0.0766    0.0302    0.3415
 000361   L  0.120814  0.107916  0.054657    0.0567    0.0888    0.1660    0.0800    0.0900    0.0395    0.3419
 000362   W  0.134820  0.176604  0.053380    0.1322    0.1206    0.1820    0.1060    0.1244    0.0434    0.3386
 000363   Q  0.149328  0.264596  0.051714    0.1698    0.0985    0.2240    0.0870    0.1511    0.0722    0.3281
 000364   R  0.172573  0.382128  0.049962    0.2963    0.1373    0.3390    0.1090    0.2212    0.1184    0.3183
 000365   Y  0.212992  0.529339  0.046697    0.3146    0.0870    0.4060    0.1180    0.2583    0.1706    0.3175
 000366   M  0.244414  0.668752  0.045051    0.4600    0.1554    0.5350    0.0930    0.3439    0.2199    0.3165
 000367   S  0.245912  0.767884  0.044540    0.5711    0.2002    0.6420    0.1050    0.4045    0.2623    0.3157
 000368   A  0.359036  0.831963  0.043532    0.6035    0.1373    0.7570    0.0760    0.4481    0.2986    0.3152
 000369   S  0.395388  0.876863  0.042002    0.6442    0.1048    0.8700    0.0380    0.4818    0.3356    0.3189
