#RESNUM RES     VL-XT     VSL2B       VL3  IUPred-S  IUPred-L  PONDRFIT  FITERROR       MDP  MDPERROR   ANCHOR2
 000001   M  0.821157  0.788143  0.554658    0.8118    0.2645    0.9740    0.0140    0.7024    0.2313    0.3061
 000002   V  0.745724  0.766424  0.553413    0.7724    0.3249    0.9400    0.0380    0.6837    0.1957    0.3103
 000003   E  0.554227  0.721420  0.550192    0.7540    0.3910    0.9210    0.0330    0.6487    0.1711    0.3124
 000004   T  0.661466  0.651892  0.545587    0.7275    0.4051    0.9140    0.0380    0.6510    0.1565    0.3132
 000005   L  0.623438  0.563639  0.539778    0.7111    0.3215    0.9110    0.0420    0.6117    0.1785    0.3181
 000006   P  0.608663  0.479848  0.533275    0.6557    0.3631    0.9180    0.0270    0.5931    0.1727    0.3221
 000007   A  0.609691  0.424792  0.525594    0.5374    0.2884    0.8290    0.1030    0.5359    0.1660    0.3314
 000008   L  0.630503  0.407775  0.517636    0.5126    0.3392    0.7960    0.1070    0.5339    0.1485    0.3420
 000009   E  0.636931  0.400632  0.509919    0.3847    0.3740    0.7420    0.1240    0.5081    0.1392    0.3543
 000010   I  0.667673  0.416614  0.503122    0.3668    0.3117    0.7570    0.0860    0.5038    0.1604    0.3710
 000011   G  0.700450  0.461709  0.496105    0.3184    0.3087    0.7850    0.1090    0.5117    0.1787    0.3847
 000012   E  0.735739  0.481831  0.489666    0.2657    0.3529    0.7580    0.1130    0.5139    0.1816    0.3958
 000013   D  0.737130  0.488697  0.483966    0.3096    0.4256    0.6890    0.1100    0.5224    0.1479    0.4058
 000014   E  0.745804  0.482405  0.478876    0.2865    0.3774    0.5500    0.1720    0.4868    0.1433    0.4163
 000015   R  0.754178  0.462865  0.476396    0.2865    0.2609    0.4670    0.1960    0.4513    0.1613    0.4277
 000016   L  0.739075  0.443890  0.470462    0.3535    0.2399    0.4110    0.1660    0.4429    0.1520    0.4280
 000017   D  0.732495  0.436751  0.459603    0.2385    0.2399    0.3240    0.1580    0.4052    0.1697    0.4251
 000018   L  0.691625  0.397689  0.440822    0.1921    0.2034    0.2780    0.1320    0.3673    0.1718    0.4217
 000019   E  0.624558  0.364723  0.418948    0.3146    0.2752    0.2240    0.0980    0.3704    0.1294    0.4180
 000020   N  0.553051  0.327086  0.397692    0.2122    0.2575    0.2000    0.0780    0.3245    0.1227    0.4178
 000021   L  0.468804  0.287642  0.379082    0.2913    0.2399    0.1850    0.0760    0.3086    0.0926    0.4120
 000022   A  0.410806  0.252415  0.365031    0.2913    0.2002    0.1790    0.0700    0.2832    0.0834    0.4021
 000023   T  0.381720  0.204591  0.353427    0.1921    0.1942    0.1980    0.0710    0.2541    0.0808    0.3892
 000024   G  0.354365  0.187054  0.342613    0.1532    0.1791    0.2070    0.0650    0.2372    0.0803    0.3760
 000025   A  0.343066  0.167792  0.332320    0.1349    0.1759    0.2040    0.0520    0.2263    0.0813    0.3661
 000026   F  0.283340  0.173140  0.323224    0.1349    0.1969    0.2400    0.0790    0.2252    0.0644    0.3549
 000027   F  0.257668  0.176953  0.315753    0.2255    0.2470    0.2370    0.0760    0.2433    0.0413    0.3535
 000028   P  0.258089  0.200553  0.308734    0.2255    0.1671    0.2250    0.0610    0.2308    0.0445    0.3586
 000029   V  0.253427  0.219161  0.302750    0.2786    0.2436    0.2380    0.0740    0.2559    0.0275    0.3619
 000030   K  0.304584  0.226053  0.297431    0.1698    0.1643    0.2360    0.0650    0.2331    0.0548    0.3631
 000031   G  0.343404  0.238421  0.291761    0.1698    0.1349    0.2610    0.0680    0.2398    0.0705    0.3581
 000032   F  0.327523  0.252357  0.284295    0.1698    0.2034    0.3010    0.0710    0.2564    0.0550    0.3543
 000033   M  0.336079  0.268929  0.275018    0.1698    0.2436    0.3030    0.0710    0.2660    0.0518    0.3572
 000034   T  0.365879  0.298030  0.266049    0.1602    0.2002    0.2900    0.0700    0.2634    0.0672    0.3667
 000035   R  0.434615  0.351310  0.258141    0.1635    0.1914    0.2960    0.0910    0.2825    0.0923    0.3744
 000036   E  0.507796  0.375007  0.251367    0.1495    0.1528    0.2910    0.0910    0.2879    0.1256    0.3800
 000037   E  0.579682  0.418638  0.245292    0.2122    0.2783    0.2940    0.1280    0.3380    0.1257    0.3861
 000038   A  0.656009  0.434454  0.240352    0.2122    0.3948    0.3040    0.1160    0.3737    0.1486    0.3895
 000039   L  0.684701  0.414980  0.235506    0.2041    0.3667    0.2130    0.0740    0.3532    0.1681    0.3893
 000040   S  0.714255  0.404819  0.229836    0.2820    0.4507    0.2030    0.0570    0.3808    0.1736    0.3929
 000041   V  0.760183  0.379990  0.222616    0.3005    0.3948    0.1950    0.0550    0.3755    0.1871    0.3980
 000042   A  0.782452  0.376819  0.215120    0.3053    0.2918    0.1710    0.0450    0.3571    0.2013    0.4057
 000043   H  0.763713  0.374642  0.207121    0.3184    0.4119    0.1520    0.0470    0.3714    0.1972    0.4121
 000044   E  0.688181  0.345182  0.199227    0.2558    0.3631    0.1290    0.0430    0.3301    0.1791    0.4151
 000045   M  0.606837  0.341442  0.192123    0.2558    0.3807    0.1310    0.0500    0.3180    0.1542    0.4186
 000046   R  0.526623  0.316749  0.183546    0.1921    0.3019    0.1300    0.0500    0.2752    0.1304    0.4256
 000047   L  0.438809  0.284554  0.174241    0.1958    0.2129    0.1110    0.0300    0.2363    0.1041    0.4335
 000048   P  0.356333  0.262549  0.165535    0.1240    0.1373    0.0890    0.0200    0.1892    0.0920    0.4276
 000049   T  0.297803  0.242559  0.160144    0.1041    0.1643    0.0880    0.0230    0.1762    0.0736    0.4203
 000050   G  0.255260  0.199907  0.158330    0.1150    0.1424    0.0830    0.0200    0.1590    0.0562    0.4099
 000051   E  0.172199  0.173610  0.156101    0.1240    0.1349    0.0800    0.0190    0.1402    0.0323    0.4023
 000052   V  0.119059  0.132897  0.153582    0.1088    0.2002    0.0790    0.0240    0.1322    0.0379    0.3922
 000053   W  0.113699  0.099687  0.149797    0.1266    0.2224    0.0780    0.0250    0.1316    0.0463    0.3846
 000054   T  0.115078  0.082377  0.145899    0.1416    0.2470    0.0660    0.0200    0.1330    0.0586    0.3729
 000055   I  0.111583  0.070330  0.142224    0.1349    0.2224    0.0620    0.0180    0.1238    0.0533    0.3609
 000056   P  0.117535  0.066106  0.138337    0.1921    0.1942    0.0570    0.0180    0.1276    0.0541    0.3538
 000057   I  0.120381  0.068526  0.134592    0.1878    0.2034    0.0590    0.0200    0.1289    0.0543    0.3452
 000058   L  0.093527  0.078019  0.130680    0.1958    0.3053    0.0580    0.0220    0.1436    0.0848    0.3399
 000059   L  0.052818  0.097843  0.127141    0.1766    0.2783    0.0710    0.0330    0.1339    0.0759    0.3339
 000060   Q  0.058078  0.137458  0.124089    0.1958    0.2817    0.0970    0.0400    0.1489    0.0725    0.3270
 000061   F  0.049281  0.204597  0.121162    0.1921    0.2918    0.1540    0.0510    0.1687    0.0750    0.3226
 000062   R  0.051716  0.269821  0.119160    0.1844    0.2129    0.1820    0.0510    0.1700    0.0692    0.3189
 000063   E  0.047250  0.341051  0.117540    0.2602    0.2541    0.2070    0.0580    0.2045    0.0970    0.3179
 000064   K  0.044312  0.396275  0.117713    0.2820    0.2817    0.2540    0.0700    0.2293    0.1160    0.3146
 000065   P  0.043546  0.457378  0.118522    0.2432    0.1969    0.2530    0.0670    0.2188    0.1291    0.3192
 000066   R  0.101902  0.446496  0.121589    0.2333    0.2849    0.2630    0.0660    0.2418    0.1142    0.3258
 000067   V  0.152543  0.461604  0.123710    0.1322    0.2609    0.2060    0.0570    0.2228    0.1167    0.3363
 000068   G  0.236978  0.462673  0.124634    0.1878    0.3460    0.1350    0.0300    0.2489    0.1206    0.3514
 000069   P  0.312728  0.449522  0.122927    0.2531    0.4330    0.1250    0.0270    0.2828    0.1307    0.3623
 000070   G  0.348212  0.416819  0.120929    0.3225    0.5017    0.1310    0.0410    0.3069    0.1399    0.3746
 000071   N  0.387908  0.390278  0.119327    0.3311    0.4256    0.1120    0.0440    0.2944    0.1294    0.3866
 000072   T  0.397656  0.358211  0.119261    0.4245    0.5098    0.1110    0.0380    0.3201    0.1518    0.3998
 000073   V  0.402812  0.325877  0.120561    0.3491    0.4369    0.1000    0.0360    0.2891    0.1317    0.4109
 000074   A  0.409851  0.287762  0.122827    0.3053    0.3460    0.1030    0.0410    0.2624    0.1127    0.4240
 000075   L  0.396622  0.257133  0.124380    0.2255    0.3566    0.1140    0.0460    0.2457    0.1062    0.4300
 000076   L  0.382513  0.243120  0.125251    0.1380    0.2645    0.1570    0.0700    0.2184    0.0900    0.4214
 000077   H  0.331538  0.256939  0.125420    0.1532    0.2436    0.1990    0.0790    0.2182    0.0686    0.4167
 000078   G  0.310602  0.263813  0.125541    0.1602    0.3182    0.1860    0.0520    0.2274    0.0743    0.4200
 000079   G  0.326426  0.275817  0.126186    0.1349    0.2918    0.1610    0.0360    0.2194    0.0807    0.4241
 000080   E  0.335749  0.281028  0.127964    0.1322    0.1791    0.1480    0.0350    0.2006    0.0795    0.4274
 000081   R  0.370425  0.281011  0.130237    0.1060    0.1881    0.1580    0.0500    0.2056    0.0922    0.4314
 000082   V  0.424062  0.256093  0.133273    0.0621    0.1162    0.1620    0.0670    0.1922    0.1190    0.4331
 000083   A  0.479666  0.229494  0.136352    0.0677    0.1162    0.1520    0.0760    0.1969    0.1353    0.4331
 000084   L  0.497904  0.197221  0.139938    0.0621    0.1048    0.1450    0.0680    0.1912    0.1432    0.4331
 000085   L  0.529205  0.178044  0.143025    0.0813    0.1275    0.1350    0.0590    0.1991    0.1503    0.4300
 000086   H  0.567947  0.163228  0.145650    0.0832    0.1643    0.1330    0.0540    0.2095    0.1626    0.4242
 000087   V  0.561421  0.163472  0.147987    0.1602    0.1611    0.1210    0.0390    0.2193    0.1537    0.4171
 000088   A  0.558974  0.185812  0.150032    0.1322    0.1399    0.1180    0.0320    0.2142    0.1556    0.4161
 000089   E  0.545376  0.202774  0.152010    0.0813    0.1323    0.1270    0.0380    0.2067    0.1557    0.4179
 000090   A  0.542859  0.228219  0.154135    0.0643    0.1137    0.1470    0.0540    0.2084    0.1574    0.4176
 000091   Y  0.533109  0.256095  0.156303    0.0542    0.0719    0.1630    0.0650    0.2058    0.1607    0.4187
 000092   E  0.513869  0.270475  0.159062    0.0455    0.0389    0.1810    0.0730    0.2014    0.1609    0.4228
 000093   L  0.509239  0.277097  0.161804    0.0490    0.0592    0.1970    0.0790    0.2089    0.1556    0.4320
 000094   D  0.522565  0.281194  0.163672    0.0316    0.0749    0.1840    0.0860    0.2097    0.1611    0.4271
 000095   L  0.531366  0.256637  0.162932    0.0502    0.1229    0.1830    0.0890    0.2179    0.1534    0.4184
 000096   E  0.533610  0.221230  0.160323    0.0832    0.1823    0.1690    0.0810    0.2250    0.1440    0.4099
 000097   A  0.548565  0.197574  0.155756    0.0884    0.1914    0.1420    0.0640    0.2207    0.1510    0.3978
 000098   L  0.590751  0.176798  0.153930    0.1266    0.2645    0.1240    0.0530    0.2394    0.1640    0.3849
 000099   A  0.604070  0.174694  0.155493    0.1602    0.2951    0.1160    0.0460    0.2509    0.1673    0.3764
 000100   R  0.616123  0.180928  0.163579    0.1456    0.3087    0.1150    0.0330    0.2549    0.1726    0.3659
 000101   A  0.611751  0.217971  0.174644    0.1732    0.3356    0.1210    0.0300    0.2723    0.1656    0.3520
 000102   V  0.592109  0.265007  0.188625    0.2786    0.3566    0.1400    0.0430    0.3035    0.1462    0.3418
 000103   F  0.527715  0.323065  0.202848    0.2558    0.3182    0.1690    0.0550    0.2995    0.1163    0.3356
 000104   G  0.464337  0.377944  0.218289    0.2820    0.3910    0.1820    0.0580    0.3192    0.1001    0.3407
 000105   T  0.429035  0.432953  0.233732    0.2432    0.3019    0.1840    0.0570    0.3042    0.0960    0.3481
 000106   D  0.385857  0.454783  0.250360    0.3311    0.2918    0.1900    0.0500    0.3174    0.0866    0.3547
 000107   S  0.343943  0.457730  0.268065    0.2483    0.2817    0.1930    0.0470    0.2988    0.0839    0.3603
 000108   E  0.300197  0.435848  0.288034    0.2122    0.3053    0.1840    0.0450    0.2876    0.0805    0.3669
 000109   T  0.253250  0.457699  0.309709    0.3005    0.3840    0.1800    0.0470    0.3142    0.0888    0.3731
 000110   H  0.282579  0.441779  0.331889    0.3359    0.4369    0.1860    0.0520    0.3359    0.0881    0.3796
 000111   P  0.307905  0.427266  0.353999    0.3456    0.3529    0.1870    0.0570    0.3292    0.0726    0.3915
 000112   G  0.366014  0.429200  0.376280    0.4078    0.3529    0.1880    0.0560    0.3534    0.0782    0.4041
 000113   V  0.440325  0.417864  0.398366    0.3992    0.3356    0.1890    0.0550    0.3635    0.0841    0.4134
 000114   A  0.487185  0.403612  0.419256    0.4781    0.4119    0.1860    0.0550    0.3978    0.0998    0.4182
 000115   R  0.532538  0.402141  0.439686    0.4333    0.4119    0.1910    0.0540    0.4017    0.1034    0.4188
 000116   L  0.551368  0.408155  0.460173    0.4078    0.3948    0.2070    0.0610    0.4049    0.1030    0.4163
 000117   Y  0.600854  0.422435  0.482100    0.3992    0.3149    0.2100    0.0630    0.4050    0.1229    0.4180
 000118   G  0.599584  0.444112  0.504850    0.3992    0.3286    0.2170    0.0660    0.4156    0.1223    0.4204
 000119   K  0.554181  0.451206  0.527264    0.3263    0.2470    0.2230    0.0640    0.3881    0.1304    0.4238
 000120   G  0.575429  0.442332  0.548213    0.3263    0.1643    0.2240    0.0690    0.3801    0.1550    0.4241
 000121   P  0.600917  0.447806  0.568263    0.2657    0.1583    0.2320    0.0930    0.3788    0.1698    0.4203
 000122   Y  0.609344  0.454159  0.588801    0.1878    0.1583    0.2780    0.1380    0.3793    0.1818    0.4157
 000123   A  0.641911  0.454829  0.609610    0.1921    0.1501    0.2840    0.1410    0.3888    0.1931    0.4124
 000124   L  0.678601  0.469808  0.628288    0.2748    0.2364    0.2800    0.1400    0.4280    0.1764    0.4118
 000125   A  0.724732  0.427023  0.644638    0.3005    0.2575    0.2460    0.1080    0.4333    0.1886    0.4146
 000126   G  0.754630  0.479556  0.658802    0.3225    0.2752    0.2120    0.0810    0.4505    0.2003    0.4189
 000127   R  0.842565  0.498056  0.673011    0.3847    0.3807    0.2050    0.0820    0.4973    0.2089    0.4242
 000128   V  0.915817  0.506836  0.688511    0.4651    0.3872    0.2110    0.0800    0.5290    0.2240    0.4262
 000129   E  0.929057  0.541627  0.704614    0.4825    0.3983    0.2300    0.0820    0.5476    0.2228    0.4267
 000130   V  0.930656  0.573394  0.719871    0.4116    0.3983    0.2630    0.0960    0.5495    0.2231    0.4263
 000131   L  0.929301  0.586594  0.731768    0.4037    0.4087    0.2790    0.1000    0.5565    0.2209    0.4291
 000132   K  0.923594  0.628658  0.741162    0.3847    0.4051    0.2940    0.1040    0.5629    0.2217    0.4305
 000133   P  0.920442  0.664213  0.748710    0.4600    0.5139    0.3120    0.1160    0.6033    0.1994    0.4236
 000134   R  0.912832  0.697805  0.755789    0.5008    0.5577    0.3670    0.1310    0.6320    0.1787    0.4154
 000135   P  0.916976  0.711051  0.762116    0.5412    0.5707    0.4220    0.1580    0.6540    0.1621    0.4075
 000136   R  0.895142  0.727838  0.768414    0.5514    0.6043    0.4670    0.1550    0.6690    0.1434    0.4025
 000137   T  0.878732  0.747796  0.773414    0.4825    0.5620    0.4830    0.1470    0.6546    0.1531    0.3987
 000138   P  0.862603  0.765045  0.775136    0.4825    0.4476    0.4780    0.1530    0.6352    0.1690    0.3948
 000139   L  0.810080  0.770278  0.769711    0.5253    0.4051    0.5400    0.1780    0.6368    0.1532    0.3939
 000140   E  0.759263  0.763118  0.758917    0.4600    0.3910    0.5420    0.2000    0.6124    0.1543    0.3917
 000141   K  0.703543  0.745290  0.743885    0.4379    0.4685    0.5390    0.2150    0.6063    0.1288    0.3909
 000142   T  0.688860  0.726093  0.727717    0.4918    0.5577    0.5630    0.2310    0.6259    0.0922    0.3918
 000143   P  0.691500  0.694731  0.709594    0.5008    0.5620    0.5300    0.2110    0.6148    0.0858    0.3943
 000144   E  0.696153  0.650587  0.691812    0.4749    0.4149    0.5370    0.2070    0.5775    0.1089    0.3958
 000145   E  0.714429  0.597845  0.674927    0.4825    0.4186    0.5270    0.2150    0.5692    0.1042    0.4012
 000146   V  0.729432  0.540158  0.657962    0.3491    0.3910    0.5110    0.2300    0.5297    0.1346    0.4096
 000147   R  0.739865  0.479950  0.640090    0.3535    0.3286    0.4780    0.2250    0.5034    0.1465    0.4171
 000148   A  0.730182  0.460095  0.620666    0.3535    0.2503    0.4790    0.2300    0.4823    0.1589    0.4269
 000149   F  0.721748  0.407995  0.600617    0.2657    0.2002    0.5310    0.2460    0.4545    0.1831    0.4322
 000150   F  0.779142  0.375526  0.581286    0.2700    0.1731    0.5250    0.2820    0.4506    0.2024    0.4303
 000151   R  0.792803  0.353123  0.563012    0.2602    0.1731    0.4920    0.2410    0.4391    0.2055    0.4284
 000152   Q  0.786580  0.319908  0.544885    0.1698    0.1852    0.4900    0.2230    0.4161    0.2170    0.4279
 000153   R  0.784846  0.331704  0.524962    0.1732    0.1731    0.5000    0.2240    0.4147    0.2161    0.4247
 000154   G  0.697658  0.317718  0.503947    0.1602    0.1643    0.4760    0.1890    0.3866    0.1932    0.4207
 000155   W  0.693835  0.305568  0.484244    0.1566    0.1323    0.4580    0.2120    0.3718    0.1966    0.4158
 000156   R  0.697213  0.288897  0.466906    0.1698    0.1424    0.3590    0.2050    0.3540    0.1886    0.4135
 000157   K  0.763236  0.266999  0.451814    0.1998    0.2064    0.2340    0.1370    0.3536    0.2019    0.4132
 000158   V  0.775713  0.245145  0.436514    0.2292    0.2064    0.1850    0.0970    0.3464    0.2090    0.4089
 000159   V  0.735465  0.264824  0.419726    0.2385    0.2034    0.1780    0.0820    0.3400    0.1931    0.4086
 000160   A  0.632517  0.239866  0.401439    0.3005    0.3149    0.2190    0.1310    0.3514    0.1386    0.4073
 000161   F  0.538210  0.266287  0.382116    0.3359    0.4369    0.1960    0.0880    0.3592    0.1114    0.4035
 000162   Q  0.473903  0.308303  0.361490    0.3399    0.3460    0.1740    0.0470    0.3340    0.0882    0.4073
 000163   T  0.466358  0.349788  0.339484    0.3263    0.2575    0.2370    0.1010    0.3293    0.0742    0.4098
 000164   R  0.377152  0.392889  0.316671    0.2432    0.1731    0.3000    0.1390    0.3005    0.0755    0.4125
 000165   N  0.281696  0.424906  0.294066    0.1635    0.1702    0.3280    0.1670    0.2770    0.0904    0.4131
 000166   A  0.194472  0.410473  0.271427    0.1878    0.1914    0.2940    0.1310    0.2582    0.0797    0.4162
 000167   P  0.158312  0.412495  0.248546    0.1844    0.1942    0.2370    0.1050    0.2391    0.0834    0.4221
 000168   H  0.133144  0.378682  0.226041    0.1150    0.1275    0.2250    0.0780    0.2010    0.0915    0.4270
 000169   R  0.157597  0.364847  0.204524    0.1698    0.1914    0.2520    0.0900    0.2233    0.0700    0.4286
 000170   A  0.184056  0.309664  0.187441    0.1495    0.1759    0.2050    0.0660    0.2020    0.0509    0.4196
 000171   H  0.190356  0.294116  0.173618    0.1667    0.1731    0.1510    0.0480    0.1914    0.0474    0.4087
 000172   E  0.218222  0.245985  0.163338    0.1635    0.2849    0.1040    0.0320    0.1967    0.0597    0.3949
 000173   Y  0.238939  0.216207  0.153541    0.1292    0.2752    0.0900    0.0260    0.1838    0.0648    0.3928
 000174   L  0.244862  0.188451  0.145594    0.1322    0.1969    0.0790    0.0230    0.1645    0.0529    0.3861
 000175   I  0.254844  0.170120  0.137918    0.1416    0.1323    0.0650    0.0190    0.1503    0.0564    0.3691
 000176   R  0.267401  0.151149  0.131585    0.0935    0.0799    0.0510    0.0180    0.1291    0.0700    0.3484
 000177   L  0.251943  0.135990  0.125569    0.0677    0.0985    0.0510    0.0170    0.1219    0.0653    0.3271
 000178   G  0.257941  0.124972  0.120624    0.0363    0.0967    0.0520    0.0140    0.1148    0.0719    0.3094
 000179   L  0.235080  0.124696  0.116048    0.0376    0.0543    0.0580    0.0140    0.1043    0.0668    0.2909
 000180   E  0.196215  0.132212  0.111864    0.0478    0.0327    0.0590    0.0160    0.0966    0.0567    0.2725
 000181   L  0.165812  0.138865  0.108430    0.0327    0.0398    0.0630    0.0200    0.0915    0.0500    0.2555
 000182   A  0.146073  0.142613  0.105758    0.0157    0.0320    0.0710    0.0280    0.0855    0.0505    0.2394
 000183   D  0.141300  0.147309  0.104962    0.0160    0.0294    0.0750    0.0320    0.0857    0.0507    0.2242
 000184   G  0.155017  0.138204  0.104924    0.0245    0.0518    0.0840    0.0350    0.0930    0.0456    0.2065
 000185   V  0.143601  0.122824  0.104627    0.0387    0.0985    0.0820    0.0310    0.0983    0.0330    0.1900
 000186   L  0.164061  0.110253  0.102988    0.0587    0.1702    0.0730    0.0170    0.1132    0.0419    0.1840
 000187   V  0.134796  0.119022  0.101266    0.0771    0.1759    0.0710    0.0120    0.1132    0.0357    0.1820
 000188   H  0.181564  0.136534  0.100472    0.1380    0.1528    0.0830    0.0220    0.1320    0.0326    0.1863
 000189   P  0.223250  0.169991  0.100811    0.1456    0.1702    0.1370    0.0540    0.1577    0.0375    0.1870
 000190   I  0.230659  0.196542  0.101154    0.1322    0.2575    0.2140    0.0730    0.1887    0.0549    0.1874
 000191   L  0.228576  0.259371  0.100512    0.1566    0.2575    0.2240    0.0760    0.2045    0.0576    0.1934
 000192   G  0.271288  0.328488  0.099739    0.2385    0.2752    0.2360    0.0790    0.2415    0.0704    0.1999
 000193   A  0.289025  0.427045  0.100406    0.2865    0.2164    0.2680    0.0980    0.2646    0.0973    0.2060
 000194   K  0.283535  0.489373  0.103176    0.1921    0.1501    0.3110    0.0880    0.2549    0.1271    0.2125
 000195   K  0.260891  0.526491  0.106346    0.1205    0.1583    0.3080    0.0880    0.2468    0.1447    0.2185
 000196   P  0.269938  0.524261  0.108566    0.1117    0.1914    0.2730    0.0930    0.2465    0.1406    0.2282
 000197   D  0.230141  0.499690  0.109439    0.1844    0.1823    0.2390    0.0930    0.2409    0.1232    0.2325
 000198   D  0.197670  0.450973  0.109957    0.2167    0.2609    0.2120    0.0880    0.2413    0.1041    0.2293
 000199   F  0.226497  0.384598  0.110921    0.1380    0.2258    0.1730    0.0590    0.2098    0.0889    0.2184
 000200   P  0.252294  0.356312  0.113310    0.1266    0.1323    0.1180    0.0380    0.1831    0.0910    0.2104
 000201   T  0.214088  0.309226  0.116643    0.1698    0.1349    0.1080    0.0420    0.1754    0.0697    0.2016
 000202   E  0.166703  0.247642  0.119869    0.1805    0.2034    0.0960    0.0420    0.1690    0.0504    0.1837
 000203   V  0.167585  0.187010  0.122763    0.1178    0.2094    0.0870    0.0310    0.1487    0.0426    0.1625
 000204   I  0.167733  0.148235  0.125434    0.1456    0.1424    0.0710    0.0190    0.1334    0.0305    0.1489
 000205   V  0.206318  0.122119  0.127632    0.1667    0.0909    0.0580    0.0120    0.1286    0.0482    0.1401
 000206   E  0.259740  0.099217  0.129196    0.1117    0.1048    0.0530    0.0110    0.1262    0.0641    0.1344
 000207   A  0.301383  0.087955  0.129590    0.0526    0.0985    0.0480    0.0090    0.1196    0.0859    0.1289
 000208   Y  0.315746  0.084497  0.130090    0.0587    0.1007    0.0460    0.0080    0.1226    0.0906    0.1257
 000209   Q  0.295765  0.078840  0.130482    0.0567    0.0967    0.0490    0.0150    0.1179    0.0839    0.1271
 000210   A  0.292131  0.075391  0.131334    0.1266    0.1251    0.0510    0.0170    0.1337    0.0768    0.1294
 000211   L  0.290097  0.090716  0.131742    0.1018    0.0929    0.0490    0.0150    0.1260    0.0773    0.1315
 000212   I  0.287585  0.102327  0.131053    0.0567    0.0454    0.0490    0.0170    0.1120    0.0844    0.1336
 000213   R  0.277145  0.116327  0.129690    0.0414    0.0218    0.0520    0.0170    0.1064    0.0857    0.1440
 000214   D  0.233904  0.134160  0.127140    0.0387    0.0327    0.0570    0.0180    0.1039    0.0706    0.1562
 000215   F  0.178251  0.140889  0.124540    0.0350    0.0341    0.0620    0.0190    0.0958    0.0552    0.1643
 000216   L  0.133989  0.136809  0.122495    0.0587    0.0433    0.0660    0.0190    0.0936    0.0383    0.1720
 000217   P  0.092808  0.139162  0.121455    0.0279    0.0424    0.0710    0.0170    0.0825    0.0399    0.1801
 000218   Q  0.092946  0.143563  0.120444    0.0274    0.0605    0.0760    0.0190    0.0869    0.0381    0.1870
 000219   E  0.097061  0.136749  0.118438    0.0490    0.0870    0.0690    0.0170    0.0929    0.0292    0.1932
 000220   R  0.097249  0.130439  0.116088    0.0542    0.0799    0.0610    0.0150    0.0899    0.0276    0.1931
 000221   V  0.095170  0.121006  0.114961    0.0478    0.0543    0.0590    0.0170    0.0820    0.0296    0.1927
 000222   A  0.096246  0.119259  0.114492    0.0813    0.0765    0.0530    0.0150    0.0901    0.0229    0.1945
 000223   F  0.136466  0.109268  0.114792    0.0701    0.1298    0.0590    0.0230    0.1033    0.0289    0.1966
 000224   F  0.166965  0.108478  0.114589    0.0554    0.1476    0.0600    0.0210    0.1089    0.0411    0.1922
 000225   G  0.192920  0.115285  0.114258    0.0502    0.1424    0.0580    0.0260    0.1122    0.0486    0.1887
 000226   L  0.182968  0.127167  0.113666    0.1060    0.2470    0.0670    0.0280    0.1406    0.0588    0.1864
 000227   A  0.170107  0.145774  0.113474    0.1667    0.2988    0.0960    0.0440    0.1651    0.0655    0.1861
 000228   T  0.156786  0.167317  0.114095    0.1566    0.2094    0.1110    0.0400    0.1525    0.0334    0.1834
 000229   P  0.145773  0.203306  0.115129    0.1178    0.1137    0.1260    0.0410    0.1369    0.0316    0.1786
 000230   M  0.138254  0.242080  0.115120    0.0660    0.1092    0.1700    0.0600    0.1402    0.0554    0.1714
 000231   R  0.139960  0.271626  0.113926    0.0376    0.0929    0.1960    0.0580    0.1419    0.0750    0.1706
 000232   Y  0.098513  0.327907  0.111660    0.0643    0.0835    0.2410    0.0850    0.1544    0.0963    0.1680
 000233   A  0.068388  0.394145  0.109466    0.0643    0.0646    0.2470    0.0790    0.1580    0.1235    0.1639
 000234   G  0.034334  0.421453  0.107192    0.0701    0.1229    0.2330    0.0660    0.1648    0.1301    0.1564
 000235   P  0.033129  0.412695  0.104876    0.0858    0.2094    0.1920    0.0570    0.1730    0.1231    0.1516
 000236   K  0.033852  0.413103  0.102714    0.0858    0.2193    0.1450    0.0560    0.1667    0.1240    0.1462
 000237   E  0.034397  0.356387  0.101649    0.1495    0.1914    0.1230    0.0460    0.1593    0.1002    0.1415
 000238   A  0.034200  0.283440  0.101439    0.1844    0.2193    0.1310    0.0390    0.1590    0.0811    0.1315
 000239   V  0.033266  0.216799  0.101571    0.1041    0.1852    0.1190    0.0320    0.1266    0.0598    0.1232
 000240   F  0.022795  0.176670  0.101214    0.0832    0.1702    0.0980    0.0260    0.1087    0.0526    0.1168
 000241   H  0.016344  0.147998  0.100409    0.0965    0.2064    0.0830    0.0220    0.1085    0.0584    0.1146
 000242   A  0.006163  0.138956  0.099894    0.0965    0.1184    0.0710    0.0160    0.0885    0.0423    0.1105
 000243   L  0.004846  0.150019  0.099925    0.1635    0.1251    0.0670    0.0130    0.1018    0.0537    0.1086
 000244   V  0.003150  0.178008  0.100269    0.1178    0.0985    0.0620    0.0150    0.0934    0.0531    0.1072
 000245   R  0.002214  0.203355  0.100659    0.0701    0.0985    0.0620    0.0210    0.0895    0.0604    0.1084
 000246   K  0.001357  0.217309  0.100849    0.0387    0.0851    0.0630    0.0240    0.0843    0.0676    0.1095
 000247   N  0.001481  0.216078  0.100657    0.0350    0.0888    0.0570    0.0180    0.0832    0.0679    0.1128
 000248   F  0.001630  0.203393  0.100263    0.0327    0.0851    0.0580    0.0170    0.0801    0.0640    0.1159
 000249   G  0.001831  0.182528  0.100145    0.0441    0.0851    0.0590    0.0180    0.0787    0.0560    0.1242
 000250   A  0.004434  0.173305  0.100373    0.0677    0.1251    0.0620    0.0210    0.0888    0.0530    0.1307
 000251   T  0.007097  0.165960  0.100319    0.1018    0.1528    0.0610    0.0210    0.0982    0.0537    0.1377
 000252   H  0.006921  0.169121  0.098579    0.0991    0.1501    0.0620    0.0200    0.0976    0.0538    0.1391
 000253   F  0.009300  0.179217  0.096165    0.0744    0.1823    0.0680    0.0170    0.1016    0.0618    0.1377
 000254   L  0.012939  0.210259  0.092893    0.1205    0.1583    0.0740    0.0170    0.1115    0.0625    0.1371
 000255   V  0.013750  0.244822  0.089422    0.1805    0.1399    0.0880    0.0200    0.1260    0.0738    0.1359
 000256   G  0.014416  0.280134  0.085767    0.1041    0.1449    0.1120    0.0310    0.1236    0.0804    0.1344
 000257   R  0.015046  0.285545  0.082479    0.0587    0.1671    0.1580    0.0510    0.1277    0.0884    0.1329
 000258   D  0.015321  0.300835  0.079653    0.0587    0.0929    0.1810    0.0600    0.1213    0.0944    0.1282
 000259   H  0.016447  0.297387  0.076651    0.1349    0.1476    0.1820    0.0570    0.1425    0.0874    0.1220
 000260   A  0.018268  0.289439  0.073444    0.0832    0.1229    0.1840    0.0550    0.1286    0.0878    0.1137
 000261   G  0.021951  0.296905  0.071224    0.0832    0.1449    0.1750    0.0460    0.1322    0.0889    0.1088
 000262   V  0.022809  0.319887  0.070003    0.0643    0.1373    0.1870    0.0520    0.1336    0.0989    0.1058
 000263   G  0.026764  0.342725  0.069369    0.0587    0.0780    0.1720    0.0420    0.1246    0.1072    0.1082
 000264   D  0.028132  0.356569  0.068779    0.1060    0.0780    0.1630    0.0410    0.1334    0.1078    0.1156
 000265   F  0.031706  0.339363  0.068508    0.1041    0.1323    0.1570    0.0370    0.1388    0.0985    0.1243
 000266   Y  0.037964  0.306886  0.069093    0.0813    0.1881    0.1400    0.0330    0.1372    0.0904    0.1324
 000267   D  0.043353  0.265084  0.070371    0.0884    0.1229    0.1170    0.0280    0.1179    0.0712    0.1440
 000268   P  0.045510  0.226480  0.071112    0.0858    0.1399    0.0910    0.0160    0.1099    0.0593    0.1565
 000269   Y  0.046571  0.179222  0.071616    0.0425    0.1528    0.0810    0.0140    0.0957    0.0521    0.1723
 000270   A  0.047933  0.156747  0.072024    0.0526    0.0929    0.0690    0.0150    0.0818    0.0365    0.1942
 000271   A  0.049955  0.161611  0.073664    0.0789    0.1137    0.0690    0.0130    0.0911    0.0368    0.2197
 000272   H  0.050903  0.168933  0.076270    0.0455    0.0646    0.0740    0.0190    0.0800    0.0413    0.2442
 000273   R  0.067495  0.165633  0.079055    0.0723    0.1048    0.0800    0.0220    0.0950    0.0337    0.2676
 000274   I  0.076670  0.167679  0.082035    0.0441    0.0618    0.0820    0.0230    0.0858    0.0390    0.2848
 000275   F  0.079589  0.184436  0.085147    0.0478    0.0380    0.0770    0.0230    0.0853    0.0476    0.2967
 000276   D  0.083669  0.181795  0.088725    0.0587    0.0749    0.0710    0.0250    0.0931    0.0408    0.2991
 000277   R  0.085805  0.176606  0.092578    0.0677    0.0870    0.0610    0.0220    0.0951    0.0381    0.3028
 000278   L  0.084457  0.166902  0.096744    0.0643    0.0835    0.0590    0.0200    0.0925    0.0356    0.3020
 000279   P  0.083468  0.153858  0.101592    0.0336    0.0592    0.0520    0.0180    0.0807    0.0393    0.2999
 000280   P  0.078480  0.138383  0.107247    0.0587    0.0704    0.0520    0.0190    0.0842    0.0299    0.2983
 000281   L  0.071109  0.137277  0.113683    0.0621    0.0433    0.0540    0.0220    0.0802    0.0338    0.2982
 000282   G  0.054718  0.132722  0.120293    0.0554    0.0555    0.0550    0.0220    0.0789    0.0339    0.3040
 000283   I  0.041365  0.122689  0.126954    0.0376    0.0334    0.0620    0.0300    0.0707    0.0393    0.3144
 000284   E  0.031713  0.132640  0.133411    0.0395    0.0398    0.0640    0.0310    0.0735    0.0432    0.3170
 000285   I  0.022376  0.128050  0.140096    0.0316    0.0414    0.0690    0.0320    0.0720    0.0462    0.3217
 000286   V  0.014577  0.116921  0.146967    0.0744    0.0506    0.0640    0.0260    0.0779    0.0433    0.3306
 000287   K  0.010500  0.104524  0.154599    0.0425    0.0483    0.0570    0.0210    0.0696    0.0471    0.3346
 000288   V  0.006602  0.096515  0.163227    0.0212    0.0483    0.0600    0.0170    0.0659    0.0521    0.3390
 000289   G  0.007647  0.078494  0.172199    0.0414    0.0473    0.0670    0.0160    0.0691    0.0512    0.3431
 000290   A  0.013142  0.070765  0.181259    0.0350    0.0327    0.0860    0.0230    0.0698    0.0555    0.3510
 000291   V  0.010932  0.067327  0.190944    0.0179    0.0275    0.1060    0.0320    0.0701    0.0632    0.3588
 000292   F  0.010821  0.059284  0.201230    0.0286    0.0506    0.1200    0.0330    0.0784    0.0646    0.3620
 000293   H  0.010796  0.074849  0.212522    0.0304    0.0506    0.1260    0.0250    0.0843    0.0680    0.3541
 000294   C  0.024231  0.083921  0.224510    0.0526    0.0948    0.1450    0.0330    0.1041    0.0654    0.3401
 000295   P  0.043963  0.090542  0.237641    0.0478    0.0531    0.1540    0.0420    0.1046    0.0706    0.3390
 000296   L  0.055090  0.108821  0.252526    0.0771    0.1070    0.1790    0.0520    0.1300    0.0669    0.3316
 000297   C  0.066772  0.147596  0.270308    0.0554    0.1611    0.1700    0.0450    0.1451    0.0716    0.3186
 000298   G  0.115959  0.189221  0.291465    0.0677    0.1643    0.1770    0.0510    0.1676    0.0690    0.3171
 000299   G  0.186872  0.218713  0.315492    0.1060    0.2258    0.2010    0.0600    0.2090    0.0617    0.3148
 000300   I  0.267415  0.293222  0.339772    0.1060    0.2258    0.2330    0.0890    0.2443    0.0726    0.3150
 000301   A  0.354702  0.344538  0.363777    0.1266    0.2680    0.2630    0.1020    0.2867    0.0821    0.3108
 000302   S  0.438849  0.405526  0.387549    0.1732    0.3321    0.2890    0.1110    0.3376    0.0883    0.3050
 000303   E  0.509475  0.460578  0.411805    0.2558    0.4441    0.3450    0.1200    0.4044    0.0832    0.3010
 000304   R  0.580372  0.508404  0.436992    0.2558    0.4476    0.4150    0.1500    0.4406    0.0992    0.2996
 000305   T  0.659746  0.534951  0.462083    0.3717    0.5017    0.5060    0.1510    0.5060    0.0861    0.3031
 000306   C  0.737962  0.572449  0.486760    0.3491    0.3872    0.5010    0.1690    0.5057    0.1274    0.3028
 000307   P  0.788644  0.608171  0.510534    0.4078    0.4685    0.4360    0.1760    0.5366    0.1295    0.3110
 000308   E  0.811968  0.622997  0.533142    0.4703    0.5176    0.4360    0.1770    0.5653    0.1247    0.3219
 000309   G  0.839392  0.626592  0.554146    0.4749    0.5254    0.4300    0.1730    0.5751    0.1332    0.3369
 000310   H  0.861237  0.644388  0.573873    0.4600    0.5254    0.4260    0.1590    0.5818    0.1439    0.3535
 000311   R  0.872337  0.661019  0.593416    0.5296    0.5533    0.4340    0.1600    0.6073    0.1368    0.3658
 000312   E  0.879226  0.668443  0.613708    0.5583    0.5951    0.3970    0.1670    0.6186    0.1436    0.3798
 000313   K  0.897784  0.672361  0.634320    0.5008    0.5577    0.3530    0.1520    0.6026    0.1672    0.3949
 000314   R  0.915242  0.671999  0.654639    0.4967    0.4619    0.3560    0.1410    0.5927    0.1810    0.4099
 000315   T  0.934122  0.664857  0.674974    0.4749    0.3807    0.3800    0.1420    0.5849    0.1968    0.4292
 000316   A  0.943791  0.662856  0.694943    0.4203    0.3740    0.4330    0.1590    0.5882    0.2006    0.4188
 000317   I  0.953806  0.664124  0.714457    0.4879    0.4685    0.4130    0.1580    0.6170    0.1850    0.4007
 000318   S  0.955989  0.654341  0.732046    0.4600    0.4441    0.3790    0.1420    0.6042    0.1999    0.3899
 000319   M  0.957125  0.651802  0.747148    0.4556    0.4330    0.4060    0.1500    0.6084    0.1991    0.3814
 000320   T  0.966729  0.645237  0.760782    0.4703    0.4017    0.4450    0.2080    0.6149    0.2006    0.3846
 000321   K  0.967835  0.653322  0.774164    0.4749    0.4256    0.4580    0.2390    0.6257    0.1961    0.3895
 000322   V  0.945946  0.679525  0.788598    0.4458    0.4507    0.4360    0.2090    0.6244    0.1962    0.3934
 000323   R  0.921660  0.722138  0.803308    0.4703    0.4369    0.4260    0.1570    0.6300    0.1949    0.3980
 000324   A  0.916678  0.740170  0.817708    0.4967    0.4441    0.4720    0.1310    0.6479    0.1848    0.4022
 000325   L  0.910511  0.757537  0.831515    0.5043    0.3631    0.4960    0.1330    0.6437    0.1998    0.4082
 000326   L  0.901744  0.764797  0.844362    0.4918    0.2884    0.4940    0.1450    0.6308    0.2207    0.4158
 000327   R  0.893147  0.795285  0.855753    0.4420    0.3182    0.4920    0.1590    0.6328    0.2232    0.4237
 000328   E  0.874406  0.813083  0.863511    0.4282    0.4256    0.5290    0.1370    0.6556    0.1986    0.4310
 000329   G  0.863106  0.821184  0.867596    0.4203    0.4369    0.5640    0.1250    0.6621    0.1944    0.4323
 000330   K  0.863489  0.826593  0.868608    0.4651    0.3948    0.6170    0.1190    0.6726    0.1923    0.4281
 000331   A  0.867737  0.833415  0.869929    0.4513    0.3087    0.6740    0.0880    0.6675    0.2176    0.4292
 000332   P  0.884965  0.838875  0.871764    0.3762    0.3286    0.6640    0.0730    0.6608    0.2302    0.4326
 000333   P  0.880905  0.840395  0.873535    0.3630    0.3149    0.6800    0.0760    0.6589    0.2362    0.4312
 000334   S  0.876184  0.838224  0.873682    0.3885    0.2399    0.7300    0.0840    0.6577    0.2514    0.4249
 000335   E  0.858546  0.826759  0.872336    0.3225    0.2715    0.7760    0.0840    0.6545    0.2551    0.4160
 000336   L  0.819357  0.816188  0.870289    0.3053    0.3460    0.8000    0.0920    0.6596    0.2374    0.4039
 000337   V  0.814951  0.815678  0.868176    0.3491    0.4220    0.7710    0.1000    0.6735    0.2066    0.3958
 000338   R  0.828747  0.796929  0.866008    0.3399    0.3566    0.7540    0.0980    0.6570    0.2209    0.3869
 000339   P  0.844005  0.779138  0.864425    0.3535    0.3392    0.7770    0.0950    0.6595    0.2238    0.3748
 000340   E  0.845428  0.776042  0.864402    0.2748    0.3182    0.8820    0.0770    0.6602    0.2595    0.3615
 000341   L  0.826701  0.791512  0.865281    0.3096    0.2951    0.8890    0.0650    0.6628    0.2567    0.3428
 000342   L  0.811527  0.770889  0.865387    0.3762    0.3053    0.8990    0.0470    0.6715    0.2381    0.3269
 000343   P  0.808154  0.761664  0.863772    0.3885    0.2470    0.8790    0.0330    0.6580    0.2470    0.3148
 000344   I  0.828540  0.754827  0.861794    0.4037    0.1881    0.9360    0.0390    0.6622    0.2717    0.3016
 000345   L  0.854959  0.753259  0.860476    0.4420    0.1583    0.9340    0.0370    0.6672    0.2772    0.2939
 000346   R  0.764195  0.786171  0.859334    0.4967    0.1184    0.9550    0.0300    0.6634    0.2810    0.2931
 000347   R  0.871220  0.813461  0.858474    0.6035    0.1791    0.9520    0.0300    0.7130    0.2616    0.2945
 000348   G  0.945513  0.829943  0.858301    0.7034    0.2364    0.9370    0.0250    0.7518    0.2440    0.2870
 000349   V  0.802224  0.834831  0.858605    0.7418    0.1914    0.9600    0.0250    0.7315    0.2503    0.2770
