#RESNUM RES     VL-XT     VSL2B       VL3  IUPred-S  IUPred-L  PONDRFIT  FITERROR       MDP  MDPERROR   ANCHOR2
 000001   M  0.973984  0.833478  0.276561    0.8242    0.1731    0.9560    0.0400    0.6729    0.3231    0.2917
 000002   K  0.875086  0.823288  0.271788    0.7034    0.2258    0.9540    0.0150    0.6423    0.2883    0.2983
 000003   G  0.744368  0.793781  0.262081    0.6870    0.3053    0.9410    0.0250    0.6222    0.2517    0.3054
 000004   A  0.755346  0.761984  0.253322    0.6474    0.3321    0.8910    0.0570    0.6068    0.2341    0.3147
 000005   E  0.750300  0.699450  0.245098    0.6334    0.2715    0.8800    0.0440    0.5800    0.2393    0.3237
 000006   A  0.721837  0.586592  0.237422    0.5846    0.3321    0.8540    0.0760    0.5527    0.2119    0.3292
 000007   L  0.691918  0.486407  0.230064    0.4749    0.2817    0.7820    0.1140    0.4911    0.1988    0.3474
 000008   L  0.679015  0.404720  0.222908    0.4458    0.2094    0.7820    0.1470    0.4574    0.2138    0.3609
 000009   R  0.662067  0.353058  0.216331    0.3311    0.1373    0.6900    0.2010    0.3982    0.2090    0.3694
 000010   A  0.640836  0.325969  0.210322    0.2041    0.1611    0.7920    0.0920    0.3891    0.2408    0.3823
 000011   L  0.653608  0.308116  0.204870    0.0991    0.1914    0.8140    0.0780    0.3785    0.2624    0.3940
 000012   E  0.652943  0.304464  0.200018    0.1205    0.2680    0.6800    0.1340    0.3710    0.2168    0.4086
 000013   R  0.648698  0.299482  0.195980    0.1266    0.2645    0.6390    0.1480    0.3624    0.2064    0.4188
 000014   E  0.643583  0.297969  0.192441    0.1456    0.2680    0.6090    0.1340    0.3594    0.1952    0.4234
 000015   G  0.644416  0.290603  0.189174    0.1805    0.2715    0.5260    0.1270    0.3503    0.1741    0.4205
 000016   V  0.664413  0.294066  0.183394    0.1698    0.1671    0.3260    0.1150    0.3009    0.1740    0.4169
 000017   E  0.677114  0.291826  0.175712    0.1732    0.1554    0.1770    0.0620    0.2751    0.1853    0.4151
 000018   V  0.693650  0.265622  0.165516    0.1602    0.2575    0.1340    0.0400    0.2794    0.1917    0.4080
 000019   I  0.700439  0.242279  0.154662    0.1805    0.3426    0.0990    0.0220    0.2865    0.2001    0.4034
 000020   F  0.679452  0.230930  0.142006    0.2167    0.2436    0.0810    0.0150    0.2656    0.1936    0.4029
 000021   G  0.613652  0.228306  0.128505    0.2558    0.2918    0.0790    0.0130    0.2662    0.1717    0.3927
 000022   H  0.550668  0.223214  0.116893    0.2531    0.3392    0.0760    0.0150    0.2598    0.1563    0.3868
 000023   P  0.487039  0.232678  0.108128    0.2385    0.2399    0.0850    0.0200    0.2319    0.1305    0.3731
 000024   G  0.412982  0.241107  0.101389    0.2080    0.1501    0.0940    0.0310    0.2013    0.1084    0.3635
 000025   G  0.330829  0.241960  0.095731    0.1266    0.1424    0.0860    0.0200    0.1706    0.0878    0.3565
 000026   A  0.262444  0.249228  0.092015    0.0744    0.1449    0.0840    0.0170    0.1511    0.0774    0.3549
 000027   I  0.260415  0.258823  0.091356    0.1266    0.2292    0.0810    0.0190    0.1745    0.0769    0.3541
 000028   M  0.247421  0.265462  0.092377    0.1178    0.1323    0.0750    0.0190    0.1550    0.0742    0.3558
 000029   P  0.240261  0.257705  0.094132    0.1921    0.1881    0.0700    0.0200    0.1736    0.0698    0.3572
 000030   T  0.255152  0.249404  0.095865    0.1921    0.2783    0.0810    0.0280    0.1920    0.0778    0.3579
 000031   Y  0.267525  0.234778  0.097558    0.2913    0.2918    0.0780    0.0300    0.2101    0.0889    0.3597
 000032   D  0.267858  0.227066  0.099214    0.3005    0.2193    0.0700    0.0250    0.1973    0.0846    0.3673
 000033   A  0.273531  0.221501  0.100658    0.2209    0.1554    0.0770    0.0280    0.1748    0.0702    0.3731
 000034   L  0.285469  0.229652  0.102381    0.1322    0.1349    0.0710    0.0210    0.1592    0.0745    0.3829
 000035   Y  0.289314  0.226319  0.104248    0.0909    0.1424    0.0690    0.0180    0.1537    0.0789    0.3889
 000036   D  0.221079  0.227995  0.107245    0.0965    0.1611    0.0660    0.0150    0.1466    0.0619    0.3998
 000037   S  0.176596  0.227589  0.111651    0.1205    0.2002    0.0730    0.0210    0.1516    0.0540    0.4092
 000038   P  0.132093  0.211905  0.117539    0.1958    0.2817    0.0720    0.0220    0.1685    0.0692    0.4170
 000039   I  0.128222  0.190022  0.124586    0.2531    0.3249    0.0730    0.0250    0.1823    0.0853    0.4196
 000040   R  0.128463  0.189611  0.132346    0.2167    0.2328    0.0720    0.0300    0.1619    0.0562    0.4262
 000041   H  0.143453  0.199502  0.141113    0.2080    0.2328    0.0750    0.0250    0.1667    0.0527    0.4319
 000042   I  0.159735  0.200525  0.149697    0.2333    0.2951    0.0940    0.0280    0.1887    0.0643    0.4336
 000043   L  0.166250  0.223302  0.157663    0.2292    0.2503    0.1180    0.0380    0.1908    0.0466    0.4304
 000044   V  0.164587  0.260100  0.164853    0.2255    0.2918    0.1510    0.0510    0.2097    0.0532    0.4320
 000045   R  0.161756  0.323532  0.171644    0.2700    0.3356    0.1880    0.0730    0.2418    0.0713    0.4331
 000046   H  0.165643  0.381209  0.177757    0.3578    0.3392    0.2110    0.0630    0.2722    0.0891    0.4337
 000047   E  0.172070  0.410525  0.183635    0.3096    0.2918    0.2120    0.0670    0.2633    0.0836    0.4236
 000048   Q  0.195491  0.434575  0.189935    0.2209    0.2951    0.2210    0.0830    0.2596    0.0854    0.4091
 000049   G  0.219319  0.448295  0.197933    0.1635    0.2328    0.2090    0.0690    0.2452    0.0933    0.3969
 000050   G  0.241162  0.428833  0.206056    0.2483    0.3249    0.2370    0.0780    0.2811    0.0752    0.3874
 000051   V  0.271237  0.394942  0.214097    0.2080    0.3182    0.2480    0.0630    0.2758    0.0648    0.3791
 000052   H  0.319774  0.403922  0.221404    0.2041    0.3149    0.2510    0.0520    0.2859    0.0683    0.3695
 000053   A  0.384761  0.403925  0.229427    0.2786    0.3356    0.2730    0.0590    0.3175    0.0627    0.3599
 000054   A  0.459238  0.410551  0.237376    0.3668    0.4119    0.2810    0.0780    0.3612    0.0779    0.3501
 000055   T  0.526435  0.394848  0.245163    0.3668    0.4119    0.2860    0.0950    0.3719    0.0908    0.3441
 000056   A  0.582646  0.393250  0.251613    0.3535    0.3392    0.2810    0.0960    0.3668    0.1072    0.3377
 000057   Y  0.626628  0.404460  0.257605    0.2820    0.2918    0.2900    0.0970    0.3588    0.1285    0.3355
 000058   A  0.683036  0.386945  0.262827    0.2122    0.2364    0.2930    0.1020    0.3458    0.1607    0.3368
 000059   R  0.745993  0.375083  0.266458    0.1698    0.2328    0.3160    0.1150    0.3510    0.1879    0.3432
 000060   A  0.796861  0.378362  0.268353    0.1456    0.2399    0.3150    0.1140    0.3573    0.2090    0.3465
 000061   S  0.834147  0.361276  0.269387    0.1495    0.2399    0.3500    0.1500    0.3673    0.2204    0.3504
 000062   G  0.860306  0.339528  0.272779    0.2041    0.3321    0.3630    0.1670    0.3953    0.2145    0.3491
 000063   R  0.882709  0.348872  0.277857    0.1878    0.3215    0.3500    0.1620    0.3948    0.2251    0.3529
 000064   V  0.902792  0.346465  0.284495    0.2483    0.3215    0.3400    0.1500    0.4073    0.2241    0.3544
 000065   G  0.923523  0.345946  0.291339    0.2748    0.2715    0.3320    0.1310    0.4065    0.2329    0.3546
 000066   V  0.943845  0.355411  0.298138    0.2333    0.2752    0.3480    0.1250    0.4090    0.2428    0.3585
 000067   V  0.952225  0.355855  0.302891    0.1958    0.2258    0.3570    0.1170    0.3983    0.2550    0.3604
 000068   M  0.938770  0.352362  0.303711    0.2820    0.2503    0.3870    0.1260    0.4190    0.2367    0.3610
 000069   A  0.922333  0.354733  0.301613    0.2531    0.2918    0.3870    0.1270    0.4185    0.2295    0.3613
 000070   T  0.900445  0.357579  0.297857    0.1844    0.2849    0.3680    0.1140    0.3989    0.2322    0.3626
 000071   S  0.889402  0.356683  0.293958    0.2167    0.2364    0.3680    0.1110    0.3935    0.2287    0.3647
 000072   G  0.876464  0.372361  0.289618    0.2080    0.2064    0.3740    0.1140    0.3878    0.2288    0.3662
 000073   P  0.875822  0.373483  0.284779    0.1495    0.2193    0.3520    0.1090    0.3758    0.2361    0.3708
 000074   G  0.879173  0.369669  0.279431    0.1150    0.1852    0.3700    0.1190    0.3664    0.2472    0.3727
 000075   A  0.879203  0.359492  0.273254    0.1732    0.2094    0.3620    0.1180    0.3761    0.2356    0.3786
 000076   L  0.878156  0.339607  0.266948    0.1416    0.1731    0.3380    0.1160    0.3562    0.2452    0.3870
 000077   N  0.891841  0.307617  0.261223    0.1635    0.2470    0.3490    0.1320    0.3700    0.2402    0.3918
 000078   L  0.903538  0.287933  0.255202    0.1732    0.3117    0.3570    0.1690    0.3814    0.2402    0.4011
 000079   V  0.912250  0.264900  0.248824    0.2209    0.3631    0.3150    0.1450    0.3875    0.2392    0.4081
 000080   T  0.885913  0.251320  0.240767    0.2602    0.4220    0.2480    0.0730    0.3846    0.2329    0.4133
 000081   G  0.827843  0.251592  0.233433    0.2558    0.3494    0.2410    0.0620    0.3598    0.2129    0.4181
 000082   L  0.761917  0.283499  0.226776    0.2865    0.2849    0.2550    0.0590    0.3497    0.1856    0.4262
 000083   A  0.733154  0.304907  0.221609    0.2292    0.2575    0.2750    0.0590    0.3368    0.1794    0.4319
 000084   D  0.699704  0.317078  0.216869    0.1566    0.1501    0.3000    0.0690    0.3067    0.1870    0.4311
 000085   A  0.676485  0.342726  0.212107    0.1349    0.1583    0.3210    0.0780    0.3076    0.1820    0.4275
 000086   M  0.673014  0.349037  0.207307    0.1088    0.1852    0.3330    0.0930    0.3093    0.1828    0.4245
 000087   M  0.666644  0.339901  0.202418    0.1602    0.2752    0.3310    0.1040    0.3293    0.1641    0.4263
 000088   D  0.665867  0.341745  0.197279    0.1602    0.1969    0.3250    0.0990    0.3145    0.1711    0.4294
 000089   S  0.691276  0.339208  0.191347    0.2167    0.3053    0.2780    0.0840    0.3370    0.1662    0.4309
 000090   T  0.734927  0.311659  0.185953    0.2080    0.3740    0.2270    0.0760    0.3403    0.1879    0.4256
 000091   P  0.797032  0.297014  0.181295    0.2385    0.3356    0.1790    0.0460    0.3381    0.2130    0.4222
 000092   V  0.822883  0.282765  0.177309    0.2531    0.2645    0.1520    0.0300    0.3254    0.2274    0.4160
 000093   V  0.834166  0.260695  0.171137    0.2865    0.2575    0.1460    0.0390    0.3260    0.2328    0.4088
 000094   A  0.833841  0.237036  0.163344    0.2558    0.2884    0.1390    0.0450    0.3196    0.2357    0.4008
 000095   I  0.732415  0.227544  0.153780    0.1698    0.2817    0.1250    0.0290    0.2817    0.2080    0.3925
 000096   T  0.637241  0.215591  0.143452    0.2041    0.3249    0.1050    0.0190    0.2717    0.1772    0.3865
 000097   G  0.569817  0.202739  0.133096    0.2385    0.3392    0.0910    0.0170    0.2624    0.1584    0.3811
 000098   N  0.492593  0.193196  0.124086    0.2913    0.2817    0.0990    0.0190    0.2469    0.1313    0.3800
 000099   V  0.441020  0.190459  0.118349    0.2432    0.2783    0.0910    0.0220    0.2271    0.1157    0.3852
 000100   P  0.371749  0.184249  0.114568    0.1602    0.2988    0.0920    0.0230    0.2036    0.1000    0.3912
 000101   R  0.302643  0.178008  0.111525    0.1667    0.2609    0.0940    0.0220    0.1857    0.0748    0.3965
 000102   A  0.256480  0.180378  0.107588    0.1566    0.2436    0.0910    0.0220    0.1727    0.0622    0.4006
 000103   L  0.207564  0.176320  0.102777    0.1805    0.2436    0.0850    0.0250    0.1660    0.0557    0.4078
 000104   I  0.233458  0.174066  0.098954    0.2531    0.3149    0.0850    0.0310    0.1932    0.0827    0.4110
 000105   G  0.261504  0.194455  0.096200    0.2167    0.3426    0.0900    0.0410    0.2002    0.0888    0.4177
 000106   T  0.278764  0.209875  0.095011    0.2913    0.3667    0.1030    0.0420    0.2242    0.0994    0.4253
 000107   D  0.289539  0.227414  0.094007    0.2963    0.3667    0.1130    0.0360    0.2311    0.0991    0.4312
 000108   A  0.305417  0.243278  0.093465    0.2255    0.3249    0.0980    0.0250    0.2151    0.0909    0.4331
 000109   F  0.311750  0.266193  0.093279    0.2255    0.3426    0.0860    0.0200    0.2209    0.0996    0.4293
 000110   Q  0.317105  0.291727  0.093107    0.2558    0.3182    0.0830    0.0230    0.2265    0.1001    0.4332
 000111   E  0.323945  0.320122  0.093005    0.2558    0.2988    0.0850    0.0200    0.2294    0.1018    0.4300
 000112   A  0.310480  0.322925  0.092587    0.1667    0.2918    0.0990    0.0230    0.2140    0.0978    0.4237
 000113   D  0.291970  0.312296  0.091731    0.1958    0.3286    0.0870    0.0250    0.2178    0.1003    0.4175
 000114   V  0.263481  0.292357  0.090351    0.2558    0.4186    0.0740    0.0200    0.2324    0.1191    0.4099
 000115   T  0.221132  0.272631  0.087992    0.3399    0.4149    0.0730    0.0210    0.2349    0.1244    0.4055
 000116   G  0.228604  0.250656  0.085500    0.3456    0.3392    0.0890    0.0340    0.2231    0.1050    0.3994
 000117   V  0.210822  0.251405  0.082459    0.2700    0.2715    0.0990    0.0350    0.1975    0.0784    0.3957
 000118   T  0.181746  0.253861  0.079505    0.1844    0.2715    0.0950    0.0280    0.1776    0.0721    0.3940
 000119   M  0.174095  0.251263  0.076285    0.1635    0.3117    0.0850    0.0280    0.1770    0.0841    0.3938
 000120   P  0.137297  0.238503  0.073303    0.2558    0.3460    0.0750    0.0240    0.1877    0.1005    0.3912
 000121   I  0.140830  0.233173  0.071119    0.2602    0.3460    0.1070    0.0330    0.1931    0.0953    0.3887
 000122   T  0.174835  0.218883  0.069912    0.1732    0.3460    0.0960    0.0320    0.1798    0.0898    0.3865
 000123   K  0.204760  0.215185  0.069876    0.2041    0.2884    0.0830    0.0210    0.1775    0.0772    0.3871
 000124   H  0.234423  0.216764  0.070423    0.2041    0.3053    0.0630    0.0140    0.1824    0.0877    0.3888
 000125   N  0.209712  0.195701  0.070852    0.1921    0.3774    0.0560    0.0150    0.1836    0.1060    0.3891
 000126   Y  0.230332  0.172749  0.071286    0.2209    0.3053    0.0550    0.0100    0.1759    0.0888    0.3903
 000127   L  0.259805  0.188986  0.071752    0.2167    0.2399    0.0510    0.0110    0.1713    0.0810    0.3917
 000128   V  0.251365  0.193323  0.072109    0.2209    0.3019    0.0520    0.0100    0.1819    0.0911    0.3880
 000129   Q  0.256007  0.198541  0.072241    0.1667    0.3149    0.0520    0.0090    0.1767    0.0935    0.3815
 000130   D  0.255904  0.210540  0.072124    0.1998    0.3286    0.0590    0.0120    0.1876    0.0959    0.3768
 000131   V  0.241805  0.236048  0.072511    0.1844    0.1969    0.0700    0.0150    0.1669    0.0707    0.3706
 000132   N  0.241314  0.227233  0.073415    0.2385    0.2951    0.0840    0.0280    0.1932    0.0839    0.3704
 000133   E  0.258984  0.222381  0.075160    0.1635    0.2034    0.0920    0.0330    0.1693    0.0669    0.3724
 000134   I  0.307748  0.231070  0.077318    0.1766    0.1791    0.0910    0.0320    0.1771    0.0790    0.3730
 000135   P  0.314413  0.218929  0.079175    0.1088    0.1476    0.0530    0.0180    0.1537    0.0892    0.3751
 000136   R  0.339887  0.213336  0.080798    0.0909    0.1449    0.0520    0.0120    0.1537    0.0982    0.3781
 000137   V  0.379542  0.220669  0.082221    0.1205    0.2193    0.0470    0.0090    0.1782    0.1109    0.3800
 000138   V  0.437994  0.227321  0.083493    0.1732    0.2988    0.0410    0.0100    0.2103    0.1330    0.3821
 000139   K  0.481922  0.204096  0.084281    0.2292    0.3910    0.0380    0.0110    0.2381    0.1569    0.3882
 000140   E  0.457439  0.204930  0.084442    0.2122    0.3774    0.0420    0.0090    0.2298    0.1477    0.3985
 000141   A  0.432519  0.203953  0.084712    0.2292    0.3983    0.0510    0.0110    0.2334    0.1431    0.4065
 000142   F  0.397481  0.189100  0.085070    0.3096    0.3983    0.0530    0.0120    0.2388    0.1391    0.4157
 000143   H  0.345082  0.190847  0.085774    0.3399    0.3087    0.0540    0.0130    0.2207    0.1186    0.4176
 000144   I  0.309725  0.217825  0.086551    0.2558    0.2034    0.0680    0.0120    0.1901    0.0869    0.4182
 000145   A  0.261944  0.233148  0.087007    0.2657    0.3053    0.0920    0.0200    0.2075    0.0861    0.4211
 000146   A  0.247664  0.248735  0.087401    0.1635    0.1852    0.0950    0.0190    0.1712    0.0646    0.4217
 000147   T  0.181403  0.268624  0.087508    0.1732    0.2094    0.0950    0.0190    0.1691    0.0631    0.4213
 000148   G  0.118968  0.275920  0.088204    0.1602    0.2715    0.0890    0.0240    0.1672    0.0790    0.4225
 000149   R  0.134498  0.274581  0.090169    0.2483    0.3494    0.0910    0.0280    0.1980    0.0986    0.4224
 000150   P  0.172232  0.272097  0.093438    0.2385    0.2884    0.0880    0.0240    0.1922    0.0803    0.4218
 000151   G  0.241711  0.270644  0.099181    0.2385    0.2817    0.0940    0.0290    0.2043    0.0777    0.4188
 000152   P  0.281417  0.252327  0.107077    0.1958    0.2328    0.0840    0.0260    0.1923    0.0732    0.4177
 000153   V  0.310625  0.242795  0.117160    0.3053    0.3053    0.0720    0.0190    0.2256    0.0962    0.4193
 000154   L  0.347862  0.237222  0.126633    0.2209    0.3149    0.0600    0.0140    0.2179    0.1000    0.4246
 000155   I  0.358595  0.222089  0.134668    0.2786    0.2988    0.0550    0.0130    0.2246    0.1026    0.4247
 000156   D  0.382380  0.223564  0.141158    0.3225    0.3356    0.0570    0.0120    0.2438    0.1151    0.4261
 000157   I  0.406018  0.222462  0.146034    0.2657    0.3631    0.0610    0.0110    0.2441    0.1186    0.4273
 000158   P  0.403543  0.214051  0.149763    0.2657    0.3566    0.0590    0.0180    0.2414    0.1174    0.4308
 000159   K  0.363854  0.210860  0.153313    0.2700    0.2575    0.0580    0.0190    0.2189    0.0961    0.4336
 000160   D  0.283294  0.217192  0.158196    0.2786    0.2645    0.0590    0.0200    0.2102    0.0802    0.4251
 000161   V  0.244545  0.212927  0.163181    0.1732    0.1731    0.0600    0.0210    0.1711    0.0572    0.4171
 000162   Q  0.205688  0.216145  0.169401    0.1805    0.1731    0.0610    0.0210    0.1677    0.0506    0.4102
 000163   L  0.169043  0.231349  0.176426    0.1041    0.0929    0.0630    0.0190    0.1394    0.0577    0.4050
 000164   A  0.137827  0.241356  0.183828    0.1532    0.1424    0.0650    0.0190    0.1539    0.0530    0.4031
 000165   E  0.111486  0.240146  0.190293    0.1495    0.1373    0.0680    0.0170    0.1495    0.0550    0.4020
 000166   F  0.085023  0.239414  0.197090    0.2333    0.2436    0.0790    0.0280    0.1796    0.0706    0.3957
 000167   T  0.065619  0.243147  0.206205    0.1495    0.2292    0.0930    0.0380    0.1644    0.0674    0.3924
 000168   G  0.061564  0.244474  0.216543    0.2602    0.2224    0.0990    0.0380    0.1840    0.0756    0.3889
 000169   S  0.058009  0.264341  0.227282    0.2333    0.1942    0.1020    0.0380    0.1798    0.0746    0.3856
 000170   F  0.049122  0.270703  0.236155    0.1766    0.2224    0.1030    0.0380    0.1763    0.0777    0.3833
 000171   D  0.040633  0.283178  0.244523    0.1602    0.2164    0.1100    0.0350    0.1758    0.0824    0.3878
 000172   V  0.027259  0.307055  0.252111    0.2602    0.2002    0.1240    0.0360    0.1951    0.0943    0.3934
 000173   K  0.005074  0.336893  0.260609    0.2385    0.1881    0.1360    0.0440    0.1942    0.1048    0.3971
 000174   L  0.004486  0.339796  0.269552    0.2385    0.2645    0.1580    0.0390    0.2125    0.1073    0.4004
 000175   D  0.003891  0.353340  0.280506    0.2602    0.2988    0.1630    0.0360    0.2267    0.1147    0.4057
 000176   L  0.003202  0.375705  0.293820    0.2483    0.3087    0.1820    0.0450    0.2353    0.1193    0.4089
 000177   P  0.002644  0.392180  0.309515    0.3399    0.4087    0.1890    0.0570    0.2737    0.1405    0.4147
 000178   G  0.019772  0.424506  0.324858    0.3806    0.4149    0.2290    0.0570    0.2990    0.1410    0.4211
 000179   Y  0.041786  0.466455  0.339699    0.3668    0.3249    0.2820    0.0720    0.3035    0.1299    0.4261
 000180   K  0.052960  0.508932  0.352716    0.3847    0.3426    0.2820    0.0870    0.3206    0.1380    0.4316
 000181   P  0.102758  0.538224  0.366532    0.3847    0.4507    0.3030    0.1000    0.3577    0.1354    0.4330
 000182   T  0.121565  0.568189  0.378070    0.3885    0.4119    0.3200    0.1130    0.3647    0.1326    0.4311
 000183   L  0.140239  0.588806  0.386601    0.4651    0.3983    0.3490    0.1130    0.3880    0.1349    0.4301
 000184   K  0.169765  0.569798  0.392133    0.4458    0.4087    0.3120    0.1130    0.3830    0.1225    0.4277
 000185   G  0.185093  0.562743  0.395798    0.4513    0.4652    0.3130    0.1360    0.3956    0.1204    0.4265
 000186   H  0.251655  0.559966  0.398882    0.4513    0.3667    0.2970    0.1380    0.3876    0.1008    0.4275
 000187   P  0.319810  0.542572  0.401595    0.5084    0.4725    0.2610    0.1100    0.4177    0.1009    0.4260
 000188   K  0.400749  0.517968  0.408165    0.3939    0.4409    0.2540    0.0810    0.4027    0.0784    0.4248
 000189   Q  0.493157  0.528320  0.417162    0.4037    0.4119    0.2680    0.0820    0.4203    0.0823    0.4253
 000190   I  0.547356  0.517061  0.426293    0.4749    0.5342    0.2610    0.0770    0.4602    0.0977    0.4251
 000191   E  0.622698  0.491748  0.431743    0.4556    0.5419    0.2230    0.0620    0.4610    0.1234    0.4280
 000192   R  0.697867  0.472836  0.436095    0.4333    0.5419    0.2280    0.0670    0.4684    0.1402    0.4291
 000193   A  0.762697  0.477648  0.436612    0.4420    0.4619    0.2430    0.0710    0.4706    0.1523    0.4323
 000194   L  0.840768  0.468858  0.433674    0.5514    0.4619    0.2480    0.0790    0.5007    0.1776    0.4322
 000195   D  0.862832  0.459417  0.428250    0.5008    0.4220    0.2510    0.0930    0.4874    0.1851    0.4281
 000196   A  0.866360  0.472857  0.422768    0.4282    0.3529    0.2560    0.1030    0.4666    0.1917    0.4242
 000197   L  0.853987  0.489442  0.416710    0.3939    0.3494    0.2600    0.1150    0.4606    0.1891    0.4206
 000198   E  0.835838  0.481615  0.407766    0.2913    0.3182    0.2630    0.1190    0.4329    0.1947    0.4179
 000199   K  0.812601  0.473848  0.397359    0.3005    0.3215    0.2710    0.1190    0.4294    0.1841    0.4161
 000200   A  0.799075  0.472341  0.387305    0.2820    0.2817    0.2680    0.1130    0.4151    0.1865    0.4140
 000201   E  0.785168  0.444675  0.379730    0.3630    0.3840    0.2350    0.1030    0.4319    0.1700    0.4113
 000202   R  0.750505  0.409657  0.373857    0.3184    0.3740    0.2110    0.0860    0.4062    0.1666    0.4118
 000203   P  0.743266  0.391111  0.368210    0.3146    0.3392    0.1740    0.0690    0.3884    0.1733    0.4109
 000204   V  0.740328  0.366926  0.361196    0.3456    0.3740    0.1490    0.0580    0.3896    0.1752    0.4120
 000205   L  0.699273  0.354609  0.352927    0.3762    0.4256    0.1200    0.0350    0.3882    0.1695    0.4106
 000206   M  0.681548  0.357730  0.342621    0.3668    0.4330    0.1110    0.0270    0.3821    0.1674    0.4118
 000207   V  0.640021  0.388827  0.330004    0.3535    0.3774    0.1060    0.0260    0.3660    0.1552    0.4149
 000208   G  0.562229  0.413153  0.314656    0.4556    0.3774    0.1200    0.0330    0.3738    0.1364    0.4145
 000209   G  0.512497  0.428853  0.299842    0.3578    0.3321    0.1450    0.0450    0.3460    0.1136    0.4083
 000210   G  0.439271  0.423689  0.284596    0.2786    0.2258    0.1430    0.0440    0.2992    0.1044    0.3997
 000211   A  0.388082  0.419071  0.269458    0.2786    0.2258    0.1350    0.0320    0.2860    0.0957    0.3876
 000212   Q  0.315661  0.404736  0.251972    0.1766    0.2224    0.1340    0.0230    0.2509    0.0893    0.3740
 000213   H  0.238669  0.383946  0.234771    0.1456    0.2193    0.1360    0.0170    0.2264    0.0814    0.3590
 000214   A  0.208388  0.369704  0.218945    0.1349    0.2002    0.1310    0.0110    0.2106    0.0791    0.3471
 000215   H  0.148748  0.366370  0.204009    0.1844    0.2645    0.1190    0.0140    0.2146    0.0816    0.3333
 000216   A  0.113297  0.356686  0.191440    0.2558    0.2609    0.1090    0.0160    0.2146    0.0874    0.3230
 000217   E  0.118156  0.354246  0.180975    0.2865    0.3286    0.1100    0.0120    0.2298    0.0980    0.3117
 000218   L  0.094867  0.342235  0.172886    0.2657    0.3286    0.1340    0.0240    0.2230    0.0950    0.2988
 000219   L  0.092763  0.321959  0.162847    0.2865    0.2364    0.1620    0.0350    0.2104    0.0789    0.2939
 000220   A  0.091855  0.302443  0.151619    0.2167    0.2399    0.1650    0.0500    0.1946    0.0676    0.3005
 000221   F  0.086582  0.278883  0.140478    0.1456    0.2470    0.1520    0.0470    0.1751    0.0663    0.3054
 000222   A  0.086241  0.267556  0.131381    0.1766    0.1942    0.1220    0.0330    0.1629    0.0587    0.3184
 000223   E  0.078022  0.253942  0.122862    0.1766    0.1501    0.1100    0.0360    0.1486    0.0563    0.3346
 000224   K  0.066326  0.239121  0.116215    0.1117    0.1449    0.1310    0.0550    0.1348    0.0526    0.3556
 000225   T  0.058177  0.224571  0.111959    0.1060    0.1048    0.1230    0.0580    0.1214    0.0504    0.3793
 000226   G  0.051601  0.216943  0.109343    0.1041    0.1007    0.0840    0.0320    0.1111    0.0511    0.4063
 000227   L  0.045230  0.198493  0.107751    0.0789    0.1007    0.0590    0.0170    0.0983    0.0498    0.4318
 000228   P  0.047240  0.187662  0.106913    0.0660    0.0454    0.0500    0.0190    0.0838    0.0510    0.4076
 000229   V  0.043672  0.175534  0.107131    0.0909    0.0929    0.0490    0.0200    0.0932    0.0436    0.3804
 000230   I  0.059360  0.162640  0.107160    0.0744    0.1449    0.0470    0.0190    0.0993    0.0430    0.3604
 000231   T  0.067175  0.152880  0.105813    0.1060    0.1791    0.0490    0.0190    0.1100    0.0450    0.3514
 000232   T  0.060743  0.139217  0.103313    0.1698    0.2884    0.0580    0.0200    0.1366    0.0787    0.3389
 000233   L  0.060358  0.136577  0.100118    0.1958    0.3426    0.0700    0.0260    0.1509    0.0969    0.3319
 000234   M  0.063244  0.136792  0.097474    0.1732    0.2436    0.0630    0.0190    0.1296    0.0643    0.3282
 000235   G  0.063446  0.166383  0.095534    0.1921    0.1583    0.0650    0.0200    0.1234    0.0510    0.3264
 000236   L  0.067846  0.204144  0.094361    0.1178    0.0948    0.0740    0.0120    0.1088    0.0456    0.3342
 000237   G  0.074336  0.220613  0.093462    0.0723    0.0967    0.0650    0.0100    0.1038    0.0534    0.3448
 000238   A  0.084434  0.231129  0.093263    0.0744    0.1229    0.0780    0.0190    0.1140    0.0547    0.3571
 000239   F  0.066774  0.254841  0.093597    0.0607    0.1229    0.0860    0.0130    0.1142    0.0660    0.3725
 000240   P  0.066039  0.254387  0.093674    0.0701    0.1759    0.0960    0.0160    0.1261    0.0678    0.3880
 000241   G  0.077568  0.236420  0.093449    0.1322    0.2193    0.1290    0.0250    0.1479    0.0598    0.3981
 000242   N  0.084410  0.247078  0.093616    0.1266    0.2164    0.1280    0.0350    0.1494    0.0610    0.4064
 000243   H  0.097471  0.245146  0.094271    0.0909    0.2094    0.1180    0.0320    0.1426    0.0614    0.4232
 000244   P  0.110029  0.237190  0.095143    0.1380    0.3019    0.1230    0.0330    0.1676    0.0756    0.4336
 000245   L  0.117814  0.262094  0.095771    0.1732    0.2752    0.1550    0.0440    0.1798    0.0676    0.4282
 000246   W  0.189879  0.293155  0.096877    0.1766    0.2470    0.1750    0.0550    0.1964    0.0616    0.4223
 000247   L  0.245522  0.297830  0.097994    0.1878    0.3053    0.1740    0.0590    0.2181    0.0730    0.4334
 000248   G  0.289372  0.321321  0.098760    0.1635    0.3215    0.1540    0.0540    0.2247    0.0890    0.4189
 000249   M  0.305425  0.327039  0.099661    0.1635    0.3494    0.1450    0.0450    0.2316    0.0983    0.4036
 000250   P  0.322591  0.293743  0.100883    0.2558    0.4330    0.1220    0.0330    0.2546    0.1150    0.3898
 000251   G  0.330123  0.267674  0.103565    0.2292    0.3117    0.1090    0.0260    0.2253    0.0899    0.3750
 000252   M  0.316794  0.281101  0.106855    0.2041    0.3182    0.1250    0.0330    0.2254    0.0863    0.3615
 000253   H  0.322022  0.289581  0.111223    0.1349    0.3087    0.1250    0.0380    0.2153    0.0922    0.3494
 000254   G  0.329006  0.311879  0.115752    0.1349    0.2783    0.1440    0.0560    0.2189    0.0891    0.3324
 000255   T  0.250393  0.363625  0.120664    0.1178    0.2541    0.1560    0.0460    0.2104    0.0881    0.3201
 000256   V  0.186723  0.417815  0.125582    0.1602    0.2715    0.1700    0.0470    0.2220    0.0982    0.3107
 000257   A  0.137154  0.436405  0.130550    0.2255    0.2752    0.1640    0.0450    0.2281    0.1061    0.3019
 000258   A  0.105967  0.436166  0.134790    0.2531    0.2752    0.1560    0.0450    0.2269    0.1117    0.2996
 000259   N  0.074223  0.413258  0.138133    0.1805    0.2470    0.1300    0.0280    0.1972    0.1100    0.3002
 000260   R  0.059596  0.343577  0.140829    0.1532    0.1969    0.1070    0.0210    0.1669    0.0895    0.3023
 000261   A  0.056700  0.273169  0.143674    0.1117    0.1731    0.0830    0.0120    0.1402    0.0705    0.2988
 000262   I  0.038962  0.211513  0.147116    0.0660    0.1092    0.0720    0.0160    0.1075    0.0578    0.2957
 000263   H  0.022397  0.163323  0.150671    0.0935    0.1399    0.0670    0.0170    0.1061    0.0502    0.2939
 000264   H  0.023790  0.140322  0.153948    0.0526    0.0734    0.0690    0.0180    0.0855    0.0465    0.2894
 000265   A  0.024689  0.129094  0.156176    0.0554    0.0765    0.0710    0.0220    0.0855    0.0443    0.2855
 000266   D  0.031033  0.110810  0.157498    0.0279    0.0765    0.0680    0.0230    0.0787    0.0451    0.2826
 000267   V  0.033662  0.097680  0.158027    0.0425    0.1137    0.0590    0.0220    0.0841    0.0436    0.2817
 000268   I  0.037194  0.091496  0.158151    0.0526    0.0909    0.0530    0.0200    0.0805    0.0402    0.2836
 000269   L  0.040459  0.086312  0.157554    0.0660    0.1115    0.0480    0.0140    0.0850    0.0401    0.2864
 000270   A  0.047591  0.080709  0.156433    0.0414    0.1028    0.0450    0.0090    0.0791    0.0410    0.2877
 000271   I  0.077718  0.083029  0.155457    0.0405    0.1048    0.0500    0.0110    0.0853    0.0378    0.2875
 000272   G  0.098094  0.088616  0.155833    0.0502    0.0817    0.0590    0.0150    0.0889    0.0342    0.2933
 000273   L  0.103242  0.093105  0.157155    0.0884    0.1399    0.0720    0.0210    0.1090    0.0298    0.2978
 000274   R  0.113717  0.111573  0.159605    0.0554    0.1349    0.0710    0.0160    0.1077    0.0355    0.3057
 000275   F  0.123731  0.151257  0.162192    0.0567    0.0704    0.0830    0.0150    0.1079    0.0403    0.3130
 000276   D  0.139755  0.201502  0.165223    0.0701    0.0704    0.0900    0.0180    0.1228    0.0498    0.3197
 000277   D  0.152886  0.245079  0.167452    0.0363    0.0817    0.1140    0.0250    0.1328    0.0665    0.3263
 000278   R  0.167638  0.274032  0.169503    0.0455    0.1229    0.1710    0.0450    0.1584    0.0680    0.3335
 000279   V  0.176642  0.320758  0.171080    0.0909    0.1702    0.2160    0.0660    0.1908    0.0689    0.3409
 000280   T  0.161606  0.349284  0.172093    0.1532    0.2541    0.2570    0.0920    0.2246    0.0699    0.3480
 000281   G  0.139768  0.389134  0.172565    0.1456    0.2884    0.2860    0.1100    0.2369    0.0914    0.3596
 000282   K  0.129234  0.419522  0.172669    0.2255    0.2884    0.3070    0.1290    0.2571    0.0952    0.3735
 000283   V  0.114335  0.456926  0.172330    0.2255    0.1969    0.2870    0.1070    0.2421    0.1093    0.3764
 000284   S  0.097397  0.445849  0.171029    0.2333    0.2817    0.2800    0.1100    0.2516    0.1081    0.3782
 000285   R  0.078248  0.416312  0.168719    0.1602    0.2129    0.2670    0.1060    0.2173    0.1057    0.3803
 000286   F  0.062361  0.390807  0.166164    0.2657    0.3249    0.2410    0.1110    0.2418    0.1061    0.3793
 000287   A  0.044425  0.333087  0.163114    0.1998    0.2292    0.1750    0.0880    0.1907    0.0859    0.3764
 000288   P  0.047329  0.279136  0.159790    0.1998    0.2258    0.1230    0.0480    0.1724    0.0745    0.3681
 000289   H  0.043484  0.259584  0.156240    0.1292    0.2541    0.0940    0.0340    0.1561    0.0791    0.3532
 000290   A  0.057601  0.237053  0.152621    0.1878    0.2884    0.0970    0.0440    0.1701    0.0786    0.3293
 000291   H  0.069694  0.203215  0.149114    0.2209    0.2951    0.0940    0.0460    0.1720    0.0771    0.3061
 000292   T  0.074856  0.195364  0.145811    0.1878    0.2034    0.0970    0.0470    0.1507    0.0496    0.2719
 000293   I  0.089906  0.198694  0.143319    0.1878    0.2002    0.0920    0.0390    0.1520    0.0471    0.2350
 000294   I  0.117146  0.203717  0.141391    0.1698    0.2680    0.0830    0.0330    0.1639    0.0601    0.2105
 000295   H  0.132187  0.215622  0.139878    0.1698    0.2034    0.0780    0.0300    0.1565    0.0464    0.1942
 000296   V  0.147210  0.237853  0.139051    0.1766    0.1449    0.0930    0.0380    0.1564    0.0439    0.1708
 000297   D  0.138008  0.240144  0.138978    0.2080    0.2399    0.0990    0.0400    0.1774    0.0547    0.1537
 000298   I  0.154598  0.231363  0.139744    0.1698    0.2752    0.1150    0.0370    0.1810    0.0552    0.1389
 000299   D  0.158471  0.243332  0.141036    0.1416    0.2503    0.1050    0.0330    0.1734    0.0543    0.1317
 000300   P  0.166932  0.268572  0.141874    0.1380    0.1611    0.1110    0.0500    0.1646    0.0499    0.1294
 000301   A  0.194776  0.280653  0.142085    0.1766    0.2094    0.0870    0.0290    0.1818    0.0596    0.1281
 000302   E  0.230832  0.285208  0.141688    0.0991    0.1298    0.0670    0.0170    0.1589    0.0757    0.1266
 000303   I  0.266697  0.295551  0.140897    0.1205    0.0835    0.0660    0.0150    0.1622    0.0878    0.1295
 000304   G  0.304538  0.277612  0.139936    0.1060    0.1449    0.0660    0.0220    0.1732    0.0876    0.1387
 000305   K  0.341675  0.242621  0.137915    0.1060    0.2292    0.0640    0.0250    0.1869    0.0939    0.1465
 000306   V  0.372606  0.211966  0.135571    0.1060    0.2224    0.0620    0.0250    0.1851    0.1010    0.1502
 000307   V  0.360731  0.187626  0.132380    0.1532    0.2918    0.0490    0.0140    0.1958    0.1032    0.1605
 000308   R  0.361490  0.160570  0.129338    0.1566    0.2002    0.0420    0.0100    0.1751    0.0963    0.1691
 000309   T  0.359358  0.157973  0.126103    0.2122    0.2224    0.0440    0.0110    0.1869    0.0972    0.1814
 000310   H  0.344105  0.163023  0.123587    0.1322    0.1424    0.0450    0.0120    0.1584    0.0908    0.1897
 000311   I  0.304544  0.164652  0.121130    0.0723    0.1251    0.0490    0.0110    0.1394    0.0829    0.1939
 000312   P  0.252896  0.170225  0.118797    0.0502    0.1583    0.0490    0.0100    0.1333    0.0713    0.2055
 000313   I  0.216314  0.193635  0.115144    0.0490    0.0888    0.0640    0.0120    0.1211    0.0631    0.2147
 000314   V  0.185532  0.201843  0.111467    0.0884    0.0929    0.0860    0.0370    0.1277    0.0476    0.2263
 000315   G  0.153323  0.205663  0.107874    0.0490    0.0929    0.1090    0.0540    0.1196    0.0491    0.2304
 000316   D  0.144771  0.200453  0.105985    0.0268    0.0909    0.1380    0.0600    0.1178    0.0534    0.2342
 000317   S  0.132720  0.204403  0.104366    0.0414    0.1137    0.1490    0.0540    0.1242    0.0491    0.2437
 000318   R  0.192467  0.188382  0.104993    0.0677    0.1643    0.1620    0.0500    0.1466    0.0454    0.2538
 000319   L  0.231293  0.183475  0.108274    0.0554    0.1399    0.1730    0.0470    0.1485    0.0563    0.2664
 000320   V  0.288304  0.214758  0.114458    0.0587    0.0799    0.2010    0.0610    0.1595    0.0815    0.2752
 000321   L  0.351240  0.264095  0.121882    0.0464    0.0780    0.2020    0.0600    0.1773    0.1068    0.2806
 000322   K  0.409263  0.288113  0.129130    0.0514    0.0799    0.1730    0.0350    0.1885    0.1245    0.2817
 000323   E  0.472568  0.316407  0.135445    0.0395    0.0568    0.1710    0.0240    0.1986    0.1523    0.2769
 000324   L  0.565014  0.326453  0.140785    0.0425    0.0835    0.1830    0.0350    0.2235    0.1771    0.2809
 000325   L  0.617987  0.308849  0.147293    0.0587    0.0690    0.1850    0.0400    0.2311    0.1919    0.2845
 000326   K  0.670665  0.311800  0.155194    0.0502    0.0364    0.2020    0.0500    0.2377    0.2148    0.2922
 000327   G  0.648473  0.306814  0.162098    0.0245    0.0356    0.2320    0.0750    0.2349    0.2104    0.3028
 000328   A  0.672760  0.277381  0.166636    0.0097    0.0398    0.2570    0.0780    0.2372    0.2189    0.3072
 000329   K  0.611540  0.242461  0.169551    0.0102    0.0231    0.2530    0.0670    0.2183    0.2001    0.3064
 000330   A  0.618091  0.211008  0.172323    0.0218    0.0424    0.2530    0.0400    0.2198    0.1970    0.3042
 000331   L  0.628724  0.163900  0.174650    0.0182    0.0719    0.3080    0.0770    0.2276    0.2010    0.2969
 000332   R  0.651692  0.126266  0.176811    0.0327    0.0676    0.2840    0.0660    0.2231    0.2079    0.2901
 000333   L  0.657426  0.110018  0.179064    0.0304    0.0662    0.3400    0.0970    0.2306    0.2155    0.2935
 000334   A  0.703557  0.110777  0.181013    0.0128    0.0631    0.3270    0.1170    0.2331    0.2328    0.2982
 000335   A  0.748661  0.106203  0.182084    0.0226    0.1070    0.3620    0.1440    0.2547    0.2444    0.2962
 000336   W  0.799633  0.099599  0.183103    0.0441    0.1007    0.4020    0.1600    0.2716    0.2628    0.2893
 000337   W  0.825204  0.121606  0.184031    0.0395    0.1184    0.4120    0.1840    0.2835    0.2686    0.2766
 000338   R  0.928490  0.141931  0.185384    0.0200    0.0690    0.3660    0.1890    0.2851    0.3076    0.2595
 000339   E  0.956697  0.172899  0.186451    0.0304    0.0835    0.3550    0.2170    0.2975    0.3117    0.2464
 000340   L  0.981520  0.196506  0.187537    0.0157    0.0443    0.3750    0.2570    0.3001    0.3265    0.2372
 000341   E  0.983653  0.210853  0.188614    0.0173    0.0543    0.3520    0.2400    0.3010    0.3242    0.2251
 000342   E  0.987586  0.218257  0.191169    0.0160    0.1115    0.2970    0.1930    0.3036    0.3182    0.2185
 000343   W  0.990112  0.249270  0.194570    0.0160    0.1092    0.2830    0.1620    0.3070    0.3181    0.2168
 000344   R  0.987257  0.261352  0.198293    0.0376    0.2002    0.1960    0.0850    0.3135    0.3089    0.2088
 000345   T  0.954412  0.267529  0.201298    0.0414    0.2328    0.1730    0.0870    0.3118    0.2960    0.2009
 000346   R  0.933333  0.296197  0.204253    0.0567    0.1759    0.1580    0.0690    0.3040    0.2901    0.1959
 000347   Y  0.903673  0.322536  0.207036    0.1150    0.2783    0.1760    0.0770    0.3337    0.2636    0.1957
 000348   P  0.883339  0.321652  0.211555    0.1349    0.3740    0.1820    0.0630    0.3513    0.2515    0.1994
 000349   L  0.873637  0.366055  0.215138    0.1495    0.3807    0.2390    0.0790    0.3707    0.2393    0.2021
 000350   R  0.869958  0.435587  0.216317    0.1495    0.3774    0.2880    0.1150    0.3895    0.2349    0.2024
 000351   Y  0.845361  0.484291  0.212644    0.2385    0.3983    0.3370    0.1370    0.4194    0.2115    0.2024
 000352   R  0.780689  0.525410  0.207128    0.2531    0.2884    0.3310    0.1100    0.3976    0.1986    0.2085
 000353   P  0.684087  0.583043  0.201729    0.2041    0.2752    0.3340    0.0960    0.3803    0.1869    0.2167
 000354   K  0.646517  0.570965  0.197596    0.2531    0.3392    0.3340    0.0940    0.3902    0.1633    0.2213
 000355   P  0.591052  0.560894  0.192994    0.2657    0.2292    0.2870    0.1060    0.3544    0.1596    0.2299
 000356   H  0.547685  0.540496  0.187067    0.2333    0.1399    0.2700    0.1110    0.3198    0.1636    0.2431
 000357   L  0.503141  0.504678  0.179512    0.1766    0.1476    0.2420    0.0990    0.2922    0.1523    0.2507
 000358   Q  0.470167  0.453837  0.173428    0.1805    0.2034    0.1800    0.0660    0.2769    0.1313    0.2526
 000359   S  0.419986  0.428823  0.169143    0.1635    0.1823    0.1650    0.0570    0.2548    0.1201    0.2557
 000360   Q  0.379779  0.382158  0.166065    0.2041    0.2680    0.1560    0.0460    0.2594    0.0931    0.2615
 000361   E  0.386129  0.325357  0.163062    0.2122    0.2680    0.1280    0.0330    0.2471    0.0898    0.2715
 000362   V  0.413723  0.263956  0.161903    0.3146    0.3667    0.1150    0.0270    0.2726    0.1063    0.2850
 000363   I  0.419643  0.235902  0.161888    0.3311    0.3356    0.0890    0.0200    0.2622    0.1123    0.2949
 000364   R  0.441023  0.209443  0.162005    0.3184    0.2164    0.0820    0.0210    0.2382    0.1148    0.3009
 000365   A  0.458016  0.199853  0.161186    0.2865    0.1554    0.0860    0.0230    0.2244    0.1205    0.3116
 000366   F  0.456851  0.202558  0.160188    0.1958    0.1373    0.0810    0.0200    0.2057    0.1193    0.3199
 000367   Y  0.433056  0.202941  0.159253    0.1456    0.1399    0.0720    0.0160    0.1921    0.1145    0.3193
 000368   E  0.380559  0.203351  0.158721    0.2122    0.2164    0.0650    0.0120    0.2060    0.0937    0.3273
 000369   A  0.337874  0.220294  0.157875    0.2041    0.1476    0.0680    0.0120    0.1893    0.0823    0.3396
 000370   T  0.292062  0.234664  0.157201    0.2080    0.1501    0.0720    0.0160    0.1856    0.0698    0.3475
 000371   G  0.261598  0.228852  0.156563    0.1380    0.1476    0.0710    0.0170    0.1672    0.0624    0.3542
 000372   G  0.216890  0.246023  0.157467    0.1380    0.1399    0.0740    0.0220    0.1621    0.0561    0.3575
 000373   H  0.167446  0.263592  0.158906    0.1921    0.2034    0.0770    0.0270    0.1771    0.0559    0.3580
 000374   A  0.118145  0.259845  0.160678    0.2602    0.2503    0.0860    0.0340    0.1891    0.0711    0.3578
 000375   I  0.083170  0.287538  0.162855    0.2700    0.1476    0.0950    0.0320    0.1744    0.0789    0.3597
 000376   V  0.038900  0.326415  0.164874    0.2531    0.1501    0.1090    0.0270    0.1738    0.0936    0.3620
 000377   T  0.034349  0.339049  0.166543    0.2333    0.2193    0.1260    0.0420    0.1863    0.0947    0.3655
 000378   T  0.030965  0.329546  0.166435    0.2913    0.3215    0.1340    0.0410    0.2123    0.1103    0.3717
 000379   G  0.024616  0.325690  0.163770    0.2432    0.2002    0.1370    0.0410    0.1825    0.0929    0.3731
 000380   V  0.020030  0.305724  0.159592    0.2913    0.1349    0.1300    0.0500    0.1735    0.0988    0.3765
 000381   G  0.019557  0.285446  0.155842    0.1998    0.1501    0.1020    0.0330    0.1521    0.0818    0.3895
 000382   Q  0.015069  0.273612  0.155024    0.1266    0.1007    0.0770    0.0190    0.1246    0.0796    0.4056
 000383   H  0.009953  0.262487  0.155475    0.1456    0.1028    0.0670    0.0170    0.1239    0.0789    0.4222
 000384   Q  0.002018  0.247712  0.155434    0.0909    0.1007    0.0650    0.0160    0.1102    0.0766    0.4325
 000385   M  0.002376  0.226207  0.154729    0.1060    0.1424    0.0640    0.0160    0.1160    0.0707    0.4165
 000386   F  0.002721  0.208565  0.155107    0.1635    0.2164    0.0600    0.0190    0.1344    0.0778    0.4040
 000387   A  0.003117  0.203512  0.156383    0.2602    0.2817    0.0610    0.0240    0.1609    0.1010    0.4008
 000388   A  0.003579  0.200417  0.158384    0.2748    0.1702    0.0700    0.0270    0.1463    0.0878    0.3968
 000389   Q  0.004038  0.204842  0.160111    0.2748    0.1028    0.0950    0.0380    0.1402    0.0863    0.3841
 000390   F  0.004702  0.207269  0.161886    0.1844    0.1048    0.0970    0.0310    0.1266    0.0675    0.3698
 000391   F  0.005094  0.199320  0.163503    0.1844    0.1528    0.0950    0.0300    0.1333    0.0661    0.3636
 000392   P  0.005151  0.207024  0.164403    0.1844    0.1528    0.0860    0.0280    0.1333    0.0684    0.3713
 000393   V  0.005192  0.236961  0.164164    0.1805    0.1449    0.1120    0.0310    0.1406    0.0714    0.3848
 000394   T  0.005339  0.266738  0.163552    0.1805    0.0870    0.1350    0.0450    0.1397    0.0809    0.3948
 000395   R  0.005697  0.295881  0.163201    0.1766    0.0835    0.1430    0.0490    0.1446    0.0888    0.4037
 000396   P  0.005834  0.333609  0.164136    0.1416    0.1137    0.1230    0.0410    0.1471    0.0972    0.4169
 000397   R  0.006764  0.369229  0.165496    0.2255    0.1643    0.1350    0.0420    0.1777    0.1083    0.4336
 000398   S  0.021754  0.380042  0.167164    0.2657    0.1914    0.1820    0.0460    0.2013    0.1080    0.4222
 000399   F  0.036506  0.407434  0.168922    0.2531    0.1583    0.2280    0.0500    0.2088    0.1123    0.4091
 000400   L  0.037158  0.443196  0.171112    0.2432    0.1501    0.2440    0.0630    0.2149    0.1235    0.3801
 000401   T  0.037799  0.461017  0.172919    0.2531    0.1702    0.2330    0.0580    0.2214    0.1273    0.3510
 000402   S  0.037649  0.467907  0.174108    0.3456    0.3053    0.2170    0.0450    0.2579    0.1362    0.3256
 000403   G  0.037298  0.464071  0.173416    0.2209    0.1702    0.1900    0.0430    0.2092    0.1277    0.3104
 000404   G  0.037131  0.429776  0.170930    0.3359    0.2064    0.1790    0.0600    0.2266    0.1257    0.2996
 000405   L  0.036958  0.386002  0.167216    0.2432    0.1275    0.1610    0.0520    0.1870    0.1079    0.2850
 000406   G  0.047914  0.358113  0.163588    0.1998    0.1298    0.1140    0.0350    0.1689    0.0965    0.2682
 000407   T  0.055875  0.310664  0.161016    0.1150    0.0909    0.0970    0.0410    0.1384    0.0832    0.2535
 000408   M  0.045680  0.277902  0.159014    0.1088    0.0909    0.0950    0.0450    0.1296    0.0742    0.2394
 000409   G  0.052454  0.250468  0.158017    0.0884    0.0518    0.0960    0.0370    0.1162    0.0697    0.2230
 000410   V  0.060536  0.218941  0.157509    0.1416    0.0851    0.0990    0.0350    0.1271    0.0525    0.2053
 000411   G  0.118676  0.194410  0.157774    0.1349    0.1399    0.0960    0.0330    0.1404    0.0307    0.1968
 000412   L  0.176999  0.175117  0.157309    0.1088    0.1583    0.1000    0.0330    0.1461    0.0305    0.1893
 000413   P  0.227705  0.154272  0.156182    0.1060    0.1702    0.1030    0.0340    0.1529    0.0420    0.1866
 000414   F  0.270497  0.152809  0.154137    0.1292    0.1823    0.1190    0.0500    0.1680    0.0500    0.1799
 000415   A  0.325944  0.155196  0.152516    0.1416    0.1162    0.1030    0.0400    0.1657    0.0741    0.1725
 000416   I  0.339689  0.169163  0.151460    0.2385    0.1323    0.0900    0.0280    0.1869    0.0815    0.1648
 000417   G  0.375670  0.188455  0.150624    0.1602    0.0780    0.0920    0.0230    0.1741    0.0980    0.1591
 000418   A  0.408990  0.204686  0.148986    0.1088    0.0780    0.1010    0.0250    0.1751    0.1122    0.1502
 000419   K  0.443118  0.210651  0.146217    0.0832    0.0518    0.1160    0.0330    0.1752    0.1298    0.1467
 000420   I  0.420025  0.229610  0.142791    0.0884    0.0555    0.1260    0.0480    0.1771    0.1212    0.1475
 000421   A  0.434689  0.223109  0.139536    0.0813    0.0851    0.1190    0.0520    0.1804    0.1230    0.1540
 000422   R  0.424050  0.227737  0.136796    0.0858    0.0909    0.1300    0.0610    0.1825    0.1176    0.1606
 000423   P  0.430370  0.237811  0.134701    0.1416    0.1476    0.1300    0.0540    0.2037    0.1078    0.1665
 000424   E  0.410667  0.238505  0.133131    0.1266    0.1251    0.1150    0.0380    0.1915    0.1066    0.1665
 000425   E  0.421341  0.226643  0.131561    0.1998    0.1275    0.1250    0.0420    0.2053    0.1042    0.1668
 000426   L  0.410292  0.242398  0.129867    0.2333    0.1554    0.1090    0.0360    0.2134    0.1010    0.1655
 000427   V  0.406818  0.245026  0.128097    0.1998    0.1942    0.1080    0.0350    0.2136    0.0978    0.1656
 000428   I  0.438595  0.250879  0.126601    0.2041    0.2002    0.1150    0.0430    0.2226    0.1072    0.1674
 000429   D  0.494008  0.278036  0.124633    0.1878    0.1554    0.1230    0.0510    0.2271    0.1303    0.1760
 000430   F  0.501223  0.307243  0.121371    0.1878    0.1671    0.1480    0.0530    0.2388    0.1312    0.1785
 000431   D  0.504763  0.306870  0.116972    0.1732    0.2645    0.1440    0.0430    0.2517    0.1311    0.1765
 000432   G  0.467572  0.327073  0.112503    0.2080    0.2129    0.1460    0.0440    0.2457    0.1197    0.1702
 000433   D  0.433610  0.351893  0.108174    0.2255    0.1881    0.1490    0.0430    0.2427    0.1144    0.1606
 000434   G  0.402596  0.354181  0.103727    0.1150    0.1671    0.1710    0.0660    0.2189    0.1163    0.1497
 000435   S  0.375085  0.341157  0.099109    0.0771    0.1070    0.1520    0.0560    0.1920    0.1200    0.1430
 000436   F  0.337652  0.352695  0.094373    0.0643    0.0646    0.1330    0.0340    0.1744    0.1230    0.1356
 000437   Q  0.263940  0.337494  0.089227    0.0677    0.1048    0.1140    0.0300    0.1628    0.1008    0.1271
 000438   M  0.174448  0.298405  0.083636    0.0660    0.0909    0.1080    0.0330    0.1369    0.0799    0.1189
 000439   T  0.094760  0.280693  0.077955    0.1088    0.1476    0.1060    0.0290    0.1360    0.0680    0.1090
 000440   L  0.050591  0.261456  0.072514    0.0542    0.0870    0.1020    0.0250    0.1047    0.0723    0.0965
 000441   Q  0.038257  0.216923  0.067139    0.0991    0.1731    0.0930    0.0260    0.1145    0.0615    0.0870
 000442   E  0.024078  0.197167  0.061481    0.0455    0.1115    0.1030    0.0390    0.0904    0.0566    0.0804
 000443   L  0.007227  0.184015  0.055715    0.0478    0.1092    0.1090    0.0430    0.0856    0.0567    0.0718
 000444   A  0.004496  0.159922  0.050137    0.0268    0.0662    0.1150    0.0440    0.0704    0.0527    0.0649
 000445   T  0.004110  0.147706  0.045082    0.0268    0.0424    0.1200    0.0420    0.0644    0.0516    0.0596
 000446   V  0.002621  0.155225  0.040338    0.0144    0.0248    0.1140    0.0340    0.0585    0.0562    0.0543
 000447   V  0.001152  0.152050  0.035158    0.0200    0.0294    0.0950    0.0240    0.0554    0.0519    0.0512
 000448   K  0.000282  0.148646  0.029550    0.0090    0.0306    0.0690    0.0170    0.0479    0.0500    0.0503
 000449   Y  0.000251  0.147337  0.023927    0.0070    0.0433    0.0600    0.0120    0.0469    0.0493    0.0493
 000450   K  0.000241  0.146756  0.018931    0.0078    0.0414    0.0480    0.0100    0.0439    0.0491    0.0497
 000451   L  0.000243  0.130576  0.014265    0.0160    0.0389    0.0460    0.0120    0.0410    0.0429    0.0508
 000452   D  0.000209  0.122538  0.009666    0.0157    0.0227    0.0450    0.0160    0.0359    0.0411    0.0525
 000453   V  0.000270  0.114928  0.004743    0.0078    0.0209    0.0440    0.0190    0.0321    0.0397    0.0527
 000454   K  0.000384  0.102188 -0.000189    0.0078    0.0263    0.0410    0.0190    0.0296    0.0357    0.0561
 000455   V  0.000366  0.091091 -0.005217    0.0094    0.0214    0.0470    0.0190    0.0274    0.0332    0.0603
 000456   V  0.000626  0.084252 -0.010006    0.0075    0.0202    0.0510    0.0220    0.0256    0.0325    0.0648
 000457   I  0.000689  0.078038 -0.014608    0.0075    0.0320    0.0490    0.0210    0.0254    0.0314    0.0706
 000458   L  0.000752  0.081569 -0.019410    0.0118    0.0287    0.0530    0.0230    0.0261    0.0335    0.0762
 000459   N  0.000749  0.093790 -0.024346    0.0131    0.0313    0.0420    0.0160    0.0262    0.0370    0.0831
 000460   N  0.000741  0.090680 -0.029062    0.0116    0.0618    0.0450    0.0180    0.0301    0.0400    0.0898
 000461   G  0.000752  0.089641 -0.033033    0.0124    0.0380    0.0440    0.0190    0.0253    0.0383    0.0956
 000462   Y  0.000679  0.090361 -0.036321    0.0297    0.0327    0.0480    0.0220    0.0275    0.0391    0.1029
 000463   L  0.000685  0.088547 -0.039083    0.0137    0.0306    0.0510    0.0240    0.0242    0.0399    0.1091
 000464   G  0.000706  0.080092 -0.040991    0.0109    0.0398    0.0500    0.0210    0.0235    0.0388    0.1206
 000465   M  0.000468  0.092576 -0.041934    0.0102    0.0389    0.0590    0.0180    0.0265    0.0432    0.1308
 000466   V  0.000721  0.102664 -0.042377    0.0131    0.0605    0.0670    0.0180    0.0336    0.0481    0.1387
 000467   R  0.000888  0.105408 -0.042358    0.0218    0.0531    0.0650    0.0190    0.0340    0.0474    0.1483
 000468   Q  0.000898  0.117398 -0.042226    0.0405    0.0909    0.0740    0.0220    0.0469    0.0544    0.1596
 000469   W  0.001003  0.130787 -0.041649    0.0405    0.1583    0.1100    0.0460    0.0664    0.0720    0.1718
 000470   Q  0.001186  0.137445 -0.040691    0.0387    0.1007    0.0990    0.0400    0.0560    0.0621    0.1786
 000471   D  0.001713  0.147194 -0.038907    0.0387    0.0531    0.1050    0.0410    0.0511    0.0616    0.1874
 000472   L  0.002266  0.164678 -0.036654    0.0231    0.0313    0.1170    0.0490    0.0503    0.0689    0.1988
 000473   F  0.003128  0.166900 -0.033949    0.0259    0.0454    0.1250    0.0480    0.0554    0.0695    0.2064
 000474   H  0.003188  0.168429 -0.030131    0.0297    0.0835    0.1160    0.0360    0.0617    0.0679    0.2112
 000475   A  0.003026  0.190267 -0.025137    0.0245    0.0835    0.1360    0.0470    0.0687    0.0759    0.2101
 000476   K  0.003221  0.210075 -0.018884    0.0350    0.1184    0.1360    0.0400    0.0806    0.0808    0.2118
 000477   R  0.003605  0.232857 -0.011803    0.0554    0.1942    0.1450    0.0400    0.1032    0.0933    0.2164
 000478   Y  0.006036  0.263904 -0.002970    0.0587    0.2094    0.1590    0.0450    0.1156    0.1016    0.2220
 000479   S  0.008376  0.308669  0.008344    0.0677    0.1162    0.1440    0.0490    0.1090    0.1026    0.2239
 000480   E  0.017384  0.321746  0.021534    0.1456    0.1583    0.1630    0.0560    0.1379    0.1024    0.2225
 000481   V  0.041246  0.327272  0.034744    0.0789    0.1476    0.1900    0.0640    0.1366    0.1018    0.2238
 000482   Y  0.064917  0.326766  0.046069    0.0643    0.0870    0.1920    0.0610    0.1302    0.1000    0.2257
 000483   L  0.069074  0.341434  0.056234    0.1060    0.1184    0.1690    0.0490    0.1434    0.0958    0.2232
 000484   A  0.071422  0.354177  0.065873    0.1266    0.2193    0.1400    0.0340    0.1629    0.0995    0.2191
 000485   D  0.097851  0.365339  0.075347    0.1060    0.1881    0.1310    0.0380    0.1607    0.0981    0.2195
 000486   S  0.106969  0.381443  0.084443    0.1416    0.1399    0.1310    0.0350    0.1641    0.0992    0.2205
 000487   N  0.109175  0.397421  0.095140    0.1205    0.1449    0.1460    0.0530    0.1689    0.1038    0.2191
 000488   P  0.111381  0.377717  0.108071    0.0813    0.0870    0.1450    0.0550    0.1518    0.1031    0.2158
 000489   D  0.126170  0.359344  0.122447    0.1380    0.1424    0.1560    0.0600    0.1741    0.0836    0.2079
 000490   F  0.127662  0.335137  0.136186    0.0858    0.1399    0.1560    0.0740    0.1635    0.0797    0.1986
 000491   A  0.153912  0.301665  0.149944    0.0789    0.0835    0.1530    0.0610    0.1535    0.0735    0.1914
 000492   R  0.190716  0.264898  0.162629    0.1205    0.1229    0.1500    0.0500    0.1686    0.0493    0.1851
 000493   L  0.264454  0.237273  0.175157    0.1292    0.1399    0.1580    0.0510    0.1839    0.0501    0.1796
 000494   A  0.323567  0.206958  0.186047    0.1805    0.2258    0.1480    0.0520    0.2118    0.0554    0.1736
 000495   E  0.389253  0.190295  0.196592    0.1532    0.2541    0.1460    0.0510    0.2216    0.0828    0.1706
 000496   A  0.461889  0.194674  0.206222    0.1566    0.2292    0.1560    0.0540    0.2340    0.1052    0.1657
 000497   Y  0.554587  0.207089  0.216041    0.1532    0.2503    0.1570    0.0560    0.2563    0.1376    0.1614
 000498   G  0.639794  0.221834  0.227789    0.1380    0.2541    0.1510    0.0600    0.2720    0.1697    0.1565
 000499   I  0.703312  0.257475  0.242133    0.1266    0.1528    0.1590    0.0570    0.2735    0.1980    0.1544
 000500   K  0.743228  0.296354  0.257109    0.1349    0.1115    0.1740    0.0620    0.2862    0.2144    0.1560
 000501   G  0.778533  0.310001  0.269955    0.1532    0.1852    0.2310    0.0830    0.3213    0.2109    0.1620
 000502   V  0.793010  0.328230  0.281351    0.1456    0.2129    0.2560    0.0880    0.3362    0.2120    0.1668
 000503   R  0.795895  0.368781  0.292615    0.1416    0.1528    0.2610    0.0850    0.3355    0.2204    0.1732
 000504   V  0.823081  0.385891  0.304666    0.2080    0.2436    0.2820    0.0950    0.3745    0.2080    0.1795
 000505   E  0.847851  0.413720  0.315800    0.1732    0.2436    0.2670    0.1120    0.3769    0.2229    0.1906
 000506   R  0.853267  0.472773  0.325871    0.1766    0.1643    0.2550    0.0950    0.3747    0.2376    0.2010
 000507   K  0.836565  0.533674  0.334944    0.1766    0.1275    0.2570    0.0930    0.3777    0.2430    0.2149
 000508   E  0.839839  0.528464  0.343133    0.1805    0.2129    0.2370    0.0920    0.3903    0.2318    0.2363
 000509   D  0.844366  0.488775  0.350109    0.1266    0.1852    0.2510    0.0960    0.3743    0.2405    0.2576
 000510   L  0.857672  0.486687  0.353369    0.1921    0.2884    0.2510    0.0870    0.4049    0.2224    0.2746
 000511   M  0.856645  0.436705  0.355136    0.1667    0.2988    0.1960    0.0590    0.3849    0.2298    0.2926
 000512   K  0.853787  0.388818  0.357409    0.1844    0.3286    0.1730    0.0410    0.3810    0.2268    0.3063
 000513   G  0.832811  0.358110  0.362545    0.2483    0.3286    0.1580    0.0360    0.3814    0.2142    0.3275
 000514   V  0.815937  0.340433  0.366664    0.2820    0.2645    0.1520    0.0340    0.3703    0.2106    0.3489
 000515   E  0.766429  0.308000  0.368882    0.2913    0.3053    0.1540    0.0360    0.3656    0.1906    0.3712
 000516   A  0.692965  0.290591  0.370683    0.2167    0.3019    0.1650    0.0390    0.3396    0.1709    0.3901
 000517   V  0.604835  0.290408  0.374397    0.1921    0.2002    0.1610    0.0350    0.3039    0.1524    0.4110
 000518   L  0.514443  0.291907  0.378985    0.2167    0.2002    0.1620    0.0360    0.2940    0.1212    0.4330
 000519   N  0.467935  0.286216  0.384583    0.1322    0.1323    0.1710    0.0370    0.2623    0.1291    0.4294
 000520   A  0.417814  0.293281  0.391246    0.1117    0.0719    0.1770    0.0360    0.2438    0.1329    0.4223
 000521   D  0.378205  0.293653  0.400470    0.1178    0.1229    0.1980    0.0460    0.2519    0.1135    0.4138
 000522   G  0.339971  0.272790  0.411534    0.0884    0.1671    0.2180    0.0720    0.2497    0.1070    0.4138
 000523   P  0.272243  0.260957  0.426981    0.1060    0.1914    0.2190    0.0800    0.2461    0.0975    0.4096
 000524   V  0.247141  0.278286  0.445586    0.1240    0.1914    0.2220    0.0900    0.2514    0.0993    0.4089
 000525   V  0.263520  0.291316  0.467289    0.1998    0.1914    0.2180    0.0900    0.2719    0.0942    0.4104
 000526   A  0.288421  0.304712  0.488783    0.1958    0.0985    0.2170    0.0870    0.2655    0.1204    0.4139
 000527   E  0.321903  0.333789  0.510480    0.1732    0.1373    0.2200    0.0860    0.2827    0.1246    0.4121
 000528   F  0.316672  0.371258  0.530973    0.1732    0.1554    0.2330    0.0900    0.2967    0.1292    0.4118
 000529   K  0.315054  0.392347  0.549214    0.2657    0.1501    0.2530    0.1050    0.3209    0.1252    0.4166
 000530   V  0.299964  0.410656  0.564958    0.2255    0.1611    0.2940    0.1340    0.3261    0.1312    0.4103
 000531   Y  0.292192  0.419984  0.580686    0.1921    0.1583    0.3210    0.1440    0.3275    0.1420    0.4054
 000532   Q  0.314286  0.435024  0.598142    0.1958    0.1449    0.3230    0.1440    0.3352    0.1502    0.4015
 000533   E  0.326307  0.456076  0.616268    0.1732    0.1449    0.3380    0.1420    0.3425    0.1612    0.3924
 000534   E  0.330722  0.466169  0.633839    0.1566    0.1028    0.3570    0.1440    0.3412    0.1791    0.3859
 000535   G  0.370500  0.480174  0.650934    0.2122    0.1275    0.3820    0.1580    0.3706    0.1707    0.3793
 000536   V  0.418001  0.474915  0.668864    0.2483    0.1969    0.4100    0.1620    0.4028    0.1541    0.3707
 000537   F  0.464280  0.488441  0.687598    0.2558    0.2399    0.3990    0.1570    0.4225    0.1517    0.3625
 000538   P  0.525100  0.495755  0.706309    0.2657    0.1852    0.3520    0.1520    0.4217    0.1743    0.3602
 000539   M  0.594565  0.494381  0.724398    0.3885    0.2064    0.3740    0.1540    0.4637    0.1663    0.3549
 000540   I  0.658182  0.512567  0.741512    0.3668    0.1476    0.3660    0.1470    0.4655    0.1984    0.3514
 000541   P  0.717570  0.551515  0.759964    0.3806    0.2224    0.3480    0.1390    0.4967    0.1966    0.3478
 000542   A  0.779686  0.565151  0.778639    0.4116    0.3356    0.3710    0.1390    0.5403    0.1834    0.3437
 000543   G  0.840019  0.565280  0.797191    0.4245    0.3566    0.4000    0.1490    0.5639    0.1915    0.3400
 000544   G  0.875587  0.582753  0.815172    0.4245    0.3566    0.4650    0.1450    0.5867    0.1956    0.3362
 000545   A  0.891855  0.629878  0.835606    0.4282    0.3599    0.5050    0.1310    0.6085    0.1989    0.3319
 000546   A  0.912110  0.642306  0.858696    0.4556    0.3529    0.5110    0.1520    0.6221    0.2053    0.3261
 000547   E  0.920802  0.668695  0.881067    0.5514    0.4409    0.5160    0.1680    0.6632    0.1814    0.3249
 000548   D  0.926535  0.695846  0.900894    0.5992    0.5807    0.6040    0.1480    0.7179    0.1434    0.3256
 000549   M  0.934988  0.733301  0.917720    0.6124    0.4725    0.6620    0.1210    0.7221    0.1642    0.3260
 000550   I  0.943521  0.762971  0.932178    0.6756    0.5211    0.7020    0.1140    0.7562    0.1477    0.3317
 000551   L  0.949625  0.779715  0.944923    0.6827    0.5992    0.7070    0.0990    0.7772    0.1313    0.3387
 000552   E  0.959648  0.803421  0.956341    0.6681    0.5533    0.7320    0.0810    0.7788    0.1473    0.3473
 000553   P  0.965606  0.826636  0.966166    0.6789    0.5854    0.8400    0.1020    0.8105    0.1399    0.3560
 000554   P  0.974289  0.843751  0.972533    0.7147    0.5707    0.8900    0.0710    0.8276    0.1446    0.3634
 000555   E  0.980390  0.858024  0.975773    0.7458    0.5577    0.9040    0.0620    0.8369    0.1478    0.3706
 000556   E  0.983281  0.868703  0.977418    0.8118    0.5951    0.8820    0.0930    0.8530    0.1302    0.3794
 000557   K  0.984708  0.876630  0.979567    0.8677    0.6322    0.8760    0.1000    0.8694    0.1168    0.3920
 000558   E  0.976785  0.890108  0.981967    0.8857    0.5901    0.8710    0.0690    0.8659    0.1309    0.3993
 000559   E  0.995380  0.892099  0.985597    0.8886    0.5419    0.9340    0.0420    0.8730    0.1537    0.4068
 000560   V  0.993295  0.905779  0.989472    0.9369    0.6043    0.9090    0.0670    0.8897    0.1323    0.4142
 000561   G  0.971355  0.906981  0.993226    0.9753    0.7755    0.9280    0.0480    0.9251    0.0730    0.4206
 000562   A  0.896118  0.904386  0.994868    0.9943    0.9013    0.9340    0.0460    0.9375    0.0421    0.4267
