#RESNUM RES     VL-XT     VSL2B       VL3  IUPred-S  IUPred-L  PONDRFIT  FITERROR       MDP  MDPERROR   ANCHOR2
 000001   M  0.634933  0.721337  0.536557    0.6827    0.0184    0.9210    0.0350    0.5858    0.2789    0.3220
 000002   A  0.661994  0.688869  0.537601    0.6079    0.0269    0.8620    0.0660    0.5643    0.2599    0.3041
 000003   G  0.570081  0.652013  0.537214    0.5253    0.0205    0.8180    0.0590    0.5205    0.2444    0.2926
 000004   G  0.338413  0.627493  0.535479    0.4879    0.0281    0.7210    0.1350    0.4563    0.2250    0.2860
 000005   L  0.473547  0.580318  0.533023    0.3630    0.0405    0.6850    0.1210    0.4458    0.2060    0.2833
 000006   L  0.441469  0.531561  0.532824    0.3225    0.0258    0.6170    0.1280    0.4119    0.1954    0.2760
 000007   G  0.393129  0.480470  0.534380    0.2748    0.0341    0.5770    0.0530    0.3822    0.1842    0.2586
 000008   L  0.352579  0.449430  0.537376    0.1532    0.0555    0.5520    0.1000    0.3500    0.1876    0.2435
 000009   Y  0.340127  0.359447  0.540366    0.1240    0.0543    0.5420    0.0750    0.3266    0.1863    0.2282
 000010   H  0.321533  0.369776  0.543788    0.1150    0.0372    0.5040    0.1460    0.3152    0.1863    0.2210
 000011   A  0.275606  0.422844  0.546262    0.0677    0.0263    0.5230    0.1270    0.3103    0.2059    0.2121
 000012   A  0.240480  0.429931  0.545177    0.0542    0.0389    0.4450    0.1180    0.2923    0.1957    0.2080
 000013   R  0.230706  0.427605  0.540879    0.0425    0.0473    0.3750    0.1410    0.2773    0.1879    0.2114
 000014   C  0.219153  0.461224  0.536100    0.0490    0.0258    0.2930    0.1270    0.2640    0.1909    0.2169
 000015   S  0.216511  0.472787  0.535455    0.0514    0.0258    0.3100    0.1000    0.2686    0.1930    0.2200
 000016   G  0.248609  0.485766  0.538534    0.0464    0.0531    0.3090    0.1240    0.2802    0.1902    0.2195
 000017   L  0.242691  0.467296  0.542559    0.0744    0.0909    0.2670    0.1080    0.2809    0.1749    0.2269
 000018   R  0.237012  0.434670  0.545340    0.0909    0.0967    0.2300    0.0910    0.2725    0.1672    0.2318
 000019   P  0.230234  0.451589  0.545945    0.1349    0.1791    0.2080    0.0860    0.2916    0.1518    0.2431
 000020   A  0.241137  0.467205  0.545128    0.2167    0.1583    0.1990    0.0690    0.3045    0.1465    0.2544
 000021   L  0.261990  0.502440  0.544036    0.2558    0.1583    0.1760    0.0450    0.3164    0.1516    0.2637
 000022   L  0.247058  0.506024  0.543849    0.1878    0.1881    0.1680    0.0460    0.3068    0.1565    0.2691
 000023   E  0.237575  0.513401  0.541683    0.2292    0.1424    0.1540    0.0420    0.3030    0.1628    0.2665
 000024   S  0.223260  0.540053  0.537939    0.2167    0.1424    0.2030    0.0410    0.3106    0.1636    0.2626
 000025   L  0.185931  0.535349  0.532298    0.2167    0.1275    0.2170    0.0620    0.3025    0.1663    0.2561
 000026   G  0.182464  0.541349  0.529698    0.2167    0.0765    0.1780    0.0750    0.2875    0.1805    0.2522
 000027   P  0.184993  0.560646  0.528945    0.1532    0.0780    0.1590    0.0890    0.2774    0.1920    0.2511
 000028   R  0.193567  0.558445  0.528351    0.1635    0.0851    0.1570    0.0860    0.2809    0.1886    0.2447
 000029   T  0.208923  0.544844  0.525107    0.1635    0.0888    0.1350    0.0730    0.2778    0.1854    0.2439
 000030   P  0.194896  0.524313  0.518545    0.0935    0.0888    0.1210    0.0630    0.2569    0.1902    0.2338
 000031   F  0.179811  0.496048  0.510953    0.1205    0.0888    0.1250    0.0670    0.2535    0.1789    0.2236
 000032   S  0.184472  0.472581  0.502055    0.2080    0.1449    0.1140    0.0650    0.2711    0.1559    0.2102
 000033   R  0.180280  0.440273  0.492003    0.2602    0.2224    0.1100    0.0620    0.2842    0.1372    0.1987
 000034   L  0.162052  0.413004  0.482168    0.2385    0.1323    0.0880    0.0470    0.2527    0.1463    0.1916
 000035   S  0.155049  0.394034  0.473507    0.2209    0.1501    0.0770    0.0410    0.2451    0.1416    0.1807
 000036   L  0.140065  0.369605  0.468028    0.2122    0.1671    0.0730    0.0400    0.2384    0.1370    0.1681
 000037   L  0.117293  0.383386  0.462184    0.2209    0.0799    0.0700    0.0390    0.2223    0.1516    0.1518
 000038   G  0.099963  0.368071  0.455262    0.1380    0.0765    0.0780    0.0410    0.2027    0.1512    0.1333
 000039   V  0.094915  0.347757  0.446281    0.0701    0.0799    0.0840    0.0410    0.1871    0.1513    0.1180
 000040   G  0.093465  0.353841  0.437316    0.0677    0.0719    0.0830    0.0390    0.1845    0.1514    0.1046
 000041   P  0.085304  0.355109  0.427971    0.0587    0.0356    0.0870    0.0410    0.1749    0.1556    0.0934
 000042   A  0.079242  0.339605  0.418598    0.1060    0.0414    0.0950    0.0460    0.1801    0.1440    0.0819
 000043   H  0.093525  0.324937  0.411360    0.0607    0.0253    0.0900    0.0430    0.1677    0.1457    0.0725
 000044   R  0.117088  0.315456  0.406758    0.0387    0.0281    0.0850    0.0330    0.1652    0.1440    0.0637
 000045   L  0.138361  0.313060  0.401391    0.0350    0.0518    0.0720    0.0260    0.1687    0.1395    0.0573
 000046   E  0.158943  0.302143  0.390494    0.0350    0.0518    0.0560    0.0190    0.1657    0.1362    0.0540
 000047   V  0.170944  0.274733  0.374925    0.0567    0.0888    0.0470    0.0160    0.1689    0.1207    0.0503
 000048   W  0.181806  0.261382  0.359180    0.0832    0.0985    0.0460    0.0160    0.1717    0.1097    0.0479
 000049   E  0.197569  0.256215  0.345895    0.0701    0.1007    0.0390    0.0180    0.1683    0.1087    0.0469
 000050   G  0.214794  0.232724  0.334322    0.0660    0.1671    0.0370    0.0160    0.1752    0.1012    0.0457
 000051   R  0.245805  0.215642  0.323260    0.0643    0.1399    0.0350    0.0130    0.1707    0.1013    0.0442
 000052   L  0.251897  0.201445  0.311468    0.0554    0.0734    0.0360    0.0130    0.1550    0.1054    0.0440
 000053   Y  0.239950  0.202368  0.297972    0.0542    0.1007    0.0410    0.0130    0.1561    0.0966    0.0447
 000054   L  0.225927  0.218797  0.284263    0.0297    0.0676    0.0420    0.0140    0.1447    0.1011    0.0465
 000055   D  0.212403  0.258442  0.270930    0.0350    0.0320    0.0440    0.0140    0.1421    0.1067    0.0493
 000056   G  0.203249  0.279753  0.258083    0.0387    0.0555    0.0620    0.0220    0.1495    0.1004    0.0512
 000057   R  0.198958  0.282972  0.244442    0.0167    0.0263    0.0710    0.0280    0.1401    0.1062    0.0512
 000058   R  0.194661  0.291175  0.229945    0.0245    0.0244    0.0730    0.0310    0.1396    0.1042    0.0514
 000059   V  0.181081  0.283410  0.215943    0.0274    0.0618    0.0680    0.0300    0.1397    0.0930    0.0514
 000060   G  0.159313  0.256396  0.203664    0.0109    0.0531    0.0670    0.0300    0.1251    0.0877    0.0524
 000061   E  0.177419  0.242187  0.193368    0.0118    0.0543    0.0650    0.0260    0.1241    0.0842    0.0519
 000062   A  0.206844  0.248351  0.184390    0.0109    0.0313    0.0700    0.0260    0.1252    0.0916    0.0517
 000063   L  0.218004  0.227291  0.176687    0.0212    0.0555    0.0680    0.0220    0.1277    0.0823    0.0495
 000064   E  0.216307  0.194805  0.170963    0.0173    0.1048    0.0580    0.0170    0.1270    0.0728    0.0476
 000065   V  0.216634  0.179511  0.166851    0.0350    0.1702    0.0540    0.0090    0.1370    0.0676    0.0455
 000066   F  0.217144  0.164401  0.162532    0.0327    0.0780    0.0560    0.0110    0.1185    0.0667    0.0440
 000067   R  0.202718  0.150844  0.155414    0.0327    0.0356    0.0690    0.0130    0.1076    0.0652    0.0411
 000068   Y  0.186620  0.153639  0.147267    0.0173    0.0424    0.0700    0.0140    0.1029    0.0627    0.0388
 000069   L  0.166501  0.172481  0.139031    0.0090    0.0356    0.0650    0.0130    0.0980    0.0643    0.0381
 000070   E  0.126450  0.180778  0.132252    0.0212    0.0253    0.0580    0.0120    0.0906    0.0596    0.0377
 000071   R  0.079012  0.200047  0.125890    0.0150    0.0146    0.0670    0.0220    0.0835    0.0647    0.0349
 000072   G  0.053595  0.206625  0.119967    0.0069    0.0138    0.0730    0.0290    0.0791    0.0684    0.0325
 000073   L  0.038854  0.194122  0.114936    0.0042    0.0094    0.0760    0.0350    0.0729    0.0663    0.0300
 000074   G  0.022091  0.183501  0.111132    0.0087    0.0084    0.0680    0.0310    0.0669    0.0637    0.0283
 000075   K  0.002965  0.161757  0.107292    0.0042    0.0071    0.0680    0.0320    0.0585    0.0603    0.0254
 000076   G  0.000958  0.124853  0.104166    0.0035    0.0065    0.0660    0.0350    0.0510    0.0504    0.0229
 000077   F  0.000626  0.098722  0.102566    0.0066    0.0102    0.0610    0.0330    0.0467    0.0430    0.0195
 000078   F  0.000244  0.083159  0.103419    0.0029    0.0069    0.0500    0.0210    0.0411    0.0409    0.0177
 000079   P  0.000059  0.066321  0.105349    0.0078    0.0087    0.0370    0.0120    0.0375    0.0377    0.0162
 000080   A  0.000053  0.050259  0.107568    0.0075    0.0117    0.0300    0.0080    0.0345    0.0366    0.0142
 000081   W  0.000044  0.040402  0.109802    0.0052    0.0108    0.0280    0.0070    0.0324    0.0373    0.0122
 000082   I  0.000048  0.031719  0.112430    0.0055    0.0080    0.0270    0.0070    0.0307    0.0383    0.0113
 000083   G  0.000047  0.035898  0.115117    0.0044    0.0080    0.0270    0.0070    0.0317    0.0394    0.0110
 000084   F  0.000053  0.039890  0.118024    0.0049    0.0079    0.0280    0.0070    0.0331    0.0404    0.0107
 000085   F  0.000048  0.048615  0.121001    0.0044    0.0085    0.0300    0.0070    0.0354    0.0418    0.0106
 000086   A  0.000039  0.051348  0.124423    0.0013    0.0075    0.0320    0.0090    0.0362    0.0435    0.0111
 000087   Y  0.000042  0.060813  0.128938    0.0024    0.0073    0.0450    0.0130    0.0408    0.0455    0.0115
 000088   E  0.000211  0.078751  0.133647    0.0037    0.0113    0.0550    0.0190    0.0472    0.0482    0.0128
 000089   F  0.000505  0.098767  0.138201    0.0070    0.0244    0.0670    0.0250    0.0560    0.0503    0.0135
 000090   A  0.000668  0.129280  0.142055    0.0055    0.0134    0.0730    0.0260    0.0607    0.0583    0.0145
 000091   R  0.002037  0.172505  0.146373    0.0082    0.0178    0.0920    0.0230    0.0732    0.0682    0.0159
 000092   H  0.059804  0.206347  0.151960    0.0081    0.0380    0.1460    0.0440    0.1017    0.0707    0.0176
 000093   L  0.117565  0.255156  0.157481    0.0182    0.0405    0.2290    0.0340    0.1364    0.0882    0.0195
 000094   G  0.154911  0.313793  0.163594    0.0179    0.0463    0.2800    0.0350    0.1627    0.1088    0.0216
 000095   L  0.155433  0.379619  0.169453    0.0173    0.1070    0.3290    0.0460    0.1929    0.1248    0.0229
 000096   P  0.156506  0.435012  0.176257    0.0441    0.1731    0.3400    0.0570    0.2207    0.1288    0.0248
 000097   A  0.157159  0.491288  0.184223    0.0643    0.1048    0.3360    0.0630    0.2230    0.1471    0.0267
 000098   H  0.156885  0.534692  0.193584    0.1018    0.0929    0.3270    0.0660    0.2345    0.1550    0.0295
 000099   K  0.156810  0.533418  0.205416    0.0464    0.0494    0.3190    0.0640    0.2184    0.1690    0.0318
 000100   P  0.157646  0.497878  0.217795    0.0526    0.0592    0.3010    0.0700    0.2143    0.1535    0.0356
 000101   L  0.102085  0.489970  0.228786    0.0405    0.0389    0.2450    0.0670    0.1909    0.1568    0.0378
 000102   P  0.045512  0.427315  0.238651    0.0245    0.0473    0.1210    0.0320    0.1508    0.1431    0.0390
 000103   G  0.009046  0.366957  0.249720    0.0141    0.0531    0.0800    0.0220    0.1288    0.1335    0.0404
 000104   L  0.009188  0.326317  0.264749    0.0363    0.0948    0.0580    0.0150    0.1316    0.1200    0.0420
 000105   P  0.008471  0.286359  0.281319    0.0414    0.0506    0.0460    0.0140    0.1190    0.1173    0.0441
 000106   E  0.008789  0.231085  0.299272    0.0858    0.0734    0.0440    0.0130    0.1238    0.1048    0.0454
 000107   A  0.009668  0.199452  0.316930    0.0414    0.0364    0.0440    0.0130    0.1080    0.1120    0.0447
 000108   F  0.010242  0.188662  0.334472    0.0464    0.0214    0.0460    0.0130    0.1079    0.1172    0.0445
 000109   F  0.008384  0.194974  0.350959    0.0336    0.0235    0.0530    0.0140    0.1107    0.1240    0.0432
 000110   L  0.006450  0.190560  0.366215    0.0194    0.0240    0.0620    0.0160    0.1114    0.1296    0.0446
 000111   Y  0.005634  0.191368  0.379786    0.0179    0.0205    0.0710    0.0250    0.1144    0.1343    0.0456
 000112   Y  0.005021  0.282805  0.391640    0.0414    0.0205    0.0800    0.0310    0.1369    0.1469    0.0498
 000113   P  0.004514  0.352141  0.403474    0.0363    0.0125    0.0870    0.0350    0.1493    0.1644    0.0578
 000114   E  0.004344  0.367488  0.416598    0.0218    0.0133    0.1050    0.0490    0.1547    0.1716    0.0654
 000115   G  0.003393  0.411389  0.431415    0.0268    0.0178    0.1140    0.0530    0.1675    0.1831    0.0738
 000116   Y  0.004019  0.430043  0.447898    0.0274    0.0178    0.1320    0.0590    0.1766    0.1902    0.0797
 000117   A  0.004885  0.427713  0.466776    0.0173    0.0165    0.1500    0.0670    0.1805    0.1951    0.0919
 000118   L  0.025059  0.469734  0.485789    0.0279    0.0107    0.1680    0.0770    0.1979    0.2047    0.1072
 000119   F  0.061893  0.470667  0.503979    0.0542    0.0223    0.1790    0.0840    0.2153    0.1986    0.1245
 000120   E  0.089152  0.489709  0.520364    0.0567    0.0269    0.2100    0.1060    0.2321    0.2014    0.1462
 000121   G  0.101582  0.531138  0.536825    0.1117    0.0443    0.2470    0.1300    0.2622    0.2016    0.1649
 000122   R  0.111453  0.548845  0.553204    0.1088    0.0929    0.2670    0.1350    0.2804    0.1999    0.1824
 000123   L  0.123356  0.573742  0.569298    0.1732    0.0967    0.2830    0.1420    0.3033    0.1984    0.1967
 000124   V  0.138595  0.596645  0.586268    0.1698    0.0967    0.2640    0.1340    0.3087    0.2062    0.2049
 000125   Q  0.160743  0.612282  0.603440    0.0991    0.0483    0.2480    0.1260    0.2954    0.2292    0.2135
 000126   A  0.256019  0.635064  0.621182    0.1088    0.0380    0.2880    0.1550    0.3245    0.2306    0.2169
 000127   P  0.335465  0.643640  0.637625    0.1150    0.0817    0.2740    0.1560    0.3480    0.2244    0.2237
 000128   S  0.404620  0.660327  0.653050    0.1205    0.1137    0.2850    0.1630    0.3729    0.2239    0.2267
 000129   F  0.483244  0.660575  0.667643    0.1958    0.2002    0.3190    0.1700    0.4210    0.1967    0.2249
 000130   P  0.576346  0.689907  0.680095    0.3053    0.2328    0.2620    0.1420    0.4577    0.1956    0.2198
 000131   L  0.676275  0.692983  0.692176    0.3096    0.2436    0.2460    0.1010    0.4767    0.2116    0.2143
 000132   R  0.772344  0.702494  0.704768    0.2292    0.2328    0.2130    0.0820    0.4757    0.2519    0.2064
 000133   P  0.863060  0.714011  0.717706    0.2531    0.2364    0.2050    0.0570    0.4982    0.2716    0.1998
 000134   L  0.942331  0.741703  0.728594    0.3184    0.3460    0.3020    0.0880    0.5631    0.2511    0.1954
 000135   P  0.922365  0.769160  0.734823    0.4037    0.3321    0.3120    0.1240    0.5791    0.2384    0.1877
 000136   Y  0.899229  0.742275  0.738457    0.3885    0.2470    0.3730    0.1420    0.5648    0.2388    0.1825
 000137   A  0.869800  0.760031  0.739362    0.3535    0.2783    0.3010    0.1110    0.5503    0.2439    0.1785
 000138   P  0.835090  0.766257  0.738764    0.2602    0.2680    0.2530    0.0830    0.5202    0.2614    0.1736
 000139   P  0.797933  0.773183  0.736924    0.2657    0.1611    0.2220    0.0770    0.4928    0.2788    0.1720
 000140   P  0.744794  0.766958  0.732715    0.3847    0.3019    0.2050    0.0690    0.5227    0.2316    0.1716
 000141   L  0.661829  0.741475  0.729333    0.2700    0.2752    0.2210    0.0740    0.4831    0.2297    0.1724
 000142   P  0.575336  0.725450  0.727757    0.3806    0.3740    0.1930    0.0710    0.4960    0.1969    0.1705
 000143   R  0.490884  0.733383  0.730214    0.3806    0.3529    0.1790    0.0730    0.4779    0.2014    0.1720
 000144   H  0.432785  0.702338  0.731228    0.3668    0.2164    0.1820    0.0770    0.4386    0.2143    0.1763
 000145   P  0.372957  0.663743  0.729444    0.4282    0.2224    0.1870    0.0840    0.4340    0.2040    0.1781
 000146   L  0.316078  0.643424  0.724278    0.3225    0.1942    0.1930    0.0870    0.3988    0.2093    0.1843
 000147   V  0.272527  0.658273  0.716900    0.3263    0.2951    0.1790    0.0850    0.4079    0.2035    0.1875
 000148   S  0.232992  0.635333  0.705148    0.3456    0.2541    0.1750    0.0830    0.3913    0.2045    0.1959
 000149   D  0.195437  0.640452  0.691086    0.3263    0.2436    0.1890    0.0930    0.3810    0.2068    0.2016
 000150   F  0.219166  0.619461  0.676470    0.2292    0.2328    0.1990    0.1090    0.3627    0.2026    0.1985
 000151   P  0.229515  0.606044  0.663476    0.2080    0.1501    0.1830    0.1190    0.3400    0.2105    0.1978
 000152   R  0.235821  0.579882  0.651176    0.2865    0.2224    0.1750    0.1210    0.3585    0.1858    0.1956
 000153   E  0.238030  0.530552  0.638215    0.1921    0.2129    0.1640    0.1100    0.3293    0.1844    0.1954
 000154   A  0.242495  0.507532  0.623861    0.1958    0.2164    0.1670    0.0990    0.3255    0.1746    0.1943
 000155   F  0.243664  0.525059  0.608029    0.1998    0.1399    0.1860    0.1140    0.3171    0.1806    0.1916
 000156   L  0.237575  0.505042  0.590587    0.1766    0.1184    0.1950    0.1200    0.3038    0.1778    0.1849
 000157   R  0.243247  0.496016  0.571063    0.1566    0.1611    0.1860    0.1190    0.3024    0.1673    0.1750
 000158   G  0.251736  0.487319  0.550214    0.2080    0.2292    0.1810    0.1110    0.3180    0.1447    0.1681
 000159   V  0.248310  0.473617  0.528795    0.1732    0.1671    0.2170    0.1190    0.3013    0.1448    0.1585
 000160   E  0.242114  0.463968  0.509146    0.1602    0.1070    0.2250    0.1430    0.2846    0.1500    0.1518
 000161   E  0.241006  0.443143  0.490935    0.1667    0.1206    0.2630    0.1830    0.2876    0.1359    0.1497
 000162   V  0.262208  0.437637  0.473066    0.0991    0.1162    0.2390    0.1610    0.2713    0.1433    0.1464
 000163   R  0.291403  0.413165  0.454231    0.0607    0.0765    0.1880    0.1120    0.2474    0.1526    0.1470
 000164   E  0.338639  0.383866  0.434842    0.0621    0.0780    0.1650    0.0930    0.2438    0.1482    0.1457
 000165   R  0.360367  0.355537  0.416433    0.0414    0.0568    0.1430    0.0750    0.2289    0.1531    0.1423
 000166   I  0.349062  0.315120  0.399616    0.0744    0.1115    0.1210    0.0640    0.2284    0.1293    0.1392
 000167   R  0.347348  0.271444  0.383411    0.0607    0.1731    0.0840    0.0400    0.2200    0.1235    0.1459
 000168   A  0.337626  0.239155  0.367444    0.0660    0.1759    0.0710    0.0330    0.2095    0.1178    0.1563
 000169   G  0.349048  0.208191  0.352445    0.0607    0.0888    0.0600    0.0280    0.1866    0.1263    0.1641
 000170   V  0.339476  0.190981  0.337493    0.0965    0.1323    0.0530    0.0240    0.1917    0.1117    0.1731
 000171   V  0.305553  0.172587  0.325091    0.0455    0.0765    0.0470    0.0200    0.1621    0.1164    0.1792
 000172   Y  0.256160  0.190756  0.311079    0.0441    0.0424    0.0480    0.0190    0.1487    0.1097    0.1866
 000173   Q  0.194873  0.179045  0.296610    0.0387    0.0704    0.0470    0.0180    0.1378    0.0937    0.1940
 000174   V  0.155298  0.168311  0.279634    0.0200    0.0851    0.0540    0.0190    0.1271    0.0859    0.1973
 000175   N  0.134429  0.165773  0.265055    0.0194    0.0506    0.0610    0.0220    0.1160    0.0833    0.2079
 000176   L  0.109869  0.167037  0.251406    0.0259    0.0568    0.0660    0.0260    0.1128    0.0764    0.2154
 000177   S  0.075329  0.158631  0.239080    0.0279    0.1184    0.0670    0.0280    0.1144    0.0693    0.2233
 000178   H  0.041791  0.159456  0.226569    0.0316    0.0765    0.0670    0.0310    0.1005    0.0698    0.2236
 000179   R  0.029311  0.167272  0.216264    0.0464    0.0581    0.0740    0.0350    0.0986    0.0687    0.2206
 000180   F  0.026499  0.173798  0.207623    0.0231    0.0341    0.0790    0.0360    0.0906    0.0737    0.2238
 000181   R  0.030041  0.176948  0.200722    0.0212    0.0306    0.0780    0.0320    0.0896    0.0728    0.2258
 000182   L  0.039837  0.196083  0.194386    0.0182    0.0405    0.0770    0.0290    0.0944    0.0734    0.2324
 000183   L  0.055220  0.201206  0.188891    0.0160    0.0719    0.0710    0.0210    0.1007    0.0693    0.2375
 000184   G  0.067845  0.190306  0.184430    0.0109    0.0405    0.0610    0.0170    0.0926    0.0695    0.2386
 000185   P  0.084310  0.180641  0.183035    0.0200    0.0618    0.0600    0.0160    0.0983    0.0620    0.2376
 000186   V  0.090869  0.171931  0.183211    0.0090    0.0463    0.0530    0.0140    0.0925    0.0648    0.2313
 000187   D  0.127110  0.148670  0.184352    0.0182    0.0483    0.0440    0.0130    0.0952    0.0613    0.2341
 000188   P  0.191184  0.133018  0.185553    0.0144    0.0543    0.0360    0.0090    0.1024    0.0710    0.2356
 000189   L  0.195515  0.126862  0.187220    0.0079    0.0646    0.0370    0.0080    0.1031    0.0720    0.2356
 000190   L  0.206214  0.119313  0.187907    0.0082    0.0676    0.0360    0.0060    0.1042    0.0740    0.2366
 000191   L  0.204856  0.113694  0.185375    0.0245    0.1528    0.0380    0.0070    0.1199    0.0688    0.2347
 000192   Y  0.191323  0.119820  0.181521    0.0252    0.0817    0.0450    0.0110    0.1074    0.0633    0.2340
 000193   A  0.182010  0.138754  0.178235    0.0526    0.1070    0.0510    0.0160    0.1183    0.0533    0.2327
 000194   R  0.176970  0.149998  0.176970    0.0502    0.1702    0.0590    0.0210    0.1306    0.0545    0.2368
 000195   L  0.178171  0.170884  0.176142    0.0387    0.1070    0.0690    0.0270    0.1233    0.0554    0.2477
 000196   R  0.185351  0.205096  0.174719    0.0327    0.0592    0.0710    0.0250    0.1214    0.0685    0.2661
 000197   A  0.173123  0.232376  0.174786    0.0316    0.0967    0.0900    0.0280    0.1330    0.0667    0.2887
 000198   L  0.177708  0.253616  0.178942    0.0173    0.0929    0.1160    0.0370    0.1395    0.0749    0.3055
 000199   N  0.175822  0.284053  0.185296    0.0160    0.0835    0.1430    0.0480    0.1480    0.0839    0.3227
 000200   P  0.171631  0.303556  0.191536    0.0336    0.1349    0.1660    0.0510    0.1669    0.0797    0.3403
 000201   S  0.173018  0.310024  0.196167    0.0643    0.1070    0.1830    0.0550    0.1723    0.0770    0.3576
 000202   P  0.182470  0.309158  0.200500    0.1205    0.1424    0.1840    0.0620    0.1898    0.0599    0.3724
 000203   F  0.182395  0.285683  0.206707    0.1117    0.1583    0.1880    0.0690    0.1888    0.0526    0.3880
 000204   M  0.190623  0.275493  0.215299    0.1150    0.1275    0.1730    0.0560    0.1827    0.0540    0.3975
 000205   G  0.188782  0.272966  0.226772    0.0771    0.1323    0.1570    0.0420    0.1758    0.0635    0.3927
 000206   L  0.221891  0.266963  0.238447    0.0909    0.2002    0.1610    0.0370    0.1965    0.0575    0.3855
 000207   V  0.288197  0.267016  0.250647    0.0965    0.2064    0.1500    0.0370    0.2099    0.0676    0.3738
 000208   E  0.347178  0.276253  0.264141    0.1205    0.2609    0.1390    0.0320    0.2347    0.0797    0.3623
 000209   G  0.369684  0.300288  0.280877    0.1921    0.3494    0.1400    0.0370    0.2721    0.0818    0.3562
 000210   E  0.428428  0.316188  0.298874    0.2122    0.3249    0.1340    0.0420    0.2858    0.0925    0.3500
 000211   G  0.469015  0.332342  0.318510    0.1921    0.2258    0.1300    0.0450    0.2780    0.1103    0.3449
 000212   W  0.504946  0.346218  0.338303    0.1921    0.1323    0.1330    0.0470    0.2745    0.1349    0.3452
 000213   A  0.546745  0.368490  0.357669    0.1292    0.1229    0.1230    0.0400    0.2747    0.1617    0.3537
 000214   V  0.574969  0.371225  0.374007    0.1602    0.2193    0.1290    0.0430    0.3048    0.1535    0.3593
 000215   V  0.508064  0.384230  0.385969    0.2122    0.1914    0.1360    0.0400    0.3029    0.1318    0.3658
 000216   S  0.441864  0.394989  0.393605    0.2041    0.1914    0.1390    0.0320    0.2941    0.1188    0.3782
 000217   G  0.370056  0.402165  0.402715    0.2292    0.2951    0.1450    0.0340    0.3074    0.0953    0.3896
 000218   S  0.336958  0.421725  0.415883    0.3096    0.3599    0.1440    0.0340    0.3313    0.0929    0.4020
 000219   P  0.292259  0.444105  0.434247    0.3263    0.2849    0.1430    0.0320    0.3208    0.1014    0.4103
 000220   E  0.266381  0.465160  0.453892    0.3096    0.2064    0.1580    0.0320    0.3100    0.1158    0.4150
 000221   R  0.245252  0.482067  0.474333    0.2483    0.1759    0.1870    0.0500    0.3021    0.1274    0.4226
 000222   L  0.218832  0.499047  0.495408    0.1878    0.1671    0.2120    0.0640    0.2968    0.1428    0.4322
 000223   F  0.176643  0.512074  0.515307    0.2748    0.3053    0.2140    0.0710    0.3330    0.1342    0.4334
 000224   Q  0.184144  0.519518  0.533758    0.2963    0.2436    0.2120    0.0690    0.3315    0.1422    0.4300
 000225   K  0.221564  0.510307  0.551016    0.3992    0.2849    0.2250    0.0810    0.3653    0.1314    0.4266
 000226   V  0.272620  0.504960  0.568569    0.3992    0.3566    0.2270    0.0870    0.3881    0.1202    0.4256
 000227   G  0.380068  0.488992  0.586281    0.3762    0.3704    0.2030    0.0740    0.4008    0.1179    0.4240
 000228   P  0.411260  0.499780  0.602258    0.3762    0.3599    0.1990    0.0760    0.4081    0.1246    0.4234
 000229   R  0.490275  0.512093  0.615363    0.3847    0.3872    0.2280    0.0910    0.4362    0.1220    0.4204
 000230   V  0.573705  0.530821  0.627938    0.3578    0.3529    0.2560    0.1110    0.4499    0.1348    0.4212
 000231   L  0.650847  0.541498  0.641761    0.3847    0.3460    0.2650    0.1210    0.4717    0.1483    0.4210
 000232   A  0.709943  0.570802  0.657995    0.3762    0.3460    0.2420    0.1100    0.4838    0.1723    0.4180
 000233   R  0.740290  0.577017  0.673692    0.4420    0.4369    0.2130    0.0960    0.5139    0.1742    0.4115
 000234   P  0.736986  0.634844  0.686845    0.5008    0.5707    0.2230    0.1040    0.5589    0.1683    0.4104
 000235   I  0.728860  0.646235  0.696231    0.4918    0.5254    0.2690    0.1290    0.5596    0.1555    0.4088
 000236   A  0.661956  0.654027  0.702380    0.4967    0.5342    0.2880    0.1400    0.5563    0.1402    0.4085
 000237   G  0.649089  0.675796  0.708487    0.5296    0.6322    0.3240    0.1630    0.5866    0.1296    0.4049
 000238   T  0.606385  0.699996  0.714584    0.5296    0.5254    0.3430    0.1380    0.5699    0.1253    0.4010
 000239   R  0.543496  0.710610  0.719108    0.5084    0.4685    0.3750    0.1100    0.5541    0.1248    0.3968
 000240   P  0.518866  0.723255  0.720261    0.4458    0.3948    0.3980    0.1000    0.5335    0.1393    0.3959
 000241   R  0.509974  0.732750  0.719875    0.4879    0.4725    0.4580    0.1270    0.5634    0.1163    0.3944
 000242   G  0.531702  0.737386  0.718483    0.4749    0.5533    0.4720    0.1390    0.5813    0.1078    0.3950
 000243   R  0.562416  0.748606  0.716741    0.5043    0.6043    0.4800    0.1240    0.6026    0.1006    0.3963
 000244   T  0.599127  0.750006  0.714621    0.5084    0.5139    0.4890    0.1150    0.5958    0.1030    0.3993
 000245   E  0.638292  0.761261  0.714104    0.4918    0.4051    0.5430    0.1370    0.5923    0.1245    0.4006
 000246   A  0.691386  0.763942  0.716095    0.4918    0.4685    0.5360    0.1280    0.6113    0.1162    0.4067
 000247   E  0.718107  0.759520  0.719669    0.4420    0.4979    0.5050    0.1440    0.6070    0.1277    0.4125
 000248   D  0.763044  0.760346  0.719855    0.4149    0.5098    0.5170    0.1580    0.6142    0.1383    0.4224
 000249   L  0.770854  0.736492  0.715230    0.4149    0.4901    0.5790    0.1490    0.6177    0.1329    0.4335
 000250   A  0.785553  0.708374  0.706263    0.4282    0.5098    0.5910    0.1420    0.6216    0.1241    0.4245
 000251   L  0.799142  0.694450  0.696706    0.3992    0.4766    0.6240    0.1850    0.6150    0.1371    0.4204
 000252   E  0.810493  0.687175  0.688101    0.4149    0.4507    0.5850    0.1990    0.6061    0.1392    0.4201
 000253   R  0.820779  0.683694  0.680535    0.3992    0.4582    0.5770    0.1910    0.6032    0.1433    0.4188
 000254   E  0.827807  0.698201  0.674640    0.3847    0.4725    0.5250    0.1550    0.5972    0.1501    0.4159
 000255   L  0.823051  0.688426  0.668115    0.3762    0.3910    0.5980    0.1250    0.5908    0.1610    0.4095
 000256   L  0.818123  0.697205  0.660901    0.3806    0.3494    0.5690    0.1440    0.5793    0.1683    0.4054
 000257   A  0.811225  0.697747  0.651830    0.3456    0.2988    0.5410    0.1600    0.5577    0.1849    0.4036
 000258   S  0.804511  0.701838  0.641374    0.3184    0.2224    0.5410    0.1520    0.5382    0.2067    0.4009
 000259   T  0.786210  0.696766  0.629225    0.2333    0.2224    0.5520    0.1450    0.5200    0.2183    0.4002
 000260   K  0.774268  0.680544  0.614996    0.2333    0.2224    0.5450    0.1370    0.5118    0.2123    0.4028
 000261   E  0.740142  0.656608  0.600374    0.2558    0.1759    0.5350    0.1460    0.4939    0.2073    0.4016
 000262   R  0.705908  0.633193  0.585628    0.2483    0.2436    0.4840    0.1580    0.4835    0.1804    0.3939
 000263   A  0.682342  0.593394  0.571845    0.1635    0.2470    0.4320    0.1530    0.4483    0.1884    0.3830
 000264   E  0.644413  0.552881  0.558997    0.1566    0.2609    0.3910    0.1620    0.4275    0.1744    0.3736
 000265   H  0.598221  0.519553  0.547680    0.1566    0.1759    0.3700    0.1490    0.3946    0.1759    0.3607
 000266   V  0.554189  0.486739  0.537251    0.2167    0.2193    0.3450    0.1360    0.3932    0.1409    0.3533
 000267   M  0.486978  0.455571  0.525788    0.2041    0.2884    0.3130    0.1170    0.3789    0.1171    0.3426
 000268   L  0.434510  0.431412  0.511970    0.1958    0.2503    0.2750    0.0900    0.3498    0.1150    0.3393
 000269   V  0.370802  0.397919  0.497364    0.1805    0.2224    0.2580    0.0730    0.3212    0.1102    0.3411
 000270   D  0.331434  0.373490  0.483060    0.1150    0.2034    0.2680    0.0840    0.2957    0.1186    0.3439
 000271   L  0.288132  0.352086  0.469501    0.0965    0.2328    0.2570    0.0830    0.2827    0.1137    0.3469
 000272   L  0.262982  0.327432  0.455838    0.0832    0.2224    0.2450    0.0860    0.2662    0.1122    0.3545
 000273   R  0.251651  0.327990  0.443246    0.1041    0.2399    0.2230    0.0710    0.2651    0.1034    0.3709
 000274   N  0.302177  0.321148  0.432057    0.1205    0.2034    0.2240    0.0730    0.2672    0.0990    0.3843
 000275   D  0.321086  0.336028  0.423352    0.1240    0.1881    0.2500    0.0920    0.2738    0.0990    0.3973
 000276   L  0.362769  0.320125  0.415834    0.0789    0.1323    0.2560    0.1030    0.2610    0.1208    0.4151
 000277   A  0.384123  0.327129  0.410812    0.1088    0.1791    0.2290    0.1060    0.2732    0.1095    0.4306
 000278   R  0.412279  0.323438  0.405508    0.0832    0.2224    0.2160    0.1150    0.2771    0.1164    0.4030
 000279   V  0.440715  0.332014  0.401038    0.1266    0.2193    0.1960    0.1070    0.2859    0.1135    0.3869
 000280   A  0.447964  0.339136  0.397240    0.1844    0.1852    0.1650    0.0790    0.2865    0.1129    0.3738
 000281   R  0.438997  0.345030  0.395924    0.1150    0.1914    0.1530    0.0710    0.2732    0.1251    0.3612
 000282   P  0.427174  0.338840  0.395337    0.0991    0.2002    0.1370    0.0640    0.2662    0.1271    0.3554
 000283   G  0.362152  0.329651  0.393575    0.1635    0.2918    0.1130    0.0490    0.2756    0.1030    0.3511
 000284   T  0.327930  0.305798  0.390993    0.1205    0.2918    0.1060    0.0380    0.2571    0.1065    0.3520
 000285   V  0.286229  0.279639  0.388110    0.1240    0.1969    0.1190    0.0390    0.2323    0.0959    0.3461
 000286   R  0.261253  0.278539  0.384618    0.1178    0.1671    0.1360    0.0450    0.2242    0.0935    0.3408
 000287   V  0.234381  0.268191  0.379808    0.1205    0.2436    0.1520    0.0550    0.2330    0.0839    0.3427
 000288   R  0.206489  0.247840  0.374694    0.1205    0.2094    0.1740    0.0570    0.2221    0.0786    0.3535
 000289   E  0.199477  0.248424  0.371075    0.1266    0.1881    0.2010    0.0630    0.2225    0.0754    0.3721
 000290   L  0.183992  0.241492  0.368850    0.1292    0.2541    0.2410    0.0930    0.2365    0.0732    0.3932
 000291   F  0.185331  0.226804  0.366378    0.1240    0.2094    0.2640    0.1040    0.2292    0.0746    0.4150
 000292   T  0.186104  0.219718  0.362628    0.1349    0.1583    0.2710    0.1060    0.2221    0.0765    0.4327
 000293   V  0.231144  0.223037  0.357410    0.0771    0.1373    0.3000    0.1180    0.2210    0.0937    0.4196
 000294   E  0.287898  0.214080  0.351312    0.0478    0.1449    0.2940    0.1070    0.2233    0.1021    0.4052
 000295   R  0.343823  0.203383  0.344960    0.0464    0.0948    0.2980    0.0990    0.2219    0.1177    0.3905
 000296   Y  0.379365  0.198115  0.339724    0.0771    0.1476    0.3060    0.1000    0.2412    0.1084    0.3743
 000297   A  0.423705  0.177107  0.336676    0.0514    0.1501    0.2760    0.0840    0.2358    0.1238    0.3611
 000298   H  0.491646  0.171171  0.336903    0.0884    0.2034    0.2530    0.0830    0.2573    0.1292    0.3524
 000299   V  0.560825  0.191067  0.338447    0.0935    0.2164    0.2300    0.0800    0.2718    0.1478    0.3527
 000300   M  0.614846  0.211097  0.339842    0.0858    0.2064    0.2240    0.0820    0.2804    0.1667    0.3553
 000301   H  0.655705  0.241207  0.341775    0.1456    0.2575    0.2360    0.0840    0.3130    0.1635    0.3663
 000302   L  0.667296  0.294293  0.344917    0.2432    0.3599    0.2230    0.0660    0.3554    0.1479    0.3811
 000303   V  0.677278  0.348429  0.348758    0.2041    0.2715    0.2150    0.0650    0.3441    0.1595    0.3971
 000304   S  0.680701  0.397282  0.350531    0.2748    0.3356    0.2140    0.0640    0.3755    0.1484    0.4080
 000305   E  0.700957  0.445164  0.350076    0.1878    0.3356    0.2260    0.0660    0.3743    0.1686    0.4202
 000306   V  0.717787  0.482309  0.347999    0.1958    0.2783    0.2380    0.0690    0.3768    0.1779    0.4321
 000307   E  0.711401  0.481247  0.345973    0.2865    0.2645    0.2250    0.0570    0.3858    0.1669    0.4254
 000308   G  0.679438  0.487783  0.344870    0.2558    0.2849    0.2230    0.0500    0.3794    0.1589    0.4215
 000309   R  0.660157  0.514323  0.345629    0.1732    0.2817    0.2000    0.0420    0.3626    0.1735    0.4187
 000310   T  0.658049  0.489654  0.346457    0.2385    0.2715    0.1720    0.0200    0.3627    0.1652    0.4208
 000311   G  0.639736  0.467413  0.347247    0.2748    0.2034    0.1490    0.0170    0.3469    0.1659    0.4243
 000312   A  0.586245  0.466778  0.347002    0.1998    0.2258    0.1310    0.0210    0.3261    0.1592    0.4329
 000313   S  0.537942  0.434799  0.346530    0.1921    0.3053    0.1200    0.0240    0.3228    0.1402    0.4215
 000314   L  0.471311  0.408846  0.343452    0.2820    0.3704    0.1180    0.0300    0.3324    0.1119    0.4107
 000315   G  0.400128  0.381913  0.337549    0.2865    0.3807    0.1150    0.0340    0.3169    0.0978    0.4043
 000316   E  0.330272  0.349226  0.328840    0.2820    0.2884    0.1170    0.0320    0.2827    0.0776    0.3966
 000317   V  0.287553  0.322448  0.322451    0.3578    0.3631    0.1200    0.0330    0.2955    0.0825    0.3903
 000318   F  0.228398  0.308316  0.318274    0.2786    0.3529    0.1210    0.0330    0.2679    0.0760    0.3844
 000319   R  0.165678  0.280985  0.316836    0.2820    0.3249    0.1260    0.0310    0.2494    0.0758    0.3849
 000320   S  0.103674  0.259750  0.313715    0.2913    0.3631    0.1400    0.0330    0.2453    0.0931    0.3869
 000321   L  0.075234  0.261649  0.308972    0.2558    0.3460    0.1540    0.0420    0.2337    0.0922    0.3893
 000322   F  0.047895  0.271361  0.304219    0.2820    0.3494    0.1550    0.0430    0.2350    0.1023    0.3964
 000323   P  0.043757  0.292721  0.301904    0.3096    0.3910    0.1500    0.0470    0.2481    0.1158    0.4092
 000324   G  0.040736  0.328937  0.303160    0.3053    0.3321    0.1660    0.0520    0.2461    0.1077    0.4213
 000325   G  0.053639  0.356647  0.306245    0.3885    0.3807    0.1850    0.0610    0.2785    0.1216    0.4310
 000326   T  0.062870  0.374511  0.309923    0.3225    0.3910    0.2170    0.0750    0.2796    0.1118    0.4306
 000327   I  0.095429  0.406329  0.314979    0.2748    0.3566    0.2300    0.0920    0.2796    0.0997    0.4237
 000328   T  0.127542  0.446217  0.318190    0.3491    0.3392    0.2300    0.0970    0.3017    0.1003    0.4175
 000329   G  0.217717  0.463942  0.318843    0.4037    0.4330    0.2750    0.0940    0.3521    0.0883    0.4103
 000330   A  0.307286  0.456225  0.315774    0.3399    0.4476    0.2500    0.0930    0.3528    0.0752    0.4051
 000331   P  0.394211  0.459637  0.311896    0.3399    0.3740    0.1970    0.0580    0.3460    0.0812    0.4016
 000332   K  0.484457  0.442871  0.306333    0.4245    0.4619    0.1750    0.0640    0.3825    0.1088    0.3977
 000333   G  0.571930  0.409110  0.299712    0.4333    0.6136    0.1800    0.0660    0.4179    0.1489    0.3965
 000334   T  0.648875  0.380826  0.292918    0.4245    0.4979    0.1680    0.0640    0.4022    0.1515    0.4005
 000335   V  0.725888  0.362772  0.286460    0.4513    0.5254    0.1800    0.0600    0.4220    0.1752    0.4040
 000336   M  0.781142  0.334566  0.280135    0.3762    0.5176    0.1820    0.0520    0.4120    0.1936    0.4080
 000337   E  0.836317  0.321078  0.273095    0.3992    0.5055    0.1810    0.0490    0.4194    0.2119    0.4087
 000338   A  0.831708  0.318839  0.264885    0.4703    0.5758    0.1740    0.0510    0.4392    0.2195    0.4093
 000339   I  0.824835  0.326733  0.253970    0.4600    0.4685    0.1680    0.0540    0.4170    0.2111    0.4086
 000340   R  0.815094  0.327375  0.241688    0.4245    0.4801    0.1670    0.0580    0.4093    0.2096    0.4096
 000341   D  0.803373  0.345197  0.230647    0.3762    0.5098    0.1820    0.0690    0.4079    0.2058    0.4116
 000342   L  0.788067  0.367940  0.220111    0.3491    0.4766    0.1660    0.0660    0.3946    0.2029    0.4112
 000343   E  0.765603  0.365119  0.208654    0.3535    0.4051    0.1500    0.0700    0.3747    0.1967    0.4098
 000344   P  0.743956  0.376146  0.196226    0.3578    0.4051    0.1420    0.0570    0.3703    0.1929    0.4066
 000345   V  0.728759  0.385463  0.186768    0.2786    0.3087    0.1530    0.0510    0.3402    0.1900    0.3999
 000346   P  0.692801  0.381479  0.179719    0.3456    0.3087    0.1370    0.0440    0.3409    0.1799    0.3951
 000347   R  0.693669  0.367657  0.174771    0.2963    0.3321    0.1370    0.0480    0.3336    0.1807    0.3878
 000348   G  0.714736  0.360071  0.168866    0.2122    0.3249    0.1140    0.0300    0.3159    0.1975    0.3830
 000349   A  0.732101  0.355301  0.163269    0.2432    0.3426    0.0990    0.0200    0.3225    0.2045    0.3796
 000350   Y  0.686989  0.355939  0.156753    0.3096    0.4256    0.1070    0.0250    0.3404    0.1900    0.3768
 000351   T  0.633431  0.361141  0.151386    0.2963    0.4017    0.0990    0.0270    0.3238    0.1753    0.3714
 000352   G  0.581587  0.373584  0.146280    0.2820    0.4017    0.1120    0.0300    0.3162    0.1596    0.3640
 000353   S  0.516868  0.384557  0.141664    0.3146    0.3667    0.1240    0.0290    0.3081    0.1381    0.3601
 000354   L  0.442468  0.383511  0.135354    0.3146    0.3667    0.1320    0.0360    0.2957    0.1206    0.3621
 000355   G  0.392232  0.367082  0.127890    0.1844    0.2541    0.1280    0.0350    0.2423    0.1062    0.3622
 000356   Y  0.309638  0.365984  0.120106    0.2531    0.2436    0.1330    0.0370    0.2375    0.0883    0.3651
 000357   V  0.205420  0.352496  0.113192    0.1456    0.1424    0.1210    0.0290    0.1801    0.0826    0.3672
 000358   S  0.110863  0.321394  0.104911    0.0965    0.1424    0.1220    0.0280    0.1497    0.0781    0.3716
 000359   G  0.082446  0.282006  0.098199    0.0554    0.1424    0.1180    0.0260    0.1298    0.0733    0.3743
 000360   R  0.066031  0.263603  0.092704    0.0660    0.0909    0.1030    0.0250    0.1137    0.0684    0.3778
 000361   G  0.053865  0.228533  0.092422    0.1088    0.1501    0.0910    0.0210    0.1208    0.0559    0.3862
 000362   A  0.058492  0.197508  0.095714    0.0567    0.1373    0.0840    0.0190    0.1049    0.0494    0.3957
 000363   D  0.073658  0.183006  0.102172    0.0607    0.0948    0.0770    0.0130    0.0985    0.0402    0.4057
 000364   F  0.085501  0.177557  0.108464    0.0554    0.0967    0.0730    0.0120    0.0994    0.0388    0.4104
 000365   N  0.094023  0.156763  0.112734    0.0554    0.1554    0.0630    0.0120    0.1062    0.0400    0.4029
 000366   I  0.104416  0.135216  0.116001    0.0542    0.1643    0.0580    0.0140    0.1054    0.0394    0.3989
 000367   L  0.114541  0.129526  0.119325    0.1018    0.1823    0.0560    0.0150    0.1172    0.0374    0.3929
 000368   I  0.119374  0.122331  0.122790    0.1635    0.1731    0.0530    0.0180    0.1256    0.0389    0.3833
 000369   R  0.126178  0.119355  0.127235    0.1117    0.1007    0.0570    0.0180    0.1071    0.0241    0.3774
 000370   S  0.129384  0.131895  0.132388    0.0701    0.0985    0.0750    0.0190    0.1061    0.0266    0.3807
 000371   F  0.135303  0.138155  0.138341    0.0425    0.0870    0.1210    0.0490    0.1104    0.0352    0.3833
 000372   Q  0.135528  0.162783  0.143381    0.0425    0.0870    0.1640    0.0690    0.1226    0.0440    0.3787
 000373   R  0.136711  0.190507  0.149236    0.0455    0.0870    0.2200    0.0890    0.1382    0.0589    0.3768
 000374   V  0.139831  0.243784  0.155636    0.0425    0.0835    0.2470    0.1040    0.1521    0.0756    0.3799
 000375   G  0.147825  0.277966  0.163899    0.0621    0.1092    0.2430    0.0980    0.1673    0.0739    0.3874
 000376   E  0.170971  0.298798  0.173792    0.0643    0.0690    0.2490    0.0940    0.1710    0.0859    0.4045
 000377   E  0.231584  0.307640  0.185866    0.0660    0.0704    0.2560    0.0920    0.1862    0.0908    0.4222
 000378   V  0.304149  0.298312  0.199036    0.0643    0.0948    0.2680    0.1020    0.2048    0.0953    0.4254
 000379   L  0.383557  0.249259  0.212973    0.0587    0.1501    0.2550    0.0870    0.2183    0.0998    0.4027
 000380   F  0.455449  0.215425  0.227489    0.0502    0.1643    0.2330    0.0740    0.2243    0.1208    0.3886
 000381   S  0.532074  0.211491  0.242228    0.0514    0.1449    0.2120    0.0650    0.2324    0.1478    0.3875
 000382   A  0.601666  0.204682  0.255835    0.1018    0.2503    0.1980    0.0630    0.2687    0.1573    0.3868
 000383   G  0.671013  0.200532  0.270255    0.0789    0.2399    0.1720    0.0590    0.2721    0.1883    0.3849
 000384   A  0.737305  0.205356  0.287737    0.0909    0.2609    0.1550    0.0540    0.2896    0.2105    0.3858
 000385   G  0.789736  0.227686  0.309433    0.1349    0.2364    0.1540    0.0500    0.3087    0.2226    0.3910
 000386   V  0.804985  0.260331  0.332947    0.1456    0.2503    0.1720    0.0560    0.3276    0.2221    0.3962
 000387   V  0.808526  0.297101  0.356950    0.0884    0.2503    0.1750    0.0610    0.3294    0.2308    0.4044
 000388   I  0.799758  0.351709  0.380596    0.0884    0.2503    0.1840    0.0620    0.3425    0.2268    0.4166
 000389   A  0.790989  0.412585  0.404521    0.1416    0.2364    0.1960    0.0620    0.3636    0.2162    0.4291
 000390   S  0.778968  0.463116  0.427580    0.2167    0.3117    0.2240    0.0810    0.4037    0.1918    0.4292
 000391   E  0.774772  0.494378  0.451038    0.2432    0.4051    0.2460    0.0960    0.4357    0.1792    0.4260
 000392   A  0.767004  0.538005  0.472715    0.2558    0.3807    0.2640    0.1080    0.4464    0.1760    0.4264
 000393   E  0.757954  0.568329  0.492664    0.2820    0.4186    0.2860    0.1220    0.4676    0.1658    0.4266
 000394   R  0.746332  0.578599  0.510748    0.2558    0.4149    0.2950    0.1220    0.4669    0.1679    0.4274
 000395   E  0.737826  0.586796  0.529540    0.3096    0.3740    0.2890    0.1100    0.4711    0.1616    0.4290
 000396   Y  0.725387  0.610355  0.550324    0.3096    0.2988    0.3080    0.1140    0.4671    0.1695    0.4317
 000397   E  0.715732  0.613284  0.572465    0.3456    0.2918    0.2910    0.0930    0.4716    0.1687    0.4337
 000398   E  0.719301  0.636997  0.595460    0.3847    0.3249    0.3010    0.0980    0.4937    0.1630    0.4316
 000399   T  0.723599  0.640211  0.618906    0.4379    0.3356    0.2970    0.0860    0.5088    0.1610    0.4309
 000400   L  0.727907  0.651374  0.641753    0.4600    0.3774    0.2850    0.0790    0.5239    0.1604    0.4322
 000401   H  0.735616  0.659815  0.663963    0.4116    0.3740    0.2610    0.0560    0.5177    0.1765    0.4350
 000402   K  0.742703  0.678318  0.685458    0.4116    0.3631    0.2780    0.0570    0.5264    0.1812    0.4382
 000403   A  0.755522  0.700294  0.706814    0.4420    0.3840    0.2820    0.0580    0.5451    0.1828    0.4411
 000404   Q  0.749388  0.715912  0.727289    0.4379    0.3983    0.2910    0.0540    0.5534    0.1831    0.4446
 000405   S  0.728650  0.742146  0.747558    0.4420    0.4017    0.3270    0.0740    0.5648    0.1780    0.4485
 000406   L  0.739551  0.763505  0.766712    0.4458    0.3807    0.3770    0.1020    0.5789    0.1793    0.4524
 000407   L  0.743191  0.752240  0.783977    0.5296    0.4979    0.4000    0.1150    0.6178    0.1477    0.4564
 000408   L  0.756626  0.752745  0.798835    0.5229    0.5139    0.4100    0.1150    0.6259    0.1487    0.4592
 000409   A  0.767752  0.789107  0.812172    0.5296    0.5139    0.4170    0.1140    0.6383    0.1559    0.4588
 000410   L  0.782305  0.824763  0.824609    0.5374    0.4725    0.4450    0.0960    0.6478    0.1656    0.4553
 000411   E  0.796762  0.846274  0.836612    0.5992    0.5901    0.4590    0.0850    0.6881    0.1464    0.4490
 000412   R  0.805127  0.856802  0.848935    0.5667    0.5807    0.5300    0.0950    0.6980    0.1407    0.4434
 000413   G  0.833472  0.870118  0.862998    0.5941    0.6269    0.5730    0.1200    0.7268    0.1301    0.4380
 000414   R  0.883769  0.890965  0.876787    0.6219    0.6576    0.6490    0.1210    0.7634    0.1210    0.4320
 000415   P  0.909001  0.912901  0.888235    0.6255    0.5992    0.6890    0.1080    0.7706    0.1356    0.4271
 000416   G  0.929248  0.927345  0.896257    0.6255    0.5992    0.7440    0.0850    0.7869    0.1385    0.4231
 000417   K  0.940174  0.939154  0.901717    0.6516    0.5707    0.7360    0.0820    0.7898    0.1458    0.4198
 000418   P  0.952026  0.945907  0.905411    0.6906    0.6661    0.7510    0.0730    0.8185    0.1195    0.4181
 000419   P  0.960614  0.950540  0.907087    0.6334    0.7916    0.7720    0.0660    0.8359    0.1160    0.4178
 000420   E  0.971206  0.951300  0.906685    0.6442    0.8493    0.8080    0.0520    0.8551    0.1097    0.4187
 000421   A  0.983532  0.949911  0.903875    0.7034    0.8828    0.8570    0.0600    0.8801    0.0893    0.4212
 000422   P  0.991721  0.946073  0.898553    0.7147    0.8920    0.8770    0.0760    0.8866    0.0860    0.4252
 000423   R  0.995959  0.940325  0.892007    0.6944    0.8920    0.8850    0.0870    0.8833    0.0929    0.4278
 000424   P  0.998109  0.932175  0.883964    0.7034    0.8872    0.8480    0.1210    0.8755    0.0902    0.4302
 000425   R  0.999144  0.915984  0.874365    0.7079    0.8872    0.8420    0.1300    0.8710    0.0877    0.4317
 000426   A  0.999313  0.901730  0.862957    0.6870    0.7718    0.8460    0.1230    0.8447    0.0980    0.4330
 000427   S  0.999318  0.891255  0.849675    0.6789    0.7718    0.8230    0.1360    0.8357    0.0991    0.4337
 000428   W  0.999328  0.874686  0.834294    0.6079    0.7459    0.8130    0.1590    0.8125    0.1194    0.4335
 000429   S  0.997927  0.862759  0.815066    0.5941    0.7036    0.7610    0.2040    0.7890    0.1264    0.4335
 000430   P  0.965950  0.845887  0.792317    0.5549    0.5807    0.7610    0.2100    0.7502    0.1440    0.4336
 000431   P  0.893370  0.826330  0.766818    0.5514    0.4766    0.7540    0.1910    0.7114    0.1483    0.4328
 000432   M  0.798684  0.802107  0.739549    0.5173    0.3983    0.7740    0.1870    0.6717    0.1564    0.4315
 000433   P  0.725990  0.769780  0.713270    0.4379    0.2951    0.7540    0.2070    0.6161    0.1822    0.4304
 000434   S  0.656325  0.745157  0.687749    0.3535    0.3149    0.7120    0.2090    0.5783    0.1750    0.4287
 000435   R  0.572130  0.707024  0.663123    0.2558    0.2988    0.6210    0.2010    0.5196    0.1766    0.4271
 000436   R  0.481086  0.659821  0.637591    0.2602    0.2988    0.5700    0.2080    0.4845    0.1561    0.4250
 000437   Y  0.389814  0.612214  0.612412    0.2865    0.3392    0.5440    0.2190    0.4640    0.1310    0.4226
 000438   G  0.298936  0.573883  0.588325    0.2748    0.3392    0.4560    0.1820    0.4219    0.1262    0.4192
 000439   A  0.238572  0.552501  0.565411    0.4037    0.3286    0.3840    0.1330    0.4122    0.1163    0.4162
 000440   R  0.217526  0.517299  0.542218    0.3992    0.3249    0.3780    0.1360    0.3965    0.1106    0.4125
 000441   V  0.217664  0.514788  0.518201    0.2820    0.3019    0.3450    0.1200    0.3632    0.1147    0.4075
 000442   L  0.190852  0.495261  0.493578    0.2602    0.2849    0.3360    0.1170    0.3434    0.1150    0.4011
 000443   F  0.153148  0.471740  0.468480    0.2786    0.2436    0.3940    0.1000    0.3349    0.1187    0.3962
 000444   L  0.133827  0.481334  0.442636    0.2657    0.1583    0.4710    0.1650    0.3254    0.1457    0.3899
 000445   E  0.123837  0.468428  0.415810    0.1921    0.1702    0.4900    0.1950    0.3101    0.1510    0.3845
 000446   N  0.114078  0.448579  0.388684    0.1416    0.1092    0.4760    0.2160    0.2798    0.1606    0.3793
 000447   R  0.101044  0.439597  0.361408    0.1495    0.0719    0.3950    0.1630    0.2531    0.1491    0.3748
 000448   D  0.089159  0.416687  0.334632    0.1456    0.1184    0.3110    0.1580    0.2359    0.1235    0.3693
 000449   S  0.079877  0.392080  0.308851    0.0858    0.0985    0.2440    0.1480    0.2016    0.1214    0.3647
 000450   F  0.082311  0.372718  0.284626    0.0909    0.0734    0.2380    0.1580    0.1904    0.1153    0.3577
 000451   S  0.091465  0.355304  0.261634    0.0723    0.0765    0.2500    0.1610    0.1846    0.1098    0.3494
 000452   H  0.099411  0.319866  0.241023    0.0554    0.0948    0.2920    0.1540    0.1838    0.1041    0.3412
 000453   N  0.102264  0.293942  0.222743    0.0832    0.1554    0.2820    0.1360    0.1899    0.0823    0.3323
 000454   L  0.100868  0.265978  0.206340    0.1088    0.1881    0.2670    0.1270    0.1895    0.0665    0.3210
 000455   V  0.099472  0.220586  0.192696    0.1732    0.2328    0.2370    0.1150    0.1927    0.0473    0.3128
 000456   D  0.100928  0.191748  0.181294    0.1178    0.1611    0.1880    0.1060    0.1567    0.0352    0.3041
 000457   Y  0.142680  0.177635  0.171898    0.0965    0.1070    0.1810    0.1040    0.1460    0.0338    0.2995
 000458   L  0.193949  0.161996  0.163154    0.0701    0.1184    0.1690    0.0910    0.1460    0.0406    0.2970
 000459   R  0.243087  0.158552  0.156832    0.0425    0.1184    0.1450    0.0750    0.1441    0.0594    0.3018
 000460   A  0.298720  0.159440  0.154989    0.0464    0.1298    0.1490    0.0720    0.1565    0.0743    0.3056
 000461   L  0.367010  0.163877  0.156577    0.0935    0.2292    0.1700    0.0780    0.1968    0.0857    0.3143
 000462   G  0.433754  0.162416  0.161184    0.1060    0.2064    0.1750    0.0830    0.2075    0.1054    0.3265
 000463   A  0.501479  0.181038  0.169073    0.1240    0.2258    0.1650    0.0720    0.2277    0.1260    0.3419
 000464   E  0.582092  0.209912  0.175477    0.0991    0.2292    0.1510    0.0630    0.2411    0.1581    0.3591
 000465   V  0.662823  0.233175  0.180226    0.1698    0.2292    0.1520    0.0560    0.2713    0.1776    0.3753
 000466   A  0.702524  0.265090  0.183076    0.2432    0.2951    0.1750    0.0610    0.3107    0.1803    0.3877
 000467   V  0.726379  0.316333  0.188804    0.1602    0.2849    0.2160    0.0680    0.3155    0.1914    0.4009
 000468   V  0.741579  0.365771  0.196142    0.2122    0.2645    0.2600    0.0810    0.3401    0.1875    0.4153
 000469   D  0.744009  0.415261  0.201450    0.3053    0.3529    0.2760    0.0880    0.3826    0.1745    0.4300
 000470   Q  0.739183  0.470044  0.204660    0.2292    0.3631    0.2790    0.0900    0.3809    0.1831    0.4262
 000471   E  0.723515  0.502817  0.206986    0.2657    0.3149    0.2740    0.1020    0.3814    0.1786    0.4134
 000472   E  0.722422  0.510997  0.211126    0.3630    0.3321    0.2470    0.0880    0.3978    0.1738    0.4021
 000473   A  0.709963  0.497313  0.216179    0.2865    0.2680    0.2050    0.0760    0.3638    0.1825    0.3935
 000474   P  0.708285  0.466024  0.222728    0.2657    0.2988    0.1390    0.0450    0.3501    0.1881    0.3854
 000475   D  0.695893  0.448695  0.229858    0.1878    0.3087    0.1190    0.0420    0.3317    0.1928    0.3768
 000476   L  0.688506  0.420805  0.237217    0.2558    0.3774    0.1160    0.0510    0.3493    0.1810    0.3687
 000477   K  0.687279  0.363890  0.242877    0.3146    0.4330    0.1020    0.0530    0.3573    0.1801    0.3605
 000478   G  0.628245  0.309623  0.246660    0.3762    0.4979    0.0930    0.0480    0.3587    0.1721    0.3589
 000479   F  0.554204  0.265722  0.248624    0.4703    0.5901    0.0880    0.0420    0.3695    0.1815    0.3584
 000480   T  0.493730  0.237251  0.248884    0.4458    0.6089    0.0790    0.0290    0.3523    0.1794    0.3590
 000481   H  0.418931  0.222273  0.248044    0.4420    0.4685    0.0820    0.0310    0.3136    0.1402    0.3615
 000482   L  0.342513  0.242961  0.246971    0.4458    0.4652    0.0970    0.0380    0.3067    0.1275    0.3616
 000483   V  0.256686  0.274153  0.245398    0.3359    0.4220    0.1280    0.0520    0.2770    0.0897    0.3621
 000484   V  0.181197  0.316877  0.243345    0.3717    0.4541    0.1610    0.0460    0.2881    0.1040    0.3626
 000485   G  0.114326  0.388622  0.241012    0.3146    0.4220    0.1820    0.0420    0.2771    0.1093    0.3639
 000486   P  0.033029  0.460260  0.237536    0.3005    0.3460    0.1900    0.0430    0.2612    0.1330    0.3662
 000487   G  0.014175  0.500449  0.233386    0.3806    0.3460    0.1870    0.0380    0.2769    0.1552    0.3654
 000488   P  0.041033  0.510091  0.228596    0.3225    0.3599    0.1480    0.0470    0.2683    0.1514    0.3687
 000489   K  0.063931  0.502987  0.224733    0.2385    0.2541    0.1030    0.0270    0.2312    0.1407    0.3679
 000490   D  0.092569  0.492884  0.220298    0.3456    0.3704    0.0920    0.0260    0.2690    0.1478    0.3772
 000491   P  0.117800  0.450292  0.214615    0.2657    0.3740    0.0870    0.0260    0.2516    0.1297    0.3853
 000492   F  0.140905  0.385792  0.208560    0.2657    0.3704    0.0850    0.0250    0.2427    0.1109    0.3929
 000493   T  0.155201  0.334476  0.201647    0.3578    0.4186    0.0730    0.0180    0.2567    0.1223    0.4004
 000494   A  0.160878  0.284725  0.192914    0.4149    0.4017    0.0660    0.0170    0.2534    0.1269    0.4066
 000495   G  0.165406  0.227429  0.184079    0.4458    0.4409    0.0770    0.0180    0.2567    0.1394    0.4165
 000496   R  0.182624  0.207267  0.176047    0.3491    0.4087    0.0850    0.0190    0.2347    0.1101    0.4284
 000497   V  0.157530  0.199267  0.169034    0.2820    0.3872    0.0850    0.0170    0.2133    0.0972    0.4234
 000498   L  0.134759  0.208135  0.160379    0.2432    0.3087    0.0880    0.0170    0.1905    0.0726    0.4051
 000499   E  0.110449  0.221820  0.150053    0.2122    0.3053    0.0870    0.0240    0.1812    0.0740    0.3897
 000500   W  0.088525  0.231888  0.141185    0.1456    0.2328    0.0990    0.0390    0.1565    0.0575    0.3733
 000501   T  0.066197  0.251242  0.133702    0.1566    0.1528    0.0860    0.0340    0.1411    0.0595    0.3717
 000502   E  0.052164  0.251928  0.128359    0.0832    0.1373    0.0700    0.0260    0.1204    0.0662    0.3695
 000503   K  0.037989  0.239975  0.123052    0.0884    0.1702    0.0620    0.0250    0.1202    0.0684    0.3701
 000504   A  0.033121  0.225520  0.117427    0.0832    0.1115    0.0680    0.0360    0.1065    0.0601    0.3689
 000505   L  0.015856  0.198028  0.111760    0.0621    0.0799    0.0720    0.0370    0.0900    0.0560    0.3683
 000506   A  0.014288  0.171999  0.106959    0.0363    0.0799    0.0760    0.0360    0.0808    0.0507    0.3727
 000507   A  0.015924  0.158388  0.103305    0.0194    0.0817    0.0720    0.0360    0.0752    0.0490    0.3803
 000508   G  0.014101  0.146544  0.100517    0.0304    0.1275    0.0660    0.0320    0.0808    0.0485    0.3898
 000509   L  0.025660  0.129127  0.098067    0.0514    0.1643    0.0620    0.0250    0.0884    0.0475    0.3989
 000510   P  0.041532  0.127547  0.097158    0.0464    0.0967    0.0540    0.0170    0.0772    0.0318    0.4103
 000511   L  0.047912  0.125002  0.097706    0.0587    0.1702    0.0490    0.0110    0.0915    0.0449    0.4230
 000512   L  0.068134  0.119272  0.099829    0.0316    0.1137    0.0470    0.0110    0.0800    0.0332    0.4328
 000513   G  0.088468  0.114743  0.102324    0.0274    0.0870    0.0460    0.0110    0.0777    0.0308    0.4206
 000514   V  0.091349  0.111932  0.104575    0.0160    0.0506    0.0580    0.0110    0.0721    0.0337    0.4098
 000515   C  0.091868  0.117255  0.106364    0.0160    0.0605    0.0740    0.0140    0.0778    0.0334    0.4010
 000516   L  0.090863  0.114970  0.108300    0.0167    0.0799    0.0940    0.0230    0.0841    0.0323    0.3940
 000517   G  0.088591  0.123896  0.110035    0.0218    0.1048    0.1070    0.0300    0.0926    0.0333    0.3864
 000518   H  0.096455  0.136134  0.111760    0.0218    0.0734    0.1260    0.0350    0.0943    0.0382    0.3814
 000519   Q  0.113134  0.143874  0.113107    0.0259    0.0380    0.1410    0.0310    0.0959    0.0469    0.3737
 000520   A  0.151411  0.148482  0.115068    0.0231    0.0605    0.1420    0.0240    0.1068    0.0487    0.3622
 000521   L  0.175986  0.162151  0.117985    0.0087    0.0568    0.1280    0.0270    0.1083    0.0585    0.3513
 000522   G  0.216205  0.175533  0.122324    0.0167    0.0734    0.1210    0.0380    0.1208    0.0648    0.3406
 000523   V  0.286370  0.186676  0.126786    0.0376    0.1373    0.1430    0.0620    0.1529    0.0745    0.3322
 000524   A  0.367067  0.199831  0.131292    0.0286    0.0888    0.1560    0.0750    0.1620    0.1061    0.3290
 000525   L  0.451422  0.215316  0.135783    0.0542    0.1275    0.1690    0.0770    0.1922    0.1256    0.3221
 000526   G  0.532382  0.226617  0.140800    0.0567    0.1791    0.1480    0.0610    0.2139    0.1512    0.3123
 000527   A  0.590944  0.242399  0.145993    0.1041    0.2715    0.1570    0.0570    0.2521    0.1620    0.3013
 000528   E  0.640275  0.256069  0.151296    0.1060    0.2364    0.1890    0.0620    0.2631    0.1760    0.2939
 000529   L  0.667011  0.293028  0.156343    0.1178    0.2364    0.2440    0.0820    0.2857    0.1801    0.2827
 000530   Y  0.691083  0.330067  0.161780    0.0935    0.1914    0.2140    0.0650    0.2802    0.1969    0.2742
 000531   R  0.699346  0.364750  0.166779    0.1178    0.1583    0.2060    0.0650    0.2855    0.2009    0.2741
 000532   E  0.701069  0.418760  0.172547    0.1667    0.1323    0.2140    0.0630    0.3009    0.2019    0.2752
 000533   A  0.700364  0.454169  0.178582    0.1240    0.1298    0.2060    0.0530    0.2988    0.2112    0.2747
 000534   P  0.696693  0.434394  0.185176    0.1060    0.1942    0.1790    0.0260    0.2993    0.2050    0.2814
 000535   V  0.685607  0.453671  0.193646    0.1322    0.2224    0.1550    0.0150    0.3072    0.1993    0.2871
 000536   H  0.654629  0.452800  0.202249    0.2122    0.3249    0.1330    0.0290    0.3299    0.1778    0.2973
 000537   G  0.615347  0.452531  0.210810    0.2167    0.3215    0.1230    0.0410    0.3233    0.1664    0.3057
 000538   E  0.611518  0.445750  0.218435    0.2700    0.2680    0.1240    0.0380    0.3229    0.1606    0.3156
 000539   A  0.560224  0.463990  0.226969    0.2531    0.1476    0.1070    0.0210    0.2932    0.1645    0.3227
 000540   H  0.516777  0.433977  0.237219    0.2786    0.2164    0.0900    0.0130    0.2954    0.1417    0.3351
 000541   A  0.463251  0.393452  0.247236    0.2913    0.3117    0.0820    0.0140    0.2982    0.1195    0.3438
 000542   V  0.416575  0.357270  0.256177    0.2865    0.2164    0.0800    0.0160    0.2688    0.1069    0.3492
 000543   F  0.377625  0.343611  0.261545    0.2700    0.2258    0.0810    0.0150    0.2600    0.0948    0.3505
 000544   H  0.357787  0.318074  0.264591    0.2167    0.2575    0.0820    0.0120    0.2494    0.0874    0.3525
 000545   T  0.309308  0.324458  0.265941    0.2122    0.2575    0.0810    0.0110    0.2417    0.0807    0.3447
 000546   G  0.267708  0.327537  0.267310    0.2913    0.2951    0.0790    0.0110    0.2547    0.0810    0.3331
 000547   E  0.206212  0.329145  0.268757    0.3184    0.3249    0.0760    0.0100    0.2540    0.0902    0.3201
 000548   G  0.196178  0.325864  0.270495    0.2913    0.2094    0.0810    0.0100    0.2290    0.0800    0.3066
 000549   L  0.177850  0.346453  0.273257    0.3005    0.1671    0.0890    0.0150    0.2257    0.0884    0.2945
 000550   F  0.168460  0.349699  0.276245    0.2385    0.1914    0.0940    0.0260    0.2198    0.0812    0.2849
 000551   R  0.146468  0.359292  0.278440    0.2080    0.1137    0.0940    0.0260    0.2000    0.0941    0.2717
 000552   G  0.116091  0.378053  0.278391    0.2333    0.1373    0.1090    0.0340    0.2087    0.0981    0.2599
 000553   I  0.075327  0.384966  0.275764    0.2041    0.1914    0.1460    0.0600    0.2129    0.0979    0.2498
 000554   P  0.077316  0.374825  0.271990    0.2913    0.2193    0.1410    0.0570    0.2294    0.0981    0.2463
 000555   S  0.087962  0.394002  0.268029    0.2865    0.1914    0.1630    0.0720    0.2319    0.0980    0.2446
 000556   P  0.094079  0.408954  0.264205    0.1878    0.1184    0.1460    0.0700    0.2033    0.1070    0.2470
 000557   A  0.131009  0.401759  0.260585    0.1667    0.1137    0.1190    0.0580    0.1988    0.1035    0.2528
 000558   P  0.176560  0.395886  0.257635    0.0991    0.1007    0.1020    0.0460    0.1886    0.1089    0.2562
 000559   F  0.217006  0.399997  0.254497    0.0935    0.0592    0.1070    0.0360    0.1885    0.1171    0.2595
 000560   A  0.255643  0.370649  0.250822    0.1349    0.1162    0.1040    0.0280    0.2054    0.0958    0.2617
 000561   R  0.286829  0.330909  0.245515    0.1349    0.2364    0.1110    0.0280    0.2242    0.0783    0.2627
 000562   Y  0.304905  0.311124  0.240313    0.1566    0.2436    0.1110    0.0260    0.2279    0.0730    0.2677
 000563   H  0.315287  0.309016  0.234181    0.1732    0.1611    0.0920    0.0210    0.2141    0.0806    0.2789
 000564   S  0.317013  0.286843  0.227346    0.2602    0.2541    0.0830    0.0220    0.2382    0.0746    0.2851
 000565   L  0.307883  0.271594  0.219363    0.1566    0.1501    0.0930    0.0250    0.1997    0.0741    0.2857
 000566   A  0.297651  0.298879  0.209182    0.1532    0.0948    0.0940    0.0280    0.1912    0.0852    0.2834
 000567   L  0.269973  0.310626  0.197597    0.0832    0.0646    0.1160    0.0300    0.1736    0.0931    0.2764
 000568   R  0.228305  0.326696  0.184665    0.0607    0.0398    0.1340    0.0410    0.1624    0.0983    0.2655
 000569   R  0.187887  0.347697  0.172372    0.0441    0.0356    0.1150    0.0330    0.1504    0.1053    0.2534
 000570   L  0.156789  0.327349  0.160261    0.0395    0.0835    0.0890    0.0230    0.1427    0.0928    0.2483
 000571   P  0.144394  0.289969  0.148246    0.0490    0.1070    0.0630    0.0150    0.1336    0.0792    0.2433
 000572   P  0.151683  0.259630  0.136825    0.0526    0.1115    0.0610    0.0150    0.1289    0.0688    0.2397
 000573   G  0.158972  0.223239  0.126244    0.1018    0.1323    0.0640    0.0170    0.1344    0.0494    0.2356
 000574   L  0.177639  0.185194  0.118316    0.1060    0.1528    0.0610    0.0170    0.1334    0.0434    0.2237
 000575   R  0.143897  0.165675  0.112411    0.0660    0.1206    0.0550    0.0170    0.1107    0.0393    0.2144
 000576   L  0.119252  0.158390  0.108460    0.1349    0.1611    0.0530    0.0150    0.1225    0.0365    0.2063
 000577   L  0.109432  0.156596  0.104876    0.1205    0.1092    0.0520    0.0110    0.1087    0.0308    0.2004
 000578   A  0.101700  0.149689  0.100992    0.1635    0.0929    0.0510    0.0120    0.1100    0.0372    0.1909
 000579   W  0.109913  0.150340  0.096803    0.1018    0.1028    0.0590    0.0160    0.1035    0.0266    0.1802
 000580   T  0.114131  0.154963  0.091748    0.0502    0.1048    0.0480    0.0140    0.0939    0.0372    0.1784
 000581   E  0.117864  0.148759  0.086636    0.0935    0.1611    0.0450    0.0120    0.1089    0.0391    0.1717
 000582   D  0.099284  0.141787  0.081738    0.0813    0.1373    0.0490    0.0120    0.0984    0.0328    0.1632
 000583   G  0.080836  0.136572  0.077981    0.0621    0.0967    0.0500    0.0120    0.0840    0.0277    0.1511
 000584   V  0.086393  0.132506  0.075459    0.0567    0.0494    0.0490    0.0140    0.0750    0.0291    0.1376
 000585   P  0.088780  0.140209  0.073970    0.0813    0.0870    0.0410    0.0140    0.0853    0.0293    0.1255
 000586   M  0.096158  0.143522  0.072693    0.0441    0.0555    0.0400    0.0140    0.0754    0.0358    0.1142
 000587   A  0.103953  0.149795  0.071312    0.0771    0.1028    0.0430    0.0140    0.0914    0.0332    0.1024
 000588   I  0.093859  0.150608  0.069300    0.0744    0.0835    0.0500    0.0180    0.0869    0.0316    0.0925
 000589   W  0.082025  0.157271  0.066484    0.0965    0.1007    0.0590    0.0220    0.0937    0.0320    0.0870
 000590   D  0.062013  0.148209  0.063369    0.0965    0.2064    0.0620    0.0230    0.1064    0.0542    0.0870
 000591   G  0.063680  0.150837  0.060323    0.0813    0.2129    0.0640    0.0190    0.1055    0.0573    0.0836
 000592   R  0.063850  0.151649  0.058010    0.0909    0.1942    0.0740    0.0190    0.1055    0.0503    0.0801
 000593   R  0.063159  0.148053  0.056035    0.0991    0.1137    0.0810    0.0210    0.0934    0.0314    0.0784
 000594   A  0.063956  0.161418  0.055364    0.0935    0.0662    0.0860    0.0230    0.0877    0.0355    0.0788
 000595   Y  0.060689  0.188277  0.055828    0.0858    0.0985    0.0960    0.0310    0.0975    0.0437    0.0785
 000596   G  0.072627  0.205675  0.057079    0.0414    0.0985    0.1200    0.0370    0.0992    0.0541    0.0831
 000597   V  0.083615  0.234178  0.058058    0.0554    0.0690    0.1470    0.0460    0.1078    0.0643    0.0886
 000598   Q  0.090442  0.275034  0.058634    0.0813    0.0835    0.1630    0.0370    0.1254    0.0744    0.0945
 000599   F  0.091850  0.302406  0.059395    0.0723    0.1137    0.1860    0.0320    0.1377    0.0842    0.0993
 000600   H  0.088947  0.338445  0.061388    0.1495    0.1298    0.1590    0.0250    0.1546    0.0889    0.1052
 000601   P  0.091831  0.377992  0.064516    0.1018    0.0719    0.1570    0.0320    0.1441    0.1087    0.1073
 000602   E  0.088194  0.391918  0.068852    0.0526    0.0414    0.1700    0.0320    0.1355    0.1220    0.1094
 000603   S  0.099586  0.396278  0.073614    0.0316    0.0349    0.1850    0.0400    0.1368    0.1268    0.1106
 000604   L  0.116735  0.388201  0.080412    0.0173    0.0349    0.1950    0.0410    0.1388    0.1257    0.1093
 000605   L  0.113966  0.365564  0.085768    0.0167    0.0214    0.1750    0.0300    0.1298    0.1186    0.1063
 000606   S  0.130989  0.322761  0.089514    0.0350    0.0235    0.1540    0.0340    0.1260    0.0997    0.1044
 000607   P  0.146344  0.279286  0.090406    0.0144    0.0258    0.1220    0.0520    0.1130    0.0882    0.0967
 000608   Y  0.167410  0.224384  0.091628    0.0128    0.0258    0.1170    0.0530    0.1065    0.0744    0.0899
 000609   G  0.192329  0.176652  0.093068    0.0137    0.0244    0.1030    0.0500    0.1006    0.0678    0.0868
 000610   M  0.215268  0.120202  0.094689    0.0150    0.0494    0.0830    0.0300    0.0962    0.0629    0.0838
 000611   L  0.242947  0.085863  0.096287    0.0179    0.0389    0.1460    0.0880    0.1047    0.0743    0.0790
 000612   L  0.265254  0.076502  0.098004    0.0212    0.0244    0.1840    0.0720    0.1116    0.0876    0.0742
 000613   L  0.282660  0.086451  0.099567    0.0259    0.0168    0.2730    0.1180    0.1308    0.1083    0.0691
 000614   A  0.305889  0.132402  0.101191    0.0336    0.0130    0.3660    0.1330    0.1587    0.1326    0.0653
 000615   R  0.314384  0.202053  0.103193    0.0789    0.0168    0.3880    0.1550    0.1839    0.1320    0.0633
 000616   F  0.325363  0.307122  0.105598    0.1667    0.0235    0.4170    0.1700    0.2243    0.1366    0.0623
 000617   L  0.362032  0.436113  0.108733    0.2041    0.0171    0.5720    0.1430    0.2834    0.1917    0.0615
 000618   E  0.392022  0.579653  0.112422    0.2209    0.0099    0.6870    0.1050    0.3336    0.2433    0.0618
 000619   V  0.428984  0.638756  0.116897    0.3762    0.0151    0.7420    0.1070    0.3864    0.2591    0.0621
 000620   G  0.371201  0.677825  0.119229    0.4149    0.0100    0.7580    0.0920    0.3919    0.2700    0.0603
