#RESNUM RES     VL-XT     VSL2B       VL3  IUPred-S  IUPred-L  PONDRFIT  FITERROR       MDP  MDPERROR   ANCHOR2
 000001   M  0.979877  0.902363  0.875693    0.9348    0.3910    0.9640    0.0270    0.8414    0.2044    0.4305
 000002   G  0.982576  0.898382  0.874393    0.8650    0.3599    0.9740    0.0160    0.8257    0.2132    0.4281
 000003   Q  0.968440  0.895701  0.871972    0.8424    0.3392    0.9680    0.0230    0.8144    0.2176    0.4290
 000004   E  0.960266  0.888255  0.869820    0.7817    0.3840    0.9600    0.0350    0.8074    0.1988    0.4315
 000005   A  0.871476  0.880694  0.868059    0.7192    0.3667    0.9630    0.0240    0.7781    0.1975    0.4335
 000006   K  0.848610  0.871832  0.866187    0.6756    0.2884    0.9600    0.0290    0.7517    0.2238    0.4310
 000007   S  0.823298  0.856444  0.863269    0.6174    0.3182    0.9610    0.0200    0.7400    0.2151    0.4255
 000008   A  0.793471  0.828763  0.859861    0.5084    0.2541    0.9540    0.0260    0.6997    0.2418    0.4229
 000009   R  0.773175  0.816153  0.855900    0.4703    0.2752    0.9500    0.0270    0.6902    0.2375    0.4194
 000010   L  0.756123  0.812691  0.851461    0.3535    0.3356    0.9150    0.0590    0.6707    0.2355    0.4120
 000011   L  0.752948  0.789359  0.846207    0.3053    0.3182    0.9400    0.0500    0.6588    0.2521    0.4082
 000012   Q  0.774206  0.767212  0.839889    0.3668    0.3529    0.9140    0.0430    0.6692    0.2241    0.4058
 000013   M  0.763600  0.776741  0.833185    0.3359    0.2817    0.8920    0.0610    0.6472    0.2433    0.3962
 000014   A  0.749701  0.774156  0.824605    0.3184    0.2715    0.8600    0.0670    0.6330    0.2420    0.4003
 000015   E  0.736887  0.753831  0.815841    0.2432    0.2715    0.7800    0.0750    0.6003    0.2438    0.4071
 000016   A  0.726218  0.735064  0.805580    0.2820    0.2258    0.7370    0.0970    0.5853    0.2364    0.4145
 000017   L  0.691631  0.741250  0.796425    0.2748    0.1969    0.6990    0.1170    0.5667    0.2375    0.4211
 000018   K  0.652076  0.722617  0.787495    0.1844    0.1914    0.6010    0.1670    0.5231    0.2440    0.4329
 000019   L  0.615067  0.710704  0.779668    0.1878    0.2164    0.5360    0.1910    0.5076    0.2290    0.4223
 000020   R  0.576271  0.679448  0.771409    0.1732    0.1298    0.4740    0.2060    0.4673    0.2415    0.4056
 000021   P  0.535448  0.686278  0.763632    0.2255    0.1969    0.4240    0.2230    0.4720    0.2136    0.3941
 000022   M  0.543268  0.653242  0.757135    0.1921    0.2034    0.4460    0.2070    0.4658    0.2122    0.3811
 000023   R  0.555181  0.669116  0.752121    0.1878    0.1969    0.4320    0.2080    0.4655    0.2168    0.3614
 000024   V  0.566193  0.683008  0.746516    0.1416    0.2399    0.4240    0.1740    0.4668    0.2213    0.3475
 000025   G  0.520809  0.669330  0.739071    0.1698    0.2715    0.4100    0.1540    0.4634    0.2031    0.3430
 000026   E  0.520263  0.663644  0.729026    0.1766    0.2752    0.3850    0.1310    0.4583    0.1990    0.3385
 000027   L  0.500790  0.669200  0.717328    0.1878    0.2328    0.4120    0.1290    0.4534    0.1997    0.3393
 000028   A  0.481298  0.659445  0.703913    0.2657    0.3249    0.3710    0.1050    0.4677    0.1650    0.3322
 000029   R  0.464952  0.640625  0.691026    0.1844    0.3182    0.3930    0.1330    0.4486    0.1760    0.3271
 000030   R  0.453121  0.598869  0.678890    0.2558    0.4087    0.3670    0.1500    0.4603    0.1416    0.3251
 000031   F  0.415251  0.612714  0.667558    0.2531    0.3321    0.3760    0.1560    0.4428    0.1488    0.3292
 000032   G  0.371597  0.579330  0.657407    0.2209    0.3087    0.3700    0.1650    0.4179    0.1520    0.3232
 000033   V  0.327759  0.587122  0.648506    0.1698    0.3149    0.3920    0.1910    0.4067    0.1643    0.3184
 000034   S  0.340318  0.605004  0.639712    0.1766    0.2399    0.4030    0.2100    0.4007    0.1725    0.3182
 000035   E  0.339152  0.608372  0.629183    0.2209    0.2292    0.4230    0.2120    0.4082    0.1638    0.3122
 000036   R  0.348419  0.604436  0.616710    0.1532    0.2364    0.5020    0.2130    0.4101    0.1774    0.3059
 000037   T  0.393608  0.603224  0.604926    0.0935    0.1554    0.5150    0.2140    0.3944    0.2042    0.3020
 000038   V  0.448585  0.598198  0.594779    0.1532    0.2258    0.5230    0.2170    0.4239    0.1744    0.2903
 000039   E  0.491254  0.587287  0.585402    0.1088    0.1528    0.5040    0.2160    0.4050    0.1977    0.2865
 000040   R  0.532356  0.558606  0.574860    0.1240    0.1852    0.4710    0.2400    0.4077    0.1827    0.2844
 000041   D  0.575581  0.556328  0.561987    0.0744    0.1323    0.4350    0.2370    0.3893    0.2081    0.2849
 000042   L  0.599874  0.518157  0.547729    0.1635    0.2292    0.3930    0.1940    0.4086    0.1635    0.2788
 000043   E  0.624167  0.503463  0.534021    0.1041    0.2258    0.3060    0.1710    0.3829    0.1844    0.2744
 000044   A  0.648738  0.471882  0.520506    0.1698    0.2164    0.2640    0.1510    0.3819    0.1755    0.2718
 000045   L  0.676152  0.441593  0.508601    0.1532    0.1881    0.2320    0.1390    0.3667    0.1902    0.2708
 000046   L  0.633996  0.406657  0.496790    0.0858    0.1731    0.1970    0.1320    0.3323    0.1949    0.2699
 000047   E  0.577236  0.391187  0.486153    0.0744    0.1791    0.1800    0.1340    0.3147    0.1819    0.2666
 000048   L  0.518354  0.375393  0.473920    0.0621    0.1115    0.1990    0.1420    0.2900    0.1758    0.2638
 000049   G  0.467815  0.381445  0.459453    0.1060    0.1007    0.1770    0.1260    0.2820    0.1585    0.2658
 000050   F  0.400481  0.381143  0.443056    0.0567    0.0909    0.1830    0.1200    0.2592    0.1548    0.2657
 000051   P  0.352495  0.347520  0.426586    0.0350    0.0518    0.1840    0.1150    0.2329    0.1524    0.2641
 000052   V  0.306895  0.358437  0.410060    0.0316    0.0405    0.1860    0.0970    0.2223    0.1481    0.2514
 000053   E  0.262323  0.346174  0.393032    0.0274    0.0704    0.1860    0.0780    0.2143    0.1342    0.2447
 000054   R  0.221285  0.307336  0.375167    0.0212    0.0646    0.2060    0.0680    0.1992    0.1245    0.2400
 000055   L  0.216176  0.284442  0.359409    0.0274    0.0929    0.2060    0.0550    0.1978    0.1111    0.2341
 000056   A  0.209721  0.271454  0.345699    0.0425    0.1731    0.1780    0.0640    0.2035    0.0934    0.2271
 000057   R  0.219086  0.239349  0.335864    0.0884    0.2470    0.1570    0.0500    0.2144    0.0771    0.2232
 000058   G  0.214367  0.256257  0.328861    0.1060    0.1643    0.1250    0.0320    0.1992    0.0771    0.2252
 000059   L  0.231131  0.283936  0.324708    0.1732    0.2470    0.1210    0.0310    0.2302    0.0673    0.2266
 000060   Y  0.248717  0.284366  0.320264    0.0965    0.2783    0.1400    0.0440    0.2281    0.0813    0.2286
 000061   R  0.261399  0.313308  0.314096    0.1602    0.2918    0.1660    0.0610    0.2512    0.0646    0.2316
 000062   I  0.278714  0.367761  0.305217    0.1602    0.2645    0.2230    0.0660    0.2666    0.0646    0.2320
 000063   A  0.287442  0.390949  0.293991    0.1380    0.3053    0.2300    0.0630    0.2744    0.0771    0.2417
 000064   D  0.280535  0.403879  0.281088    0.1349    0.2129    0.2270    0.0610    0.2567    0.0821    0.2508
 000065   R  0.274187  0.434817  0.269680    0.1205    0.1914    0.1980    0.0680    0.2481    0.0983    0.2616
 000066   P  0.251762  0.447756  0.260505    0.1266    0.1881    0.1340    0.0440    0.2348    0.1083    0.2775
 000067   P  0.241501  0.437445  0.254576    0.1266    0.1229    0.1150    0.0390    0.2163    0.1141    0.2919
 000068   S  0.230227  0.430306  0.248691    0.0832    0.1070    0.1130    0.0370    0.2021    0.1198    0.3038
 000069   L  0.217364  0.402897  0.243291    0.0425    0.0870    0.1000    0.0310    0.1821    0.1219    0.3105
 000070   H  0.202874  0.372492  0.237271    0.0621    0.1349    0.0800    0.0210    0.1816    0.1055    0.3138
 000071   P  0.175053  0.344170  0.233015    0.0858    0.2034    0.0740    0.0200    0.1860    0.0914    0.3100
 000072   I  0.148417  0.317257  0.230217    0.0935    0.1399    0.0810    0.0220    0.1683    0.0822    0.3002
 000073   E  0.135039  0.283515  0.229777    0.1732    0.1501    0.0770    0.0220    0.1748    0.0665    0.3045
 000074   A  0.121047  0.248425  0.230360    0.1322    0.1115    0.0790    0.0220    0.1537    0.0630    0.3090
 000075   L  0.104172  0.227290  0.232085    0.0771    0.1115    0.0790    0.0210    0.1385    0.0657    0.3143
 000076   A  0.085734  0.205693  0.233773    0.0464    0.1206    0.0770    0.0180    0.1281    0.0688    0.3219
 000077   L  0.072287  0.209906  0.236130    0.0387    0.0817    0.0790    0.0150    0.1197    0.0748    0.3263
 000078   F  0.056357  0.191664  0.239602    0.0336    0.0817    0.0910    0.0160    0.1157    0.0743    0.3279
 000079   A  0.046318  0.218886  0.244998    0.0274    0.0870    0.1060    0.0220    0.1218    0.0823    0.3322
 000080   A  0.039159  0.225856  0.252263    0.0621    0.1349    0.1190    0.0310    0.1389    0.0782    0.3403
 000081   G  0.038000  0.249206  0.260930    0.0660    0.1349    0.1290    0.0330    0.1463    0.0840    0.3500
 000082   R  0.041506  0.235673  0.270810    0.0554    0.0662    0.1390    0.0330    0.1348    0.0898    0.3649
 000083   L  0.044125  0.266802  0.282762    0.1150    0.1137    0.1470    0.0430    0.1616    0.0858    0.3862
 000084   L  0.053605  0.292044  0.296402    0.0607    0.0870    0.1480    0.0440    0.1562    0.1022    0.3959
 000085   Y  0.098138  0.311838  0.311631    0.0789    0.0851    0.1450    0.0350    0.1718    0.1012    0.4039
 000086   H  0.123148  0.346581  0.326441    0.1018    0.0851    0.1490    0.0390    0.1887    0.1065    0.4101
 000087   Q  0.150991  0.383816  0.340664    0.1018    0.1048    0.1740    0.0450    0.2093    0.1117    0.4107
 000088   A  0.235705  0.401169  0.354288    0.0965    0.1671    0.1950    0.0570    0.2417    0.1056    0.4124
 000089   P  0.263106  0.419565  0.367313    0.1698    0.1914    0.1890    0.0650    0.2667    0.0954    0.4189
 000090   T  0.290369  0.437147  0.381950    0.2122    0.1914    0.2000    0.0640    0.2855    0.0947    0.4231
 000091   R  0.349413  0.450870  0.397888    0.1698    0.2129    0.2130    0.0770    0.2991    0.1055    0.4230
 000092   Q  0.406817  0.451853  0.415983    0.1456    0.1791    0.2240    0.0900    0.3039    0.1239    0.4231
 000093   Y  0.477094  0.476876  0.435236    0.1456    0.1206    0.2260    0.0860    0.3136    0.1535    0.4267
 000094   R  0.501059  0.486116  0.455104    0.1878    0.2094    0.2140    0.0730    0.3422    0.1394    0.4298
 000095   M  0.552628  0.499373  0.475573    0.1958    0.2951    0.2150    0.0750    0.3722    0.1421    0.4298
 000096   A  0.600703  0.510457  0.494219    0.3184    0.4119    0.2150    0.0680    0.4252    0.1281    0.4290
 000097   L  0.586839  0.520860  0.511287    0.3184    0.3182    0.2200    0.0630    0.4126    0.1334    0.4255
 000098   D  0.602078  0.519645  0.527103    0.3359    0.3053    0.2180    0.0630    0.4180    0.1388    0.4207
 000099   K  0.608580  0.515328  0.542863    0.2913    0.3356    0.2040    0.0660    0.4163    0.1472    0.4188
 000100   L  0.620214  0.542596  0.557857    0.2657    0.2258    0.2090    0.0670    0.4036    0.1724    0.4214
 000101   A  0.606211  0.558322  0.572301    0.2657    0.1449    0.2160    0.0600    0.3939    0.1889    0.4221
 000102   R  0.570984  0.512880  0.586635    0.1958    0.0948    0.2360    0.0580    0.3662    0.1965    0.4177
 000103   M  0.546873  0.565814  0.603271    0.1322    0.0870    0.2580    0.0600    0.3654    0.2134    0.4104
 000104   L  0.521147  0.584703  0.620794    0.1532    0.1424    0.2400    0.0610    0.3771    0.2029    0.4125
 000105   P  0.477696  0.602826  0.638761    0.1456    0.1554    0.2220    0.0640    0.3737    0.2067    0.4173
 000106   E  0.459195  0.621286  0.656036    0.1878    0.1969    0.2300    0.0740    0.3919    0.1970    0.4261
 000107   P  0.479776  0.627598  0.673432    0.2333    0.2258    0.2600    0.0950    0.4167    0.1866    0.4291
 000108   L  0.485666  0.652295  0.689457    0.3399    0.2258    0.3130    0.0960    0.4509    0.1736    0.4307
 000109   R  0.476858  0.701188  0.703254    0.3399    0.2292    0.3170    0.0920    0.4612    0.1852    0.4255
 000110   G  0.498820  0.718764  0.713568    0.2385    0.1969    0.3550    0.0830    0.4535    0.2089    0.4202
 000111   L  0.539016  0.698256  0.722703    0.3263    0.2680    0.3830    0.0850    0.4896    0.1767    0.4181
 000112   L  0.576538  0.695195  0.731105    0.3263    0.3087    0.3890    0.0740    0.5044    0.1715    0.4108
 000113   L  0.564974  0.686542  0.740025    0.3146    0.3117    0.3750    0.0730    0.4987    0.1742    0.3949
 000114   R  0.567986  0.676846  0.747210    0.3535    0.3599    0.3730    0.0820    0.5131    0.1598    0.3744
 000115   S  0.549373  0.719508  0.752543    0.4282    0.4409    0.4210    0.0770    0.5519    0.1374    0.3593
 000116   T  0.564180  0.736916  0.756531    0.3939    0.4051    0.4470    0.0940    0.5506    0.1493    0.3459
 000117   Q  0.601923  0.778435  0.760229    0.3992    0.4087    0.4750    0.1210    0.5705    0.1554    0.3309
 000118   G  0.616307  0.790806  0.762834    0.3535    0.2951    0.5080    0.1250    0.5545    0.1884    0.3181
 000119   L  0.632142  0.797723  0.763304    0.4420    0.3872    0.5400    0.1330    0.5937    0.1530    0.3094
 000120   E  0.618251  0.799930  0.761566    0.3668    0.3529    0.5290    0.1340    0.5714    0.1742    0.2940
 000121   A  0.620496  0.803598  0.758798    0.3578    0.2849    0.5930    0.1490    0.5697    0.1913    0.2865
 000122   R  0.656395  0.799241  0.755275    0.3992    0.3356    0.6660    0.1620    0.6020    0.1740    0.2777
 000123   Q  0.696105  0.787805  0.751116    0.3992    0.4087    0.7140    0.1670    0.6261    0.1597    0.2739
 000124   G  0.744159  0.770073  0.746317    0.4458    0.4619    0.6800    0.1910    0.6413    0.1354    0.2747
 000125   E  0.743257  0.757244  0.740420    0.4420    0.3840    0.6960    0.1660    0.6272    0.1535    0.2770
 000126   S  0.729047  0.738494  0.732739    0.4078    0.3019    0.7200    0.1400    0.6049    0.1795    0.2827
 000127   R  0.689992  0.711927  0.721416    0.3225    0.2988    0.7530    0.1370    0.5829    0.1935    0.2887
 000128   T  0.645034  0.690707  0.707325    0.2432    0.2817    0.6860    0.1360    0.5423    0.1991    0.2994
 000129   L  0.628109  0.664070  0.690816    0.2385    0.2752    0.5760    0.1690    0.5121    0.1842    0.3048
 000130   E  0.568034  0.623482  0.673473    0.3184    0.2884    0.4590    0.2000    0.4885    0.1464    0.3006
 000131   M  0.532865  0.581818  0.654956    0.3053    0.1969    0.4320    0.2280    0.4507    0.1589    0.3053
 000132   V  0.475599  0.526758  0.636278    0.2657    0.1969    0.4110    0.2470    0.4187    0.1500    0.3006
 000133   A  0.408308  0.454160  0.617859    0.1958    0.1137    0.4540    0.2520    0.3740    0.1698    0.2970
 000134   R  0.350761  0.423550  0.599387    0.1698    0.1115    0.4830    0.2550    0.3563    0.1705    0.2950
 000135   A  0.307622  0.429398  0.580066    0.0991    0.0646    0.4930    0.2430    0.3290    0.1929    0.2934
 000136   L  0.291162  0.387883  0.560258    0.0965    0.0592    0.6670    0.2140    0.3436    0.2229    0.2946
 000137   L  0.271637  0.349295  0.540731    0.0542    0.0592    0.7580    0.2190    0.3389    0.2518    0.2869
 000138   E  0.255605  0.351244  0.521719    0.0526    0.0618    0.7480    0.2230    0.3318    0.2470    0.2769
 000139   R  0.269383  0.347867  0.502531    0.0490    0.0568    0.6930    0.2060    0.3198    0.2304    0.2661
 000140   R  0.286276  0.316202  0.482032    0.0789    0.0948    0.5350    0.2020    0.2988    0.1730    0.2598
 000141   V  0.328099  0.293772  0.461956    0.0771    0.0909    0.3350    0.1410    0.2644    0.1379    0.2610
 000142   L  0.374474  0.306117  0.441323    0.0884    0.1251    0.1710    0.0750    0.2510    0.1312    0.2597
 000143   A  0.460145  0.321820  0.420581    0.1292    0.0888    0.1130    0.0330    0.2555    0.1515    0.2574
 000144   F  0.543641  0.331541  0.397875    0.1495    0.1028    0.1270    0.0490    0.2755    0.1621    0.2495
 000145   E  0.625729  0.338505  0.374123    0.0789    0.1251    0.1670    0.0810    0.2849    0.1865    0.2353
 000146   Y  0.660011  0.357370  0.349340    0.0884    0.1476    0.3280    0.1490    0.3218    0.1832    0.2229
 000147   R  0.623475  0.391026  0.323527    0.1495    0.2292    0.4180    0.1670    0.3557    0.1507    0.2071
 000148   S  0.582758  0.426831  0.297124    0.2122    0.2328    0.4860    0.1830    0.3730    0.1360    0.1948
 000149   G  0.517641  0.457843  0.272657    0.2122    0.1528    0.5210    0.1660    0.3558    0.1488    0.1862
 000150   G  0.452489  0.491318  0.250296    0.1416    0.1115    0.5140    0.1600    0.3268    0.1655    0.1797
 000151   S  0.387786  0.534785  0.230541    0.0909    0.0690    0.5160    0.1870    0.3048    0.1876    0.1749
 000152   K  0.279174  0.556809  0.209567    0.0909    0.0543    0.5000    0.1610    0.2818    0.1900    0.1726
 000153   N  0.176009  0.557351  0.187379    0.0909    0.0555    0.4890    0.1380    0.2594    0.1931    0.1708
 000154   W  0.071277  0.473505  0.163986    0.0554    0.0719    0.4500    0.1080    0.2144    0.1786    0.1732
 000155   R  0.019416  0.391142  0.140874    0.0554    0.1184    0.3240    0.1090    0.1749    0.1365    0.1831
 000156   P  0.018841  0.333380  0.119351    0.0567    0.1229    0.1890    0.0540    0.1401    0.1018    0.1968
 000157   K  0.019738  0.252501  0.099692    0.0771    0.1881    0.1250    0.0240    0.1270    0.0755    0.2083
 000158   E  0.020727  0.176410  0.084952    0.0832    0.1671    0.0970    0.0240    0.1049    0.0532    0.2179
 000159   L  0.022072  0.127389  0.075378    0.0789    0.1823    0.1060    0.0390    0.0987    0.0494    0.2291
 000160   L  0.018935  0.100307  0.069178    0.0607    0.1162    0.0870    0.0250    0.0754    0.0312    0.2387
 000161   V  0.032960  0.078190  0.064144    0.0643    0.1162    0.0770    0.0170    0.0721    0.0247    0.2428
 000162   Y  0.031490  0.076746  0.059594    0.0376    0.0719    0.0700    0.0180    0.0579    0.0174    0.2426
 000163   F  0.028776  0.090555  0.056177    0.0363    0.0405    0.0630    0.0170    0.0526    0.0206    0.2352
 000164   L  0.026112  0.103436  0.052714    0.0182    0.0306    0.0520    0.0130    0.0472    0.0282    0.2270
 000165   E  0.023894  0.114413  0.048279    0.0252    0.0380    0.0470    0.0130    0.0494    0.0306    0.2136
 000166   A  0.024439  0.130590  0.043785    0.0200    0.0389    0.0530    0.0180    0.0517    0.0370    0.1976
 000167   N  0.026271  0.138714  0.039688    0.0078    0.0198    0.0560    0.0250    0.0480    0.0433    0.1848
 000168   R  0.025092  0.138301  0.036355    0.0075    0.0209    0.0520    0.0190    0.0466    0.0432    0.1767
 000169   A  0.027194  0.143889  0.034115    0.0035    0.0188    0.0510    0.0180    0.0464    0.0459    0.1715
 000170   N  0.031764  0.150909  0.033502    0.0075    0.0320    0.0480    0.0170    0.0506    0.0464    0.1668
 000171   L  0.053647  0.145715  0.035221    0.0124    0.0306    0.0500    0.0170    0.0547    0.0429    0.1639
 000172   G  0.067273  0.140472  0.037887    0.0226    0.0473    0.0520    0.0150    0.0613    0.0379    0.1638
 000173   L  0.077483  0.131628  0.040539    0.0200    0.0749    0.0620    0.0140    0.0678    0.0348    0.1661
 000174   Y  0.087770  0.132148  0.042098    0.0395    0.1229    0.0730    0.0210    0.0829    0.0358    0.1677
 000175   A  0.086597  0.133568  0.043038    0.0660    0.1323    0.0760    0.0300    0.0896    0.0333    0.1651
 000176   I  0.083770  0.148302  0.044541    0.0502    0.0765    0.0830    0.0400    0.0811    0.0338    0.1660
 000177   G  0.083591  0.162584  0.046922    0.0414    0.1007    0.0940    0.0480    0.0883    0.0401    0.1716
 000178   Y  0.081381  0.174477  0.049946    0.0226    0.0454    0.1120    0.0590    0.0809    0.0505    0.1777
 000179   E  0.063758  0.185355  0.052504    0.0245    0.0473    0.0940    0.0460    0.0778    0.0523    0.1800
 000180   R  0.041186  0.176038  0.053979    0.0150    0.0341    0.0860    0.0390    0.0678    0.0531    0.1855
 000181   T  0.060971  0.159987  0.055432    0.0150    0.0306    0.0790    0.0290    0.0668    0.0465    0.1936
 000182   Y  0.081743  0.142475  0.057540    0.0150    0.0483    0.0800    0.0320    0.0709    0.0390    0.1998
 000183   H  0.105474  0.138806  0.062513    0.0157    0.0372    0.0710    0.0290    0.0717    0.0409    0.2028
 000184   R  0.201490  0.137888  0.068004    0.0297    0.0581    0.0670    0.0230    0.0937    0.0582    0.2030
 000185   A  0.299965  0.146185  0.072993    0.0376    0.1007    0.0630    0.0160    0.1200    0.0873    0.2054
 000186   V  0.399704  0.163601  0.076069    0.0441    0.1007    0.0650    0.0160    0.1416    0.1214    0.2136
 000187   L  0.449606  0.191779  0.078786    0.0813    0.1583    0.0720    0.0250    0.1720    0.1320    0.2176
 000188   T  0.493426  0.236831  0.081730    0.0643    0.1007    0.0870    0.0370    0.1774    0.1524    0.2117
 000189   F  0.542027  0.271144  0.084113    0.1117    0.1048    0.1380    0.0650    0.2087    0.1611    0.2024
 000190   K  0.556202  0.296864  0.084918    0.0643    0.1048    0.1350    0.0660    0.2071    0.1736    0.1924
 000191   L  0.551551  0.302095  0.084726    0.0395    0.1162    0.1460    0.0720    0.2066    0.1745    0.1814
 000192   S  0.540663  0.304976  0.084798    0.0387    0.1070    0.1260    0.0550    0.2004    0.1734    0.1663
 000193   R  0.474052  0.291591  0.086167    0.0677    0.1048    0.1400    0.0590    0.1940    0.1452    0.1528
 000194   M  0.410157  0.287873  0.088846    0.0723    0.1092    0.1670    0.0650    0.1893    0.1219    0.1446
 000195   R  0.339793  0.305491  0.092159    0.0455    0.0662    0.1600    0.0550    0.1683    0.1152    0.1355
 000196   H  0.319178  0.342954  0.096085    0.0567    0.0929    0.1570    0.0400    0.1774    0.1127    0.1288
 000197   A  0.289751  0.367083  0.100441    0.0514    0.1373    0.1540    0.0370    0.1834    0.1098    0.1203
 000198   R  0.259712  0.384340  0.103717    0.1088    0.2129    0.2130    0.0780    0.2137    0.0952    0.1151
 000199   L  0.229630  0.410709  0.106398    0.1117    0.1162    0.2780    0.1270    0.2087    0.1114    0.1138
 000200   L  0.232535  0.446129  0.106673    0.1844    0.2129    0.3170    0.1450    0.2499    0.1076    0.1141
 000201   D  0.224867  0.439172  0.106644    0.1060    0.2399    0.3220    0.1540    0.2397    0.1171    0.1161
 000202   E  0.206211  0.433109  0.105912    0.1698    0.3356    0.3240    0.1600    0.2624    0.1114    0.1185
 000203   S  0.187890  0.444379  0.106033    0.1921    0.3087    0.3050    0.1550    0.2573    0.1094    0.1240
 000204   Y  0.172783  0.434332  0.107665    0.1998    0.2364    0.2990    0.1540    0.2417    0.1040    0.1297
 000205   E  0.159708  0.406021  0.111194    0.2292    0.1942    0.2690    0.1330    0.2283    0.0939    0.1355
 000206   I  0.148383  0.431975  0.115271    0.1667    0.1942    0.2470    0.1200    0.2173    0.1043    0.1469
 000207   P  0.134031  0.430295  0.118540    0.1240    0.1823    0.1880    0.0770    0.1962    0.1081    0.1570
 000208   Q  0.122091  0.404191  0.120526    0.1380    0.1823    0.1680    0.0580    0.1892    0.0988    0.1637
 000209   D  0.097926  0.373331  0.122468    0.1292    0.1028    0.1580    0.0510    0.1640    0.0957    0.1728
 000210   F  0.087020  0.368416  0.124642    0.1732    0.1611    0.1300    0.0440    0.1740    0.0912    0.1788
 000211   D  0.085140  0.321302  0.127666    0.1566    0.1731    0.1070    0.0290    0.1619    0.0770    0.1836
 000212   P  0.083346  0.294722  0.130617    0.1602    0.1162    0.0880    0.0340    0.1455    0.0716    0.1891
 000213   N  0.087022  0.244106  0.132378    0.1088    0.1115    0.0900    0.0430    0.1290    0.0536    0.1947
 000214   A  0.112840  0.196483  0.131458    0.0701    0.0749    0.0960    0.0430    0.1136    0.0426    0.1999
 000215   Y  0.150832  0.147102  0.131290    0.1205    0.1184    0.1120    0.0490    0.1300    0.0146    0.2048
 000216   L  0.163975  0.129924  0.133118    0.0813    0.1206    0.1220    0.0530    0.1251    0.0243    0.2004
 000217   R  0.208337  0.107835  0.137079    0.1240    0.1942    0.1180    0.0480    0.1483    0.0387    0.1904
 000218   R  0.239513  0.102504  0.140318    0.1150    0.1731    0.1100    0.0530    0.1467    0.0477    0.1854
 000219   A  0.317464  0.103458  0.143198    0.1060    0.1162    0.1010    0.0530    0.1478    0.0772    0.1898
 000220   W  0.387249  0.110635  0.147648    0.1060    0.1162    0.1080    0.0470    0.1626    0.1014    0.1905
 000221   G  0.482301  0.116682  0.155086    0.1292    0.1476    0.1050    0.0460    0.1894    0.1321    0.1942
 000222   V  0.572611  0.143489  0.163637    0.1322    0.1323    0.1100    0.0520    0.2091    0.1634    0.1969
 000223   V  0.638892  0.170367  0.171405    0.0771    0.0690    0.1160    0.0520    0.2071    0.1972    0.1937
 000224   G  0.662318  0.206315  0.177290    0.0621    0.0581    0.1240    0.0470    0.2149    0.2073    0.1922
 000225   V  0.682094  0.244332  0.184712    0.0425    0.0341    0.1260    0.0510    0.2190    0.2199    0.1857
 000226   R  0.669852  0.312625  0.193994    0.0587    0.0494    0.1200    0.0510    0.2341    0.2143    0.1836
 000227   E  0.708181  0.322081  0.204902    0.0526    0.0967    0.1210    0.0570    0.2509    0.2222    0.1921
 000228   K  0.663356  0.338057  0.214874    0.0502    0.1115    0.1340    0.0640    0.2520    0.2051    0.2027
 000229   G  0.641430  0.348363  0.224475    0.0660    0.1028    0.1460    0.0730    0.2548    0.1957    0.2101
 000230   V  0.589272  0.335627  0.234137    0.0813    0.1028    0.1390    0.0680    0.2471    0.1756    0.2156
 000231   E  0.535768  0.297480  0.244717    0.1292    0.1048    0.1330    0.0640    0.2408    0.1488    0.2216
 000232   V  0.483676  0.283371  0.255620    0.1088    0.0967    0.1260    0.0600    0.2257    0.1360    0.2314
 000233   R  0.484873  0.260075  0.266309    0.0965    0.0985    0.1310    0.0680    0.2229    0.1365    0.2364
 000234   L  0.484098  0.227313  0.276084    0.1266    0.0909    0.1290    0.0650    0.2223    0.1333    0.2517
 000235   R  0.462840  0.214142  0.286365    0.0832    0.0929    0.1300    0.0500    0.2115    0.1329    0.2636
 000236   F  0.407870  0.201408  0.295106    0.0771    0.1373    0.1380    0.0420    0.2095    0.1115    0.2863
 000237   A  0.391642  0.207726  0.304215    0.0935    0.1554    0.1610    0.0550    0.2189    0.1003    0.3009
 000238   P  0.349923  0.218000  0.312251    0.0909    0.0909    0.1850    0.0760    0.2078    0.0992    0.3096
 000239   E  0.307533  0.223664  0.322265    0.1018    0.1070    0.1990    0.0820    0.2103    0.0863    0.3143
 000240   A  0.262902  0.217633  0.331687    0.0567    0.1070    0.2090    0.0850    0.1976    0.0921    0.3196
 000241   A  0.231981  0.236701  0.342673    0.1088    0.0967    0.2050    0.0800    0.2037    0.0833    0.3235
 000242   W  0.223588  0.225840  0.351837    0.1088    0.0929    0.2200    0.0750    0.2038    0.0860    0.3241
 000243   R  0.266663  0.219273  0.360717    0.1018    0.0835    0.2240    0.0740    0.2094    0.0948    0.3134
 000244   V  0.325372  0.249834  0.366101    0.1150    0.0948    0.2280    0.0770    0.2298    0.0996    0.3159
 000245   L  0.382094  0.270924  0.370556    0.1150    0.1583    0.2130    0.0650    0.2516    0.1003    0.3132
 000246   E  0.428226  0.302811  0.372668    0.1416    0.1791    0.1930    0.0570    0.2695    0.1060    0.3098
 000247   G  0.482405  0.330187  0.374085    0.2292    0.2002    0.1830    0.0610    0.2999    0.1067    0.3009
 000248   D  0.541911  0.343863  0.375399    0.2700    0.2503    0.1850    0.0590    0.3278    0.1140    0.2951
 000249   Y  0.618210  0.355186  0.377821    0.1635    0.2364    0.2030    0.0700    0.3257    0.1519    0.2849
 000250   P  0.667982  0.381267  0.381101    0.1766    0.2328    0.1900    0.0640    0.3383    0.1691    0.2829
 000251   G  0.689433  0.419385  0.382713    0.2167    0.2575    0.2350    0.0640    0.3668    0.1628    0.2807
 000252   L  0.696684  0.456222  0.380967    0.2483    0.2064    0.2840    0.0640    0.3787    0.1647    0.2773
 000253   H  0.699105  0.490241  0.377181    0.3399    0.2399    0.3050    0.0500    0.4085    0.1506    0.2750
 000254   L  0.706061  0.532175  0.374150    0.2786    0.2258    0.3420    0.0650    0.4097    0.1632    0.2787
 000255   E  0.722878  0.574660  0.371967    0.2558    0.2783    0.3350    0.0880    0.4231    0.1694    0.2805
 000256   E  0.743515  0.570576  0.367407    0.3096    0.2752    0.3400    0.1030    0.4343    0.1676    0.2768
 000257   E  0.759498  0.600868  0.360099    0.2748    0.2783    0.3350    0.1330    0.4348    0.1819    0.2792
 000258   L  0.761575  0.597818  0.352051    0.1844    0.2470    0.2940    0.1220    0.4062    0.2053    0.2820
 000259   P  0.776571  0.561311  0.345941    0.1878    0.2129    0.2490    0.1170    0.3888    0.2133    0.2877
 000260   D  0.788857  0.525973  0.341785    0.2432    0.3215    0.2350    0.1150    0.4093    0.1950    0.2994
 000261   G  0.794251  0.487599  0.337676    0.1844    0.1914    0.1890    0.0770    0.3640    0.2213    0.3039
 000262   S  0.805111  0.443743  0.333547    0.2041    0.1852    0.1810    0.0710    0.3589    0.2208    0.3061
 000263   L  0.804795  0.390623  0.329116    0.1921    0.2715    0.1490    0.0450    0.3563    0.2160    0.3067
 000264   L  0.721255  0.355472  0.324898    0.1878    0.2752    0.1280    0.0320    0.3321    0.1906    0.3091
 000265   A  0.666866  0.326218  0.320965    0.2820    0.2951    0.1230    0.0330    0.3357    0.1631    0.3110
 000266   R  0.596673  0.324585  0.315385    0.2748    0.3087    0.1230    0.0290    0.3238    0.1400    0.3040
 000267   L  0.511142  0.322176  0.309449    0.1878    0.1942    0.1230    0.0260    0.2746    0.1268    0.3131
 000268   E  0.423645  0.328713  0.301682    0.1998    0.1914    0.1090    0.0240    0.2590    0.1037    0.3205
 000269   A  0.331302  0.315206  0.295019    0.1958    0.2094    0.0990    0.0230    0.2410    0.0814    0.3287
 000270   A  0.237181  0.313683  0.289480    0.1878    0.1275    0.0950    0.0220    0.2084    0.0800    0.3308
 000271   P  0.147327  0.303502  0.286178    0.1205    0.1048    0.0990    0.0220    0.1769    0.0850    0.3301
 000272   F  0.064156  0.291221  0.283473    0.0677    0.0531    0.1030    0.0220    0.1438    0.1027    0.3341
 000273   K  0.062886  0.284091  0.281812    0.0567    0.0349    0.1080    0.0200    0.1380    0.1047    0.3408
 000274   G  0.026757  0.260841  0.280384    0.0567    0.0618    0.1150    0.0290    0.1336    0.1005    0.3532
 000275   G  0.006434  0.246212  0.281331    0.0621    0.0985    0.1200    0.0350    0.1358    0.0976    0.3615
 000276   V  0.003499  0.235766  0.282548    0.0813    0.0605    0.1140    0.0350    0.1296    0.0982    0.3686
 000277   P  0.000865  0.208735  0.284608    0.0935    0.0676    0.1080    0.0340    0.1272    0.0935    0.3883
 000278   W  0.000824  0.195393  0.285376    0.0832    0.1275    0.1010    0.0330    0.1322    0.0896    0.3985
 000279   E  0.000922  0.195674  0.286046    0.0789    0.1115    0.0790    0.0270    0.1253    0.0920    0.4039
 000280   V  0.000948  0.208588  0.285908    0.1060    0.0888    0.0650    0.0240    0.1258    0.0945    0.4009
 000281   L  0.000964  0.180696  0.285374    0.1060    0.1092    0.0590    0.0240    0.1236    0.0905    0.4020
 000282   A  0.001282  0.177709  0.284946    0.0542    0.0646    0.0560    0.0240    0.1064    0.0958    0.3997
 000283   W  0.001958  0.181673  0.287395    0.1060    0.0780    0.0720    0.0350    0.1211    0.0913    0.3923
 000284   V  0.011592  0.176368  0.291233    0.0701    0.0799    0.0760    0.0340    0.1175    0.0915    0.3856
 000285   Q  0.077757  0.194250  0.295912    0.0387    0.0909    0.0900    0.0410    0.1312    0.0874    0.3763
 000286   S  0.089991  0.191114  0.300416    0.0350    0.1028    0.1040    0.0450    0.1373    0.0861    0.3720
 000287   F  0.106621  0.217308  0.306762    0.0643    0.1554    0.1200    0.0400    0.1617    0.0800    0.3686
 000288   G  0.123099  0.241294  0.316950    0.0621    0.0870    0.1340    0.0390    0.1608    0.0896    0.3503
 000289   P  0.127433  0.293798  0.329674    0.1178    0.1476    0.1490    0.0420    0.1942    0.0844    0.3326
 000290   R  0.141639  0.338577  0.343613    0.0621    0.1275    0.1820    0.0520    0.1992    0.1063    0.3133
 000291   V  0.171648  0.380694  0.356471    0.0858    0.1184    0.2110    0.0670    0.2207    0.1119    0.3010
 000292   E  0.227056  0.408491  0.369086    0.1240    0.1070    0.2400    0.0830    0.2460    0.1127    0.2934
 000293   V  0.270335  0.449221  0.382240    0.0909    0.0765    0.2810    0.0930    0.2583    0.1375    0.2957
 000294   L  0.294191  0.448826  0.395780    0.0884    0.1501    0.2810    0.0830    0.2763    0.1262    0.3022
 000295   S  0.364354  0.439531  0.409285    0.0858    0.2129    0.2570    0.0730    0.2947    0.1230    0.3017
 000296   P  0.424771  0.437065  0.422445    0.0813    0.1852    0.2350    0.0620    0.2976    0.1382    0.2982
 000297   P  0.493359  0.433535  0.435745    0.0813    0.1942    0.2270    0.0630    0.3109    0.1512    0.2945
 000298   E  0.575301  0.417193  0.450475    0.1292    0.2849    0.2340    0.0700    0.3486    0.1482    0.2904
 000299   L  0.628775  0.403123  0.467481    0.1266    0.2164    0.2140    0.0720    0.3428    0.1733    0.2895
 000300   R  0.661803  0.408791  0.485675    0.1060    0.1298    0.2080    0.0800    0.3334    0.2023    0.2833
 000301   R  0.675375  0.403822  0.501658    0.0884    0.1251    0.2300    0.0850    0.3374    0.2099    0.2895
 000302   L  0.688742  0.375121  0.515034    0.0991    0.1162    0.2410    0.0940    0.3392    0.2127    0.3032
 000303   W  0.637343  0.405029  0.524966    0.0832    0.0646    0.2530    0.1050    0.3281    0.2142    0.3150
 000304   L  0.588763  0.405372  0.534562    0.0884    0.0985    0.2460    0.0930    0.3269    0.1973    0.3176
 000305   E  0.545534  0.403718  0.543157    0.0991    0.1611    0.2470    0.0790    0.3333    0.1761    0.3186
 000306   E  0.495839  0.407792  0.551830    0.1060    0.1476    0.2690    0.0890    0.3297    0.1683    0.3263
 000307   A  0.468607  0.413881  0.560895    0.0991    0.1323    0.2950    0.1080    0.3282    0.1699    0.3336
 000308   E  0.475028  0.372998  0.572297    0.0771    0.1206    0.3090    0.1150    0.3212    0.1776    0.3352
 000309   R  0.492324  0.407709  0.587636    0.0813    0.0765    0.3260    0.1150    0.3285    0.1936    0.3370
 000310   V  0.514036  0.380677  0.605144    0.1349    0.1229    0.3380    0.1120    0.3492    0.1784    0.3449
 000311   L  0.541179  0.397756  0.623919    0.1117    0.1399    0.3370    0.1260    0.3585    0.1891    0.3540
 000312   A  0.573777  0.431598  0.642796    0.1292    0.1501    0.3650    0.1530    0.3821    0.1937    0.3541
 000313   L  0.618791  0.462937  0.662301    0.1958    0.2436    0.3950    0.1750    0.4298    0.1739    0.3444
 000314   Y  0.667028  0.547819  0.678137    0.2865    0.3667    0.4140    0.1890    0.4934    0.1485    0.3325
 000315   G  0.725570  0.588921  0.692233    0.3939    0.4409    0.4280    0.2090    0.5448    0.1315    0.3240
 000316   N  0.776193  0.617813  0.703413    0.4203    0.3631    0.5030    0.1930    0.5639    0.1484    0.3132
 000317   R  0.812034  0.642021  0.715431    0.4116    0.3392    0.6010    0.1370    0.5869    0.1646    0.3032
 000318   Q  0.841351  0.678240  0.725632    0.3762    0.3392    0.6870    0.0950    0.6079    0.1850    0.2970
 000319   E  0.859938  0.696424  0.732200    0.3668    0.3215    0.7600    0.0760    0.6228    0.2036    0.3001
 000320   V  0.876142  0.706900  0.734599    0.3535    0.3182    0.8440    0.0570    0.6389    0.2223    0.3051
 000321   S  0.914220  0.717230  0.733906    0.4556    0.3631    0.9150    0.0440    0.6832    0.2102    0.3087
 000322   G  0.946034  0.719125  0.733119    0.5623    0.4330    0.8920    0.0630    0.7143    0.1770    0.3128
 000323   S  0.974681  0.737962  0.731883    0.6219    0.4409    0.8390    0.0890    0.7243    0.1668    0.3170
 000324   P  0.991528  0.730116  0.730350    0.7147    0.5296    0.8260    0.1350    0.7537    0.1382    0.3243
 000325   P  0.992675  0.721809  0.728387    0.8200    0.6661    0.8080    0.1130    0.7895    0.1050    0.3300
 000326   K  0.996448  0.732943  0.727396    0.8457    0.6375    0.8620    0.0930    0.8004    0.1160    0.3355
 000327   V  0.996949  0.761422  0.726811    0.8713    0.5951    0.8740    0.0850    0.8043    0.1279    0.3453
 000328   R  0.998834  0.790405  0.726687    0.9141    0.6136    0.9270    0.0320    0.8284    0.1317    0.3551
 000329   A  0.999180  0.816746  0.726465    0.9280    0.5758    0.9200    0.0510    0.8277    0.1425    0.3638
