#RESNUM RES     VL-XT     VSL2B       VL3  IUPred-S  IUPred-L  PONDRFIT  FITERROR       MDP  MDPERROR   ANCHOR2
 000001   M  0.429113  0.895842  0.098538    0.6944    0.1048    0.9840    0.0050    0.5181    0.3526    0.0896
 000002   E  0.360660  0.870379  0.097200    0.6650    0.1476    0.9410    0.0040    0.4974    0.3330    0.0939
 000003   T  0.405406  0.797675  0.097522    0.5296    0.0734    0.9170    0.0330    0.4539    0.3196    0.0955
 000004   L  0.477406  0.699276  0.097510    0.4918    0.0985    0.8780    0.0780    0.4408    0.2877    0.0977
 000005   R  0.371658  0.567585  0.097508    0.3491    0.0543    0.8750    0.0710    0.3696    0.2794    0.1011
 000006   Y  0.339714  0.444624  0.097424    0.3053    0.0313    0.8930    0.0500    0.3357    0.2808    0.1074
 000007   L  0.301334  0.316421  0.097386    0.1732    0.0227    0.8770    0.0740    0.2818    0.2796    0.1155
 000008   R  0.258177  0.225266  0.096220    0.0858    0.0181    0.7910    0.0960    0.2297    0.2579    0.1222
 000009   S  0.205566  0.155598  0.094431    0.0414    0.0248    0.6860    0.1350    0.1856    0.2262    0.1387
 000010   T  0.151371  0.128965  0.092786    0.0182    0.0198    0.5730    0.1320    0.1486    0.1904    0.1588
 000011   G  0.093520  0.103426  0.092499    0.0131    0.0306    0.5500    0.1870    0.1318    0.1840    0.1797
 000012   F  0.063078  0.083075  0.092331    0.0097    0.0405    0.4250    0.1260    0.1036    0.1406    0.1990
 000013   D  0.032287  0.074049  0.091843    0.0124    0.0231    0.3190    0.0890    0.0768    0.1064    0.2229
 000014   W  0.020273  0.062384  0.091388    0.0124    0.0218    0.3040    0.0780    0.0701    0.1026    0.2505
 000015   S  0.004538  0.053291  0.090242    0.0137    0.0349    0.1530    0.0660    0.0432    0.0528    0.2749
 000016   W  0.002846  0.047600  0.088455    0.0150    0.0398    0.1400    0.0860    0.0409    0.0487    0.3001
 000017   F  0.000958  0.042353  0.086565    0.0327    0.0341    0.1450    0.0870    0.0425    0.0489    0.3145
 000018   I  0.000525  0.043747  0.083601    0.0660    0.0473    0.1590    0.0890    0.0528    0.0505    0.3173
 000019   L  0.000182  0.047540  0.080471    0.0395    0.0306    0.1790    0.0910    0.0494    0.0585    0.3214
 000020   D  0.000062  0.065973  0.078785    0.0350    0.0306    0.2030    0.0910    0.0558    0.0664    0.3160
 000021   L  0.000208  0.083096  0.076732    0.0179    0.0294    0.2780    0.1100    0.0681    0.0940    0.3064
 000022   P  0.000278  0.120840  0.076583    0.0167    0.0287    0.3400    0.1390    0.0845    0.1166    0.2977
 000023   T  0.021662  0.172982  0.079912    0.0363    0.0605    0.5300    0.1980    0.1369    0.1771    0.2857
 000024   L  0.090327  0.259191  0.087724    0.0327    0.0618    0.6080    0.1140    0.1754    0.2010    0.2728
 000025   K  0.158415  0.335281  0.098616    0.0660    0.1275    0.4490    0.0770    0.1893    0.1395    0.2597
 000026   K  0.233243  0.409234  0.108673    0.0723    0.1528    0.4530    0.1160    0.2202    0.1467    0.2493
 000027   E  0.284023  0.468180  0.116402    0.1292    0.2503    0.3670    0.1310    0.2498    0.1258    0.2420
 000028   F  0.300472  0.494914  0.120319    0.2209    0.2715    0.3270    0.1280    0.2691    0.1153    0.2378
 000029   A  0.313582  0.516167  0.126928    0.2913    0.3667    0.2880    0.1220    0.2959    0.1173    0.2348
 000030   L  0.313832  0.522007  0.136335    0.2748    0.4476    0.3120    0.1280    0.3117    0.1257    0.2292
 000031   S  0.314132  0.554775  0.144729    0.2748    0.4409    0.3540    0.1340    0.3230    0.1308    0.2262
 000032   G  0.295998  0.592369  0.154646    0.3717    0.5254    0.3980    0.1270    0.3639    0.1460    0.2254
 000033   S  0.241638  0.633160  0.161891    0.3399    0.3774    0.4300    0.1060    0.3370    0.1515    0.2228
 000034   E  0.174405  0.668526  0.168259    0.3456    0.2918    0.4300    0.1070    0.3183    0.1731    0.2262
 000035   Q  0.112110  0.662684  0.174245    0.3535    0.3774    0.3710    0.1440    0.3128    0.1785    0.2309
 000036   N  0.073457  0.676176  0.180021    0.2913    0.3117    0.3450    0.1310    0.2830    0.1888    0.2373
 000037   P  0.083556  0.605935  0.183692    0.3053    0.2470    0.2340    0.0550    0.2460    0.1651    0.2445
 000038   D  0.080899  0.553216  0.186997    0.2292    0.2328    0.2230    0.0390    0.2198    0.1482    0.2467
 000039   L  0.085680  0.504930  0.190681    0.2602    0.3599    0.2170    0.0510    0.2380    0.1369    0.2465
 000040   T  0.089449  0.453433  0.192962    0.2865    0.3807    0.1850    0.0540    0.2326    0.1278    0.2471
 000041   G  0.099983  0.386888  0.195660    0.3806    0.3774    0.1680    0.0650    0.2354    0.1216    0.2458
 000042   K  0.098260  0.318197  0.197624    0.3806    0.2988    0.1580    0.0780    0.2089    0.1037    0.2448
 000043   S  0.110381  0.257387  0.197609    0.2913    0.2988    0.1430    0.0810    0.1835    0.0791    0.2461
 000044   W  0.110822  0.218024  0.197477    0.2255    0.3286    0.1170    0.0680    0.1666    0.0805    0.2495
 000045   L  0.144913  0.189298  0.199949    0.2167    0.2951    0.0960    0.0500    0.1569    0.0701    0.2504
 000046   G  0.206912  0.169165  0.206453    0.2333    0.2541    0.0950    0.0450    0.1597    0.0619    0.2513
 000047   V  0.285348  0.170922  0.213283    0.2080    0.2715    0.1130    0.0550    0.1748    0.0684    0.2515
 000048   V  0.285218  0.177033  0.218497    0.1602    0.1791    0.1110    0.0440    0.1520    0.0649    0.2533
 000049   R  0.281809  0.195784  0.222421    0.1844    0.1702    0.1000    0.0300    0.1554    0.0661    0.2568
 000050   N  0.269342  0.217455  0.232378    0.2080    0.2193    0.0890    0.0260    0.1672    0.0680    0.2641
 000051   R  0.274956  0.237630  0.241603    0.1998    0.1206    0.0830    0.0250    0.1527    0.0798    0.2767
 000052   L  0.282643  0.262276  0.253155    0.1667    0.0719    0.0730    0.0190    0.1428    0.0970    0.3015
 000053   L  0.312192  0.276943  0.265536    0.0991    0.0765    0.0720    0.0210    0.1394    0.1117    0.3307
 000054   G  0.324801  0.291957  0.273562    0.0554    0.0749    0.0750    0.0270    0.1370    0.1240    0.3544
 000055   P  0.280547  0.296088  0.273118    0.0991    0.1449    0.0840    0.0320    0.1507    0.1001    0.3746
 000056   A  0.208775  0.291004  0.270760    0.1416    0.2129    0.0940    0.0370    0.1581    0.0820    0.3922
 000057   A  0.219911  0.282355  0.269991    0.1416    0.2129    0.0980    0.0330    0.1591    0.0798    0.4076
 000058   P  0.227370  0.279133  0.273726    0.1998    0.1731    0.0930    0.0300    0.1621    0.0782    0.4225
 000059   V  0.236716  0.286332  0.284730    0.2820    0.1611    0.0970    0.0380    0.1772    0.0863    0.4318
 000060   R  0.237425  0.283410  0.291272    0.1878    0.1184    0.1080    0.0440    0.1558    0.0876    0.4133
 000061   A  0.233107  0.284729  0.293565    0.1266    0.0929    0.1220    0.0450    0.1433    0.0948    0.3918
 000062   F  0.205785  0.296696  0.300164    0.0858    0.1007    0.1570    0.0560    0.1410    0.0989    0.3737
 000063   L  0.173908  0.306935  0.309221    0.1150    0.1611    0.1880    0.0700    0.1575    0.0898    0.3698
 000064   E  0.153083  0.315935  0.316757    0.1844    0.1611    0.2070    0.0810    0.1703    0.0862    0.3765
 000065   R  0.155830  0.325104  0.327390    0.1878    0.1583    0.2190    0.0860    0.1744    0.0903    0.3751
 000066   G  0.159564  0.336428  0.336060    0.1041    0.1399    0.2280    0.0870    0.1614    0.1075    0.3674
 000067   K  0.184710  0.346971  0.347461    0.1266    0.1048    0.2430    0.0920    0.1677    0.1126    0.3605
 000068   D  0.207826  0.347230  0.363768    0.1532    0.1028    0.2570    0.0940    0.1781    0.1130    0.3504
 000069   F  0.274247  0.330609  0.382568    0.0832    0.0817    0.2800    0.1040    0.1750    0.1325    0.3370
 000070   L  0.345898  0.338238  0.401829    0.1060    0.1206    0.2850    0.1160    0.1992    0.1317    0.3307
 000071   V  0.401764  0.361494  0.420894    0.1041    0.1028    0.2680    0.1140    0.2064    0.1490    0.3349
 000072   A  0.444538  0.396345  0.438138    0.1205    0.1251    0.2490    0.1020    0.2226    0.1563    0.3402
 000073   Q  0.496467  0.411437  0.453294    0.1732    0.1914    0.2450    0.0910    0.2529    0.1499    0.3513
 000074   D  0.550412  0.443445  0.471333    0.2558    0.1942    0.2590    0.0830    0.2839    0.1533    0.3572
 000075   L  0.598349  0.509693  0.489790    0.2209    0.1611    0.2950    0.0860    0.2976    0.1812    0.3576
 000076   S  0.642136  0.529882  0.506149    0.1602    0.1942    0.3100    0.0800    0.3061    0.1987    0.3674
 000077   E  0.692923  0.546235  0.521366    0.1349    0.1914    0.3280    0.0660    0.3156    0.2184    0.3794
 000078   L  0.697986  0.574845  0.537207    0.1635    0.1373    0.3490    0.0710    0.3204    0.2285    0.3883
 000079   M  0.701029  0.609922  0.555428    0.1566    0.0851    0.3660    0.0690    0.3198    0.2480    0.4036
 000080   R  0.716390  0.612589  0.574684    0.1878    0.1611    0.3880    0.0760    0.3443    0.2322    0.4260
 000081   K  0.732918  0.626086  0.588336    0.1921    0.2680    0.4010    0.0900    0.3700    0.2191    0.4267
 000082   M  0.749965  0.627219  0.599902    0.2700    0.3321    0.3690    0.0830    0.3913    0.2027    0.4197
 000083   E  0.766187  0.636964  0.609971    0.3359    0.3529    0.3120    0.0650    0.4006    0.2032    0.4057
 000084   A  0.788358  0.642140  0.617827    0.3225    0.2645    0.3090    0.0680    0.3877    0.2251    0.3984
 000085   L  0.801842  0.646461  0.624820    0.3053    0.2715    0.3080    0.0710    0.3888    0.2309    0.3925
 000086   A  0.819363  0.620169  0.632901    0.3146    0.3529    0.2800    0.0710    0.3979    0.2255    0.3835
 000087   P  0.824708  0.612706  0.633932    0.3184    0.3667    0.2690    0.0650    0.3985    0.2263    0.3779
 000088   G  0.824193  0.622835  0.637156    0.3053    0.2918    0.3020    0.0790    0.3911    0.2334    0.3673
 000089   V  0.825864  0.600460  0.640518    0.3939    0.3704    0.3150    0.0820    0.4176    0.2095    0.3540
 000090   L  0.814227  0.598016  0.636078    0.3535    0.3774    0.2880    0.0830    0.4052    0.2140    0.3445
 000091   D  0.805113  0.595151  0.634020    0.3668    0.3774    0.2700    0.0770    0.4024    0.2130    0.3372
 000092   P  0.798410  0.595484  0.634049    0.3456    0.3840    0.2630    0.0720    0.3977    0.2147    0.3290
 000093   G  0.788108  0.616520  0.629566    0.3717    0.4186    0.2820    0.0720    0.4128    0.2034    0.3160
 000094   R  0.771946  0.629155  0.625132    0.3762    0.4220    0.3070    0.0910    0.4178    0.1945    0.3072
 000095   L  0.748443  0.619859  0.623862    0.3992    0.3667    0.3300    0.0970    0.4107    0.1879    0.2969
 000096   E  0.699076  0.629105  0.617576    0.4781    0.3667    0.3220    0.1000    0.4158    0.1740    0.2859
 000097   R  0.658742  0.638905  0.617228    0.4282    0.4087    0.3510    0.1190    0.4142    0.1611    0.2816
 000098   E  0.671709  0.642960  0.612036    0.3146    0.4087    0.3690    0.1250    0.4012    0.1754    0.2785
 000099   V  0.694957  0.639894  0.602792    0.3146    0.2988    0.3620    0.1380    0.3851    0.1920    0.2820
 000100   K  0.709489  0.623410  0.590482    0.4078    0.3321    0.3200    0.1390    0.3987    0.1801    0.2889
 000101   A  0.715492  0.594539  0.580783    0.3762    0.4119    0.3300    0.1550    0.4047    0.1683    0.2945
 000102   R  0.726116  0.569941  0.572748    0.3399    0.4119    0.3000    0.1330    0.3914    0.1771    0.3026
 000103   D  0.731091  0.542985  0.564444    0.3096    0.3807    0.2740    0.1200    0.3731    0.1860    0.3122
 000104   R  0.728113  0.511656  0.555341    0.3096    0.3910    0.2720    0.1230    0.3688    0.1815    0.3243
 000105   E  0.721822  0.486300  0.545135    0.3184    0.3286    0.2390    0.1100    0.3490    0.1870    0.3366
 000106   L  0.707816  0.474560  0.532928    0.4245    0.3286    0.2120    0.0940    0.3579    0.1794    0.3516
 000107   L  0.626612  0.453599  0.521274    0.3456    0.2849    0.2010    0.0820    0.3186    0.1683    0.3667
 000108   N  0.540735  0.433242  0.506603    0.2657    0.2193    0.1950    0.0730    0.2756    0.1624    0.3798
 000109   P  0.454859  0.415132  0.492801    0.2167    0.2164    0.2080    0.1020    0.2519    0.1473    0.3922
 000110   F  0.379354  0.388567  0.476468    0.2167    0.2503    0.2280    0.1310    0.2438    0.1255    0.4018
 000111   A  0.294473  0.364280  0.459974    0.2122    0.1528    0.2200    0.1270    0.2072    0.1286    0.4113
 000112   K  0.215468  0.347861  0.443549    0.2167    0.1759    0.2410    0.1570    0.1996    0.1186    0.4226
 000113   D  0.140566  0.336932  0.429069    0.1349    0.1791    0.2550    0.1670    0.1744    0.1294    0.4317
 000114   G  0.105691  0.310563  0.414510    0.1322    0.1048    0.2590    0.1500    0.1520    0.1355    0.4279
 000115   Q  0.088809  0.291710  0.401621    0.1349    0.0704    0.2730    0.1350    0.1432    0.1379    0.4205
 000116   V  0.083330  0.261179  0.390333    0.0789    0.0662    0.2950    0.1330    0.1308    0.1417    0.4149
 000117   L  0.085727  0.221968  0.378049    0.0813    0.1115    0.2640    0.1230    0.1274    0.1255    0.4110
 000118   M  0.140943  0.182985  0.369747    0.1322    0.1731    0.2280    0.1130    0.1429    0.1011    0.4131
 000119   V  0.146101  0.159634  0.358765    0.1292    0.1048    0.2320    0.1090    0.1287    0.1045    0.4231
 000120   H  0.154849  0.168378  0.345518    0.1088    0.0443    0.2100    0.1040    0.1143    0.1096    0.4299
 000121   A  0.193549  0.164746  0.338826    0.1088    0.0888    0.1580    0.0790    0.1190    0.0988    0.4296
 000122   F  0.237122  0.139935  0.333723    0.0643    0.0704    0.1190    0.0500    0.1051    0.1110    0.4186
 000123   R  0.273914  0.138195  0.327400    0.0643    0.0581    0.0840    0.0360    0.1031    0.1187    0.4025
 000124   R  0.305899  0.143562  0.322131    0.0387    0.0568    0.0710    0.0270    0.1026    0.1280    0.3897
 000125   Y  0.328431  0.154060  0.315575    0.0304    0.0690    0.0740    0.0300    0.1092    0.1302    0.3795
 000126   V  0.349675  0.169223  0.309284    0.0274    0.0662    0.0700    0.0300    0.1137    0.1346    0.3716
 000127   G  0.323421  0.177301  0.303644    0.0502    0.1206    0.0570    0.0240    0.1215    0.1199    0.3694
 000128   D  0.346024  0.184764  0.295461    0.0813    0.1028    0.0640    0.0330    0.1297    0.1188    0.3693
 000129   R  0.437960  0.195732  0.287240    0.1178    0.0765    0.0640    0.0280    0.1486    0.1405    0.3822
 000130   L  0.423827  0.189771  0.277049    0.0935    0.1137    0.0760    0.0200    0.1495    0.1310    0.4054
 000131   F  0.380989  0.190682  0.268817    0.0502    0.1092    0.0830    0.0190    0.1357    0.1236    0.4233
 000132   R  0.340165  0.218745  0.260715    0.0607    0.1298    0.0900    0.0260    0.1399    0.1079    0.4309
 000133   V  0.290049  0.245648  0.253103    0.1150    0.2193    0.1100    0.0350    0.1633    0.0809    0.4145
 000134   A  0.254229  0.273089  0.250321    0.1178    0.2541    0.1300    0.0500    0.1715    0.0762    0.3958
 000135   K  0.219035  0.305702  0.247296    0.1178    0.1759    0.1650    0.0570    0.1638    0.0735    0.3787
 000136   P  0.178521  0.356063  0.244385    0.2080    0.2002    0.1970    0.0590    0.1900    0.0720    0.3648
 000137   H  0.137366  0.375881  0.247344    0.1998    0.2328    0.1900    0.0480    0.1893    0.0845    0.3573
 000138   P  0.042072  0.376837  0.247606    0.1416    0.1731    0.1860    0.0540    0.1533    0.1102    0.3593
 000139   F  0.019835  0.390952  0.249444    0.1178    0.1643    0.2120    0.0640    0.1509    0.1222    0.3676
 000140   L  0.020635  0.432585  0.252089    0.0771    0.1070    0.1760    0.0310    0.1355    0.1419    0.3859
 000141   S  0.021680  0.438956  0.253060    0.1416    0.0967    0.1640    0.0250    0.1438    0.1394    0.4090
 000142   G  0.021539  0.419047  0.254391    0.1698    0.1791    0.1460    0.0280    0.1559    0.1277    0.4220
 000143   K  0.027215  0.382828  0.255638    0.1041    0.1184    0.1340    0.0390    0.1278    0.1239    0.4295
 000144   G  0.035862  0.322475  0.256272    0.1602    0.1759    0.1340    0.0380    0.1380    0.1003    0.4274
 000145   P  0.040594  0.253967  0.263908    0.1205    0.2002    0.1280    0.0540    0.1239    0.0907    0.4189
 000146   L  0.124045  0.184048  0.269919    0.1150    0.2002    0.1090    0.0480    0.1221    0.0731    0.4091
 000147   V  0.210828  0.135876  0.269621    0.1041    0.1791    0.0850    0.0350    0.1191    0.0779    0.3992
 000148   A  0.287286  0.118745  0.271373    0.1088    0.1115    0.0800    0.0340    0.1178    0.0948    0.3952
 000149   V  0.362791  0.124823  0.272392    0.0965    0.0909    0.1010    0.0460    0.1293    0.1143    0.3953
 000150   R  0.376626  0.131431  0.273089    0.1150    0.1671    0.1190    0.0560    0.1515    0.1069    0.4001
 000151   L  0.377844  0.129441  0.273515    0.1878    0.1554    0.1320    0.0580    0.1637    0.1006    0.4062
 000152   W  0.371821  0.132926  0.271673    0.1878    0.1671    0.1490    0.0580    0.1681    0.0950    0.4095
 000153   T  0.381674  0.151130  0.269382    0.1205    0.1759    0.1540    0.0570    0.1638    0.1007    0.3993
 000154   L  0.401635  0.159732  0.267879    0.1240    0.1823    0.1630    0.0550    0.1718    0.1038    0.3884
 000155   T  0.406534  0.194359  0.267276    0.1240    0.1184    0.1680    0.0490    0.1685    0.1092    0.3789
 000156   R  0.400981  0.235549  0.264752    0.1088    0.0967    0.1860    0.0520    0.1714    0.1120    0.3685
 000157   K  0.343822  0.267233  0.264087    0.1088    0.1528    0.2050    0.0640    0.1795    0.0896    0.3572
 000158   T  0.367464  0.300085  0.275389    0.1602    0.2094    0.2010    0.0740    0.2064    0.0833    0.3445
 000159   L  0.451220  0.337718  0.285157    0.1805    0.2094    0.1990    0.0830    0.2297    0.1061    0.3306
 000160   G  0.542517  0.358863  0.295091    0.2531    0.2002    0.1900    0.0730    0.2575    0.1296    0.3145
 000161   G  0.643009  0.390231  0.306996    0.2080    0.1969    0.1870    0.0690    0.2708    0.1686    0.2988
 000162   I  0.720007  0.415380  0.317372    0.2041    0.3117    0.1720    0.0590    0.3039    0.1885    0.2849
 000163   Q  0.729105  0.422282  0.318127    0.2913    0.3249    0.1370    0.0350    0.3173    0.1888    0.2801
 000164   T  0.669091  0.429962  0.321323    0.3225    0.3149    0.1370    0.0490    0.3123    0.1693    0.2786
 000165   D  0.622835  0.434862  0.322436    0.3263    0.4087    0.1690    0.0900    0.3269    0.1477    0.2748
 000166   L  0.667207  0.436687  0.323514    0.3184    0.4330    0.1990    0.1100    0.3424    0.1549    0.2736
 000167   K  0.611648  0.440105  0.325040    0.3263    0.3529    0.1680    0.0810    0.3165    0.1449    0.2741
 000168   G  0.524387  0.453374  0.330354    0.3630    0.3872    0.1740    0.0600    0.3170    0.1220    0.2762
 000169   R  0.448786  0.462005  0.337256    0.2748    0.3774    0.2030    0.0570    0.2943    0.1076    0.2839
 000170   A  0.364530  0.478758  0.341290    0.3939    0.3807    0.2050    0.0400    0.3037    0.0997    0.2893
 000171   L  0.287407  0.501808  0.343441    0.3847    0.2752    0.2160    0.0350    0.2776    0.1079    0.3005
 000172   K  0.290712  0.526069  0.351694    0.3096    0.2436    0.2110    0.0280    0.2636    0.1174    0.3162
 000173   P  0.308162  0.525856  0.359607    0.3225    0.3087    0.2050    0.0220    0.2784    0.1133    0.3317
 000174   L  0.333507  0.530528  0.362987    0.2700    0.2951    0.2210    0.0340    0.2750    0.1153    0.3388
 000175   G  0.338238  0.515622  0.365842    0.2255    0.2988    0.1700    0.0320    0.2581    0.1257    0.3434
 000176   E  0.325121  0.481955  0.360563    0.2122    0.2609    0.1540    0.0300    0.2391    0.1222    0.3530
 000177   P  0.347383  0.463036  0.355920    0.3184    0.3087    0.1500    0.0320    0.2646    0.1100    0.3573
 000178   L  0.375397  0.455070  0.357299    0.2786    0.3117    0.1420    0.0370    0.2605    0.1136    0.3546
 000179   P  0.430588  0.419889  0.358152    0.2385    0.2034    0.1170    0.0340    0.2350    0.1307    0.3488
 000180   G  0.474842  0.422254  0.362281    0.2255    0.2034    0.1140    0.0380    0.2401    0.1418    0.3388
 000181   L  0.482270  0.397555  0.365183    0.1698    0.2328    0.1070    0.0390    0.2316    0.1458    0.3318
 000182   F  0.468939  0.383997  0.367106    0.2432    0.3117    0.0980    0.0310    0.2510    0.1328    0.3182
 000183   A  0.399255  0.424972  0.368498    0.2333    0.2817    0.0920    0.0240    0.2386    0.1295    0.2922
 000184   A  0.328594  0.445540  0.370140    0.1921    0.1501    0.1110    0.0400    0.2046    0.1370    0.2678
 000185   G  0.295982  0.468271  0.367964    0.2292    0.2258    0.1300    0.0500    0.2248    0.1251    0.2540
 000186   E  0.261228  0.473235  0.364325    0.1566    0.2258    0.1190    0.0390    0.2060    0.1354    0.2491
 000187   A  0.215298  0.489606  0.363055    0.1416    0.1323    0.1100    0.0400    0.1814    0.1518    0.2393
 000188   A  0.144418  0.510119  0.361904    0.1117    0.1092    0.1190    0.0430    0.1658    0.1662    0.2315
 000189   G  0.090560  0.503791  0.349135    0.0965    0.1424    0.1300    0.0420    0.1606    0.1651    0.2262
 000190   F  0.054686  0.496182  0.339309    0.0723    0.0719    0.1420    0.0550    0.1395    0.1749    0.2228
 000191   G  0.023260  0.500135  0.330590    0.0542    0.0780    0.1310    0.0630    0.1311    0.1809    0.2184
 000192   G  0.022472  0.468940  0.321229    0.0490    0.1251    0.1270    0.0640    0.1321    0.1674    0.2188
 000193   G  0.021982  0.437375  0.312617    0.0965    0.2193    0.1370    0.0560    0.1520    0.1483    0.2200
 000194   A  0.021909  0.413508  0.311383    0.1117    0.1476    0.1500    0.0490    0.1408    0.1406    0.2291
 000195   F  0.021865  0.396071  0.306678    0.1380    0.1115    0.1470    0.0400    0.1357    0.1358    0.2447
 000196   H  0.021842  0.385944  0.302473    0.0813    0.1092    0.1340    0.0260    0.1220    0.1380    0.2498
 000197   G  0.020551  0.387898  0.299980    0.0414    0.1028    0.1240    0.0350    0.1127    0.1441    0.2430
 000198   Y  0.011353  0.383647  0.296088    0.0502    0.0799    0.1220    0.0400    0.1078    0.1444    0.2404
 000199   K  0.002275  0.374044  0.283924    0.0607    0.0581    0.1020    0.0380    0.0995    0.1426    0.2376
 000200   A  0.000815  0.362682  0.272221    0.0336    0.0294    0.1030    0.0450    0.0883    0.1434    0.2407
 000201   L  0.000109  0.346372  0.264113    0.0387    0.0568    0.0880    0.0410    0.0884    0.1346    0.2497
 000202   E  0.000110  0.326890  0.258281    0.0218    0.0568    0.0600    0.0250    0.0777    0.1320    0.2598
 000203   G  0.000135  0.292074  0.248493    0.0226    0.0327    0.0560    0.0250    0.0673    0.1233    0.2599
 000204   T  0.000138  0.255018  0.244447    0.0226    0.0349    0.0620    0.0300    0.0625    0.1129    0.2627
 000205   F  0.000383  0.240161  0.243657    0.0144    0.0341    0.0640    0.0300    0.0588    0.1104    0.2624
 000206   L  0.000699  0.210991  0.245040    0.0304    0.0543    0.0640    0.0280    0.0600    0.1012    0.2475
 000207   G  0.000911  0.193600  0.249527    0.0226    0.0518    0.0710    0.0320    0.0567    0.1004    0.2304
 000208   G  0.015406  0.179250  0.248430    0.0160    0.0518    0.0850    0.0410    0.0580    0.0960    0.2182
 000209   C  0.026901  0.177962  0.245579    0.0316    0.0618    0.0940    0.0390    0.0654    0.0900    0.2046
 000210   L  0.038329  0.180839  0.247649    0.0327    0.0364    0.1080    0.0400    0.0661    0.0919    0.1935
 000211   F  0.057673  0.179990  0.246099    0.0274    0.0483    0.1290    0.0570    0.0737    0.0886    0.1750
 000212   S  0.093969  0.198707  0.245752    0.0274    0.0817    0.1570    0.0710    0.0932    0.0846    0.1537
 000213   G  0.143561  0.221523  0.247384    0.0259    0.0433    0.2190    0.0970    0.1089    0.0970    0.1325
 000214   L  0.187149  0.235924  0.249590    0.0268    0.0483    0.3100    0.1030    0.1346    0.1125    0.1177
 000215   Q  0.220966  0.249014  0.250041    0.0121    0.0443    0.3390    0.1000    0.1443    0.1249    0.1064
 000216   A  0.272127  0.271657  0.253635    0.0297    0.0734    0.6740    0.0860    0.2202    0.2123    0.0945
 000217   A  0.313498  0.330074  0.259008    0.0677    0.1028    0.6830    0.1130    0.2495    0.2055    0.0886
 000218   K  0.355891  0.390877  0.262603    0.0965    0.0835    0.7510    0.1350    0.2795    0.2281    0.0886
 000219   G  0.396116  0.465556  0.263477    0.1292    0.0646    0.7730    0.1130    0.3047    0.2393    0.0916
 000220   V  0.426588  0.576643  0.265795    0.2531    0.0851    0.7300    0.0930    0.3452    0.2201    0.0976
 000221   L  0.434648  0.645077  0.264816    0.3806    0.1275    0.7380    0.0920    0.3876    0.2137    0.0980
 000222   E  0.485034  0.718320  0.265498    0.5173    0.2258    0.7770    0.0630    0.4539    0.2109    0.1009
 000223   G  0.464911  0.799150  0.269614    0.5583    0.1942    0.8280    0.0570    0.4741    0.2444    0.1031
 000224   L  0.448639  0.853553  0.273724    0.6124    0.1583    0.9050    0.0410    0.4964    0.2812    0.1075
 000225   E  0.399755  0.865514  0.277385    0.7388    0.2575    0.9470    0.0170    0.5348    0.2836    0.1143
