#RESNUM RES     VL-XT     VSL2B       VL3  IUPred-S  IUPred-L  PONDRFIT  FITERROR       MDP  MDPERROR   ANCHOR2
 000001   M  0.925775  0.686212  0.177971    0.2385    0.0004    0.9510    0.0600    0.4670    0.3756    0.0000
 000002   D  0.573387  0.601620  0.179619    0.1456    0.0003    0.9350    0.0280    0.3760    0.3253    0.0000
 000003   A  0.127139  0.517396  0.181289    0.0425    0.0003    0.9030    0.0560    0.2651    0.3206    0.0000
 000004   F  0.025224  0.360375  0.183216    0.0150    0.0002    0.8080    0.0900    0.2015    0.2887    0.0000
 000005   A  0.189273  0.219865  0.185053    0.0052    0.0004    0.6900    0.1650    0.1842    0.2322    0.0000
 000006   D  0.086640  0.124702  0.186822    0.0008    0.0003    0.6330    0.0970    0.1409    0.2187    0.0000
 000007   W  0.023049  0.056992  0.188054    0.0006    0.0003    0.4220    0.1310    0.0838    0.1546    0.0000
 000008   F  0.009015  0.022168  0.189027    0.0003    0.0002    0.4540    0.1740    0.0809    0.1695    0.0000
 000009   F  0.006304  0.010616  0.188882    0.0001    0.0004    0.3570    0.1330    0.0624    0.1393    0.0000
 000010   V  0.004379  0.006813  0.188765    0.0001    0.0003    0.3080    0.1430    0.0532    0.1247    0.0000
 000011   A  0.001606  0.005973  0.188962    0.0001    0.0003    0.7150    0.1820    0.1205    0.2627    0.0000
 000012   F  0.001168  0.005063  0.188895    0.0001    0.0005    0.4870    0.1940    0.0823    0.1832    0.0000
 000013   W  0.000934  0.005303  0.188019    0.0001    0.0002    0.2530    0.1240    0.0432    0.1094    0.0000
 000014   V  0.000694  0.006893  0.187875    0.0001    0.0001    0.1860    0.0800    0.0323    0.0927    0.0000
 000015   L  0.000479  0.008401  0.187746    0.0001    0.0004    0.2080    0.0640    0.0362    0.0975    0.0000
 000016   G  0.000384  0.009848  0.187330    0.0001    0.0004    0.1470    0.0430    0.0263    0.0845    0.0000
 000017   V  0.000315  0.012520  0.188853    0.0001    0.0004    0.1220    0.0320    0.0225    0.0807    0.0000
 000018   L  0.000239  0.015819  0.190107    0.0001    0.0004    0.1160    0.0280    0.0222    0.0802    0.0000
 000019   L  0.000108  0.022027  0.189163    0.0001    0.0006    0.1130    0.0260    0.0227    0.0790    0.0000
 000020   T  0.000153  0.029779  0.189492    0.0001    0.0007    0.1120    0.0250    0.0238    0.0785    0.0000
 000021   L  0.000207  0.039164  0.188894    0.0001    0.0006    0.1120    0.0240    0.0254    0.0778    0.0000
 000022   L  0.000261  0.043493  0.188230    0.0001    0.0003    0.1150    0.0260    0.0265    0.0778    0.0000
 000023   P  0.000293  0.047089  0.187583    0.0001    0.0008    0.1090    0.0240    0.0263    0.0768    0.0000
 000024   F  0.000314  0.046533  0.187055    0.0001    0.0010    0.1220    0.0270    0.0283    0.0781    0.0000
 000025   V  0.000442  0.045403  0.186323    0.0001    0.0009    0.1240    0.0260    0.0285    0.0782    0.0000
 000026   P  0.000572  0.040251  0.185754    0.0001    0.0011    0.1190    0.0280    0.0269    0.0775    0.0000
 000027   A  0.000656  0.037921  0.183649    0.0001    0.0011    0.1240    0.0280    0.0273    0.0775    0.0000
 000028   T  0.000759  0.034641  0.181713    0.0001    0.0016    0.1130    0.0310    0.0250    0.0754    0.0000
 000029   L  0.000916  0.031546  0.181150    0.0001    0.0017    0.1070    0.0340    0.0236    0.0747    0.0000
 000030   V  0.000911  0.029794  0.179644    0.0002    0.0017    0.0980    0.0310    0.0218    0.0732    0.0000
 000031   I  0.001045  0.030634  0.177888    0.0001    0.0012    0.0940    0.0240    0.0212    0.0721    0.0000
 000032   L  0.007221  0.031888  0.175787    0.0001    0.0018    0.0930    0.0220    0.0223    0.0704    0.0000
 000033   F  0.009378  0.033653  0.173574    0.0001    0.0017    0.0860    0.0210    0.0219    0.0687    0.0000
 000034   G  0.012240  0.036467  0.171546    0.0001    0.0015    0.0690    0.0220    0.0199    0.0664    0.0000
 000035   A  0.013938  0.036247  0.169081    0.0001    0.0026    0.0640    0.0210    0.0195    0.0650    0.0000
 000036   L  0.017274  0.038028  0.166749    0.0002    0.0025    0.0620    0.0200    0.0200    0.0637    0.0000
 000037   V  0.021663  0.048773  0.163065    0.0002    0.0022    0.0580    0.0180    0.0218    0.0617    0.0000
 000038   H  0.021645  0.057273  0.158807    0.0001    0.0017    0.0520    0.0160    0.0222    0.0602    0.0000
 000039   E  0.021779  0.074746  0.154269    0.0001    0.0016    0.0490    0.0150    0.0246    0.0593    0.0000
 000040   L  0.022011  0.090100  0.150411    0.0001    0.0025    0.0570    0.0160    0.0286    0.0591    0.0000
 000041   L  0.016019  0.110146  0.146026    0.0002    0.0024    0.0690    0.0210    0.0330    0.0610    0.0001
 000042   V  0.014083  0.128983  0.140750    0.0004    0.0025    0.0780    0.0270    0.0373    0.0631    0.0001
 000043   G  0.011489  0.145268  0.135838    0.0004    0.0035    0.0820    0.0310    0.0405    0.0654    0.0001
 000044   F  0.009986  0.145404  0.131873    0.0005    0.0039    0.1030    0.0360    0.0438    0.0661    0.0002
 000045   R  0.007153  0.147901  0.127387    0.0004    0.0038    0.0900    0.0340    0.0416    0.0650    0.0002
 000046   E  0.002705  0.141563  0.123839    0.0003    0.0038    0.0770    0.0280    0.0376    0.0627    0.0003
 000047   L  0.002582  0.134096  0.120820    0.0006    0.0038    0.0820    0.0300    0.0372    0.0606    0.0003
 000048   S  0.002481  0.132321  0.118001    0.0008    0.0044    0.0670    0.0210    0.0344    0.0587    0.0003
 000049   L  0.002164  0.124289  0.114652    0.0005    0.0032    0.0580    0.0170    0.0314    0.0561    0.0003
 000050   G  0.002007  0.122578  0.112330    0.0004    0.0020    0.0470    0.0140    0.0289    0.0552    0.0004
 000051   T  0.002001  0.118501  0.109588    0.0004    0.0025    0.0430    0.0120    0.0277    0.0536    0.0004
 000052   W  0.001751  0.108299  0.107880    0.0005    0.0030    0.0440    0.0120    0.0262    0.0509    0.0004
 000053   L  0.001744  0.097633  0.104788    0.0007    0.0027    0.0410    0.0120    0.0240    0.0479    0.0003
 000054   G  0.001623  0.095357  0.101807    0.0005    0.0018    0.0370    0.0120    0.0227    0.0467    0.0002
 000055   L  0.001834  0.086533  0.099050    0.0006    0.0032    0.0370    0.0110    0.0215    0.0440    0.0002
 000056   G  0.002443  0.077303  0.096293    0.0003    0.0034    0.0360    0.0100    0.0200    0.0415    0.0001
 000057   A  0.002579  0.069471  0.093457    0.0003    0.0023    0.0360    0.0100    0.0184    0.0395    0.0001
 000058   L  0.002608  0.064952  0.091821    0.0006    0.0028    0.0360    0.0100    0.0179    0.0383    0.0001
 000059   A  0.003874  0.061202  0.090652    0.0004    0.0025    0.0360    0.0110    0.0174    0.0373    0.0001
 000060   L  0.007038  0.058605  0.088504    0.0006    0.0025    0.0380    0.0110    0.0177    0.0359    0.0001
 000061   L  0.007920  0.066091  0.086131    0.0005    0.0018    0.0380    0.0120    0.0191    0.0361    0.0001
 000062   A  0.010027  0.072858  0.083249    0.0003    0.0017    0.0390    0.0130    0.0206    0.0362    0.0000
 000063   M  0.011769  0.072893  0.080612    0.0003    0.0022    0.0430    0.0150    0.0217    0.0353    0.0000
 000064   L  0.014163  0.083664  0.077792    0.0006    0.0031    0.0470    0.0190    0.0248    0.0364    0.0000
 000065   L  0.019161  0.093456  0.074479    0.0004    0.0031    0.0510    0.0230    0.0279    0.0376    0.0001
 000066   D  0.025750  0.099666  0.071570    0.0008    0.0030    0.0590    0.0270    0.0314    0.0384    0.0001
 000067   N  0.046717  0.114536  0.068475    0.0008    0.0030    0.0700    0.0270    0.0392    0.0415    0.0001
 000068   V  0.078138  0.121759  0.066485    0.0005    0.0029    0.0770    0.0280    0.0467    0.0447    0.0001
 000069   A  0.110921  0.122619  0.065356    0.0009    0.0042    0.0900    0.0270    0.0547    0.0493    0.0001
 000070   A  0.132616  0.130873  0.064622    0.0008    0.0047    0.1050    0.0330    0.0623    0.0556    0.0001
 000071   L  0.138259  0.153674  0.064121    0.0026    0.0059    0.1410    0.0480    0.0735    0.0643    0.0001
 000072   V  0.154115  0.175493  0.064059    0.0062    0.0086    0.1820    0.0670    0.0878    0.0758    0.0001
 000073   G  0.177601  0.211369  0.064948    0.0055    0.0067    0.1900    0.0610    0.0986    0.0872    0.0001
 000074   A  0.172771  0.269869  0.065766    0.0075    0.0059    0.2080    0.0500    0.1106    0.1019    0.0002
 000075   R  0.166673  0.307165  0.066372    0.0069    0.0086    0.2280    0.0480    0.1195    0.1133    0.0002
 000076   R  0.146360  0.304191  0.066581    0.0078    0.0113    0.2440    0.0420    0.1190    0.1136    0.0003
 000077   Y  0.114474  0.316942  0.065847    0.0070    0.0064    0.2590    0.0360    0.1173    0.1205    0.0003
 000078   G  0.079313  0.337588  0.065012    0.0044    0.0042    0.2540    0.0380    0.1133    0.1274    0.0004
 000079   A  0.057436  0.306989  0.063464    0.0029    0.0056    0.2360    0.0390    0.1016    0.1174    0.0005
 000080   G  0.050218  0.276166  0.062342    0.0010    0.0064    0.2040    0.0410    0.0896    0.1040    0.0006
 000081   R  0.032717  0.270622  0.062755    0.0021    0.0056    0.1540    0.0310    0.0775    0.0968    0.0008
 000082   A  0.006644  0.235047  0.064042    0.0055    0.0056    0.1110    0.0250    0.0607    0.0836    0.0008
 000083   G  0.005824  0.178012  0.064940    0.0049    0.0074    0.0880    0.0280    0.0474    0.0635    0.0009
 000084   L  0.005161  0.145164  0.066075    0.0012    0.0052    0.0720    0.0240    0.0381    0.0531    0.0008
 000085   W  0.004419  0.127386  0.066238    0.0026    0.0038    0.0600    0.0150    0.0330    0.0471    0.0008
 000086   G  0.003587  0.105878  0.066510    0.0008    0.0025    0.0480    0.0110    0.0268    0.0410    0.0007
 000087   A  0.002593  0.086487  0.068085    0.0004    0.0025    0.0460    0.0120    0.0231    0.0364    0.0006
 000088   F  0.001741  0.072197  0.069796    0.0004    0.0027    0.0460    0.0130    0.0206    0.0338    0.0005
 000089   L  0.000885  0.064037  0.070715    0.0004    0.0021    0.0460    0.0180    0.0189    0.0327    0.0004
 000090   G  0.000316  0.051398  0.070979    0.0004    0.0024    0.0490    0.0210    0.0172    0.0312    0.0004
 000091   G  0.000249  0.048373  0.070737    0.0002    0.0017    0.0530    0.0200    0.0173    0.0315    0.0004
 000092   V  0.000275  0.048433  0.071191    0.0002    0.0012    0.0560    0.0160    0.0178    0.0321    0.0003
 000093   L  0.000253  0.046560  0.072325    0.0002    0.0009    0.0630    0.0140    0.0185    0.0332    0.0003
 000094   G  0.000231  0.044737  0.073903    0.0001    0.0005    0.0660    0.0150    0.0187    0.0342    0.0002
 000095   L  0.000216  0.045353  0.075215    0.0001    0.0011    0.0730    0.0170    0.0199    0.0356    0.0002
 000096   F  0.000207  0.041437  0.076697    0.0001    0.0009    0.0790    0.0180    0.0203    0.0372    0.0002
 000097   F  0.000199  0.036707  0.078296    0.0001    0.0005    0.0800    0.0220    0.0196    0.0377    0.0002
 000098   G  0.000191  0.034171  0.079883    0.0001    0.0004    0.0720    0.0210    0.0179    0.0365    0.0002
 000099   V  0.000184  0.032075  0.081294    0.0001    0.0006    0.0690    0.0240    0.0170    0.0363    0.0002
 000100   V  0.000177  0.027625  0.083034    0.0001    0.0007    0.0690    0.0230    0.0162    0.0368    0.0002
 000101   G  0.000136  0.024798  0.084928    0.0001    0.0004    0.0660    0.0220    0.0152    0.0370    0.0002
 000102   V  0.000109  0.021968  0.086153    0.0001    0.0002    0.0620    0.0230    0.0141    0.0369    0.0002
 000103   L  0.000088  0.020089  0.086827    0.0001    0.0003    0.0600    0.0230    0.0135    0.0368    0.0003
 000104   V  0.000066  0.017004  0.087448    0.0001    0.0003    0.0570    0.0250    0.0125    0.0368    0.0003
 000105   L  0.000053  0.015597  0.087994    0.0001    0.0002    0.0550    0.0240    0.0118    0.0367    0.0003
 000106   P  0.000158  0.013811  0.088531    0.0001    0.0003    0.0480    0.0210    0.0103    0.0361    0.0004
 000107   F  0.000368  0.012664  0.089066    0.0001    0.0007    0.0550    0.0250    0.0115    0.0372    0.0004
 000108   L  0.002888  0.012799  0.089600    0.0001    0.0013    0.0600    0.0290    0.0129    0.0377    0.0004
 000109   L  0.012631  0.013625  0.090002    0.0001    0.0013    0.0700    0.0360    0.0163    0.0384    0.0004
 000110   A  0.024401  0.016221  0.090198    0.0002    0.0020    0.0820    0.0460    0.0208    0.0395    0.0005
 000111   W  0.035361  0.022660  0.089864    0.0003    0.0029    0.0980    0.0530    0.0266    0.0418    0.0006
 000112   L  0.049741  0.032989  0.088451    0.0003    0.0032    0.0960    0.0470    0.0303    0.0402    0.0007
 000113   F  0.062768  0.050561  0.086268    0.0005    0.0036    0.0960    0.0440    0.0356    0.0397    0.0009
 000114   E  0.081523  0.082373  0.084618    0.0009    0.0037    0.1100    0.0400    0.0464    0.0445    0.0012
 000115   Y  0.092927  0.130187  0.083492    0.0013    0.0048    0.1820    0.0700    0.0685    0.0659    0.0014
 000116   L  0.106260  0.176814  0.082915    0.0018    0.0060    0.2220    0.0800    0.0854    0.0823    0.0017
 000117   S  0.117241  0.264646  0.082443    0.0010    0.0047    0.2290    0.0630    0.1027    0.1022    0.0021
 000118   G  0.129070  0.365753  0.080686    0.0029    0.0053    0.2570    0.0640    0.1267    0.1331    0.0026
 000119   R  0.139834  0.472580  0.079333    0.0055    0.0076    0.3180    0.0590    0.1573    0.1718    0.0031
 000120   R  0.178044  0.523846  0.079110    0.0066    0.0133    0.3830    0.0520    0.1842    0.1944    0.0035
 000121   P  0.186509  0.587479  0.080569    0.0083    0.0097    0.3850    0.0450    0.1962    0.2131    0.0039
 000122   E  0.197517  0.604830  0.082401    0.0182    0.0105    0.3600    0.0480    0.1985    0.2131    0.0036
 000123   E  0.211457  0.555986  0.083120    0.0194    0.0188    0.3370    0.0520    0.1904    0.1940    0.0031
 000124   A  0.229633  0.459512  0.083648    0.0274    0.0227    0.3100    0.0790    0.1749    0.1610    0.0024
 000125   L  0.240060  0.390343  0.082606    0.0231    0.0143    0.2640    0.0880    0.1552    0.1395    0.0017
 000126   R  0.246322  0.297786  0.081845    0.0245    0.0275    0.1920    0.0740    0.1313    0.1074    0.0014
 000127   A  0.243134  0.203941  0.081473    0.0395    0.0581    0.1080    0.0290    0.1087    0.0766    0.0012
 000128   A  0.225231  0.153172  0.081127    0.0395    0.0327    0.0640    0.0200    0.0857    0.0701    0.0009
 000129   W  0.178256  0.128037  0.081524    0.0395    0.0194    0.0600    0.0160    0.0709    0.0558    0.0008
 000130   G  0.165846  0.105338  0.082198    0.0252    0.0153    0.0580    0.0140    0.0615    0.0528    0.0006
 000131   T  0.148392  0.097320  0.082537    0.0141    0.0163    0.0600    0.0190    0.0561    0.0488    0.0005
 000132   L  0.121742  0.097086  0.082460    0.0084    0.0092    0.0610    0.0230    0.0496    0.0447    0.0004
 000133   V  0.100679  0.093879  0.082876    0.0083    0.0059    0.0610    0.0200    0.0450    0.0409    0.0003
 000134   G  0.085332  0.088522  0.083837    0.0040    0.0042    0.0680    0.0200    0.0417    0.0396    0.0003
 000135   L  0.074812  0.098749  0.085112    0.0026    0.0048    0.0960    0.0370    0.0462    0.0432    0.0003
 000136   M  0.100397  0.104170  0.086443    0.0031    0.0048    0.1060    0.0400    0.0532    0.0477    0.0003
 000137   G  0.122240  0.109861  0.088302    0.0034    0.0042    0.1130    0.0430    0.0587    0.0524    0.0003
 000138   G  0.132961  0.116062  0.090464    0.0013    0.0040    0.1180    0.0420    0.0621    0.0562    0.0003
 000139   V  0.139988  0.128207  0.092847    0.0012    0.0046    0.1160    0.0390    0.0650    0.0588    0.0002
 000140   V  0.146322  0.126287  0.095607    0.0026    0.0048    0.1190    0.0370    0.0665    0.0598    0.0002
 000141   A  0.155322  0.129962  0.098324    0.0024    0.0036    0.1240    0.0350    0.0692    0.0629    0.0002
 000142   K  0.163242  0.124271  0.101045    0.0008    0.0025    0.1330    0.0370    0.0706    0.0655    0.0002
 000143   V  0.168632  0.112274  0.104210    0.0007    0.0025    0.1460    0.0460    0.0717    0.0677    0.0002
 000144   L  0.172080  0.093620  0.106340    0.0007    0.0034    0.1570    0.0540    0.0712    0.0694    0.0002
 000145   V  0.154032  0.078829  0.108115    0.0004    0.0029    0.1620    0.0630    0.0664    0.0673    0.0003
 000146   H  0.152865  0.065306  0.110042    0.0007    0.0027    0.1720    0.0710    0.0657    0.0697    0.0003
 000147   L  0.167032  0.058407  0.112468    0.0007    0.0022    0.2030    0.0750    0.0719    0.0796    0.0003
 000148   A  0.181640  0.053717  0.114664    0.0003    0.0022    0.2040    0.0720    0.0737    0.0830    0.0004
 000149   M  0.195865  0.049879  0.117014    0.0002    0.0017    0.2990    0.1100    0.0911    0.1101    0.0004
 000150   G  0.204847  0.052234  0.118574    0.0003    0.0018    0.3700    0.1010    0.1049    0.1323    0.0005
 000151   V  0.214912  0.059842  0.118397    0.0006    0.0020    0.4290    0.1670    0.1178    0.1511    0.0005
 000152   L  0.223171  0.068525  0.115834    0.0008    0.0018    0.4870    0.1660    0.1303    0.1700    0.0005
 000153   V  0.234570  0.098805  0.114190    0.0010    0.0013    0.5180    0.1690    0.1423    0.1790    0.0005
 000154   L  0.222335  0.144019  0.114207    0.0044    0.0014    0.5180    0.1750    0.1484    0.1760    0.0005
 000155   R  0.239554  0.196601  0.114540    0.0131    0.0017    0.5980    0.1640    0.1748    0.2014    0.0006
 000156   A  0.200523  0.243837  0.116915    0.0376    0.0019    0.6700    0.1270    0.1923    0.2224    0.0006
 000157   I  0.216834  0.278407  0.119848    0.0490    0.0013    0.5940    0.0840    0.1899    0.1967    0.0005
 000158   F  0.123235  0.306903  0.122432    0.1416    0.0016    0.6070    0.1280    0.1967    0.1968    0.0006
