#RESNUM RES     VL-XT     VSL2B       VL3  IUPred-S  IUPred-L  PONDRFIT  FITERROR       MDP  MDPERROR   ANCHOR2
 000001   M  0.953687  0.766833  0.181129    0.8650    0.2094    0.9910    0.0080    0.6309    0.3383    0.1158
 000002   L  0.925462  0.811500  0.175293    0.7317    0.2541    0.9810    0.0160    0.6173    0.3177    0.1091
 000003   G  0.907361  0.850455  0.170221    0.5846    0.1702    0.9760    0.0210    0.5815    0.3348    0.1094
 000004   H  0.882811  0.799072  0.164321    0.5412    0.0870    0.9780    0.0140    0.5480    0.3464    0.1093
 000005   R  0.830998  0.738727  0.158840    0.3885    0.0646    0.9790    0.0170    0.5003    0.3450    0.1106
 000006   G  0.765533  0.650565  0.155747    0.2385    0.1115    0.9530    0.0430    0.4531    0.3259    0.1110
 000007   T  0.675827  0.522937  0.153217    0.1266    0.0618    0.9070    0.0630    0.3824    0.3167    0.1132
 000008   G  0.591389  0.416776  0.154144    0.1266    0.0443    0.8890    0.0610    0.3447    0.2990    0.1134
 000009   A  0.503079  0.298770  0.154417    0.0490    0.0269    0.8280    0.0730    0.2842    0.2834    0.1146
 000010   R  0.414875  0.202999  0.154571    0.0194    0.0287    0.7030    0.0950    0.2282    0.2415    0.1225
 000011   L  0.325552  0.153584  0.151756    0.0070    0.0227    0.7040    0.1130    0.2021    0.2388    0.1313
 000012   L  0.248855  0.116266  0.148893    0.0082    0.0306    0.5490    0.0680    0.1588    0.1831    0.1434
 000013   R  0.165510  0.080495  0.146492    0.0087    0.0306    0.4180    0.0480    0.1172    0.1379    0.1636
 000014   L  0.088972  0.061146  0.143909    0.0094    0.0253    0.3290    0.0560    0.0856    0.1099    0.1801
 000015   F  0.048858  0.055210  0.141255    0.0055    0.0263    0.2750    0.0740    0.0684    0.0950    0.1992
 000016   V  0.036033  0.045205  0.138773    0.0035    0.0218    0.1710    0.0320    0.0462    0.0666    0.2143
 000017   P  0.019759  0.043660  0.133994    0.0037    0.0231    0.1030    0.0250    0.0321    0.0525    0.2341
 000018   F  0.010094  0.044265  0.129652    0.0026    0.0218    0.0880    0.0280    0.0278    0.0504    0.2402
 000019   L  0.001818  0.043612  0.124861    0.0027    0.0138    0.0880    0.0290    0.0250    0.0508    0.2448
 000020   F  0.001477  0.046283  0.120854    0.0038    0.0163    0.0790    0.0260    0.0245    0.0480    0.2438
 000021   A  0.001556  0.058615  0.117720    0.0012    0.0115    0.0660    0.0260    0.0232    0.0468    0.2326
 000022   L  0.001481  0.073147  0.115380    0.0040    0.0107    0.0650    0.0250    0.0256    0.0467    0.2195
 000023   T  0.001413  0.084882  0.113131    0.0055    0.0163    0.0720    0.0280    0.0301    0.0471    0.2055
 000024   L  0.001073  0.095870  0.111374    0.0022    0.0168    0.0830    0.0300    0.0332    0.0497    0.1880
 000025   A  0.000890  0.113052  0.107646    0.0059    0.0141    0.0960    0.0320    0.0384    0.0529    0.1756
 000026   Q  0.000958  0.137702  0.107139    0.0121    0.0253    0.0980    0.0330    0.0458    0.0556    0.1654
 000027   A  0.003252  0.137569  0.104990    0.0116    0.0313    0.1020    0.0340    0.0477    0.0546    0.1594
 000028   Q  0.005957  0.143866  0.104115    0.0084    0.0269    0.0900    0.0280    0.0458    0.0552    0.1517
 000029   R  0.028913  0.149581  0.104196    0.0137    0.0581    0.0860    0.0250    0.0561    0.0492    0.1477
 000030   L  0.051988  0.152950  0.104995    0.0297    0.0948    0.0950    0.0280    0.0707    0.0431    0.1464
 000031   G  0.087732  0.147174  0.107571    0.0567    0.1731    0.0870    0.0220    0.0920    0.0431    0.1486
 000032   V  0.116288  0.160301  0.110560    0.0723    0.1942    0.0960    0.0340    0.1065    0.0447    0.1519
 000033   I  0.143319  0.179821  0.113086    0.1322    0.2470    0.1270    0.0520    0.1383    0.0490    0.1561
 000034   G  0.170283  0.201540  0.113057    0.1322    0.2470    0.1440    0.0670    0.1491    0.0490    0.1635
 000035   D  0.187249  0.219155  0.111693    0.1844    0.2609    0.1670    0.0800    0.1698    0.0494    0.1724
 000036   W  0.186604  0.255420  0.110899    0.2292    0.2609    0.1890    0.0990    0.1869    0.0544    0.1795
 000037   G  0.200922  0.275728  0.109583    0.1635    0.2193    0.1710    0.0970    0.1717    0.0546    0.1817
 000038   A  0.227178  0.297552  0.109283    0.1698    0.1731    0.2160    0.1000    0.1806    0.0611    0.1833
 000039   D  0.265851  0.342236  0.111503    0.1416    0.1048    0.2230    0.0810    0.1796    0.0889    0.1855
 000040   T  0.290936  0.368534  0.111616    0.0991    0.1048    0.2220    0.0700    0.1809    0.1051    0.1875
 000041   R  0.321754  0.345277  0.111281    0.1205    0.1671    0.1830    0.0450    0.1896    0.0941    0.1874
 000042   G  0.321202  0.354018  0.119725    0.1205    0.1791    0.1360    0.0310    0.1851    0.0983    0.1863
 000043   R  0.352365  0.348376  0.127558    0.1878    0.2503    0.1060    0.0270    0.2075    0.0998    0.1884
 000044   A  0.402730  0.311388  0.132333    0.3005    0.3149    0.0960    0.0230    0.2376    0.1108    0.1934
 000045   Q  0.459026  0.302453  0.137206    0.3005    0.3215    0.1040    0.0320    0.2479    0.1216    0.1944
 000046   V  0.493831  0.313404  0.143340    0.2558    0.3117    0.1270    0.0420    0.2503    0.1250    0.1968
 000047   A  0.497010  0.306236  0.145782    0.3630    0.4619    0.1760    0.0750    0.3007    0.1342    0.2012
 000048   A  0.463822  0.323611  0.146532    0.3630    0.3740    0.2160    0.0830    0.2901    0.1078    0.2093
 000049   L  0.417094  0.365095  0.147248    0.4379    0.4149    0.2460    0.0970    0.3134    0.1091    0.2192
 000050   L  0.371874  0.403121  0.150777    0.3491    0.3740    0.2650    0.1160    0.2938    0.0902    0.2305
 000051   R  0.359563  0.426247  0.152190    0.3491    0.2817    0.2650    0.1220    0.2802    0.0904    0.2439
 000052   K  0.316352  0.466305  0.156137    0.3184    0.2034    0.2440    0.0890    0.2581    0.1032    0.2636
 000053   E  0.280605  0.483801  0.158895    0.2483    0.2094    0.2170    0.0560    0.2398    0.1075    0.2872
 000054   H  0.253643  0.471603  0.160443    0.1844    0.1852    0.2170    0.0430    0.2186    0.1087    0.3090
 000055   A  0.209267  0.451440  0.164690    0.2167    0.2129    0.2030    0.0330    0.2156    0.0987    0.3276
 000056   Q  0.167528  0.463455  0.169179    0.1805    0.2129    0.1640    0.0330    0.1981    0.1109    0.3492
 000057   S  0.165906  0.433205  0.167582    0.2483    0.2988    0.1310    0.0350    0.2129    0.1066    0.3729
 000058   P  0.178901  0.418531  0.167496    0.2963    0.2164    0.1170    0.0280    0.2046    0.1032    0.3940
 000059   L  0.200922  0.410594  0.165719    0.3359    0.1611    0.1200    0.0290    0.2047    0.1082    0.4141
 000060   T  0.198237  0.354819  0.163942    0.3096    0.2715    0.1080    0.0280    0.2069    0.0898    0.4323
 000061   A  0.197482  0.295197  0.162606    0.3005    0.3529    0.1070    0.0320    0.2089    0.0905    0.4118
 000062   L  0.176687  0.262135  0.159565    0.3263    0.3566    0.1120    0.0450    0.2056    0.0933    0.3952
 000063   L  0.167832  0.230421  0.160873    0.3225    0.3529    0.1080    0.0390    0.1969    0.0924    0.3874
 000064   T  0.179924  0.214657  0.160406    0.3146    0.2715    0.0970    0.0290    0.1796    0.0765    0.3869
 000065   A  0.179916  0.237627  0.162428    0.3146    0.2002    0.0980    0.0350    0.1717    0.0721    0.3851
 000066   G  0.163475  0.251902  0.168926    0.2865    0.2436    0.0910    0.0370    0.1728    0.0718    0.3811
 000067   D  0.147485  0.243660  0.174963    0.2122    0.2034    0.0960    0.0470    0.1505    0.0560    0.3799
 000068   N  0.120198  0.247416  0.182095    0.2333    0.1323    0.0860    0.0280    0.1365    0.0666    0.3814
 000069   F  0.117617  0.255916  0.188010    0.1732    0.0662    0.0790    0.0180    0.1153    0.0732    0.3801
 000070   Y  0.117443  0.244332  0.191919    0.1844    0.1184    0.0790    0.0210    0.1239    0.0645    0.3830
 000071   P  0.124202  0.239257  0.200777    0.1240    0.1184    0.0790    0.0240    0.1141    0.0641    0.3901
 000072   R  0.117839  0.240515  0.205923    0.1602    0.0851    0.0830    0.0300    0.1144    0.0687    0.3997
 000073   G  0.117089  0.232307  0.204132    0.2385    0.1643    0.0790    0.0290    0.1385    0.0680    0.4052
 000074   R  0.127004  0.204878  0.201359    0.2209    0.2752    0.0730    0.0210    0.1502    0.0739    0.4061
 000075   V  0.122213  0.202200  0.207046    0.2483    0.1969    0.0660    0.0170    0.1392    0.0701    0.4010
 000076   V  0.176887  0.214245  0.217441    0.3146    0.2609    0.0630    0.0130    0.1716    0.0858    0.4007
 000077   E  0.257363  0.217320  0.226811    0.2385    0.1791    0.0630    0.0110    0.1592    0.0747    0.4020
 000078   A  0.269239  0.226738  0.237509    0.2531    0.1028    0.0710    0.0110    0.1538    0.0866    0.3997
 000079   Y  0.284533  0.241414  0.246173    0.1766    0.1137    0.0850    0.0200    0.1502    0.0835    0.3963
 000080   L  0.293564  0.247625  0.255356    0.1998    0.1759    0.0940    0.0330    0.1684    0.0776    0.3976
 000081   Q  0.288862  0.258807  0.262550    0.3053    0.1528    0.1120    0.0400    0.1863    0.0841    0.4024
 000082   D  0.282070  0.282971  0.275218    0.2531    0.1298    0.1440    0.0550    0.1821    0.0796    0.4041
 000083   L  0.277617  0.286605  0.279082    0.1667    0.1424    0.1590    0.0640    0.1720    0.0783    0.4062
 000084   P  0.287565  0.278025  0.285098    0.1698    0.1476    0.1400    0.0420    0.1705    0.0815    0.4126
 000085   P  0.237067  0.289646  0.296278    0.1732    0.1528    0.1360    0.0430    0.1647    0.0808    0.4195
 000086   V  0.173755  0.285938  0.303936    0.2292    0.1852    0.1400    0.0460    0.1691    0.0781    0.4283
 000087   P  0.225525  0.282230  0.312136    0.3096    0.2849    0.1240    0.0460    0.2044    0.0837    0.4299
 000088   L  0.267283  0.283315  0.321705    0.2558    0.2884    0.1110    0.0390    0.2010    0.0860    0.4300
 000089   Y  0.313996  0.301605  0.328967    0.3146    0.2328    0.0930    0.0310    0.2093    0.0991    0.4324
 000090   P  0.376285  0.325765  0.333695    0.3885    0.3356    0.0810    0.0250    0.2512    0.1175    0.4251
 000091   A  0.410237  0.330102  0.335503    0.3762    0.3910    0.0820    0.0210    0.2649    0.1239    0.4180
 000092   F  0.416309  0.355030  0.334884    0.3668    0.3910    0.0940    0.0230    0.2706    0.1207    0.4135
 000093   G  0.413951  0.375009  0.332854    0.3146    0.2988    0.1220    0.0440    0.2540    0.1078    0.4049
 000094   N  0.410593  0.392074  0.329764    0.4245    0.3807    0.1360    0.0370    0.2906    0.1127    0.3990
 000095   H  0.396454  0.417233  0.331706    0.3005    0.3460    0.1480    0.0330    0.2680    0.1037    0.3922
 000096   D  0.348525  0.446692  0.332271    0.2602    0.1969    0.1390    0.0400    0.2319    0.1158    0.3798
 000097   A  0.294205  0.468232  0.330378    0.3263    0.2680    0.1390    0.0390    0.2492    0.1119    0.3653
 000098   P  0.238873  0.491554  0.332958    0.1998    0.1554    0.1110    0.0300    0.1995    0.1381    0.3489
 000099   N  0.191070  0.486513  0.331567    0.2748    0.2470    0.0960    0.0240    0.2159    0.1329    0.3338
 000100   L  0.166465  0.459027  0.330383    0.2558    0.3356    0.0910    0.0250    0.2181    0.1321    0.3209
 000101   E  0.163470  0.423317  0.328844    0.2432    0.3356    0.0820    0.0220    0.2080    0.1267    0.3074
 000102   A  0.169734  0.398101  0.324497    0.2602    0.3740    0.0860    0.0210    0.2147    0.1236    0.2975
 000103   Q  0.185315  0.369840  0.319658    0.3885    0.4017    0.0830    0.0230    0.2381    0.1292    0.2933
 000104   L  0.196418  0.343597  0.313862    0.3806    0.3983    0.0880    0.0280    0.2345    0.1220    0.2915
 000105   R  0.194549  0.324615  0.311564    0.2865    0.3117    0.1080    0.0420    0.2043    0.0946    0.2846
 000106   R  0.200601  0.336689  0.304795    0.2786    0.3053    0.1170    0.0400    0.2063    0.0911    0.2811
 000107   F  0.205354  0.335956  0.292473    0.1878    0.1852    0.1240    0.0400    0.1731    0.0862    0.2822
 000108   G  0.202578  0.350878  0.279614    0.2080    0.2129    0.1310    0.0420    0.1842    0.0831    0.2837
 000109   L  0.203804  0.347738  0.269118    0.1117    0.1852    0.1260    0.0310    0.1624    0.0930    0.2837
 000110   E  0.204811  0.355935  0.262243    0.1117    0.1115    0.1070    0.0320    0.1484    0.1030    0.2818
 000111   R  0.205401  0.339306  0.253469    0.1805    0.1881    0.1150    0.0370    0.1714    0.0812    0.2813
 000112   P  0.192468  0.318272  0.242908    0.1041    0.1251    0.0900    0.0290    0.1383    0.0912    0.2829
 000113   H  0.176536  0.292148  0.229819    0.1292    0.0799    0.0740    0.0220    0.1254    0.0876    0.2816
 000114   Y  0.164134  0.267442  0.222676    0.0744    0.0494    0.0660    0.0260    0.1035    0.0912    0.2741
 000115   R  0.154201  0.233339  0.213964    0.0744    0.0518    0.0540    0.0250    0.0946    0.0826    0.2667
 000116   V  0.146846  0.204493  0.201389    0.0502    0.0306    0.0500    0.0230    0.0804    0.0804    0.2665
 000117   R  0.134241  0.192344  0.187275    0.0308    0.0327    0.0490    0.0230    0.0733    0.0763    0.2693
 000118   F  0.116689  0.163716  0.171429    0.0336    0.0765    0.0500    0.0230    0.0735    0.0602    0.2734
 000119   G  0.104059  0.145274  0.157713    0.0350    0.0765    0.0440    0.0180    0.0675    0.0535    0.2796
 000120   G  0.092646  0.130971  0.146605    0.0607    0.1349    0.0380    0.0130    0.0762    0.0472    0.2873
 000121   L  0.091384  0.113194  0.138916    0.0554    0.0780    0.0360    0.0100    0.0624    0.0414    0.2954
 000122   E  0.097600  0.101407  0.135248    0.0607    0.0780    0.0340    0.0090    0.0620    0.0392    0.3024
 000123   V  0.101228  0.092704  0.132119    0.0274    0.0543    0.0340    0.0090    0.0516    0.0438    0.3076
 000124   F  0.094219  0.092107  0.132208    0.0259    0.0568    0.0360    0.0110    0.0509    0.0429    0.3171
 000125   V  0.085782  0.090475  0.129713    0.0376    0.0985    0.0400    0.0110    0.0588    0.0390    0.3276
 000126   L  0.089408  0.099619  0.124758    0.0425    0.0835    0.0500    0.0120    0.0608    0.0351    0.3359
 000127   Y  0.097455  0.128581  0.121910    0.0643    0.0605    0.0740    0.0220    0.0708    0.0337    0.3371
 000128   T  0.107735  0.156441  0.118260    0.0542    0.0364    0.0860    0.0230    0.0735    0.0447    0.3281
 000129   E  0.102948  0.169383  0.110820    0.0464    0.0817    0.1050    0.0210    0.0843    0.0412    0.3168
 000130   G  0.095103  0.185476  0.108789    0.0252    0.0851    0.1030    0.0160    0.0823    0.0503    0.3032
 000131   D  0.105588  0.204220  0.109937    0.0268    0.0704    0.1070    0.0270    0.0857    0.0566    0.2922
 000132   L  0.126055  0.208638  0.109786    0.0478    0.0704    0.1130    0.0290    0.0943    0.0539    0.2815
 000133   R  0.163723  0.218225  0.116187    0.0376    0.0690    0.1100    0.0250    0.0998    0.0623    0.2682
 000134   A  0.207380  0.229501  0.129959    0.0327    0.1028    0.1050    0.0180    0.1129    0.0700    0.2555
 000135   Q  0.256499  0.238710  0.144180    0.0621    0.1823    0.0840    0.0170    0.1372    0.0765    0.2427
 000136   R  0.253652  0.244158  0.155161    0.0965    0.2541    0.0840    0.0210    0.1554    0.0773    0.2333
 000137   A  0.264668  0.262191  0.169565    0.1532    0.3019    0.0880    0.0250    0.1784    0.0801    0.2285
 000138   W  0.294055  0.293774  0.188050    0.2292    0.4149    0.1070    0.0390    0.2231    0.1013    0.2253
 000139   L  0.322085  0.335778  0.203552    0.1878    0.3215    0.1030    0.0420    0.2116    0.0932    0.2337
 000140   E  0.312419  0.378040  0.218497    0.2209    0.3117    0.1150    0.0560    0.2230    0.0927    0.2408
 000141   K  0.286268  0.412003  0.232986    0.1416    0.2817    0.1550    0.0850    0.2128    0.0989    0.2537
 000142   A  0.247006  0.435078  0.249654    0.1416    0.1942    0.1850    0.0960    0.2006    0.1027    0.2625
 000143   L  0.200604  0.440372  0.267967    0.1998    0.1942    0.2330    0.1040    0.2114    0.0972    0.2713
 000144   Q  0.145790  0.454550  0.290642    0.1456    0.1323    0.2370    0.0800    0.1859    0.1237    0.2818
 000145   S  0.145938  0.462116  0.314520    0.1150    0.1554    0.2220    0.0680    0.1835    0.1312    0.2934
 000146   S  0.126574  0.476098  0.339728    0.0621    0.1424    0.2070    0.0600    0.1691    0.1521    0.3086
 000147   T  0.161068  0.479049  0.364105    0.0660    0.1671    0.2070    0.0580    0.1801    0.1514    0.3218
 000148   A  0.214196  0.486628  0.390667    0.0884    0.1275    0.1990    0.0530    0.1860    0.1561    0.3315
 000149   P  0.290177  0.489182  0.416970    0.1958    0.1501    0.2010    0.0570    0.2210    0.1421    0.3444
 000150   L  0.372001  0.476189  0.443169    0.2041    0.2193    0.2190    0.0780    0.2484    0.1347    0.3480
 000151   K  0.434940  0.448438  0.466404    0.1240    0.2064    0.2200    0.0850    0.2390    0.1574    0.3557
 000152   A  0.488534  0.424642  0.486722    0.1240    0.2034    0.2240    0.0860    0.2440    0.1672    0.3595
 000153   L  0.528621  0.395567  0.506995    0.1495    0.1528    0.2390    0.1010    0.2443    0.1780    0.3643
 000154   L  0.582523  0.366429  0.527754    0.2292    0.2292    0.2370    0.1040    0.2740    0.1700    0.3668
 000155   L  0.660951  0.391137  0.546665    0.1416    0.2193    0.2280    0.0970    0.2734    0.2086    0.3727
 000156   H  0.657302  0.436962  0.567639    0.1495    0.2224    0.2260    0.0840    0.2820    0.2124    0.3765
 000157   R  0.635018  0.448602  0.586077    0.1495    0.2224    0.2450    0.0790    0.2834    0.2104    0.3717
 000158   P  0.596480  0.496896  0.605577    0.1495    0.2399    0.2700    0.0860    0.2922    0.2067    0.3707
 000159   L  0.574905  0.561668  0.627778    0.1805    0.2399    0.2700    0.0780    0.3045    0.2100    0.3704
 000160   Y  0.576205  0.610753  0.647190    0.1766    0.1399    0.2810    0.0650    0.2974    0.2373    0.3704
 000161   S  0.586850  0.650731  0.664956    0.2292    0.2064    0.3010    0.0590    0.3290    0.2268    0.3728
 000162   S  0.625485  0.675645  0.680901    0.1456    0.2034    0.3220    0.0740    0.3288    0.2522    0.3729
 000163   G  0.667826  0.694925  0.691977    0.1698    0.1554    0.3770    0.1040    0.3441    0.2633    0.3745
 000164   L  0.686847  0.701004  0.696423    0.2385    0.1528    0.3940    0.1200    0.3622    0.2556    0.3792
 000165   H  0.707218  0.698284  0.697200    0.2209    0.2364    0.3840    0.1260    0.3745    0.2458    0.3872
 000166   G  0.731334  0.697784  0.702097    0.2167    0.3460    0.3730    0.1380    0.3941    0.2363    0.3872
 000167   G  0.750104  0.703503  0.707264    0.2255    0.2575    0.3450    0.1250    0.3803    0.2544    0.3913
 000168   S  0.723320  0.696169  0.704833    0.2531    0.1823    0.3380    0.1330    0.3655    0.2580    0.4023
 000169   P  0.690910  0.670098  0.697519    0.1456    0.1528    0.3650    0.1500    0.3374    0.2698    0.4136
 000170   A  0.648280  0.644163  0.695777    0.1456    0.2224    0.3650    0.1640    0.3376    0.2482    0.4224
 000171   L  0.599521  0.609929  0.691656    0.2209    0.3149    0.3300    0.1540    0.3459    0.2123    0.4292
 000172   R  0.532475  0.579491  0.685205    0.2167    0.3182    0.3000    0.1390    0.3245    0.2044    0.4293
 000173   S  0.454177  0.558789  0.676009    0.2167    0.2503    0.2970    0.1490    0.2961    0.2028    0.4200
 000174   L  0.386642  0.549256  0.666043    0.2167    0.2193    0.3090    0.1800    0.2801    0.2005    0.4116
 000175   L  0.311226  0.527565  0.650307    0.2385    0.2224    0.2430    0.1600    0.2572    0.1968    0.4060
 000176   E  0.249352  0.485198  0.635053    0.2080    0.1583    0.1900    0.1240    0.2151    0.2059    0.3996
 000177   P  0.212735  0.442691  0.620586    0.1349    0.0985    0.1800    0.1240    0.1781    0.2142    0.3865
 000178   L  0.190055  0.397166  0.602777    0.0965    0.0817    0.1860    0.1270    0.1585    0.2105    0.3765
 000179   L  0.171542  0.353641  0.585544    0.0542    0.0835    0.2100    0.1430    0.1454    0.2058    0.3707
 000180   R  0.136491  0.311913  0.569249    0.0387    0.0719    0.2260    0.1340    0.1308    0.2025    0.3705
 000181   R  0.101473  0.299278  0.551156    0.0464    0.0909    0.2220    0.1250    0.1267    0.1947    0.3648
 000182   H  0.099598  0.290173  0.537295    0.0884    0.1501    0.2100    0.1180    0.1397    0.1780    0.3595
 000183   G  0.091838  0.278517  0.526910    0.0909    0.1554    0.1790    0.0920    0.1326    0.1746    0.3574
 000184   V  0.083719  0.295897  0.519633    0.0909    0.0948    0.1400    0.0600    0.1175    0.1809    0.3511
 000185   A  0.087818  0.316750  0.513389    0.1602    0.1611    0.1090    0.0400    0.1392    0.1713    0.3472
 000186   L  0.096540  0.318737  0.506051    0.1602    0.2364    0.0980    0.0330    0.1516    0.1667    0.3444
 000187   V  0.104839  0.342459  0.493283    0.1602    0.1476    0.0790    0.0200    0.1389    0.1695    0.3470
 000188   L  0.128378  0.355762  0.483119    0.1380    0.1349    0.0820    0.0210    0.1399    0.1673    0.3528
 000189   A  0.157292  0.354084  0.464199    0.1349    0.1449    0.1010    0.0290    0.1487    0.1551    0.3602
 000190   G  0.173276  0.354028  0.444479    0.2167    0.2258    0.1280    0.0490    0.1830    0.1314    0.3677
 000191   H  0.163263  0.354386  0.429601    0.1602    0.2292    0.1300    0.0460    0.1728    0.1318    0.3716
 000192   D  0.166554  0.346087  0.413264    0.1766    0.1554    0.1610    0.0670    0.1676    0.1242    0.3832
 000193   H  0.176829  0.353925  0.395649    0.1766    0.0948    0.1810    0.0780    0.1638    0.1260    0.3928
 000194   H  0.183764  0.390796  0.382134    0.1178    0.0948    0.2090    0.0940    0.1660    0.1334    0.4057
 000195   Y  0.200553  0.394040  0.368331    0.1117    0.0948    0.2020    0.0960    0.1672    0.1307    0.4238
 000196   E  0.211860  0.411607  0.354293    0.1292    0.0734    0.1470    0.0630    0.1621    0.1359    0.4296
 000197   R  0.213978  0.422313  0.337281    0.1456    0.1298    0.1700    0.0700    0.1803    0.1213    0.4147
 000198   L  0.228836  0.412326  0.324223    0.1380    0.1852    0.2030    0.0790    0.1945    0.1071    0.4046
 000199   E  0.251805  0.379867  0.312897    0.2167    0.2645    0.1530    0.0580    0.2110    0.0883    0.3947
 000200   V  0.294473  0.347372  0.301698    0.2432    0.2951    0.1400    0.0440    0.2201    0.0826    0.3856
 000201   Q  0.342399  0.285890  0.287701    0.2432    0.2951    0.1360    0.0420    0.2171    0.0804    0.3782
 000202   G  0.387835  0.237840  0.276232    0.2385    0.2575    0.1400    0.0580    0.2102    0.0863    0.3681
 000203   L  0.386564  0.205243  0.265354    0.2292    0.2503    0.1500    0.0760    0.2035    0.0847    0.3635
 000204   L  0.375159  0.193885  0.256927    0.1998    0.1643    0.1490    0.0780    0.1803    0.0872    0.3548
 000205   H  0.373375  0.204578  0.249870    0.1958    0.0948    0.1630    0.0660    0.1719    0.0952    0.3489
 000206   V  0.390339  0.224923  0.245624    0.1958    0.1554    0.1880    0.0630    0.1925    0.0860    0.3372
 000207   V  0.435257  0.255605  0.239560    0.1178    0.1528    0.2140    0.0640    0.1958    0.1088    0.3234
 000208   T  0.459979  0.287904  0.231380    0.1150    0.1528    0.2470    0.0660    0.2104    0.1172    0.3153
 000209   G  0.489706  0.332233  0.227281    0.1878    0.2609    0.2590    0.0690    0.2549    0.1052    0.3016
 000210   G  0.480229  0.372923  0.221959    0.1732    0.2817    0.2440    0.0660    0.2587    0.1092    0.2930
 000211   G  0.498363  0.388798  0.216817    0.2602    0.2645    0.2340    0.0640    0.2744    0.1068    0.2890
 000212   G  0.579116  0.414780  0.213127    0.2700    0.2849    0.2510    0.0890    0.2999    0.1305    0.2826
 000213   A  0.662703  0.429016  0.208151    0.1766    0.1643    0.2690    0.1070    0.2836    0.1809    0.2797
 000214   G  0.731995  0.438478  0.203172    0.2786    0.2436    0.2710    0.1050    0.3273    0.1844    0.2734
 000215   L  0.782730  0.402392  0.192183    0.2531    0.3249    0.2620    0.0810    0.3376    0.1985    0.2715
 000216   Y  0.784488  0.388658  0.180227    0.2531    0.2951    0.2110    0.0600    0.3221    0.2066    0.2697
 000217   R  0.806937  0.380548  0.169807    0.3096    0.2817    0.1920    0.0640    0.3284    0.2153    0.2734
 000218   T  0.786266  0.372376  0.163590    0.3399    0.3215    0.1920    0.0540    0.3353    0.2061    0.2795
 000219   R  0.774899  0.352753  0.157209    0.2483    0.2436    0.1890    0.0610    0.3014    0.2107    0.2808
 000220   P  0.735921  0.347429  0.157091    0.2167    0.2129    0.1740    0.0630    0.2811    0.2029    0.2860
 000221   P  0.656217  0.331000  0.156026    0.1602    0.2164    0.1500    0.0470    0.2523    0.1820    0.2846
 000222   L  0.554362  0.314876  0.152687    0.1322    0.2193    0.1430    0.0480    0.2273    0.1508    0.2797
 000223   P  0.454449  0.300383  0.149178    0.1266    0.1942    0.1280    0.0440    0.2006    0.1210    0.2819
 000224   W  0.354061  0.303420  0.145004    0.1416    0.1501    0.1220    0.0350    0.1786    0.0938    0.2786
 000225   S  0.260825  0.305614  0.139291    0.1178    0.0765    0.0970    0.0200    0.1429    0.0890    0.2810
 000226   R  0.170287  0.286070  0.133561    0.1178    0.0765    0.0830    0.0120    0.1223    0.0740    0.2825
 000227   A  0.101985  0.255875  0.129094    0.1150    0.1449    0.0680    0.0090    0.1143    0.0626    0.2862
 000228   L  0.064143  0.218090  0.124875    0.0621    0.0985    0.0610    0.0100    0.0839    0.0596    0.2901
 000229   A  0.027520  0.171837  0.118349    0.0643    0.0929    0.0560    0.0100    0.0688    0.0509    0.2884
 000230   V  0.009537  0.136347  0.114231    0.0387    0.0967    0.0570    0.0120    0.0564    0.0481    0.2872
 000231   A  0.024915  0.116458  0.111574    0.0316    0.0870    0.0610    0.0170    0.0534    0.0405    0.2862
 000232   H  0.038759  0.114798  0.108670    0.0268    0.0734    0.0730    0.0270    0.0545    0.0372    0.2883
 000233   H  0.051052  0.116391  0.106140    0.0526    0.0749    0.0990    0.0460    0.0657    0.0311    0.2878
 000234   A  0.063422  0.131482  0.105511    0.0464    0.0356    0.1130    0.0580    0.0650    0.0400    0.2791
 000235   L  0.075876  0.140943  0.104859    0.0478    0.0799    0.0960    0.0420    0.0735    0.0336    0.2737
 000236   F  0.090396  0.167888  0.104438    0.0245    0.0443    0.0740    0.0280    0.0669    0.0492    0.2668
 000237   L  0.116058  0.204648  0.101792    0.0259    0.0372    0.0670    0.0230    0.0751    0.0620    0.2541
 000238   E  0.141682  0.223044  0.098787    0.0157    0.0258    0.0700    0.0210    0.0794    0.0729    0.2410
 000239   V  0.180617  0.229013  0.096564    0.0252    0.0454    0.0820    0.0250    0.0937    0.0742    0.2281
 000240   G  0.212633  0.233349  0.095351    0.0131    0.0662    0.0780    0.0130    0.1005    0.0812    0.2224
 000241   R  0.237569  0.223779  0.094632    0.0245    0.1092    0.0760    0.0110    0.1118    0.0791    0.2185
 000242   E  0.264342  0.208871  0.095946    0.0376    0.1298    0.0790    0.0200    0.1199    0.0795    0.2150
 000243   G  0.315299  0.205495  0.099001    0.0414    0.1298    0.0790    0.0200    0.1285    0.0928    0.2096
 000244   L  0.371053  0.206041  0.099246    0.0441    0.0765    0.0940    0.0220    0.1319    0.1125    0.2097
 000245   L  0.372736  0.220154  0.104394    0.0542    0.0543    0.0880    0.0190    0.1316    0.1159    0.2116
 000246   G  0.360213  0.229623  0.110068    0.0490    0.0985    0.1080    0.0270    0.1408    0.1067    0.2117
 000247   Y  0.342952  0.231781  0.113003    0.0478    0.1852    0.1380    0.0420    0.1577    0.0958    0.2134
 000248   A  0.328359  0.255448  0.115755    0.1018    0.1583    0.1330    0.0360    0.1628    0.0845    0.2207
 000249   L  0.320065  0.278041  0.117940    0.0909    0.0929    0.1480    0.0430    0.1550    0.0929    0.2278
 000250   D  0.315421  0.292751  0.120407    0.0813    0.0749    0.1480    0.0420    0.1521    0.0987    0.2367
 000251   P  0.312752  0.316149  0.121443    0.0455    0.0929    0.1390    0.0430    0.1511    0.1072    0.2311
 000252   Q  0.300357  0.315629  0.122551    0.0245    0.0463    0.1860    0.0990    0.1455    0.1152    0.2253
 000253   G  0.283166  0.291311  0.123228    0.0286    0.0414    0.2500    0.1510    0.1492    0.1120    0.2046
 000254   K  0.306246  0.251105  0.123955    0.0121    0.0506    0.2210    0.1410    0.1401    0.1088    0.1837
 000255   L  0.348059  0.216924  0.125189    0.0252    0.0817    0.3120    0.1730    0.1640    0.1198    0.1639
 000256   L  0.399817  0.181497  0.127818    0.0621    0.1137    0.3870    0.1600    0.1907    0.1347    0.1466
 000257   D  0.444585  0.166772  0.131694    0.0789    0.0909    0.3080    0.1350    0.1816    0.1334    0.1318
 000258   R  0.482651  0.164376  0.135908    0.1766    0.1373    0.3320    0.1270    0.2155    0.1300    0.1135
 000259   F  0.523069  0.198507  0.140156    0.2483    0.1373    0.3420    0.1070    0.2416    0.1369    0.0963
 000260   L  0.525143  0.252773  0.144278    0.3992    0.1969    0.3420    0.1990    0.2859    0.1305    0.0791
 000261   I  0.556454  0.345122  0.147066    0.4379    0.1583    0.3920    0.1920    0.3149    0.1489    0.0694
 000262   P  0.703731  0.474061  0.150612    0.4458    0.0985    0.4890    0.1540    0.3684    0.2099    0.0630
 000263   I  0.677272  0.600960  0.156263    0.4781    0.0631    0.6010    0.1200    0.4035    0.2365    0.0555
 000264   R  0.349963  0.659128  0.162641    0.5229    0.0433    0.6620    0.1210    0.3728    0.2385    0.0532
 000265   P  0.743230  0.727229  0.169444    0.5583    0.0253    0.6570    0.1340    0.4519    0.2816    0.0522
