#RESNUM RES     VL-XT     VSL2B       VL3  IUPred-S  IUPred-L  PONDRFIT  FITERROR       MDP  MDPERROR   ANCHOR2
 000001   M  0.613473  0.780098  0.440666    0.7418    0.0817    0.8780    0.1070    0.5158    0.2755    0.1822
 000002   K  0.511560  0.725970  0.421456    0.6944    0.1323    0.8740    0.0560    0.4898    0.2512    0.1896
 000003   R  0.799363  0.656610  0.404273    0.5762    0.1611    0.8650    0.0540    0.5097    0.2479    0.1996
 000004   V  0.775773  0.571292  0.388301    0.5473    0.1942    0.8010    0.0670    0.4816    0.2207    0.2084
 000005   L  0.615843  0.536790  0.374802    0.5043    0.1501    0.7240    0.1070    0.4218    0.1936    0.2170
 000006   V  0.611399  0.482137  0.363840    0.4600    0.1476    0.6560    0.1050    0.3929    0.1783    0.2232
 000007   A  0.599428  0.422141  0.355265    0.3399    0.1424    0.7080    0.0760    0.3686    0.1930    0.2356
 000008   M  0.555870  0.407451  0.348307    0.2558    0.1028    0.7400    0.0860    0.3436    0.2128    0.2508
 000009   S  0.522770  0.421698  0.341280    0.1766    0.0765    0.6390    0.1920    0.3061    0.2007    0.2723
 000010   G  0.475135  0.430757  0.337887    0.0935    0.0568    0.7800    0.0960    0.3061    0.2508    0.2980
 000011   G  0.426581  0.442483  0.335258    0.0441    0.0690    0.8340    0.0630    0.3028    0.2708    0.3295
 000012   V  0.410930  0.439487  0.334200    0.0336    0.1007    0.7290    0.0970    0.2857    0.2368    0.3599
 000013   D  0.429782  0.424587  0.334315    0.0350    0.0870    0.6560    0.1510    0.2720    0.2197    0.3915
 000014   S  0.438160  0.413619  0.337644    0.0405    0.0909    0.6030    0.1650    0.2644    0.2053    0.4132
 000015   S  0.429471  0.382685  0.338900    0.0490    0.0734    0.5440    0.1420    0.2465    0.1907    0.4331
 000016   V  0.435138  0.347745  0.339064    0.0858    0.1251    0.4320    0.1210    0.2377    0.1500    0.4226
 000017   A  0.437643  0.306390  0.328304    0.0723    0.1229    0.2960    0.0780    0.2059    0.1364    0.4114
 000018   A  0.430419  0.285485  0.316874    0.1041    0.1007    0.2340    0.0480    0.1924    0.1283    0.3991
 000019   L  0.451119  0.280546  0.307100    0.0909    0.1275    0.2010    0.0350    0.1918    0.1309    0.3869
 000020   L  0.488944  0.279853  0.295111    0.0587    0.1070    0.1510    0.0390    0.1809    0.1522    0.3890
 000021   L  0.483387  0.280442  0.282246    0.0621    0.0835    0.1220    0.0450    0.1718    0.1546    0.4028
 000022   K  0.414866  0.285138  0.277284    0.0526    0.0646    0.1210    0.0500    0.1564    0.1405    0.4230
 000023   E  0.353215  0.288948  0.271651    0.0723    0.0948    0.1420    0.0510    0.1585    0.1151    0.4318
 000024   A  0.301637  0.289462  0.268700    0.0542    0.0424    0.1520    0.0490    0.1399    0.1170    0.4115
 000025   G  0.253022  0.288317  0.267121    0.0514    0.0235    0.1570    0.0480    0.1288    0.1139    0.3992
 000026   Y  0.211897  0.280036  0.265387    0.0297    0.0275    0.1660    0.0430    0.1192    0.1114    0.3949
 000027   E  0.183904  0.255370  0.263652    0.0308    0.0443    0.1550    0.0380    0.1115    0.1016    0.4013
 000028   V  0.166851  0.251871  0.264372    0.0455    0.0327    0.1410    0.0380    0.1063    0.1001    0.4101
 000029   V  0.151358  0.242005  0.261306    0.0621    0.0463    0.1360    0.0400    0.1063    0.0921    0.4140
 000030   G  0.129759  0.225822  0.256300    0.0643    0.0888    0.1430    0.0430    0.1086    0.0812    0.4113
 000031   A  0.171531  0.220371  0.257757    0.1150    0.1583    0.1420    0.0450    0.1346    0.0644    0.4159
 000032   M  0.210633  0.190252  0.265541    0.1921    0.2258    0.1340    0.0480    0.1589    0.0595    0.4260
 000033   M  0.259761  0.198435  0.270556    0.2122    0.1554    0.1320    0.0530    0.1597    0.0675    0.4326
 000034   R  0.262611  0.213493  0.277796    0.1921    0.1554    0.1350    0.0480    0.1598    0.0696    0.4310
 000035   F  0.269579  0.266672  0.289042    0.1698    0.1528    0.1490    0.0420    0.1680    0.0767    0.4301
 000036   W  0.275895  0.327773  0.298110    0.1766    0.1528    0.1590    0.0400    0.1820    0.0866    0.4309
 000037   P  0.261291  0.367501  0.306257    0.2432    0.2328    0.1630    0.0410    0.2112    0.0815    0.4209
 000038   D  0.214186  0.405547  0.308617    0.2292    0.2470    0.2400    0.0470    0.2226    0.0835    0.3968
 000039   L  0.219771  0.442343  0.314455    0.2913    0.3053    0.3640    0.0480    0.2705    0.0861    0.3687
 000040   P  0.197306  0.470503  0.317744    0.3806    0.3356    0.3840    0.0640    0.2946    0.0983    0.3383
 000041   P  0.159574  0.499188  0.318334    0.3630    0.2364    0.4480    0.0950    0.2843    0.1278    0.3123
 000042   P  0.111402  0.538513  0.322173    0.3668    0.2849    0.4770    0.1310    0.2964    0.1478    0.2898
 000043   S  0.172040  0.566404  0.320803    0.3146    0.3215    0.5100    0.1370    0.3141    0.1428    0.2705
 000044   L  0.223843  0.571804  0.318442    0.3630    0.2884    0.4610    0.1350    0.3181    0.1269    0.2557
 000045   E  0.265055  0.614256  0.312116    0.3717    0.2129    0.4060    0.1230    0.3117    0.1391    0.2473
 000046   A  0.319278  0.633531  0.306444    0.4037    0.3321    0.3950    0.1290    0.3473    0.1225    0.2394
 000047   G  0.378378  0.588709  0.302061    0.4149    0.4582    0.3350    0.1400    0.3625    0.1063    0.2362
 000048   K  0.400136  0.560378  0.300443    0.4037    0.4409    0.2520    0.1250    0.3428    0.1111    0.2383
 000049   P  0.436718  0.507727  0.295022    0.4078    0.3983    0.1770    0.0740    0.3213    0.1176    0.2488
 000050   R  0.485292  0.439709  0.289393    0.4967    0.4476    0.1530    0.0610    0.3370    0.1333    0.2622
 000051   A  0.551186  0.391286  0.286824    0.4458    0.3286    0.1150    0.0350    0.3052    0.1443    0.2864
 000052   W  0.537036  0.368332  0.286659    0.4037    0.3182    0.0950    0.0250    0.2871    0.1417    0.3138
 000053   E  0.519332  0.327154  0.285835    0.3096    0.2609    0.0720    0.0160    0.2482    0.1391    0.3376
 000054   S  0.500221  0.293740  0.284169    0.3184    0.2609    0.0720    0.0170    0.2408    0.1336    0.3583
 000055   C  0.441903  0.282834  0.280928    0.3578    0.3392    0.0750    0.0150    0.2495    0.1220    0.3757
 000056   C  0.407223  0.283183  0.279155    0.3263    0.2645    0.0760    0.0170    0.2261    0.1103    0.3787
 000057   T  0.381618  0.307083  0.276746    0.3263    0.2680    0.0770    0.0160    0.2266    0.1057    0.3750
 000058   P  0.338893  0.303012  0.275710    0.2602    0.2817    0.0780    0.0170    0.2103    0.0953    0.3675
 000059   D  0.308958  0.315535  0.270255    0.2292    0.2817    0.0790    0.0180    0.2023    0.0923    0.3657
 000060   A  0.255788  0.329669  0.268779    0.2292    0.1791    0.0800    0.0170    0.1789    0.0904    0.3506
 000061   A  0.216003  0.350015  0.265260    0.2255    0.1823    0.0820    0.0150    0.1760    0.0924    0.3408
 000062   Y  0.180054  0.356942  0.260215    0.1732    0.1349    0.0820    0.0170    0.1544    0.0991    0.3250
 000063   E  0.147550  0.359403  0.255001    0.2558    0.2503    0.0800    0.0230    0.1822    0.0987    0.3121
 000064   A  0.142004  0.349121  0.251618    0.1667    0.1373    0.0810    0.0310    0.1461    0.0976    0.2992
 000065   R  0.122724  0.340598  0.244992    0.1921    0.0799    0.0760    0.0290    0.1352    0.1034    0.2940
 000066   R  0.113995  0.305903  0.234448    0.1635    0.0799    0.0770    0.0280    0.1233    0.0926    0.2965
 000067   V  0.111520  0.269570  0.226562    0.1416    0.0799    0.0720    0.0270    0.1125    0.0829    0.3145
 000068   A  0.099765  0.230904  0.218784    0.0909    0.0817    0.0700    0.0350    0.0956    0.0757    0.3382
 000069   D  0.096485  0.201008  0.215083    0.0478    0.0380    0.0660    0.0340    0.0749    0.0798    0.3651
 000070   R  0.098739  0.181647  0.207729    0.0490    0.0356    0.0580    0.0310    0.0705    0.0751    0.3849
 000071   L  0.099039  0.153444  0.203534    0.0363    0.0473    0.0480    0.0230    0.0640    0.0707    0.4128
 000072   G  0.093825  0.134250  0.199560    0.0395    0.0389    0.0390    0.0160    0.0576    0.0687    0.4313
 000073   I  0.092105  0.106935  0.193508    0.0723    0.0349    0.0350    0.0120    0.0568    0.0628    0.4152
 000074   P  0.092693  0.098919  0.190783    0.0425    0.0349    0.0320    0.0110    0.0501    0.0641    0.3964
 000075   F  0.094856  0.088614  0.187376    0.0286    0.0463    0.0320    0.0110    0.0484    0.0629    0.3742
 000076   Y  0.098848  0.078921  0.185459    0.0350    0.0531    0.0340    0.0140    0.0500    0.0606    0.3661
 000077   L  0.101510  0.084823  0.184509    0.0425    0.0306    0.0340    0.0120    0.0489    0.0620    0.3648
 000078   L  0.090409  0.090233  0.182587    0.0701    0.0263    0.0340    0.0110    0.0519    0.0596    0.3755
 000079   D  0.078345  0.101610  0.181949    0.0514    0.0313    0.0360    0.0110    0.0498    0.0599    0.3946
 000080   Y  0.068858  0.108374  0.180982    0.0279    0.0341    0.0430    0.0140    0.0471    0.0615    0.4205
 000081   R  0.061187  0.127968  0.178649    0.0308    0.0184    0.0480    0.0160    0.0478    0.0644    0.4225
 000082   E  0.051148  0.154522  0.177392    0.0643    0.0191    0.0580    0.0220    0.0579    0.0648    0.4025
 000083   V  0.048120  0.177701  0.174275    0.0363    0.0202    0.0750    0.0260    0.0595    0.0702    0.3910
 000084   F  0.052236  0.206465  0.171694    0.0363    0.0364    0.1030    0.0380    0.0725    0.0728    0.3734
 000085   E  0.054185  0.233771  0.168156    0.0308    0.0184    0.0910    0.0280    0.0714    0.0825    0.3469
 000086   E  0.079000  0.248896  0.166232    0.0587    0.0294    0.0860    0.0180    0.0837    0.0793    0.3239
 000087   E  0.145407  0.243720  0.162654    0.0554    0.0581    0.0850    0.0210    0.0979    0.0722    0.3099
 000088   I  0.226788  0.222653  0.158179    0.0723    0.0929    0.0720    0.0250    0.1145    0.0710    0.2987
 000089   I  0.292460  0.205436  0.153145    0.1205    0.1424    0.0620    0.0290    0.1371    0.0765    0.2870
 000090   S  0.369670  0.193600  0.151221    0.1088    0.1399    0.0600    0.0290    0.1453    0.1012    0.2758
 000091   P  0.453118  0.177960  0.147636    0.1566    0.2470    0.0680    0.0330    0.1838    0.1239    0.2715
 000092   F  0.516251  0.180067  0.145522    0.1635    0.2609    0.0850    0.0400    0.2009    0.1422    0.2689
 000093   L  0.529019  0.193673  0.142999    0.1766    0.2752    0.0950    0.0380    0.2115    0.1442    0.2561
 000094   Q  0.516015  0.216877  0.138873    0.2432    0.2503    0.0980    0.0350    0.2208    0.1356    0.2391
 000095   D  0.485136  0.266530  0.136282    0.3668    0.3321    0.1480    0.0570    0.2664    0.1246    0.2259
 000096   Y  0.424459  0.303651  0.135263    0.2602    0.3117    0.1730    0.0550    0.2455    0.0978    0.2170
 000097   A  0.344552  0.329097  0.134433    0.2122    0.2129    0.1690    0.0500    0.2113    0.0810    0.2020
 000098   Q  0.278049  0.374390  0.134320    0.1998    0.2094    0.1760    0.0580    0.2063    0.0812    0.1860
 000099   G  0.201045  0.412879  0.132806    0.1805    0.3053    0.1700    0.0560    0.2116    0.0986    0.1711
 000100   R  0.117752  0.412564  0.131119    0.2602    0.2849    0.1730    0.0590    0.2080    0.1047    0.1616
 000101   T  0.049058  0.432876  0.132013    0.2558    0.2258    0.1510    0.0470    0.1858    0.1227    0.1571
 000102   P  0.025997  0.434372  0.137209    0.1456    0.1969    0.1300    0.0370    0.1554    0.1274    0.1504
 000103   N  0.022234  0.395704  0.142053    0.1602    0.1969    0.1140    0.0330    0.1481    0.1161    0.1421
 000104   P  0.016614  0.348511  0.145860    0.2432    0.2752    0.0830    0.0210    0.1610    0.1170    0.1378
 000105   C  0.008392  0.290293  0.148452    0.1532    0.2328    0.0760    0.0270    0.1267    0.0964    0.1323
 000106   A  0.005510  0.222381  0.149043    0.1380    0.1554    0.0700    0.0290    0.0986    0.0732    0.1292
 000107   R  0.003890  0.175651  0.148528    0.1766    0.1702    0.0610    0.0220    0.0978    0.0710    0.1300
 000108   C  0.003031  0.143494  0.147204    0.1532    0.1914    0.0520    0.0170    0.0905    0.0699    0.1351
 000109   N  0.004411  0.111423  0.148651    0.0965    0.1914    0.0470    0.0160    0.0751    0.0665    0.1445
 000110   T  0.005596  0.093478  0.151202    0.0991    0.1671    0.0440    0.0130    0.0682    0.0616    0.1544
 000111   F  0.007292  0.091890  0.154440    0.1088    0.1671    0.0440    0.0110    0.0699    0.0622    0.1633
 000112   V  0.009254  0.083078  0.157344    0.0858    0.1583    0.0430    0.0090    0.0633    0.0607    0.1675
 000113   K  0.014892  0.084822  0.157017    0.0723    0.0909    0.0410    0.0090    0.0507    0.0515    0.1711
 000114   F  0.014745  0.108110  0.158213    0.0744    0.0851    0.0430    0.0110    0.0543    0.0528    0.1785
 000115   G  0.014702  0.124367  0.161592    0.0350    0.0454    0.0460    0.0110    0.0442    0.0594    0.1851
 000116   A  0.014803  0.135439  0.165198    0.0621    0.0835    0.0530    0.0190    0.0581    0.0578    0.1972
 000117   L  0.014762  0.162930  0.170625    0.0478    0.0581    0.0560    0.0250    0.0566    0.0660    0.2094
 000118   L  0.013394  0.198088  0.177193    0.0478    0.0405    0.0630    0.0320    0.0605    0.0767    0.2177
 000119   K  0.012047  0.203818  0.179869    0.0526    0.0605    0.0730    0.0420    0.0670    0.0761    0.2224
 000120   Q  0.010570  0.209747  0.182367    0.0350    0.0581    0.0700    0.0370    0.0639    0.0807    0.2263
 000121   A  0.010415  0.212452  0.181784    0.0286    0.0568    0.0600    0.0250    0.0614    0.0827    0.2320
 000122   R  0.016119  0.202987  0.178895    0.0502    0.1092    0.0540    0.0230    0.0721    0.0751    0.2360
 000123   R  0.053307  0.185033  0.177296    0.0771    0.0948    0.0560    0.0270    0.0777    0.0616    0.2449
 000124   L  0.121904  0.193995  0.177484    0.0701    0.0676    0.0480    0.0200    0.0836    0.0635    0.2573
 000125   G  0.201861  0.197278  0.177796    0.0701    0.1251    0.0440    0.0140    0.1064    0.0683    0.2655
 000126   L  0.228603  0.192665  0.178450    0.0455    0.1229    0.0470    0.0120    0.1061    0.0766    0.2733
 000127   D  0.253869  0.198786  0.179231    0.0554    0.1528    0.0440    0.0080    0.1174    0.0812    0.2741
 000128   Y  0.273805  0.193485  0.178246    0.0935    0.2224    0.0480    0.0130    0.1385    0.0818    0.2726
 000129   V  0.280229  0.175349  0.174445    0.1495    0.2258    0.0510    0.0150    0.1469    0.0762    0.2727
 000130   A  0.285096  0.172321  0.172964    0.1456    0.2034    0.0570    0.0190    0.1440    0.0737    0.2769
 000131   T  0.286437  0.172051  0.172182    0.0832    0.1323    0.0690    0.0240    0.1238    0.0773    0.2810
 000132   G  0.255962  0.179414  0.168348    0.0909    0.1028    0.0810    0.0270    0.1184    0.0677    0.2899
 000133   H  0.196675  0.190380  0.159759    0.0526    0.1028    0.1100    0.0350    0.1087    0.0580    0.3048
 000134   Y  0.136357  0.209822  0.151394    0.0308    0.1048    0.1320    0.0340    0.1022    0.0593    0.3167
 000135   V  0.130706  0.243245  0.143933    0.0526    0.1070    0.1050    0.0280    0.1064    0.0627    0.3247
 000136   R  0.136520  0.291457  0.137883    0.0542    0.1115    0.0890    0.0180    0.1137    0.0784    0.3351
 000137   K  0.170591  0.312233  0.134800    0.0526    0.1881    0.0790    0.0200    0.1337    0.0874    0.3428
 000138   E  0.220404  0.323574  0.132285    0.0542    0.1791    0.0750    0.0220    0.1421    0.0937    0.3562
 000139   G  0.267182  0.310447  0.130309    0.1117    0.2609    0.0820    0.0310    0.1720    0.0909    0.3735
 000140   L  0.275683  0.274996  0.127014    0.1495    0.3286    0.1130    0.0540    0.1903    0.0868    0.3911
 000141   A  0.290033  0.254748  0.126167    0.1766    0.3631    0.1490    0.0730    0.2056    0.0863    0.3978
 000142   L  0.299382  0.255770  0.126743    0.1844    0.3631    0.1850    0.0840    0.2145    0.0821    0.4016
 000143   L  0.279563  0.274930  0.128111    0.2041    0.2783    0.1980    0.0790    0.2058    0.0600    0.3964
 000144   R  0.258515  0.320084  0.128295    0.2122    0.1823    0.1840    0.0650    0.1929    0.0648    0.3836
 000145   G  0.226632  0.348660  0.127132    0.2209    0.1942    0.1760    0.0610    0.1943    0.0712    0.3777
 000146   L  0.171986  0.366533  0.123662    0.2167    0.1554    0.1900    0.0610    0.1834    0.0808    0.3828
 000147   D  0.115386  0.363426  0.120597    0.1532    0.1583    0.1780    0.0640    0.1614    0.0866    0.3875
 000148   P  0.061933  0.345301  0.114292    0.0813    0.1702    0.1790    0.0700    0.1397    0.0956    0.3965
 000149   H  0.040909  0.344041  0.108901    0.0771    0.1823    0.1260    0.0440    0.1283    0.1001    0.4027
 000150   K  0.020021  0.325713  0.109280    0.0789    0.1759    0.0850    0.0220    0.1143    0.0996    0.4056
 000151   D  0.001208  0.296922  0.108722    0.1602    0.2575    0.0710    0.0180    0.1311    0.1043    0.4083
 000152   Q  0.001196  0.269645  0.110706    0.1805    0.2541    0.0690    0.0190    0.1290    0.0986    0.4166
 000153   T  0.000963  0.245472  0.114738    0.2700    0.2503    0.0760    0.0190    0.1405    0.1034    0.4269
 000154   Y  0.000943  0.203729  0.118083    0.3184    0.3494    0.0900    0.0360    0.1605    0.1256    0.4246
 000155   F  0.000893  0.171704  0.121767    0.2292    0.3566    0.0870    0.0330    0.1409    0.1141    0.4073
 000156   L  0.000854  0.163612  0.124375    0.2602    0.2817    0.0750    0.0240    0.1303    0.1006    0.3979
 000157   W  0.000708  0.177270  0.127100    0.3491    0.2817    0.0820    0.0350    0.1485    0.1194    0.3972
 000158   G  0.000425  0.200979  0.130741    0.2748    0.1731    0.0910    0.0480    0.1234    0.0891    0.3939
 000159   T  0.000142  0.231105  0.138807    0.1878    0.1759    0.1090    0.0610    0.1173    0.0771    0.3888
 000160   P  0.000086  0.259685  0.154782    0.1349    0.1251    0.1190    0.0700    0.1065    0.0800    0.3817
 000161   K  0.000119  0.282910  0.173298    0.1566    0.1275    0.1250    0.0690    0.1154    0.0882    0.3747
 000162   E  0.000480  0.282741  0.192835    0.1088    0.1206    0.1000    0.0380    0.1021    0.0927    0.3684
 000163   A  0.001531  0.289218  0.217437    0.1060    0.0734    0.0900    0.0340    0.0933    0.1023    0.3630
 000164   L  0.013056  0.294519  0.240903    0.1088    0.0734    0.0890    0.0340    0.0964    0.1063    0.3573
 000165   P  0.021603  0.306365  0.263413    0.1205    0.1184    0.0940    0.0400    0.1102    0.1082    0.3559
 000166   H  0.054020  0.305009  0.278948    0.1921    0.2258    0.1050    0.0480    0.1470    0.1008    0.3561
 000167   L  0.077442  0.297865  0.290763    0.2602    0.3087    0.1120    0.0540    0.1761    0.1052    0.3557
 000168   L  0.116426  0.277337  0.299403    0.3939    0.3494    0.1030    0.0390    0.2068    0.1209    0.3568
 000169   F  0.119331  0.270486  0.309104    0.4037    0.3494    0.1030    0.0240    0.2076    0.1236    0.3625
 000170   P  0.158260  0.279496  0.318939    0.3225    0.3149    0.1160    0.0290    0.1986    0.0986    0.3716
 000171   V  0.181301  0.298133  0.323888    0.2913    0.2164    0.1500    0.0430    0.1895    0.0843    0.3814
 000172   G  0.196419  0.310247  0.329660    0.2657    0.1914    0.1660    0.0480    0.1883    0.0831    0.3882
 000173   G  0.209172  0.334505  0.336944    0.1878    0.1942    0.1790    0.0500    0.1842    0.0882    0.3937
 000174   L  0.224900  0.364849  0.342143    0.1878    0.2164    0.2080    0.0660    0.2003    0.0897    0.4006
 000175   T  0.234344  0.395517  0.352414    0.2865    0.2645    0.1950    0.0630    0.2294    0.0898    0.4132
 000176   K  0.278340  0.417290  0.362836    0.2602    0.2328    0.1910    0.0560    0.2299    0.0979    0.4222
 000177   P  0.291412  0.445242  0.377573    0.2292    0.1671    0.1870    0.0480    0.2199    0.1188    0.4290
 000178   E  0.376207  0.464858  0.393620    0.3005    0.2609    0.1810    0.0580    0.2639    0.1141    0.4319
 000179   V  0.440586  0.460072  0.407622    0.2820    0.3426    0.1900    0.0600    0.2858    0.1167    0.4284
 000180   R  0.521888  0.450959  0.423824    0.3885    0.4186    0.2070    0.0690    0.3312    0.1194    0.4231
 000181   A  0.608375  0.456574  0.441205    0.3668    0.3872    0.2270    0.0920    0.3411    0.1357    0.4138
 000182   L  0.687005  0.472379  0.459491    0.3939    0.4541    0.2260    0.1030    0.3723    0.1555    0.4071
 000183   A  0.758633  0.492853  0.476720    0.3847    0.4831    0.1970    0.0740    0.3861    0.1841    0.4090
 000184   E  0.811384  0.519308  0.495021    0.3806    0.4940    0.1730    0.0580    0.3963    0.2070    0.4129
 000185   K  0.835084  0.551749  0.516222    0.4749    0.5854    0.1690    0.0530    0.4361    0.2137    0.4158
 000186   A  0.865770  0.568347  0.533885    0.4703    0.5854    0.1840    0.0520    0.4456    0.2191    0.4152
 000187   G  0.834267  0.580996  0.551977    0.4749    0.6043    0.1660    0.0420    0.4433    0.2189    0.4179
 000188   L  0.782259  0.595681  0.569620    0.4651    0.4864    0.1650    0.0540    0.4157    0.2085    0.4229
 000189   P  0.736666  0.609300  0.585728    0.4600    0.3872    0.1400    0.0630    0.3889    0.2141    0.4301
 000190   T  0.694911  0.614044  0.597148    0.4749    0.3460    0.1300    0.0520    0.3766    0.2152    0.4289
 000191   A  0.615392  0.613217  0.598336    0.4078    0.2884    0.1340    0.0450    0.3431    0.2094    0.4261
 000192   R  0.536962  0.609118  0.597968    0.3578    0.2884    0.1450    0.0400    0.3228    0.1990    0.4224
 000193   R  0.459933  0.598362  0.597132    0.3630    0.3599    0.1660    0.0520    0.3245    0.1806    0.4231
 000194   P  0.386398  0.583870  0.590869    0.3630    0.3983    0.1700    0.0530    0.3169    0.1739    0.4286
 000195   E  0.313705  0.563592  0.581627    0.3535    0.3117    0.1790    0.0560    0.2870    0.1735    0.4334
 000196   S  0.263352  0.534082  0.575173    0.3630    0.3117    0.1860    0.0690    0.2764    0.1697    0.4258
 000197   Q  0.216117  0.518827  0.577320    0.3225    0.3392    0.1720    0.0600    0.2615    0.1759    0.4197
 000198   N  0.188492  0.508198  0.579834    0.3184    0.2364    0.1670    0.0580    0.2365    0.1851    0.4125
 000199   L  0.159093  0.475906  0.587302    0.4078    0.2364    0.1610    0.0540    0.2400    0.1903    0.4006
 000200   C  0.153465  0.456009  0.591575    0.3005    0.2064    0.1630    0.0510    0.2132    0.1897    0.3888
 000201   F  0.138575  0.419314  0.591293    0.2385    0.2129    0.1690    0.0590    0.1965    0.1878    0.3781
 000202   V  0.121394  0.456035  0.595138    0.2700    0.2364    0.1730    0.0720    0.2095    0.1928    0.3754
 000203   A  0.108349  0.438212  0.594383    0.2820    0.1731    0.1840    0.0840    0.1976    0.1963    0.3746
 000204   G  0.105148  0.459562  0.587667    0.2820    0.1702    0.2000    0.0980    0.2028    0.1962    0.3734
 000205   D  0.106962  0.478420  0.583309    0.1878    0.1731    0.2130    0.1080    0.1933    0.2007    0.3734
 000206   L  0.120474  0.481166  0.578390    0.1844    0.1583    0.2360    0.1180    0.1967    0.1982    0.3727
 000207   K  0.117877  0.484954  0.578049    0.2080    0.1823    0.2310    0.1190    0.2040    0.1947    0.3773
 000208   G  0.160430  0.470720  0.574961    0.1878    0.1759    0.2460    0.1280    0.2069    0.1871    0.3802
 000209   F  0.246105  0.457563  0.573582    0.2080    0.1914    0.2850    0.1360    0.2314    0.1701    0.3816
 000210   L  0.346954  0.499372  0.575695    0.2700    0.1914    0.2770    0.1370    0.2642    0.1657    0.3877
 000211   K  0.446501  0.523823  0.575010    0.3668    0.2129    0.2710    0.1160    0.3035    0.1612    0.3944
 000212   E  0.509005  0.548909  0.572215    0.3668    0.3249    0.2740    0.1120    0.3372    0.1498    0.3994
 000213   R  0.581847  0.556341  0.568134    0.3668    0.3599    0.2980    0.1160    0.3605    0.1496    0.4002
 000214   L  0.658632  0.546602  0.561372    0.3992    0.3182    0.3030    0.1280    0.3710    0.1623    0.3996
 000215   K  0.722206  0.543805  0.556319    0.3668    0.3321    0.3160    0.1470    0.3801    0.1739    0.4007
 000216   P  0.787113  0.538005  0.551743    0.2786    0.3215    0.3150    0.1390    0.3734    0.2021    0.3996
 000217   R  0.809434  0.527423  0.547666    0.3535    0.4087    0.3360    0.1380    0.4058    0.1851    0.4003
 000218   P  0.798908  0.515557  0.543225    0.3535    0.3494    0.3160    0.1190    0.3889    0.1898    0.3979
 000219   G  0.782747  0.496509  0.534027    0.3578    0.2884    0.3210    0.0920    0.3745    0.1904    0.3977
 000220   P  0.774551  0.466684  0.528369    0.3762    0.3948    0.3110    0.1000    0.3872    0.1743    0.3953
 000221   L  0.801147  0.434455  0.524857    0.3717    0.4801    0.2820    0.1070    0.3950    0.1843    0.3915
 000222   V  0.815597  0.405292  0.519740    0.3762    0.4901    0.2310    0.0960    0.3863    0.1990    0.3923
 000223   D  0.824290  0.374263  0.508981    0.3668    0.4901    0.2160    0.0880    0.3785    0.2061    0.3942
 000224   A  0.835551  0.358630  0.495110    0.3668    0.4940    0.2140    0.0860    0.3782    0.2097    0.3977
 000225   L  0.819881  0.359001  0.481600    0.4379    0.5456    0.2070    0.0810    0.3950    0.2037    0.4043
 000226   T  0.800090  0.371789  0.471634    0.4458    0.5493    0.2060    0.0670    0.3955    0.1967    0.4164
 000227   G  0.767951  0.388409  0.461193    0.3885    0.4409    0.2150    0.0580    0.3668    0.1822    0.4306
 000228   E  0.750989  0.430229  0.448984    0.3992    0.3631    0.2430    0.0660    0.3644    0.1717    0.4274
 000229   V  0.734488  0.464187  0.442924    0.2963    0.3460    0.2810    0.0830    0.3537    0.1702    0.4218
 000230   V  0.725550  0.478649  0.438521    0.2255    0.2752    0.2620    0.0910    0.3278    0.1875    0.4157
 000231   G  0.710696  0.505723  0.437227    0.1998    0.2503    0.2360    0.0890    0.3172    0.1956    0.4084
 000232   E  0.701326  0.504730  0.439527    0.1998    0.3249    0.2210    0.0810    0.3253    0.1885    0.4025
 000233   H  0.689211  0.474416  0.439594    0.2602    0.3840    0.2130    0.0820    0.3368    0.1718    0.4016
 000234   E  0.691417  0.440092  0.435870    0.2602    0.3667    0.1770    0.0700    0.3225    0.1779    0.3958
 000235   G  0.664925  0.425787  0.435522    0.2865    0.3948    0.1380    0.0510    0.3183    0.1755    0.3905
 000236   A  0.632027  0.415791  0.436379    0.3535    0.3948    0.1210    0.0440    0.3195    0.1667    0.3872
 000237   S  0.566376  0.401017  0.436445    0.3491    0.3872    0.1020    0.0330    0.3010    0.1571    0.3915
 000238   L  0.495172  0.383320  0.431538    0.2700    0.3117    0.0870    0.0220    0.2579    0.1496    0.3953
 000239   Y  0.410935  0.380095  0.427992    0.2602    0.2224    0.0870    0.0170    0.2268    0.1405    0.3963
 000240   T  0.332149  0.367082  0.417271    0.2483    0.2817    0.0880    0.0140    0.2195    0.1263    0.3947
 000241   L  0.248885  0.346277  0.401996    0.2432    0.3529    0.0940    0.0140    0.2143    0.1213    0.3912
 000242   G  0.172908  0.342384  0.384771    0.2333    0.3566    0.0970    0.0130    0.2003    0.1233    0.3860
 000243   Q  0.092927  0.344610  0.365311    0.2255    0.2715    0.1110    0.0210    0.1743    0.1212    0.3835
 000244   R  0.042977  0.349447  0.349347    0.2255    0.2783    0.1300    0.0310    0.1711    0.1266    0.3860
 000245   K  0.015305  0.347497  0.338308    0.1532    0.2645    0.1450    0.0530    0.1543    0.1309    0.3945
 000246   G  0.013504  0.363044  0.324595    0.1602    0.1852    0.1550    0.0590    0.1462    0.1280    0.4051
 000247   L  0.011367  0.376716  0.311210    0.1805    0.1528    0.1610    0.0610    0.1471    0.1287    0.4212
 000248   G  0.021815  0.373448  0.300090    0.1178    0.1092    0.1430    0.0520    0.1275    0.1305    0.4322
 000249   L  0.039756  0.340421  0.294038    0.1266    0.1611    0.1350    0.0510    0.1339    0.1140    0.4208
 000250   Y  0.073873  0.307322  0.292043    0.1292    0.1731    0.1150    0.0490    0.1331    0.1009    0.4114
 000251   K  0.104114  0.279080  0.283382    0.1240    0.1759    0.1050    0.0380    0.1313    0.0898    0.4071
 000252   T  0.150744  0.229717  0.274700    0.1266    0.2680    0.1110    0.0460    0.1477    0.0808    0.3961
 000253   H  0.189822  0.208436  0.270999    0.1349    0.2783    0.0990    0.0360    0.1517    0.0796    0.3846
 000254   L  0.232409  0.186940  0.268885    0.1456    0.2680    0.0990    0.0400    0.1553    0.0774    0.3781
 000255   E  0.233368  0.179377  0.269157    0.1635    0.2849    0.1010    0.0440    0.1603    0.0781    0.3849
 000256   R  0.236011  0.183729  0.274476    0.1635    0.2258    0.1100    0.0520    0.1532    0.0704    0.3975
 000257   Y  0.271403  0.200015  0.278665    0.1667    0.1671    0.1240    0.0540    0.1549    0.0732    0.4074
 000258   V  0.306254  0.214172  0.285721    0.1766    0.1611    0.1230    0.0520    0.1635    0.0814    0.4294
 000259   V  0.328703  0.231073  0.297871    0.1292    0.1137    0.1140    0.0460    0.1528    0.1014    0.4245
 000260   G  0.365274  0.263206  0.312002    0.1266    0.1702    0.1250    0.0540    0.1751    0.1061    0.4092
 000261   V  0.393905  0.275017  0.318582    0.1266    0.2715    0.1300    0.0620    0.1995    0.1103    0.3997
 000262   D  0.408941  0.291125  0.328287    0.1292    0.2715    0.1290    0.0620    0.2050    0.1156    0.3967
 000263   P  0.368665  0.305699  0.340482    0.1456    0.2715    0.1220    0.0560    0.2023    0.1095    0.3842
 000264   E  0.372349  0.313053  0.355187    0.1322    0.2364    0.1240    0.0610    0.1963    0.1161    0.3721
 000265   R  0.380704  0.305898  0.374523    0.2080    0.2399    0.1290    0.0710    0.2106    0.1098    0.3621
 000266   N  0.350724  0.292600  0.393078    0.1732    0.1611    0.1310    0.0730    0.1848    0.1198    0.3642
 000267   V  0.308955  0.265319  0.408626    0.1240    0.0929    0.1300    0.0630    0.1535    0.1335    0.3775
 000268   V  0.264625  0.242637  0.422940    0.1322    0.1528    0.1330    0.0630    0.1543    0.1246    0.3890
 000269   Y  0.210990  0.220377  0.434556    0.1088    0.2064    0.1370    0.0600    0.1473    0.1271    0.4020
 000270   V  0.146303  0.212663  0.442267    0.1635    0.1969    0.1380    0.0490    0.1428    0.1278    0.4009
 000271   G  0.106194  0.224360  0.456448    0.1667    0.2064    0.1380    0.0450    0.1403    0.1374    0.4029
 000272   P  0.106919  0.224406  0.473101    0.1566    0.2715    0.1510    0.0630    0.1517    0.1443    0.4040
 000273   K  0.102651  0.226318  0.490974    0.1566    0.2715    0.1580    0.0700    0.1524    0.1510    0.4041
 000274   E  0.092691  0.229005  0.510668    0.1380    0.2436    0.1790    0.0880    0.1471    0.1593    0.4100
 000275   A  0.079051  0.231244  0.530366    0.1380    0.1643    0.1980    0.0980    0.1351    0.1700    0.4170
 000276   C  0.094954  0.243546  0.547819    0.1456    0.1791    0.2080    0.1030    0.1452    0.1729    0.4261
 000277   Y  0.109801  0.258818  0.568197    0.1018    0.1137    0.2200    0.1130    0.1340    0.1886    0.4280
 000278   F  0.112840  0.292862  0.583417    0.1495    0.1070    0.2360    0.1200    0.1497    0.1912    0.4173
 000279   E  0.122488  0.317800  0.597695    0.1456    0.1298    0.2540    0.1290    0.1616    0.1940    0.4055
 000280   G  0.161451  0.339579  0.606577    0.1566    0.2034    0.2950    0.1510    0.1927    0.1852    0.3990
 000281   L  0.211335  0.351250  0.618681    0.1844    0.1914    0.3170    0.1570    0.2092    0.1827    0.4001
 000282   E  0.255852  0.378262  0.633876    0.1958    0.2164    0.3190    0.1600    0.2276    0.1817    0.3985
 000283   G  0.321540  0.393130  0.649973    0.1205    0.2002    0.3290    0.1710    0.2275    0.1989    0.3987
 000284   E  0.415254  0.413294  0.666475    0.1495    0.2164    0.3360    0.1790    0.2551    0.1996    0.3989
 000285   G  0.485767  0.434902  0.683752    0.1456    0.1476    0.3320    0.1860    0.2577    0.2218    0.3992
 000286   L  0.550706  0.445861  0.699449    0.1766    0.1823    0.3470    0.1830    0.2837    0.2222    0.3984
 000287   N  0.621848  0.432154  0.710173    0.1766    0.1852    0.3490    0.1860    0.2942    0.2339    0.3917
 000288   L  0.689070  0.447954  0.720729    0.2483    0.2645    0.3480    0.1800    0.3330    0.2245    0.3869
 000289   L  0.725181  0.449634  0.729085    0.2700    0.2988    0.3270    0.1610    0.3451    0.2276    0.3814
 000290   A  0.760892  0.464483  0.729020    0.2748    0.2849    0.3050    0.1420    0.3484    0.2380    0.3713
 000291   E  0.802148  0.462907  0.722443    0.2041    0.2064    0.3330    0.1470    0.3347    0.2642    0.3562
 000292   L  0.823817  0.485749  0.719830    0.2657    0.2752    0.3480    0.1540    0.3665    0.2473    0.3453
 000293   P  0.818184  0.493005  0.713801    0.1766    0.2783    0.3770    0.1400    0.3571    0.2574    0.3277
 000294   E  0.809417  0.499172  0.707210    0.1667    0.3053    0.4500    0.1250    0.3718    0.2493    0.3120
 000295   E  0.807225  0.501193  0.703921    0.1635    0.3215    0.4900    0.1260    0.3806    0.2462    0.2975
 000296   V  0.808900  0.492744  0.700741    0.1844    0.2541    0.5160    0.1300    0.3761    0.2509    0.2820
 000297   E  0.814121  0.478420  0.697202    0.2700    0.3215    0.5050    0.1180    0.3982    0.2246    0.2674
 000298   V  0.817930  0.470923  0.697345    0.1958    0.2817    0.4930    0.1190    0.3765    0.2456    0.2567
 000299   Q  0.823079  0.467867  0.695619    0.2531    0.3494    0.4530    0.1160    0.3910    0.2273    0.2468
 000300   V  0.826723  0.478779  0.694380    0.2865    0.3566    0.4280    0.1180    0.3962    0.2220    0.2413
 000301   R  0.828097  0.480816  0.688760    0.3184    0.3948    0.3930    0.1030    0.4025    0.2147    0.2379
 000302   Y  0.829891  0.479712  0.677095    0.2333    0.3872    0.3680    0.0950    0.3830    0.2303    0.2383
 000303   R  0.831793  0.475069  0.668549    0.3184    0.3872    0.2900    0.0620    0.3837    0.2249    0.2326
 000304   T  0.837866  0.485268  0.660406    0.2963    0.3599    0.2750    0.0840    0.3757    0.2322    0.2355
 000305   P  0.838723  0.469823  0.652643    0.2080    0.3774    0.2900    0.0880    0.3639    0.2415    0.2332
 000306   P  0.854199  0.496975  0.647320    0.1998    0.2884    0.3140    0.1110    0.3589    0.2516    0.2315
 000307   V  0.862096  0.521666  0.636782    0.2865    0.3494    0.3270    0.1280    0.3912    0.2295    0.2294
 000308   R  0.820582  0.551723  0.626834    0.2080    0.2645    0.3170    0.1470    0.3602    0.2429    0.2294
 000309   A  0.777351  0.557786  0.615535    0.2786    0.3215    0.2740    0.1410    0.3683    0.2174    0.2338
 000310   K  0.713226  0.572360  0.606550    0.1844    0.2094    0.2400    0.1150    0.3199    0.2372    0.2358
 000311   V  0.644073  0.567032  0.596671    0.2531    0.2470    0.1900    0.0660    0.3169    0.2133    0.2398
 000312   E  0.560729  0.542455  0.581030    0.1766    0.2541    0.1590    0.0400    0.2822    0.2088    0.2465
 000313   S  0.470133  0.516300  0.563644    0.2167    0.3599    0.1380    0.0350    0.2835    0.1821    0.2556
 000314   L  0.381674  0.487666  0.545349    0.2385    0.3019    0.1360    0.0340    0.2576    0.1674    0.2685
 000315   S  0.274822  0.451499  0.529606    0.2531    0.1852    0.1440    0.0380    0.2181    0.1645    0.2754
 000316   P  0.176490  0.410887  0.514769    0.1635    0.1399    0.1500    0.0470    0.1735    0.1706    0.2878
 000317   L  0.130074  0.379102  0.501836    0.0832    0.0799    0.1510    0.0590    0.1372    0.1816    0.2999
 000318   R  0.088075  0.341838  0.486151    0.1060    0.1275    0.1290    0.0630    0.1321    0.1693    0.3105
 000319   L  0.061423  0.303964  0.471674    0.0701    0.1501    0.1200    0.0550    0.1176    0.1666    0.3257
 000320   R  0.038718  0.297708  0.455303    0.0884    0.1759    0.1180    0.0520    0.1198    0.1607    0.3368
 000321   F  0.031802  0.276428  0.440843    0.1041    0.1823    0.1320    0.0640    0.1211    0.1519    0.3528
 000322   A  0.026372  0.238662  0.428883    0.1532    0.2436    0.1180    0.0610    0.1300    0.1446    0.3587
 000323   H  0.020980  0.214912  0.416788    0.1566    0.2002    0.0950    0.0460    0.1147    0.1411    0.3621
 000324   P  0.021755  0.195908  0.401286    0.1566    0.1449    0.0680    0.0290    0.0978    0.1379    0.3571
 000325   V  0.019762  0.194462  0.384724    0.1844    0.1206    0.0570    0.0220    0.0961    0.1346    0.3481
 000326   F  0.021056  0.203165  0.363537    0.1240    0.0765    0.0560    0.0230    0.0802    0.1300    0.3472
 000327   A  0.020976  0.231265  0.345035    0.0587    0.0618    0.0590    0.0250    0.0719    0.1310    0.3451
 000328   V  0.028741  0.253289  0.327674    0.0542    0.0985    0.0620    0.0240    0.0828    0.1248    0.3426
 000329   T  0.034924  0.269906  0.307212    0.0554    0.1092    0.0590    0.0220    0.0881    0.1199    0.3452
 000330   P  0.043472  0.269290  0.288726    0.0935    0.1611    0.0620    0.0230    0.1049    0.1078    0.3366
 000331   G  0.050605  0.266206  0.271797    0.0991    0.1115    0.0720    0.0310    0.0999    0.1004    0.3291
 000332   Q  0.058823  0.263370  0.262076    0.1667    0.1323    0.0690    0.0300    0.1151    0.0930    0.3201
 000333   S  0.075701  0.241208  0.255954    0.1240    0.1528    0.0590    0.0220    0.1088    0.0866    0.3206
 000334   A  0.089072  0.227755  0.248617    0.0677    0.1501    0.0500    0.0160    0.0975    0.0874    0.3211
 000335   V  0.098808  0.219871  0.240479    0.0567    0.1092    0.0440    0.0130    0.0882    0.0857    0.3253
 000336   F  0.112907  0.219868  0.231743    0.0935    0.1070    0.0480    0.0150    0.0969    0.0776    0.3324
 000337   Y  0.123991  0.214157  0.217511    0.1292    0.1162    0.0560    0.0200    0.1066    0.0674    0.3295
 000338   R  0.134846  0.222255  0.209023    0.1018    0.1323    0.0560    0.0210    0.1078    0.0676    0.3167
 000339   G  0.142188  0.217795  0.197701    0.0909    0.1823    0.0580    0.0240    0.1152    0.0664    0.3052
 000340   E  0.150369  0.206030  0.189406    0.0858    0.1702    0.0570    0.0240    0.1115    0.0627    0.2914
 000341   R  0.155918  0.191699  0.181136    0.0701    0.0967    0.0540    0.0190    0.0947    0.0618    0.2849
 000342   L  0.151716  0.188606  0.178882    0.0701    0.0592    0.0510    0.0150    0.0867    0.0651    0.2760
 000343   L  0.163231  0.189387  0.182987    0.0387    0.0631    0.0510    0.0160    0.0842    0.0715    0.2628
 000344   G  0.170012  0.194314  0.184515    0.0226    0.0380    0.0520    0.0170    0.0795    0.0797    0.2435
 000345   G  0.185826  0.193386  0.184810    0.0297    0.0380    0.0670    0.0250    0.0857    0.0787    0.2231
 000346   A  0.193363  0.182612  0.182184    0.0274    0.0592    0.0760    0.0300    0.0898    0.0740    0.2032
 000347   V  0.196819  0.154265  0.176492    0.0395    0.0704    0.0760    0.0250    0.0895    0.0662    0.1856
 000348   I  0.201309  0.135827  0.171418    0.0660    0.1206    0.0910    0.0350    0.1025    0.0539    0.1723
 000349   R  0.211612  0.131993  0.169898    0.0350    0.1323    0.1090    0.0500    0.1033    0.0613    0.1672
 000350   R  0.251312  0.128454  0.168362    0.0363    0.1528    0.1270    0.0570    0.1159    0.0696    0.1612
 000351   G  0.284259  0.129072  0.165930    0.0336    0.1399    0.1450    0.0620    0.1220    0.0785    0.1561
 000352   L  0.289832  0.135541  0.163598    0.0425    0.1206    0.1620    0.0700    0.1250    0.0785    0.1501
 000353   Y  0.305793  0.146554  0.162644    0.0723    0.1184    0.1730    0.0770    0.1360    0.0768    0.1436
 000354   N  0.349443  0.179485  0.161623    0.1018    0.1914    0.2420    0.1050    0.1773    0.0816    0.1393
 000355   L  0.395790  0.216564  0.163541    0.0554    0.1048    0.2970    0.1330    0.1783    0.1181    0.1390
 000356   A  0.443401  0.255525  0.166064    0.0587    0.1048    0.2730    0.0960    0.1892    0.1295    0.1416
 000357   G  0.489422  0.278025  0.170027    0.0376    0.1206    0.3210    0.0760    0.2078    0.1501    0.1478
 000358   L  0.541246  0.311093  0.170842    0.0587    0.1476    0.6440    0.0620    0.2838    0.2156    0.1538
 000359   E  0.561715  0.342563  0.171725    0.1380    0.2094    0.6210    0.1130    0.3121    0.1912    0.1632
 000360   D  0.607894  0.392030  0.173487    0.1732    0.1881    0.6440    0.1000    0.3343    0.2031    0.1715
 000361   P  0.652335  0.477120  0.176461    0.2167    0.1671    0.7090    0.0870    0.3705    0.2267    0.1808
 000362   R  0.670630  0.587075  0.180784    0.2602    0.1373    0.7100    0.0800    0.3943    0.2391    0.1884
 000363   A  0.627592  0.663916  0.183029    0.3939    0.1914    0.7040    0.0960    0.4301    0.2191    0.1924
 000364   L  0.848173  0.746555  0.185347    0.5173    0.2645    0.7470    0.0660    0.5206    0.2542    0.1984
 000365   T  0.679618  0.812074  0.186132    0.5583    0.2094    0.8090    0.0430    0.5115    0.2603    0.2065
 000366   F  0.523045  0.811153  0.186409    0.6870    0.2988    0.8640    0.0410    0.5307    0.2539    0.2140
 000367   S  0.340816  0.796550  0.187949    0.7605    0.3149    0.8840    0.0490    0.5162    0.2747    0.2218
