#RESNUM RES     VL-XT     VSL2B       VL3  IUPred-S  IUPred-L  PONDRFIT  FITERROR       MDP  MDPERROR   ANCHOR2
 000001   M  0.744523  0.701889  0.515595    0.6715    0.0143    0.9630    0.0200    0.5158    0.3062    0.3394
 000002   T  0.549834  0.679384  0.518126    0.5514    0.0205    0.9230    0.0590    0.4540    0.2832    0.3469
 000003   Y  0.555857  0.655315  0.512719    0.4879    0.0287    0.9280    0.0370    0.4426    0.2805    0.3480
 000004   E  0.298799  0.594532  0.505494    0.4379    0.0398    0.9660    0.0220    0.3895    0.2946    0.3532
 000005   E  0.335355  0.537551  0.498646    0.3847    0.0618    0.9680    0.0470    0.3813    0.2849    0.3589
 000006   A  0.281353  0.480608  0.489966    0.3311    0.0835    0.9820    0.0300    0.3598    0.2894    0.3671
 000007   L  0.247121  0.428010  0.483848    0.3005    0.1184    0.9710    0.0500    0.3442    0.2833    0.3847
 000008   A  0.211020  0.323686  0.477002    0.2531    0.1373    0.9830    0.0280    0.3180    0.2932    0.3927
 000009   W  0.215973  0.269568  0.472033    0.2167    0.1643    0.9850    0.0240    0.3086    0.2954    0.3972
 000010   L  0.226150  0.267824  0.467776    0.1732    0.2002    0.9650    0.0510    0.3053    0.2879    0.3968
 000011   Y  0.321612  0.248259  0.463123    0.1380    0.2258    0.9410    0.0930    0.3124    0.2768    0.3842
 000012   A  0.421993  0.280469  0.458454    0.1732    0.2680    0.8050    0.2180    0.3247    0.2183    0.3750
 000013   R  0.521883  0.323837  0.456303    0.1602    0.1881    0.7590    0.1800    0.3255    0.2197    0.3648
 000014   R  0.600537  0.388558  0.455154    0.2385    0.2783    0.6740    0.1520    0.3633    0.1754    0.3567
 000015   R  0.682325  0.467690  0.461541    0.1844    0.2364    0.7090    0.1200    0.3801    0.2134    0.3443
 000016   T  0.766119  0.550066  0.469134    0.1878    0.1501    0.7490    0.1400    0.4005    0.2550    0.3293
 000017   G  0.851112  0.626403  0.478417    0.1844    0.1115    0.7240    0.1870    0.4163    0.2824    0.3108
 000018   E  0.923713  0.655382  0.487699    0.1921    0.1501    0.6530    0.1860    0.4291    0.2839    0.2986
 000019   R  0.993239  0.653077  0.489856    0.1532    0.1702    0.5080    0.1380    0.4130    0.2988    0.2871
 000020   G  0.989047  0.613753  0.489404    0.2385    0.1881    0.3800    0.1100    0.4015    0.2800    0.2781
 000021   T  0.918566  0.555551  0.480813    0.3096    0.2645    0.2830    0.0970    0.3885    0.2416    0.2745
 000022   H  0.843653  0.477490  0.473495    0.3005    0.3566    0.2340    0.0840    0.3688    0.2126    0.2717
 000023   R  0.769909  0.403433  0.467375    0.3184    0.4119    0.2030    0.0800    0.3510    0.1909    0.2655
 000024   V  0.679770  0.360430  0.462763    0.3263    0.4292    0.1670    0.0590    0.3272    0.1731    0.2626
 000025   R  0.583717  0.327294  0.454271    0.3630    0.4051    0.1530    0.0370    0.3054    0.1508    0.2618
 000026   A  0.479814  0.304469  0.443936    0.3762    0.4119    0.1560    0.0270    0.2881    0.1303    0.2592
 000027   L  0.374427  0.308378  0.435712    0.3311    0.2849    0.1530    0.0250    0.2420    0.1134    0.2578
 000028   L  0.267614  0.309494  0.425632    0.3359    0.2002    0.1510    0.0330    0.2107    0.1144    0.2556
 000029   A  0.168026  0.291407  0.413473    0.2292    0.1611    0.1750    0.0510    0.1708    0.1133    0.2508
 000030   R  0.129028  0.289689  0.401337    0.1667    0.1162    0.1830    0.0570    0.1475    0.1209    0.2506
 000031   L  0.095019  0.294922  0.387046    0.1380    0.1162    0.1950    0.0830    0.1399    0.1230    0.2494
 000032   G  0.059135  0.287137  0.371753    0.0884    0.0734    0.1870    0.0860    0.1158    0.1327    0.2507
 000033   H  0.039625  0.300530  0.356380    0.0965    0.0424    0.1980    0.0840    0.1128    0.1369    0.2590
 000034   P  0.026692  0.313539  0.346168    0.0607    0.0443    0.1930    0.0780    0.1063    0.1415    0.2646
 000035   E  0.021705  0.306072  0.335909    0.0514    0.0734    0.1590    0.0610    0.1020    0.1351    0.2661
 000036   A  0.018302  0.284927  0.324767    0.0502    0.0835    0.1230    0.0450    0.0932    0.1283    0.2675
 000037   G  0.017081  0.270817  0.315752    0.0607    0.1007    0.0950    0.0360    0.0908    0.1221    0.2724
 000038   F  0.015687  0.225569  0.305608    0.0991    0.1611    0.0650    0.0160    0.0945    0.1105    0.2778
 000039   L  0.016866  0.182997  0.296397    0.1380    0.2364    0.0550    0.0170    0.1049    0.1091    0.2861
 000040   A  0.018767  0.160838  0.285287    0.1635    0.2645    0.0470    0.0190    0.1091    0.1102    0.2906
 000041   V  0.018624  0.151797  0.273654    0.1566    0.2064    0.0420    0.0180    0.0959    0.0996    0.2948
 000042   H  0.018163  0.160015  0.261999    0.2292    0.2258    0.0470    0.0200    0.1133    0.1031    0.3020
 000043   V  0.016927  0.174193  0.250299    0.1635    0.1969    0.0680    0.0200    0.1033    0.0892    0.3030
 000044   L  0.015543  0.209548  0.237384    0.1117    0.1206    0.0960    0.0260    0.0922    0.0836    0.3023
 000045   G  0.019120  0.273538  0.224063    0.0723    0.0618    0.1200    0.0400    0.0912    0.0985    0.3057
 000046   T  0.017059  0.335601  0.204365    0.0395    0.0618    0.1840    0.0530    0.1064    0.1174    0.3160
 000047   N  0.015331  0.378166  0.182813    0.0279    0.0618    0.2260    0.0840    0.1181    0.1324    0.3234
 000048   G  0.015060  0.408648  0.159829    0.0308    0.0506    0.2020    0.0670    0.1178    0.1391    0.3277
 000049   K  0.015230  0.397255  0.137713    0.0441    0.0518    0.1920    0.0740    0.1168    0.1320    0.3322
 000050   G  0.020333  0.359556  0.120122    0.0542    0.0851    0.1820    0.0770    0.1168    0.1136    0.3321
 000051   S  0.025777  0.297923  0.107756    0.0327    0.0851    0.1350    0.0540    0.0961    0.0926    0.3373
 000052   V  0.030461  0.248387  0.100084    0.0526    0.1092    0.0920    0.0370    0.0888    0.0716    0.3377
 000053   V  0.031544  0.204474  0.092618    0.0387    0.1070    0.0640    0.0260    0.0743    0.0599    0.3323
 000054   A  0.027801  0.170731  0.085313    0.0478    0.0967    0.0510    0.0190    0.0657    0.0489    0.3257
 000055   Y  0.028665  0.151820  0.078309    0.0813    0.1323    0.0550    0.0160    0.0749    0.0443    0.3146
 000056   L  0.028217  0.150337  0.076635    0.0490    0.0765    0.0460    0.0080    0.0584    0.0413    0.2991
 000057   E  0.027035  0.144776  0.073101    0.0395    0.0704    0.0410    0.0050    0.0538    0.0408    0.2754
 000058   A  0.024188  0.139538  0.069775    0.0218    0.0543    0.0430    0.0070    0.0472    0.0414    0.2566
 000059   A  0.021171  0.146432  0.067428    0.0231    0.0294    0.0450    0.0120    0.0441    0.0451    0.2421
 000060   F  0.017354  0.141430  0.066208    0.0179    0.0320    0.0510    0.0180    0.0432    0.0441    0.2257
 000061   R  0.013264  0.145374  0.068453    0.0102    0.0313    0.0570    0.0190    0.0428    0.0473    0.2162
 000062   A  0.018353  0.161256  0.071366    0.0109    0.0389    0.0700    0.0200    0.0498    0.0515    0.2051
 000063   A  0.030443  0.179201  0.075244    0.0194    0.0618    0.0830    0.0220    0.0623    0.0534    0.1983
 000064   G  0.029472  0.188393  0.078362    0.0387    0.0555    0.0850    0.0200    0.0661    0.0542    0.1957
 000065   L  0.031819  0.207672  0.077945    0.0502    0.0433    0.0980    0.0220    0.0718    0.0606    0.1950
 000066   A  0.037984  0.234110  0.079920    0.0514    0.0835    0.0980    0.0250    0.0841    0.0657    0.1970
 000067   Y  0.052002  0.245428  0.083002    0.0514    0.0704    0.1090    0.0310    0.0881    0.0686    0.2028
 000068   G  0.060667  0.254786  0.085601    0.0502    0.0618    0.1120    0.0370    0.0899    0.0718    0.2135
 000069   A  0.072001  0.250933  0.088450    0.0327    0.0835    0.1200    0.0340    0.0932    0.0705    0.2211
 000070   Y  0.084289  0.246561  0.091017    0.0405    0.0985    0.1300    0.0380    0.0999    0.0661    0.2281
 000071   T  0.088965  0.237545  0.093452    0.0909    0.1115    0.1160    0.0350    0.1075    0.0545    0.2350
 000072   S  0.086308  0.233576  0.096778    0.0832    0.1115    0.1200    0.0350    0.1057    0.0541    0.2313
 000073   P  0.097365  0.217397  0.102518    0.0621    0.1399    0.1230    0.0300    0.1066    0.0512    0.2266
 000074   H  0.109979  0.217102  0.109939    0.0723    0.1702    0.1270    0.0380    0.1161    0.0504    0.2229
 000075   L  0.117565  0.228991  0.118942    0.0789    0.1092    0.1260    0.0390    0.1101    0.0508    0.2174
 000076   V  0.119287  0.263522  0.130705    0.1292    0.1702    0.1160    0.0420    0.1331    0.0561    0.2119
 000077   D  0.130260  0.287739  0.139723    0.1041    0.2224    0.1340    0.0620    0.1464    0.0683    0.2074
 000078   F  0.138694  0.316555  0.147216    0.1667    0.2503    0.1590    0.0760    0.1719    0.0695    0.2012
 000079   R  0.146472  0.334255  0.152376    0.1844    0.2783    0.1530    0.0730    0.1828    0.0766    0.1939
 000080   E  0.154409  0.310831  0.156718    0.1495    0.3019    0.1390    0.0620    0.1759    0.0785    0.1895
 000081   R  0.162860  0.290204  0.160566    0.2432    0.4119    0.1180    0.0460    0.2044    0.1024    0.1801
 000082   I  0.181153  0.289713  0.165749    0.2167    0.3704    0.1060    0.0390    0.1939    0.0909    0.1738
 000083   R  0.190434  0.282176  0.169723    0.2292    0.3087    0.0970    0.0340    0.1846    0.0761    0.1742
 000084   T  0.200079  0.291749  0.172677    0.1878    0.2164    0.1100    0.0390    0.1677    0.0613    0.1755
 000085   H  0.212758  0.328785  0.175785    0.1322    0.2064    0.1230    0.0520    0.1672    0.0741    0.1717
 000086   L  0.211758  0.335653  0.177520    0.1495    0.1852    0.1230    0.0570    0.1675    0.0742    0.1646
 000087   G  0.201206  0.335001  0.178396    0.1998    0.1852    0.1080    0.0350    0.1715    0.0738    0.1587
 000088   P  0.191357  0.352334  0.179468    0.1205    0.1528    0.0860    0.0120    0.1505    0.0897    0.1502
 000089   V  0.195039  0.344544  0.180816    0.1456    0.1671    0.0860    0.0140    0.1563    0.0844    0.1425
 000090   P  0.199715  0.331681  0.181644    0.1292    0.1476    0.0790    0.0190    0.1479    0.0843    0.1402
 000091   R  0.194257  0.295681  0.184795    0.0660    0.1323    0.0790    0.0220    0.1279    0.0837    0.1363
 000092   E  0.183246  0.257089  0.184958    0.0587    0.1476    0.0660    0.0190    0.1187    0.0763    0.1353
 000093   A  0.184931  0.203637  0.185914    0.0884    0.2399    0.0490    0.0140    0.1276    0.0740    0.1326
 000094   V  0.200629  0.155765  0.185774    0.1041    0.2164    0.0420    0.0110    0.1199    0.0680    0.1301
 000095   V  0.224095  0.123527  0.185799    0.1041    0.1298    0.0410    0.0130    0.1038    0.0660    0.1299
 000096   R  0.266820  0.127747  0.187281    0.0884    0.1349    0.0420    0.0150    0.1100    0.0781    0.1385
 000097   F  0.304676  0.122630  0.188309    0.0789    0.2164    0.0430    0.0130    0.1276    0.0935    0.1532
 000098   V  0.321970  0.132772  0.188461    0.0832    0.2470    0.0450    0.0120    0.1384    0.0998    0.1714
 000099   A  0.309418  0.136592  0.188700    0.0813    0.2470    0.0480    0.0120    0.1371    0.0961    0.1957
 000100   W  0.297192  0.158914  0.189387    0.1416    0.3117    0.0570    0.0160    0.1610    0.0943    0.2249
 000101   A  0.294671  0.212774  0.190421    0.1456    0.1852    0.0680    0.0200    0.1511    0.0753    0.2461
 000102   R  0.281289  0.260710  0.193287    0.1667    0.1092    0.0760    0.0250    0.1490    0.0807    0.2730
 000103   E  0.244981  0.304794  0.195291    0.0884    0.1048    0.0740    0.0190    0.1362    0.0921    0.3087
 000104   E  0.226049  0.345444  0.195748    0.0542    0.0765    0.0860    0.0170    0.1313    0.1080    0.3447
 000105   A  0.195833  0.373572  0.194869    0.0909    0.0948    0.1070    0.0320    0.1436    0.1039    0.3770
 000106   W  0.170486  0.382501  0.196323    0.0771    0.1449    0.1100    0.0300    0.1476    0.1036    0.4057
 000107   E  0.168881  0.377275  0.193971    0.0701    0.1275    0.0930    0.0260    0.1394    0.1061    0.4196
 000108   E  0.188869  0.383692  0.194087    0.1292    0.1501    0.0960    0.0300    0.1579    0.0983    0.4282
 000109   P  0.208426  0.364982  0.193180    0.1602    0.1791    0.0870    0.0310    0.1666    0.0898    0.4332
 000110   P  0.199119  0.332781  0.191494    0.1178    0.1184    0.0760    0.0280    0.1407    0.0895    0.4299
 000111   G  0.189969  0.286261  0.189737    0.1698    0.1275    0.0690    0.0240    0.1405    0.0733    0.4247
 000112   F  0.188091  0.248783  0.190912    0.1240    0.1554    0.0640    0.0230    0.1301    0.0661    0.4135
 000113   F  0.178201  0.214088  0.188558    0.0909    0.0851    0.0620    0.0210    0.1051    0.0666    0.4053
 000114   D  0.168109  0.186297  0.185396    0.0858    0.0749    0.0580    0.0190    0.0955    0.0626    0.4048
 000115   L  0.153360  0.174418  0.182382    0.0464    0.0780    0.0540    0.0180    0.0844    0.0643    0.4085
 000116   A  0.122554  0.163158  0.179508    0.0514    0.0929    0.0470    0.0140    0.0796    0.0589    0.4062
 000117   T  0.096131  0.158113  0.177818    0.1088    0.1554    0.0460    0.0130    0.0941    0.0539    0.4097
 000118   A  0.069482  0.144482  0.176361    0.0909    0.0985    0.0510    0.0170    0.0757    0.0521    0.4118
 000119   L  0.072467  0.126314  0.175885    0.0832    0.0765    0.0610    0.0220    0.0698    0.0496    0.4160
 000120   A  0.074212  0.136789  0.174400    0.0441    0.0380    0.0750    0.0310    0.0613    0.0573    0.4195
 000121   F  0.078064  0.127435  0.173434    0.0304    0.0263    0.1000    0.0390    0.0603    0.0595    0.4242
 000122   L  0.074974  0.133020  0.170407    0.0157    0.0227    0.1330    0.0570    0.0631    0.0648    0.4310
 000123   H  0.074962  0.136394  0.167120    0.0259    0.0275    0.1630    0.0730    0.0712    0.0655    0.4161
 000124   F  0.078124  0.153300  0.163138    0.0387    0.0605    0.1880    0.0720    0.0864    0.0628    0.3950
 000125   R  0.083163  0.174442  0.162301    0.0200    0.0463    0.1880    0.0590    0.0854    0.0710    0.3735
 000126   E  0.093935  0.189595  0.162387    0.0441    0.0780    0.1970    0.0510    0.1004    0.0643    0.3607
 000127   R  0.130762  0.207937  0.166825    0.0405    0.0618    0.1990    0.0410    0.1067    0.0700    0.3424
 000128   G  0.205301  0.225331  0.172265    0.0387    0.0581    0.1860    0.0440    0.1189    0.0777    0.3318
 000129   V  0.281098  0.219901  0.177151    0.0297    0.0690    0.1900    0.0440    0.1316    0.0912    0.3236
 000130   A  0.354495  0.231704  0.189486    0.0502    0.1251    0.2180    0.0630    0.1633    0.0993    0.3165
 000131   L  0.432688  0.251425  0.199474    0.0587    0.1424    0.2610    0.1080    0.1910    0.1203    0.3101
 000132   A  0.510186  0.265296  0.205037    0.1150    0.2503    0.2740    0.1150    0.2357    0.1247    0.3021
 000133   A  0.584430  0.283862  0.210075    0.1698    0.3019    0.2710    0.1020    0.2685    0.1380    0.2981
 000134   V  0.641281  0.318280  0.215355    0.1766    0.3087    0.2780    0.0630    0.2872    0.1551    0.2963
 000135   E  0.698410  0.351096  0.221690    0.2255    0.4330    0.3230    0.0810    0.3385    0.1660    0.3030
 000136   A  0.742916  0.383575  0.226892    0.2385    0.4087    0.3410    0.0950    0.3525    0.1758    0.3088
 000137   G  0.746764  0.418993  0.231759    0.2167    0.3087    0.3550    0.1050    0.3411    0.1823    0.3119
 000138   V  0.753888  0.469233  0.237279    0.2041    0.3117    0.3980    0.1250    0.3562    0.1880    0.3190
 000139   G  0.753653  0.513203  0.241607    0.1380    0.3053    0.3860    0.1090    0.3494    0.2041    0.3241
 000140   G  0.746062  0.561130  0.249347    0.2041    0.3019    0.3470    0.0810    0.3600    0.1956    0.3289
 000141   E  0.738538  0.602985  0.257005    0.2292    0.3019    0.3030    0.0700    0.3625    0.1981    0.3327
 000142   K  0.688767  0.585856  0.268139    0.2483    0.3019    0.2540    0.0700    0.3464    0.1830    0.3327
 000143   D  0.655349  0.544019  0.275654    0.2531    0.3426    0.2330    0.0730    0.3380    0.1660    0.3386
 000144   A  0.614105  0.522294  0.287266    0.2122    0.3053    0.2070    0.0690    0.3101    0.1624    0.3449
 000145   T  0.559682  0.477788  0.300247    0.2913    0.2951    0.1790    0.0570    0.3004    0.1376    0.3505
 000146   N  0.507952  0.416056  0.312080    0.2167    0.2918    0.1900    0.0610    0.2704    0.1220    0.3532
 000147   A  0.495164  0.369886  0.317287    0.1958    0.3356    0.1810    0.0520    0.2629    0.1189    0.3599
 000148   L  0.462783  0.334058  0.323168    0.1998    0.2680    0.1750    0.0480    0.2399    0.1096    0.3644
 000149   S  0.415227  0.301219  0.329013    0.2748    0.3321    0.1710    0.0450    0.2491    0.0916    0.3647
 000150   R  0.350621  0.277541  0.334821    0.2122    0.3494    0.1770    0.0480    0.2279    0.0881    0.3630
 000151   V  0.376924  0.256046  0.339308    0.2167    0.3631    0.1720    0.0480    0.2309    0.0956    0.3627
 000152   A  0.403909  0.243107  0.344352    0.2080    0.3529    0.1650    0.0450    0.2289    0.1033    0.3645
 000153   L  0.426410  0.248195  0.348875    0.2209    0.2817    0.1670    0.0470    0.2241    0.1030    0.3734
 000154   T  0.451220  0.256920  0.353985    0.2255    0.2817    0.1730    0.0540    0.2314    0.1080    0.3813
 000155   V  0.486751  0.273350  0.359975    0.1958    0.2849    0.1860    0.0620    0.2378    0.1189    0.3878
 000156   L  0.473530  0.282676  0.363828    0.2041    0.1969    0.1920    0.0650    0.2249    0.1202    0.3951
 000157   T  0.464367  0.305639  0.367253    0.1766    0.1881    0.1970    0.0630    0.2220    0.1229    0.4042
 000158   N  0.499785  0.321440  0.369721    0.1416    0.2164    0.2210    0.0800    0.2334    0.1330    0.4087
 000159   V  0.552252  0.346489  0.373926    0.2080    0.3117    0.2250    0.0840    0.2739    0.1297    0.4140
 000160   G  0.563272  0.379412  0.378288    0.2041    0.2364    0.2160    0.0730    0.2665    0.1418    0.4232
 000161   E  0.574223  0.399714  0.377627    0.2167    0.2575    0.2380    0.0870    0.2810    0.1390    0.4314
 000162   D  0.600409  0.409828  0.378485    0.1998    0.2988    0.2580    0.1030    0.2944    0.1440    0.4190
 000163   H  0.631473  0.425728  0.386183    0.2432    0.2645    0.2450    0.0900    0.3017    0.1524    0.4078
 000164   L  0.652222  0.424346  0.392905    0.2913    0.3149    0.2300    0.0810    0.3188    0.1509    0.4042
 000165   E  0.678612  0.421881  0.400298    0.2255    0.2951    0.2320    0.0840    0.3088    0.1688    0.4036
 000166   A  0.726478  0.421386  0.407403    0.2483    0.3774    0.2340    0.0810    0.3346    0.1760    0.4025
 000167   L  0.744623  0.419610  0.415405    0.3146    0.4582    0.2170    0.0670    0.3589    0.1769    0.4025
 000168   G  0.755596  0.413359  0.419864    0.3311    0.4149    0.2050    0.0610    0.3534    0.1808    0.4090
 000169   G  0.761387  0.408905  0.425473    0.3263    0.4017    0.2030    0.0610    0.3502    0.1839    0.4125
 000170   T  0.772996  0.416615  0.434613    0.3535    0.4441    0.2050    0.0590    0.3653    0.1852    0.4153
 000171   L  0.780284  0.419290  0.443123    0.3578    0.3356    0.2010    0.0580    0.3490    0.1923    0.4203
 000172   E  0.755830  0.425028  0.455613    0.3146    0.3117    0.1980    0.0530    0.3341    0.1916    0.4277
 000173   A  0.738768  0.428458  0.466816    0.2255    0.3286    0.2050    0.0510    0.3211    0.1957    0.4305
 000174   V  0.723812  0.450919  0.477322    0.2041    0.3215    0.2060    0.0550    0.3177    0.1973    0.4224
 000175   A  0.702161  0.468000  0.487258    0.3005    0.3356    0.1960    0.0520    0.3338    0.1814    0.4166
 000176   R  0.679230  0.487513  0.496558    0.2865    0.3494    0.1960    0.0520    0.3331    0.1787    0.4122
 000177   E  0.665201  0.500443  0.505910    0.2558    0.3117    0.1860    0.0490    0.3199    0.1864    0.4113
 000178   K  0.659698  0.511083  0.520800    0.3630    0.3215    0.1790    0.0470    0.3390    0.1789    0.4094
 000179   A  0.600637  0.507414  0.533558    0.2963    0.3356    0.1760    0.0440    0.3194    0.1739    0.4134
 000180   G  0.541169  0.500273  0.545263    0.2292    0.3321    0.1700    0.0410    0.2955    0.1762    0.4164
 000181   A  0.506256  0.483864  0.558070    0.2333    0.2918    0.1760    0.0370    0.2819    0.1738    0.4190
 000182   F  0.465489  0.459428  0.571872    0.3146    0.3599    0.1870    0.0430    0.2977    0.1560    0.4212
 000183   R  0.409281  0.436132  0.583298    0.2700    0.3460    0.1860    0.0410    0.2745    0.1595    0.4186
 000184   P  0.358098  0.431286  0.596558    0.2963    0.3087    0.1830    0.0320    0.2629    0.1624    0.4186
 000185   G  0.312494  0.433155  0.607946    0.3630    0.3774    0.1950    0.0370    0.2802    0.1610    0.4161
 000186   V  0.265159  0.445711  0.615500    0.3311    0.3249    0.1990    0.0330    0.2609    0.1697    0.4153
 000187   P  0.209233  0.466586  0.623713    0.3359    0.3494    0.2040    0.0450    0.2609    0.1795    0.4182
 000188   V  0.200548  0.471318  0.632777    0.2432    0.2715    0.2260    0.0580    0.2355    0.1898    0.4178
 000189   V  0.243266  0.503468  0.641250    0.2558    0.2436    0.2530    0.0710    0.2498    0.1905    0.4191
 000190   T  0.285123  0.502687  0.643194    0.2209    0.2645    0.2910    0.0970    0.2607    0.1862    0.4196
 000191   G  0.335449  0.484613  0.649067    0.1921    0.2575    0.3340    0.1080    0.2673    0.1861    0.4162
 000192   A  0.408609  0.481148  0.655786    0.2122    0.2193    0.3480    0.1200    0.2782    0.1886    0.4112
 000193   R  0.482415  0.466716  0.660392    0.2865    0.2951    0.3750    0.1310    0.3176    0.1691    0.4077
 000194   G  0.550805  0.504179  0.662163    0.2255    0.3215    0.3960    0.1270    0.3329    0.1829    0.4097
 000195   V  0.620204  0.521452  0.666476    0.1698    0.3087    0.3510    0.1230    0.3286    0.2092    0.4114
 000196   G  0.694874  0.538334  0.671613    0.1844    0.3053    0.3270    0.1140    0.3417    0.2231    0.4143
 000197   L  0.768625  0.558203  0.675093    0.2558    0.3704    0.3040    0.0890    0.3762    0.2222    0.4155
 000198   E  0.786425  0.579459  0.677214    0.2255    0.3087    0.3030    0.0770    0.3671    0.2397    0.4103
 000199   V  0.803925  0.577882  0.677255    0.2963    0.4051    0.3510    0.0970    0.4058    0.2148    0.4048
 000200   A  0.809501  0.592257  0.678152    0.3263    0.3910    0.3860    0.0950    0.4175    0.2090    0.3987
 000201   R  0.802588  0.605417  0.679215    0.3399    0.2884    0.4520    0.1140    0.4147    0.2159    0.3932
 000202   K  0.799312  0.617895  0.679379    0.2748    0.2224    0.5270    0.1070    0.4069    0.2376    0.3938
 000203   V  0.799083  0.613826  0.678192    0.2333    0.1759    0.5000    0.0830    0.3870    0.2540    0.3972
 000204   A  0.799190  0.612928  0.673809    0.1878    0.1942    0.4180    0.0780    0.3687    0.2594    0.4013
 000205   E  0.796253  0.616472  0.670082    0.1349    0.2224    0.4110    0.1070    0.3636    0.2645    0.4058
 000206   E  0.793784  0.612140  0.666121    0.2080    0.3053    0.3710    0.1260    0.3817    0.2380    0.4099
 000207   R  0.782280  0.592572  0.662237    0.2292    0.3149    0.3680    0.1300    0.3811    0.2282    0.4129
 000208   G  0.772026  0.571384  0.659722    0.3184    0.4220    0.3580    0.1190    0.4070    0.1977    0.4192
 000209   A  0.764445  0.567074  0.659734    0.3263    0.3249    0.3170    0.0880    0.3832    0.2108    0.4304
 000210   P  0.768215  0.547231  0.661115    0.4245    0.2884    0.2870    0.0760    0.3860    0.2116    0.4223
 000211   L  0.767701  0.535884  0.661660    0.3847    0.2884    0.2950    0.0760    0.3785    0.2128    0.4054
 000212   Y  0.756095  0.530368  0.657767    0.3146    0.2164    0.3000    0.0720    0.3529    0.2273    0.3919
 000213   V  0.726331  0.563444  0.652784    0.2913    0.2541    0.2920    0.0720    0.3545    0.2194    0.3793
 000214   L  0.722119  0.552167  0.649620    0.2820    0.2884    0.2850    0.0680    0.3550    0.2141    0.3674
 000215   D  0.708133  0.545567  0.644875    0.3399    0.3494    0.2640    0.0630    0.3679    0.1983    0.3585
 000216   P  0.682773  0.567517  0.641257    0.2913    0.3631    0.2550    0.0690    0.3599    0.2010    0.3510
 000217   E  0.649065  0.584231  0.644157    0.3096    0.3426    0.2680    0.0740    0.3590    0.1945    0.3441
 000218   D  0.622621  0.563325  0.648781    0.3456    0.2715    0.2830    0.0810    0.3477    0.1926    0.3357
 000219   P  0.587715  0.585220  0.653378    0.3399    0.2680    0.3100    0.0850    0.3485    0.1889    0.3302
 000220   L  0.559352  0.586218  0.654370    0.2963    0.2988    0.3540    0.0800    0.3490    0.1821    0.3286
 000221   F  0.568966  0.611975  0.658272    0.2700    0.2399    0.3720    0.0730    0.3438    0.1994    0.3318
 000222   A  0.602305  0.639888  0.657964    0.3359    0.2328    0.3530    0.0690    0.3606    0.2007    0.3413
 000223   L  0.608191  0.646103  0.653318    0.3717    0.3356    0.3240    0.0680    0.3809    0.1833    0.3494
 000224   P  0.617075  0.648841  0.651182    0.3456    0.4149    0.2960    0.0610    0.3870    0.1835    0.3597
 000225   A  0.638426  0.621267  0.649518    0.4245    0.5139    0.2950    0.0550    0.4156    0.1688    0.3719
 000226   P  0.654675  0.651961  0.647960    0.4245    0.5176    0.3080    0.0630    0.4260    0.1708    0.3831
 000227   P  0.668748  0.670698  0.648166    0.4149    0.4507    0.3700    0.0890    0.4292    0.1673    0.3949
 000228   G  0.715643  0.683511  0.650519    0.4037    0.4330    0.4270    0.1020    0.4438    0.1713    0.4087
 000229   L  0.755994  0.677659  0.655049    0.3491    0.3460    0.4610    0.1100    0.4316    0.1961    0.4239
 000230   R  0.771331  0.714008  0.660864    0.3184    0.2884    0.4250    0.1060    0.4195    0.2222    0.4268
 000231   G  0.771363  0.728045  0.665342    0.3096    0.3356    0.4640    0.0960    0.4348    0.2155    0.4142
 000232   A  0.756003  0.729934  0.667560    0.3630    0.4119    0.4650    0.1040    0.4543    0.1927    0.4045
 000233   Y  0.731963  0.744823  0.669272    0.3630    0.4119    0.4530    0.1190    0.4508    0.1926    0.3983
 000234   Q  0.702234  0.752061  0.670256    0.4116    0.4119    0.4260    0.1290    0.4506    0.1853    0.3925
 000235   E  0.685868  0.763257  0.675269    0.3491    0.3774    0.4450    0.1540    0.4368    0.1987    0.3894
 000236   E  0.663252  0.761268  0.675648    0.3096    0.3286    0.4420    0.1760    0.4175    0.2103    0.3865
 000237   N  0.639272  0.759576  0.674041    0.2786    0.2224    0.4890    0.1700    0.3982    0.2303    0.3859
 000238   A  0.624665  0.741367  0.671943    0.1805    0.1942    0.5430    0.1430    0.3807    0.2502    0.3892
 000239   R  0.606709  0.736848  0.673670    0.1266    0.1323    0.5330    0.1490    0.3559    0.2717    0.3935
 000240   L  0.600221  0.729403  0.675684    0.1878    0.2258    0.5130    0.1520    0.3760    0.2386    0.4044
 000241   A  0.609063  0.671193  0.674645    0.1292    0.2436    0.4790    0.1470    0.3554    0.2398    0.4159
 000242   A  0.618370  0.655137  0.675107    0.1566    0.2164    0.3960    0.1620    0.3404    0.2383    0.4267
 000243   A  0.599129  0.672740  0.675994    0.1878    0.2164    0.3560    0.1670    0.3386    0.2350    0.4304
 000244   A  0.582941  0.692938  0.674853    0.2385    0.2129    0.3230    0.1500    0.3417    0.2310    0.4192
 000245   L  0.557450  0.693678  0.669633    0.1921    0.1759    0.3140    0.1340    0.3221    0.2424    0.4102
 000246   R  0.500500  0.651463  0.664298    0.1060    0.1583    0.3030    0.1360    0.2865    0.2487    0.4048
 000247   L  0.468020  0.639317  0.659715    0.0771    0.1476    0.3060    0.1360    0.2730    0.2507    0.3976
 000248   L  0.435540  0.587428  0.652262    0.0701    0.0888    0.2910    0.1310    0.2454    0.2503    0.3968
 000249   G  0.382252  0.562747  0.643330    0.0884    0.1028    0.2720    0.1380    0.2346    0.2369    0.4007
 000250   L  0.327233  0.519379  0.633101    0.0514    0.1137    0.3070    0.1410    0.2198    0.2307    0.4051
 000251   P  0.292691  0.523982  0.627492    0.0832    0.1476    0.2820    0.1270    0.2217    0.2197    0.4145
 000252   E  0.308597  0.557130  0.621010    0.1041    0.1643    0.2910    0.1260    0.2375    0.2161    0.4258
 000253   A  0.321449  0.550157  0.617089    0.0991    0.2002    0.2870    0.1140    0.2429    0.2101    0.4275
 000254   A  0.349190  0.548848  0.615547    0.1150    0.2575    0.2600    0.0940    0.2551    0.2020    0.4176
 000255   I  0.402565  0.529150  0.614571    0.1380    0.2884    0.2700    0.0820    0.2714    0.1913    0.4066
 000256   A  0.401720  0.558328  0.615132    0.2292    0.3566    0.2700    0.0820    0.3027    0.1742    0.3982
 000257   R  0.379389  0.573005  0.609630    0.2255    0.3215    0.3670    0.0740    0.3110    0.1698    0.3899
 000258   G  0.371776  0.579355  0.599413    0.2913    0.4149    0.4540    0.1020    0.3519    0.1480    0.3838
 000259   L  0.370576  0.591643  0.590904    0.3184    0.4901    0.4670    0.1160    0.3729    0.1419    0.3823
 000260   R  0.419073  0.604654  0.583509    0.3311    0.3840    0.4250    0.1360    0.3607    0.1403    0.3798
 000261   E  0.462104  0.611189  0.578093    0.4116    0.3840    0.4060    0.1340    0.3791    0.1305    0.3804
 000262   A  0.505268  0.613977  0.572470    0.2913    0.2783    0.4580    0.1340    0.3578    0.1603    0.3829
 000263   R  0.524090  0.606829  0.562543    0.2209    0.2609    0.4280    0.1710    0.3402    0.1745    0.3899
 000264   H  0.505759  0.586733  0.549684    0.1844    0.2918    0.3980    0.1640    0.3278    0.1707    0.4009
 000265   P  0.499692  0.571744  0.539620    0.2122    0.2503    0.3330    0.1480    0.3112    0.1681    0.4025
 000266   G  0.515111  0.549414  0.522677    0.3096    0.3566    0.3010    0.1610    0.3387    0.1366    0.4018
 000267   R  0.540712  0.518887  0.507304    0.2748    0.3149    0.2980    0.1690    0.3245    0.1421    0.4009
 000268   M  0.542517  0.491867  0.491921    0.2963    0.2328    0.2870    0.1700    0.3084    0.1463    0.4011
 000269   E  0.489910  0.457775  0.476493    0.2255    0.1611    0.2560    0.1620    0.2650    0.1554    0.3936
 000270   R  0.441493  0.403940  0.456684    0.2292    0.2436    0.2500    0.1600    0.2614    0.1241    0.3852
 000271   F  0.400350  0.357130  0.433896    0.1602    0.2503    0.2630    0.1490    0.2386    0.1192    0.3803
 000272   L  0.377963  0.309728  0.415226    0.1602    0.2034    0.2620    0.1310    0.2189    0.1138    0.3690
 000273   L  0.373902  0.262909  0.396556    0.1878    0.2399    0.2730    0.1380    0.2230    0.0988    0.3520
 000274   K  0.384568  0.233173  0.380786    0.1635    0.2609    0.2640    0.1260    0.2177    0.1014    0.3350
 000275   G  0.394618  0.229477  0.367494    0.1602    0.2817    0.2590    0.1150    0.2209    0.1005    0.3166
 000276   V  0.397502  0.228604  0.357415    0.1380    0.2817    0.2420    0.0940    0.2147    0.1042    0.3053
 000277   E  0.397250  0.233127  0.349450    0.1635    0.2503    0.2170    0.0780    0.2102    0.0989    0.2993
 000278   V  0.414105  0.256636  0.341878    0.1878    0.2258    0.2130    0.0680    0.2162    0.0979    0.2913
 000279   Y  0.437907  0.284694  0.334657    0.1998    0.2783    0.2030    0.0650    0.2339    0.0987    0.2871
 000280   L  0.478931  0.303385  0.325262    0.1602    0.2328    0.1960    0.0620    0.2286    0.1179    0.2889
 000281   D  0.524731  0.331613  0.315568    0.1667    0.1671    0.1910    0.0650    0.2302    0.1378    0.2906
 000282   G  0.555387  0.366795  0.304170    0.2080    0.2328    0.2200    0.0690    0.2639    0.1311    0.2939
 000283   A  0.583863  0.388957  0.292821    0.1878    0.3019    0.2310    0.0610    0.2822    0.1381    0.3018
 000284   H  0.598632  0.418041  0.280496    0.2209    0.3948    0.2150    0.0540    0.3079    0.1421    0.3155
 000285   N  0.590294  0.458198  0.268845    0.2167    0.2849    0.2360    0.0370    0.2977    0.1430    0.3209
 000286   P  0.626756  0.456480  0.258752    0.2333    0.2849    0.2410    0.0280    0.3070    0.1512    0.3273
 000287   P  0.646110  0.461779  0.247686    0.1878    0.3215    0.2490    0.0280    0.3111    0.1623    0.3329
 000288   A  0.651939  0.507852  0.242804    0.1805    0.2193    0.2440    0.0330    0.3006    0.1798    0.3359
 000289   A  0.597252  0.524080  0.240430    0.2122    0.2951    0.2210    0.0420    0.3083    0.1590    0.3400
 000290   E  0.539469  0.463913  0.232567    0.2122    0.3053    0.2280    0.0620    0.2915    0.1324    0.3485
 000291   A  0.497993  0.440093  0.226396    0.2963    0.3182    0.2010    0.0560    0.2923    0.1137    0.3623
 000292   L  0.426855  0.422192  0.214122    0.2080    0.2002    0.1570    0.0360    0.2356    0.1155    0.3782
 000293   A  0.370039  0.367670  0.200682    0.1532    0.2002    0.1210    0.0120    0.2020    0.1038    0.3895
 000294   R  0.335235  0.318053  0.193244    0.1018    0.2002    0.1000    0.0230    0.1759    0.0980    0.3993
 000295   E  0.276518  0.290801  0.190145    0.1018    0.1092    0.0880    0.0150    0.1444    0.0887    0.4065
 000296   F  0.218331  0.238534  0.185176    0.0813    0.1206    0.0820    0.0120    0.1235    0.0701    0.4228
 000297   S  0.158148  0.186600  0.184567    0.0336    0.0967    0.0810    0.0140    0.0927    0.0648    0.4305
 000298   A  0.130490  0.149478  0.188736    0.0336    0.0780    0.0800    0.0160    0.0786    0.0604    0.4209
 000299   Y  0.101863  0.134315  0.194901    0.0414    0.1028    0.0810    0.0190    0.0769    0.0574    0.4132
 000300   H  0.064883  0.110974  0.198019    0.0526    0.0817    0.0770    0.0190    0.0645    0.0586    0.4055
 000301   L  0.051683  0.102729  0.202165    0.0526    0.0734    0.0750    0.0190    0.0592    0.0617    0.4135
 000302   V  0.038436  0.116762  0.211440    0.0414    0.0888    0.0710    0.0170    0.0595    0.0685    0.4331
 000303   F  0.026301  0.130199  0.219323    0.0744    0.0948    0.0800    0.0180    0.0676    0.0702    0.4096
 000304   G  0.018022  0.152364  0.226182    0.0909    0.0719    0.1090    0.0330    0.0737    0.0754    0.3877
 000305   A  0.009210  0.179202  0.235410    0.0567    0.0618    0.1470    0.0650    0.0756    0.0878    0.3699
 000306   F  0.004765  0.203527  0.243841    0.0304    0.0581    0.1700    0.0800    0.0778    0.0999    0.3532
 000307   P  0.003846  0.235728  0.255672    0.0490    0.0704    0.1680    0.0710    0.0878    0.1044    0.3358
 000308   R  0.002304  0.274186  0.264837    0.0514    0.0414    0.1880    0.0760    0.0929    0.1184    0.3221
 000309   K  0.007092  0.299961  0.272858    0.0395    0.0618    0.2030    0.0890    0.1019    0.1246    0.3168
 000310   D  0.043237  0.295313  0.280242    0.0414    0.1048    0.2060    0.0990    0.1151    0.1145    0.3154
 000311   V  0.073502  0.303084  0.289398    0.0464    0.0835    0.1850    0.0840    0.1153    0.1140    0.3109
 000312   K  0.170501  0.298589  0.304453    0.0789    0.1275    0.1540    0.0720    0.1383    0.0985    0.3170
 000313   G  0.279503  0.279721  0.308070    0.0935    0.1791    0.1570    0.0780    0.1647    0.0933    0.3279
 000314   V  0.386657  0.253860  0.312443    0.1667    0.2164    0.1680    0.0980    0.1986    0.0945    0.3398
 000315   L  0.493724  0.243517  0.315125    0.1667    0.2094    0.1430    0.0820    0.2095    0.1287    0.3530
 000316   A  0.567750  0.236206  0.314939    0.1322    0.1554    0.1250    0.0550    0.2027    0.1634    0.3591
 000317   H  0.638428  0.239869  0.315236    0.2167    0.2258    0.1220    0.0520    0.2405    0.1725    0.3637
 000318   L  0.708897  0.246791  0.314191    0.1240    0.1914    0.1360    0.0530    0.2345    0.2063    0.3639
 000319   L  0.719589  0.271775  0.310272    0.1060    0.1702    0.1460    0.0580    0.2355    0.2123    0.3571
 000320   P  0.732673  0.306170  0.306099    0.0965    0.1731    0.1410    0.0540    0.2416    0.2181    0.3429
 000321   K  0.673638  0.354059  0.305146    0.0744    0.1731    0.1580    0.0600    0.2389    0.2019    0.3238
 000322   A  0.620862  0.373587  0.302276    0.1240    0.2364    0.1690    0.0700    0.2540    0.1711    0.3092
 000323   R  0.573742  0.375044  0.305615    0.1266    0.2094    0.1910    0.0700    0.2460    0.1561    0.2918
 000324   S  0.551675  0.383389  0.312975    0.1322    0.1399    0.2060    0.0860    0.2356    0.1573    0.2772
 000325   V  0.562488  0.396491  0.322220    0.1635    0.1942    0.2070    0.0890    0.2539    0.1496    0.2637
 000326   R  0.581932  0.389528  0.330147    0.1698    0.2680    0.1980    0.0810    0.2679    0.1482    0.2512
 000327   Y  0.590220  0.391730  0.338789    0.2080    0.3117    0.1950    0.0790    0.2828    0.1436    0.2447
 000328   A  0.622508  0.429109  0.346224    0.2041    0.2224    0.1970    0.0660    0.2792    0.1635    0.2408
 000329   R  0.615095  0.460132  0.352551    0.2913    0.3019    0.2020    0.0610    0.3117    0.1462    0.2407
 000330   A  0.605164  0.453952  0.356539    0.2963    0.3948    0.2110    0.0630    0.3268    0.1376    0.2450
 000331   G  0.602563  0.477157  0.365548    0.2700    0.3948    0.1990    0.0540    0.3240    0.1450    0.2529
 000332   E  0.591026  0.485359  0.372562    0.2786    0.2849    0.2030    0.0530    0.3071    0.1466    0.2651
 000333   G  0.582653  0.498243  0.379884    0.3491    0.2064    0.2440    0.0730    0.3135    0.1464    0.2762
 000334   A  0.545429  0.491461  0.388844    0.2748    0.2258    0.2710    0.0760    0.3014    0.1358    0.2914
 000335   L  0.534543  0.505301  0.398639    0.2041    0.2364    0.2600    0.0860    0.2900    0.1467    0.3063
 000336   G  0.539295  0.506913  0.404242    0.2913    0.3321    0.2160    0.0820    0.3143    0.1331    0.3200
 000337   G  0.544864  0.497654  0.406897    0.3096    0.2364    0.2090    0.0770    0.2996    0.1433    0.3375
 000338   E  0.601761  0.480946  0.402529    0.4333    0.3392    0.2070    0.0800    0.3437    0.1388    0.3582
 000339   L  0.662598  0.448859  0.397614    0.3762    0.3392    0.2070    0.0880    0.3390    0.1522    0.3776
 000340   G  0.696064  0.429383  0.393149    0.4116    0.2680    0.1790    0.0690    0.3307    0.1735    0.3961
 000341   T  0.726093  0.398059  0.389826    0.4078    0.3117    0.1700    0.0660    0.3357    0.1790    0.4153
 000342   P  0.736476  0.366853  0.385502    0.3225    0.3215    0.1700    0.0610    0.3195    0.1839    0.4311
 000343   F  0.756077  0.342776  0.375422    0.3311    0.2783    0.1760    0.0620    0.3141    0.1917    0.4248
 000344   F  0.741842  0.342223  0.376025    0.3456    0.2034    0.1740    0.0620    0.3012    0.1954    0.4171
 000345   E  0.671924  0.369594  0.379371    0.3399    0.2034    0.1670    0.0570    0.2920    0.1749    0.4122
 000346   D  0.629615  0.386715  0.382947    0.3456    0.2752    0.1700    0.0590    0.3012    0.1536    0.4069
 000347   P  0.577724  0.390602  0.386455    0.3146    0.2470    0.1650    0.0580    0.2825    0.1447    0.4054
 000348   W  0.531864  0.405374  0.385013    0.2913    0.2399    0.1730    0.0620    0.2736    0.1342    0.4103
 000349   E  0.472800  0.423085  0.386848    0.2432    0.2399    0.1710    0.0580    0.2584    0.1277    0.4280
 000350   A  0.460412  0.446192  0.392776    0.3053    0.3321    0.1760    0.0590    0.2867    0.1166    0.4228
 000351   L  0.458537  0.445410  0.395991    0.3225    0.3356    0.1750    0.0600    0.2894    0.1160    0.4077
 000352   E  0.440741  0.446673  0.400131    0.3225    0.2399    0.1710    0.0570    0.2702    0.1229    0.3875
 000353   D  0.433602  0.453347  0.401995    0.2963    0.2399    0.1730    0.0490    0.2660    0.1238    0.3710
 000354   A  0.462780  0.463325  0.408021    0.2820    0.2849    0.1680    0.0460    0.2768    0.1282    0.3589
 000355   L  0.503431  0.455461  0.410034    0.3885    0.3149    0.1480    0.0330    0.3017    0.1337    0.3507
 000356   A  0.531346  0.460317  0.408325    0.3053    0.2680    0.1480    0.0270    0.2855    0.1447    0.3433
 000357   R  0.550783  0.466627  0.409099    0.2080    0.2715    0.1630    0.0370    0.2766    0.1563    0.3352
 000358   A  0.582296  0.481286  0.406873    0.1532    0.2399    0.1730    0.0480    0.2716    0.1749    0.3378
 000359   R  0.543675  0.477043  0.405782    0.2385    0.3426    0.1720    0.0580    0.2957    0.1456    0.3434
 000360   E  0.492282  0.471206  0.404953    0.2209    0.2470    0.1760    0.0670    0.2678    0.1424    0.3601
 000361   D  0.479023  0.471972  0.407789    0.2558    0.1914    0.1930    0.0790    0.2652    0.1412    0.3778
 000362   G  0.450931  0.460212  0.410832    0.2531    0.1914    0.1980    0.0840    0.2590    0.1346    0.3963
 000363   L  0.426475  0.429009  0.412734    0.1602    0.1275    0.2110    0.0900    0.2257    0.1476    0.4227
 000364   P  0.367987  0.394749  0.412554    0.0935    0.1229    0.2080    0.0860    0.1978    0.1475    0.4218
 000365   V  0.336993  0.352193  0.409669    0.0723    0.1373    0.2190    0.0770    0.1863    0.1394    0.4051
 000366   L  0.312397  0.331529  0.404401    0.1178    0.1349    0.2250    0.0790    0.1869    0.1244    0.3963
 000367   A  0.272881  0.304298  0.399647    0.1266    0.1501    0.2410    0.0890    0.1824    0.1139    0.3891
 000368   T  0.263820  0.287828  0.398398    0.0813    0.1731    0.2780    0.1180    0.1807    0.1192    0.3892
 000369   G  0.246871  0.252931  0.403013    0.0991    0.1942    0.2800    0.1180    0.1788    0.1134    0.3954
 000370   S  0.236854  0.265336  0.406756    0.1205    0.1349    0.2840    0.1290    0.1736    0.1178    0.4072
 000371   L  0.218405  0.255457  0.412651    0.1041    0.0851    0.3030    0.1360    0.1609    0.1321    0.4229
 000372   Y  0.209915  0.253788  0.419323    0.0567    0.0676    0.3150    0.1290    0.1505    0.1468    0.4232
 000373   L  0.247325  0.238091  0.429657    0.0376    0.0676    0.3310    0.1210    0.1536    0.1552    0.3984
 000374   V  0.275825  0.270037  0.442268    0.0542    0.0676    0.3500    0.1110    0.1695    0.1591    0.3654
 000375   G  0.303269  0.322387  0.453662    0.0455    0.0555    0.3940    0.1270    0.1868    0.1748    0.3370
 000376   R  0.350508  0.310999  0.458210    0.0387    0.0929    0.4630    0.1530    0.2093    0.1822    0.3130
 000377   L  0.434182  0.300968  0.464597    0.0621    0.1528    0.4930    0.1500    0.2404    0.1800    0.3027
 000378   R  0.499700  0.307005  0.472440    0.0813    0.1137    0.5400    0.1340    0.2569    0.1997    0.2929
 000379   E  0.574696  0.363747  0.483100    0.0832    0.1275    0.6120    0.1260    0.2936    0.2211    0.2948
 000380   R  0.629380  0.355560  0.491457    0.0405    0.1229    0.7060    0.0930    0.3090    0.2589    0.2974
 000381   L  0.683697  0.363349  0.496394    0.0490    0.1048    0.7540    0.0750    0.3258    0.2790    0.3112
 000382   V  0.678592  0.388676  0.504217    0.1117    0.1399    0.7720    0.1040    0.3485    0.2627    0.3217
 000383   A  0.687481  0.419621  0.510213    0.2080    0.1969    0.7180    0.1030    0.3717    0.2231    0.3374
 000384   G  0.716685  0.473645  0.517908    0.3311    0.2575    0.7590    0.1170    0.4230    0.2028    0.3563
 000385   L  0.746164  0.533851  0.517112    0.4458    0.3087    0.7920    0.0950    0.4711    0.1879    0.3811
 000386   G  0.739512  0.581142  0.517316    0.4918    0.2817    0.8330    0.0500    0.4879    0.1978    0.3969
 000387   E  0.677341  0.618995  0.516451    0.5473    0.2609    0.8500    0.0740    0.4924    0.1980    0.4172
 000388   D  0.850675  0.695739  0.513482    0.6715    0.3494    0.8840    0.0560    0.5752    0.2040    0.4313
 000389   L  0.870802  0.704273  0.513367    0.7192    0.3249    0.9080    0.0380    0.5879    0.2191    0.4166
 000390   P  0.859374  0.768008  0.513557    0.7388    0.2541    0.9370    0.0270    0.5929    0.2458    0.4027
