#RESNUM RES     VL-XT     VSL2B       VL3  IUPred-S  IUPred-L  PONDRFIT  FITERROR       MDP  MDPERROR   ANCHOR2
 000001   M  0.994359  0.919788  0.165079    0.6870    0.0223    0.9870    0.0130    0.6017    0.3952    0.0077
 000002   A  0.983990  0.880388  0.162879    0.5253    0.0105    0.9710    0.0190    0.5618    0.3897    0.0081
 000003   P  0.872698  0.835804  0.160947    0.5008    0.0146    0.9640    0.0240    0.5313    0.3655    0.0089
 000004   A  0.718938  0.718489  0.159663    0.3668    0.0092    0.9420    0.0230    0.4592    0.3338    0.0093
 000005   R  0.607277  0.579039  0.158877    0.3184    0.0074    0.9180    0.0500    0.4050    0.3056    0.0093
 000006   P  0.506487  0.420995  0.157437    0.1667    0.0050    0.8920    0.0630    0.3318    0.2933    0.0087
 000007   N  0.398572  0.280006  0.154272    0.0813    0.0041    0.7110    0.0800    0.2459    0.2364    0.0079
 000008   W  0.301778  0.158727  0.150619    0.0279    0.0036    0.6420    0.1000    0.1889    0.2161    0.0064
 000009   L  0.222187  0.090214  0.146205    0.0086    0.0038    0.5310    0.1500    0.1426    0.1813    0.0044
 000010   A  0.144810  0.049892  0.141996    0.0034    0.0039    0.3790    0.2020    0.0969    0.1315    0.0031
 000011   Y  0.092560  0.035159  0.139712    0.0012    0.0032    0.5130    0.1000    0.1075    0.1793    0.0022
 000012   D  0.046913  0.025693  0.137643    0.0021    0.0029    0.4360    0.1110    0.0857    0.1553    0.0016
 000013   W  0.023721  0.019324  0.136338    0.0009    0.0029    0.4190    0.1330    0.0777    0.1517    0.0010
 000014   G  0.012037  0.015980  0.134321    0.0006    0.0018    0.2810    0.0880    0.0519    0.1059    0.0005
 000015   L  0.002343  0.013829  0.131541    0.0006    0.0022    0.1910    0.0710    0.0349    0.0789    0.0003
 000016   V  0.000927  0.011827  0.129249    0.0004    0.0013    0.1740    0.0800    0.0315    0.0744    0.0002
 000017   F  0.000756  0.011101  0.127094    0.0003    0.0008    0.1820    0.1050    0.0324    0.0761    0.0001
 000018   L  0.000482  0.011655  0.123126    0.0002    0.0008    0.1350    0.0690    0.0247    0.0629    0.0001
 000019   V  0.000060  0.013225  0.119092    0.0002    0.0008    0.0830    0.0330    0.0162    0.0513    0.0001
 000020   A  0.000123  0.014529  0.115527    0.0003    0.0013    0.0560    0.0170    0.0120    0.0466    0.0000
 000021   A  0.000221  0.016354  0.111662    0.0002    0.0015    0.0480    0.0150    0.0111    0.0445    0.0000
 000022   I  0.000353  0.018740  0.108983    0.0004    0.0019    0.0470    0.0150    0.0114    0.0432    0.0000
 000023   V  0.000629  0.025796  0.106011    0.0003    0.0015    0.0490    0.0160    0.0130    0.0420    0.0000
 000024   A  0.002657  0.034788  0.102651    0.0004    0.0026    0.0630    0.0230    0.0172    0.0416    0.0000
 000025   L  0.004685  0.048184  0.101084    0.0003    0.0027    0.0780    0.0270    0.0223    0.0431    0.0001
 000026   G  0.006220  0.065607  0.098780    0.0006    0.0042    0.0990    0.0280    0.0293    0.0466    0.0001
 000027   F  0.007150  0.086011  0.095874    0.0009    0.0042    0.1430    0.0220    0.0402    0.0573    0.0001
 000028   V  0.008499  0.122850  0.093837    0.0042    0.0046    0.1680    0.0200    0.0514    0.0668    0.0002
 000029   N  0.011153  0.164408  0.093135    0.0042    0.0046    0.1980    0.0270    0.0637    0.0804    0.0003
 000030   L  0.017344  0.202981  0.092259    0.0028    0.0044    0.2710    0.0610    0.0831    0.1055    0.0004
 000031   G  0.021377  0.242999  0.089940    0.0010    0.0050    0.2990    0.0640    0.0949    0.1197    0.0006
 000032   S  0.029294  0.263459  0.087634    0.0007    0.0060    0.2870    0.0670    0.0978    0.1197    0.0007
 000033   A  0.030809  0.283173  0.086812    0.0021    0.0092    0.2770    0.0780    0.1004    0.1208    0.0009
 000034   A  0.117187  0.300419  0.086840    0.0044    0.0092    0.2400    0.0830    0.1118    0.1115    0.0010
 000035   P  0.195410  0.314181  0.085251    0.0067    0.0092    0.2240    0.0820    0.1250    0.1152    0.0012
 000036   D  0.280892  0.308982  0.084372    0.0069    0.0093    0.2160    0.0770    0.1371    0.1242    0.0011
 000037   P  0.365944  0.309530  0.083792    0.0044    0.0093    0.1900    0.0660    0.1466    0.1412    0.0009
 000038   V  0.415623  0.271617  0.082596    0.0044    0.0104    0.1710    0.0620    0.1454    0.1481    0.0007
 000039   L  0.423919  0.228497  0.082084    0.0084    0.0163    0.1480    0.0580    0.1376    0.1443    0.0005
 000040   L  0.434339  0.189009  0.082398    0.0031    0.0090    0.1250    0.0430    0.1268    0.1470    0.0003
 000041   Y  0.426778  0.165597  0.082191    0.0083    0.0090    0.1030    0.0280    0.1187    0.1431    0.0003
 000042   R  0.423408  0.146601  0.081579    0.0035    0.0062    0.0790    0.0210    0.1098    0.1435    0.0002
 000043   Q  0.335085  0.138229  0.080796    0.0010    0.0056    0.0590    0.0230    0.0898    0.1144    0.0002
 000044   S  0.255377  0.130244  0.080499    0.0008    0.0042    0.0530    0.0230    0.0740    0.0883    0.0001
 000045   V  0.168976  0.123449  0.080952    0.0008    0.0035    0.0540    0.0210    0.0584    0.0623    0.0001
 000046   A  0.082574  0.108972  0.082047    0.0004    0.0023    0.0600    0.0230    0.0424    0.0434    0.0000
 000047   L  0.030215  0.096651  0.084766    0.0002    0.0022    0.0700    0.0290    0.0331    0.0410    0.0000
 000048   G  0.015735  0.089795  0.085370    0.0001    0.0012    0.0780    0.0360    0.0308    0.0423    0.0000
 000049   L  0.001254  0.079555  0.085934    0.0002    0.0011    0.0820    0.0380    0.0273    0.0432    0.0000
 000050   G  0.000906  0.064697  0.086130    0.0001    0.0016    0.0800    0.0350    0.0245    0.0411    0.0000
 000051   L  0.000912  0.054002  0.085905    0.0001    0.0023    0.0720    0.0290    0.0215    0.0387    0.0000
 000052   L  0.001023  0.045829  0.085522    0.0002    0.0033    0.0630    0.0250    0.0188    0.0365    0.0000
 000053   L  0.001182  0.042518  0.084929    0.0002    0.0033    0.0520    0.0200    0.0165    0.0348    0.0000
 000054   A  0.001363  0.041645  0.084317    0.0002    0.0023    0.0400    0.0130    0.0143    0.0338    0.0000
 000055   F  0.001532  0.047366  0.084210    0.0002    0.0014    0.0320    0.0060    0.0138    0.0340    0.0000
 000056   L  0.001861  0.054530  0.083048    0.0002    0.0019    0.0320    0.0050    0.0150    0.0342    0.0000
 000057   L  0.002272  0.060498  0.081949    0.0001    0.0015    0.0330    0.0070    0.0162    0.0347    0.0000
 000058   Q  0.002682  0.074059  0.081807    0.0002    0.0018    0.0380    0.0090    0.0195    0.0369    0.0000
 000059   F  0.003270  0.089336  0.082334    0.0001    0.0013    0.0450    0.0120    0.0232    0.0403    0.0001
 000060   L  0.004438  0.098441  0.081235    0.0001    0.0021    0.0500    0.0160    0.0258    0.0420    0.0001
 000061   S  0.005590  0.107926  0.079503    0.0001    0.0014    0.0480    0.0150    0.0272    0.0439    0.0001
 000062   R  0.007619  0.122333  0.078550    0.0002    0.0014    0.0510    0.0170    0.0304    0.0474    0.0002
 000063   R  0.009649  0.126709  0.077363    0.0002    0.0021    0.0620    0.0240    0.0334    0.0485    0.0003
 000064   R  0.011691  0.119354  0.075351    0.0002    0.0025    0.0760    0.0300    0.0349    0.0470    0.0004
 000065   L  0.012838  0.120593  0.073010    0.0002    0.0028    0.0900    0.0350    0.0377    0.0485    0.0004
 000066   F  0.014136  0.125330  0.072040    0.0003    0.0032    0.0950    0.0360    0.0396    0.0499    0.0005
 000067   G  0.016481  0.124578  0.070237    0.0005    0.0031    0.0860    0.0270    0.0385    0.0481    0.0006
 000068   L  0.016963  0.122083  0.067887    0.0005    0.0031    0.0880    0.0210    0.0384    0.0474    0.0006
 000069   A  0.015831  0.124203  0.067467    0.0003    0.0021    0.0860    0.0190    0.0381    0.0479    0.0006
 000070   Y  0.014517  0.113936  0.067609    0.0003    0.0028    0.0770    0.0140    0.0348    0.0443    0.0006
 000071   P  0.012285  0.102218  0.067562    0.0003    0.0027    0.0590    0.0110    0.0293    0.0397    0.0005
 000072   L  0.010056  0.100064  0.068410    0.0002    0.0021    0.0520    0.0110    0.0274    0.0393    0.0003
 000073   Y  0.010494  0.097695  0.068940    0.0001    0.0014    0.0490    0.0150    0.0265    0.0387    0.0003
 000074   G  0.010199  0.094082  0.069601    0.0001    0.0010    0.0460    0.0160    0.0253    0.0378    0.0002
 000075   A  0.013777  0.089549  0.069220    0.0001    0.0007    0.0440    0.0150    0.0247    0.0362    0.0001
 000076   S  0.013327  0.081687  0.068556    0.0001    0.0011    0.0410    0.0130    0.0229    0.0341    0.0001
 000077   L  0.016024  0.061684  0.068331    0.0001    0.0018    0.0410    0.0120    0.0201    0.0296    0.0001
 000078   L  0.017701  0.048480  0.065480    0.0001    0.0020    0.0400    0.0100    0.0180    0.0266    0.0000
 000079   L  0.021779  0.041293  0.064836    0.0002    0.0017    0.0390    0.0090    0.0173    0.0253    0.0000
 000080   L  0.026208  0.037610  0.064553    0.0002    0.0023    0.0360    0.0110    0.0171    0.0246    0.0000
 000081   A  0.029984  0.033677  0.064793    0.0002    0.0032    0.0350    0.0110    0.0170    0.0242    0.0000
 000082   L  0.027504  0.032741  0.065055    0.0002    0.0025    0.0370    0.0130    0.0166    0.0245    0.0000
 000083   V  0.026346  0.034287  0.065475    0.0003    0.0035    0.0390    0.0130    0.0173    0.0247    0.0000
 000084   L  0.021032  0.037960  0.065695    0.0004    0.0043    0.0450    0.0130    0.0182    0.0255    0.0000
 000085   V  0.018700  0.053494  0.065735    0.0004    0.0031    0.0500    0.0140    0.0210    0.0279    0.0001
 000086   V  0.014760  0.085077  0.065517    0.0004    0.0022    0.0470    0.0110    0.0250    0.0341    0.0001
 000087   G  0.013082  0.106273  0.066166    0.0003    0.0016    0.0460    0.0090    0.0278    0.0400    0.0001
 000088   R  0.009128  0.121527  0.067032    0.0003    0.0016    0.0470    0.0090    0.0300    0.0450    0.0002
 000089   E  0.004919  0.135079  0.067944    0.0003    0.0024    0.0450    0.0100    0.0314    0.0497    0.0002
 000090   I  0.001320  0.132195  0.068308    0.0003    0.0037    0.0520    0.0140    0.0317    0.0493    0.0003
 000091   N  0.001374  0.117318  0.069867    0.0006    0.0037    0.0510    0.0170    0.0290    0.0450    0.0004
 000092   G  0.001720  0.113274  0.071743    0.0009    0.0043    0.0560    0.0230    0.0293    0.0442    0.0004
 000093   A  0.002013  0.101978  0.074219    0.0008    0.0039    0.0520    0.0240    0.0267    0.0415    0.0005
 000094   R  0.006636  0.085549  0.076928    0.0026    0.0052    0.0480    0.0230    0.0246    0.0369    0.0006
 000095   A  0.007806  0.070170  0.078376    0.0026    0.0083    0.0510    0.0260    0.0233    0.0339    0.0006
 000096   W  0.007704  0.058581  0.078535    0.0055    0.0076    0.0570    0.0300    0.0227    0.0325    0.0006
 000097   F  0.007647  0.051009  0.078363    0.0137    0.0117    0.0560    0.0280    0.0233    0.0298    0.0006
 000098   V  0.007503  0.051987  0.078440    0.0062    0.0076    0.0520    0.0230    0.0209    0.0312    0.0007
 000099   L  0.007400  0.061260  0.079258    0.0069    0.0065    0.0520    0.0200    0.0224    0.0326    0.0007
 000100   G  0.007218  0.070972  0.081298    0.0024    0.0062    0.0510    0.0200    0.0230    0.0352    0.0009
 000101   P  0.006833  0.077873  0.082534    0.0055    0.0067    0.0510    0.0180    0.0246    0.0362    0.0011
 000102   L  0.006482  0.095890  0.083432    0.0055    0.0062    0.0610    0.0200    0.0292    0.0408    0.0010
 000103   Q  0.002069  0.120305  0.083802    0.0018    0.0045    0.0570    0.0180    0.0309    0.0480    0.0011
 000104   F  0.001679  0.153116  0.084216    0.0033    0.0037    0.0600    0.0150    0.0370    0.0574    0.0012
 000105   Q  0.002688  0.192519  0.084053    0.0010    0.0027    0.0570    0.0140    0.0426    0.0699    0.0013
 000106   P  0.003643  0.220687  0.084510    0.0008    0.0027    0.0540    0.0150    0.0469    0.0792    0.0014
 000107   L  0.004542  0.223408  0.085251    0.0008    0.0027    0.0640    0.0190    0.0493    0.0800    0.0013
 000108   E  0.004941  0.223895  0.085207    0.0013    0.0038    0.0610    0.0230    0.0492    0.0799    0.0012
 000109   L  0.006223  0.201369  0.085764    0.0012    0.0050    0.0650    0.0280    0.0464    0.0722    0.0011
 000110   A  0.007590  0.179189  0.085261    0.0033    0.0062    0.0640    0.0300    0.0433    0.0644    0.0010
 000111   K  0.018756  0.161761  0.084339    0.0033    0.0045    0.0540    0.0240    0.0403    0.0577    0.0009
 000112   L  0.034634  0.148724  0.083287    0.0012    0.0044    0.0520    0.0250    0.0402    0.0526    0.0007
 000113   G  0.041427  0.130623  0.082212    0.0013    0.0061    0.0530    0.0250    0.0387    0.0466    0.0007
 000114   L  0.051231  0.121986  0.081283    0.0015    0.0060    0.0550    0.0220    0.0394    0.0438    0.0007
 000115   L  0.057501  0.118574  0.080113    0.0055    0.0111    0.0740    0.0390    0.0444    0.0417    0.0007
 000116   L  0.065116  0.121005  0.079383    0.0055    0.0069    0.0820    0.0410    0.0467    0.0437    0.0008
 000117   A  0.070218  0.138813  0.078790    0.0055    0.0055    0.0800    0.0400    0.0499    0.0483    0.0008
 000118   L  0.069717  0.162460  0.078015    0.0052    0.0080    0.0860    0.0390    0.0551    0.0546    0.0009
 000119   A  0.069619  0.187883  0.077380    0.0029    0.0056    0.0910    0.0370    0.0596    0.0633    0.0010
 000120   K  0.059570  0.219767  0.076321    0.0074    0.0056    0.0860    0.0310    0.0631    0.0727    0.0012
 000121   A  0.044543  0.246384  0.075109    0.0049    0.0067    0.1050    0.0350    0.0680    0.0832    0.0012
 000122   L  0.040725  0.247801  0.072702    0.0013    0.0048    0.1260    0.0450    0.0701    0.0862    0.0014
 000123   E  0.036577  0.244089  0.070443    0.0055    0.0060    0.1010    0.0320    0.0655    0.0828    0.0017
 000124   G  0.033118  0.234482  0.068047    0.0021    0.0044    0.0910    0.0270    0.0608    0.0801    0.0018
 000125   R  0.028388  0.202576  0.065671    0.0037    0.0066    0.0650    0.0200    0.0510    0.0684    0.0017
 000126   P  0.026609  0.159638  0.064974    0.0031    0.0084    0.0520    0.0160    0.0416    0.0538    0.0017
 000127   I  0.029503  0.132767  0.064468    0.0090    0.0085    0.0540    0.0130    0.0390    0.0440    0.0014
 000128   A  0.035287  0.114315  0.064148    0.0084    0.0067    0.0410    0.0110    0.0342    0.0382    0.0013
 000129   R  0.042794  0.094961  0.064023    0.0082    0.0105    0.0380    0.0090    0.0325    0.0319    0.0012
 000130   V  0.045203  0.082424  0.064642    0.0049    0.0083    0.0350    0.0040    0.0293    0.0300    0.0011
 000131   W  0.044884  0.075841  0.065480    0.0049    0.0092    0.0370    0.0060    0.0286    0.0285    0.0010
 000132   D  0.039637  0.066904  0.066728    0.0026    0.0078    0.0380    0.0090    0.0258    0.0276    0.0010
 000133   Y  0.036010  0.062131  0.068512    0.0079    0.0084    0.0380    0.0090    0.0253    0.0261    0.0008
 000134   A  0.032368  0.060957  0.070658    0.0031    0.0079    0.0340    0.0070    0.0230    0.0275    0.0007
 000135   L  0.028667  0.056898  0.072139    0.0009    0.0056    0.0320    0.0090    0.0207    0.0282    0.0006
 000136   P  0.025051  0.055719  0.073551    0.0010    0.0041    0.0310    0.0100    0.0195    0.0288    0.0006
 000137   A  0.018769  0.061820  0.073750    0.0004    0.0027    0.0320    0.0090    0.0193    0.0305    0.0005
 000138   L  0.016534  0.059463  0.074332    0.0005    0.0028    0.0350    0.0090    0.0191    0.0304    0.0004
 000139   L  0.018038  0.059782  0.075624    0.0003    0.0033    0.0360    0.0080    0.0196    0.0307    0.0003
 000140   T  0.028293  0.063492  0.075974    0.0002    0.0037    0.0370    0.0070    0.0221    0.0308    0.0003
 000141   L  0.043781  0.066493  0.076001    0.0003    0.0050    0.0380    0.0090    0.0256    0.0310    0.0002
 000142   P  0.080236  0.064288  0.075998    0.0005    0.0052    0.0370    0.0100    0.0312    0.0345    0.0002
 000143   V  0.085650  0.065242  0.076299    0.0005    0.0049    0.0370    0.0110    0.0322    0.0357    0.0001
 000144   V  0.088718  0.064660  0.076479    0.0004    0.0069    0.0410    0.0110    0.0337    0.0358    0.0001
 000145   G  0.093164  0.068826  0.075952    0.0006    0.0070    0.0460    0.0110    0.0360    0.0368    0.0001
 000146   L  0.096937  0.078341  0.076158    0.0010    0.0071    0.0620    0.0180    0.0409    0.0387    0.0001
 000147   L  0.090660  0.095733  0.077069    0.0007    0.0049    0.0860    0.0290    0.0463    0.0422    0.0001
 000148   L  0.085884  0.111528  0.077938    0.0004    0.0044    0.1010    0.0340    0.0506    0.0464    0.0002
 000149   L  0.072178  0.136758  0.078854    0.0005    0.0044    0.1130    0.0400    0.0545    0.0525    0.0002
 000150   Q  0.055199  0.162739  0.079680    0.0005    0.0042    0.1070    0.0410    0.0550    0.0585    0.0003
 000151   P  0.018548  0.170316  0.081502    0.0002    0.0039    0.0910    0.0320    0.0473    0.0621    0.0003
 000152   D  0.012939  0.163770  0.083422    0.0002    0.0042    0.0930    0.0320    0.0458    0.0612    0.0003
 000153   L  0.009803  0.158270  0.085268    0.0002    0.0025    0.0870    0.0300    0.0430    0.0600    0.0003
 000154   G  0.005264  0.137270  0.087070    0.0002    0.0026    0.0760    0.0280    0.0369    0.0542    0.0003
 000155   G  0.000730  0.105321  0.088736    0.0001    0.0026    0.0690    0.0260    0.0297    0.0470    0.0003
 000156   A  0.000748  0.082180  0.090489    0.0001    0.0020    0.0620    0.0230    0.0245    0.0423    0.0002
 000157   L  0.000631  0.063950  0.091406    0.0001    0.0018    0.0570    0.0190    0.0206    0.0396    0.0002
 000158   V  0.000611  0.043952  0.094015    0.0001    0.0019    0.0500    0.0160    0.0161    0.0381    0.0002
 000159   V  0.000623  0.030672  0.096468    0.0001    0.0027    0.0420    0.0160    0.0127    0.0379    0.0001
 000160   L  0.000616  0.023087  0.098145    0.0001    0.0038    0.0390    0.0160    0.0110    0.0382    0.0001
 000161   F  0.000640  0.018007  0.099609    0.0001    0.0027    0.0370    0.0160    0.0098    0.0390    0.0001
 000162   G  0.000651  0.015799  0.099169    0.0001    0.0027    0.0360    0.0150    0.0092    0.0389    0.0001
 000163   V  0.000657  0.014388  0.098337    0.0001    0.0018    0.0370    0.0140    0.0090    0.0387    0.0001
 000164   F  0.000658  0.014360  0.097026    0.0001    0.0026    0.0390    0.0140    0.0095    0.0383    0.0001
 000165   V  0.000546  0.013585  0.095232    0.0001    0.0025    0.0400    0.0150    0.0095    0.0377    0.0001
 000166   V  0.000434  0.014740  0.092168    0.0001    0.0017    0.0430    0.0160    0.0099    0.0368    0.0001
 000167   V  0.000403  0.020445  0.089748    0.0001    0.0014    0.0440    0.0160    0.0111    0.0358    0.0001
 000168   F  0.000394  0.025596  0.087447    0.0001    0.0015    0.0450    0.0160    0.0122    0.0350    0.0001
 000169   V  0.000403  0.031100  0.084764    0.0001    0.0021    0.0410    0.0150    0.0125    0.0337    0.0001
 000170   R  0.000389  0.039379  0.081663    0.0001    0.0019    0.0390    0.0140    0.0134    0.0328    0.0002
 000171   G  0.000389  0.049447  0.080191    0.0001    0.0017    0.0400    0.0160    0.0153    0.0332    0.0003
 000172   L  0.000394  0.052205  0.079459    0.0001    0.0024    0.0460    0.0190    0.0168    0.0336    0.0003
 000173   P  0.000395  0.053214  0.078610    0.0001    0.0016    0.0420    0.0160    0.0162    0.0333    0.0004
 000174   W  0.000396  0.053954  0.076643    0.0001    0.0020    0.0430    0.0170    0.0165    0.0328    0.0005
 000175   R  0.000443  0.052679  0.074886    0.0001    0.0022    0.0410    0.0150    0.0161    0.0319    0.0006
 000176   H  0.000509  0.046213  0.074682    0.0001    0.0021    0.0430    0.0170    0.0153    0.0313    0.0006
 000177   L  0.000572  0.040792  0.073610    0.0001    0.0020    0.0470    0.0200    0.0150    0.0308    0.0006
 000178   L  0.000603  0.038200  0.071528    0.0001    0.0029    0.0420    0.0190    0.0140    0.0294    0.0005
 000179   V  0.000646  0.033027  0.069532    0.0002    0.0045    0.0410    0.0180    0.0132    0.0281    0.0005
 000180   G  0.000684  0.032287  0.067242    0.0003    0.0052    0.0380    0.0170    0.0128    0.0269    0.0005
 000181   L  0.000753  0.033552  0.065206    0.0003    0.0040    0.0380    0.0180    0.0127    0.0264    0.0004
 000182   F  0.000801  0.033898  0.063052    0.0003    0.0029    0.0360    0.0170    0.0123    0.0257    0.0004
 000183   A  0.000892  0.034250  0.060668    0.0004    0.0044    0.0360    0.0160    0.0126    0.0247    0.0004
 000184   L  0.001364  0.034506  0.058334    0.0002    0.0042    0.0360    0.0170    0.0127    0.0240    0.0005
 000185   A  0.001358  0.033556  0.056163    0.0003    0.0042    0.0360    0.0180    0.0126    0.0232    0.0006
 000186   L  0.001452  0.033302  0.054434    0.0004    0.0042    0.0390    0.0210    0.0131    0.0230    0.0007
 000187   L  0.001586  0.036184  0.052993    0.0002    0.0047    0.0420    0.0230    0.0141    0.0231    0.0010
 000188   V  0.001659  0.044207  0.051332    0.0004    0.0047    0.0440    0.0230    0.0158    0.0239    0.0015
 000189   P  0.006558  0.058012  0.048653    0.0009    0.0066    0.0450    0.0220    0.0194    0.0247    0.0025
 000190   T  0.009733  0.067405  0.046287    0.0009    0.0089    0.0570    0.0270    0.0240    0.0272    0.0036
 000191   A  0.012932  0.080083  0.044682    0.0009    0.0094    0.0810    0.0310    0.0308    0.0338    0.0046
 000192   V  0.014624  0.104326  0.042276    0.0038    0.0151    0.1170    0.0470    0.0424    0.0454    0.0063
 000193   W  0.016384  0.138026  0.040617    0.0124    0.0194    0.1550    0.0520    0.0569    0.0598    0.0092
 000194   P  0.018603  0.186863  0.038862    0.0173    0.0136    0.1740    0.0430    0.0684    0.0754    0.0119
 000195   N  0.024546  0.228968  0.037360    0.0259    0.0127    0.1850    0.0360    0.0795    0.0872    0.0140
 000196   L  0.030480  0.262970  0.036126    0.0167    0.0102    0.1900    0.0350    0.0850    0.0985    0.0146
 000197   K  0.033062  0.267407  0.036276    0.0200    0.0101    0.1740    0.0340    0.0841    0.0968    0.0164
 000198   P  0.058967  0.257450  0.036635    0.0286    0.0184    0.1540    0.0570    0.0862    0.0866    0.0165
 000199   Y  0.100427  0.237687  0.038395    0.0286    0.0380    0.1550    0.0750    0.0933    0.0764    0.0155
 000200   Q  0.142805  0.212937  0.039489    0.0279    0.0165    0.1200    0.0610    0.0867    0.0717    0.0151
 000201   R  0.173993  0.189728  0.041857    0.0336    0.0151    0.0960    0.0460    0.0848    0.0688    0.0152
 000202   E  0.206220  0.174652  0.044488    0.0245    0.0205    0.0720    0.0340    0.0829    0.0736    0.0158
 000203   R  0.244840  0.157785  0.045463    0.0441    0.0433    0.0530    0.0210    0.0906    0.0776    0.0160
 000204   V  0.262003  0.128656  0.045870    0.1041    0.0433    0.0510    0.0180    0.0982    0.0772    0.0153
 000205   L  0.268176  0.116994  0.049065    0.1060    0.0349    0.0490    0.0150    0.0959    0.0799    0.0155
 000206   I  0.281013  0.111040  0.051709    0.0567    0.0320    0.0520    0.0140    0.0888    0.0860    0.0170
 000207   V  0.264681  0.117998  0.052496    0.1178    0.0662    0.0560    0.0170    0.1037    0.0738    0.0203
 000208   L  0.232328  0.134931  0.054429    0.1240    0.0263    0.0640    0.0230    0.0969    0.0688    0.0242
 000209   D  0.194182  0.156499  0.055672    0.1041    0.0227    0.0710    0.0270    0.0914    0.0597    0.0309
 000210   P  0.166503  0.171688  0.058203    0.1117    0.0253    0.0800    0.0280    0.0925    0.0547    0.0373
 000211   Y  0.138807  0.205568  0.060980    0.1150    0.0127    0.0870    0.0290    0.0932    0.0615    0.0402
 000212   R  0.104946  0.239922  0.065818    0.0771    0.0133    0.0870    0.0240    0.0870    0.0703    0.0429
 000213   D  0.092007  0.249034  0.070015    0.0405    0.0117    0.0900    0.0260    0.0806    0.0765    0.0448
 000214   P  0.088826  0.277152  0.073708    0.0425    0.0127    0.0930    0.0410    0.0857    0.0857    0.0452
 000215   L  0.088256  0.299940  0.078492    0.0789    0.0108    0.1020    0.0420    0.0966    0.0908    0.0448
 000216   G  0.089945  0.297299  0.081083    0.1380    0.0148    0.0950    0.0370    0.1059    0.0885    0.0443
 000217   Q  0.085907  0.270322  0.086206    0.1456    0.0146    0.0860    0.0270    0.1004    0.0805    0.0424
 000218   G  0.087272  0.262174  0.089326    0.1732    0.0235    0.0860    0.0240    0.1054    0.0784    0.0389
 000219   F  0.088729  0.223271  0.093522    0.1732    0.0454    0.0930    0.0360    0.1039    0.0618    0.0348
 000220   Q  0.082306  0.183937  0.096229    0.1602    0.0414    0.0740    0.0330    0.0903    0.0523    0.0308
 000221   V  0.075505  0.180875  0.099110    0.1380    0.0334    0.0680    0.0320    0.0827    0.0511    0.0287
 000222   I  0.065573  0.189127  0.100380    0.2167    0.0341    0.0660    0.0300    0.0952    0.0696    0.0294
 000223   Q  0.056872  0.196171  0.101253    0.2167    0.0153    0.0640    0.0270    0.0915    0.0758    0.0308
 000224   S  0.041957  0.202284  0.101866    0.1349    0.0143    0.0640    0.0280    0.0762    0.0648    0.0335
 000225   T  0.025802  0.209691  0.102331    0.0701    0.0123    0.0680    0.0320    0.0643    0.0669    0.0376
 000226   I  0.025018  0.200512  0.102200    0.1240    0.0218    0.0700    0.0350    0.0736    0.0639    0.0417
 000227   A  0.024306  0.204474  0.102306    0.1205    0.0123    0.0700    0.0330    0.0719    0.0667    0.0467
 000228   I  0.030325  0.232871  0.102201    0.1178    0.0120    0.0790    0.0340    0.0787    0.0737    0.0514
 000229   G  0.057208  0.264485  0.102441    0.0607    0.0123    0.0900    0.0360    0.0809    0.0816    0.0577
 000230   S  0.081744  0.287679  0.102404    0.1060    0.0253    0.1190    0.0390    0.1032    0.0825    0.0621
 000231   G  0.098884  0.317347  0.102534    0.1041    0.0269    0.1510    0.0490    0.1163    0.0915    0.0661
 000232   G  0.106874  0.347598  0.101595    0.1532    0.0483    0.1820    0.0650    0.1396    0.0967    0.0697
 000233   L  0.126971  0.364347  0.099801    0.2255    0.0799    0.2210    0.0700    0.1697    0.0987    0.0689
 000234   F  0.127075  0.426031  0.099015    0.2255    0.0799    0.2450    0.0720    0.1839    0.1193    0.0667
 000235   G  0.119696  0.483743  0.098727    0.1805    0.0405    0.2740    0.0650    0.1831    0.1473    0.0612
 000236   K  0.111862  0.530480  0.096805    0.1921    0.0372    0.3040    0.0740    0.1959    0.1662    0.0522
 000237   G  0.099069  0.545369  0.095345    0.1805    0.0341    0.3210    0.0770    0.1967    0.1749    0.0458
 000238   Y  0.071810  0.548978  0.095029    0.2209    0.0214    0.3360    0.0680    0.1998    0.1826    0.0376
 000239   G  0.047031  0.505441  0.094100    0.2209    0.0568    0.3340    0.0520    0.1941    0.1672    0.0303
 000240   Q  0.029506  0.478027  0.093447    0.1416    0.0235    0.3130    0.0390    0.1643    0.1654    0.0246
 000241   G  0.021499  0.450338  0.091890    0.1667    0.0244    0.2920    0.0420    0.1591    0.1549    0.0204
 000242   T  0.001450  0.395901  0.090741    0.0935    0.0235    0.2500    0.0580    0.1275    0.1393    0.0169
 000243   Q  0.001966  0.343988  0.087366    0.0858    0.0253    0.2000    0.0570    0.1096    0.1176    0.0137
 000244   A  0.002172  0.307906  0.084809    0.1240    0.0555    0.1570    0.0550    0.1078    0.0976    0.0117
 000245   Q  0.002404  0.272494  0.083554    0.1844    0.0555    0.1260    0.0600    0.1068    0.0894    0.0107
 000246   L  0.002825  0.229391  0.081804    0.1958    0.0320    0.1030    0.0480    0.0939    0.0828    0.0100
 000247   G  0.002823  0.204011  0.082397    0.1117    0.0146    0.0770    0.0290    0.0683    0.0680    0.0103
 000248   F  0.002835  0.180767  0.079287    0.0621    0.0143    0.0610    0.0190    0.0535    0.0593    0.0102
 000249   I  0.003077  0.141551  0.078245    0.0567    0.0160    0.0460    0.0130    0.0439    0.0471    0.0107
 000250   P  0.005514  0.115274  0.076195    0.0554    0.0096    0.0370    0.0110    0.0372    0.0402    0.0117
 000251   F  0.005467  0.095315  0.075716    0.0297    0.0082    0.0380    0.0110    0.0294    0.0356    0.0123
 000252   R  0.004852  0.082626  0.075024    0.0137    0.0088    0.0340    0.0100    0.0240    0.0338    0.0130
 000253   H  0.004506  0.074661  0.075297    0.0094    0.0090    0.0300    0.0080    0.0212    0.0327    0.0140
 000254   T  0.003969  0.073110  0.076742    0.0102    0.0061    0.0290    0.0060    0.0203    0.0332    0.0158
 000255   D  0.003647  0.070882  0.077205    0.0167    0.0070    0.0270    0.0060    0.0209    0.0322    0.0175
 000256   F  0.003726  0.063708  0.078616    0.0079    0.0046    0.0310    0.0070    0.0185    0.0325    0.0176
 000257   V  0.003729  0.065783  0.081437    0.0157    0.0050    0.0350    0.0080    0.0208    0.0328    0.0174
 000258   F  0.003578  0.066977  0.084147    0.0062    0.0050    0.0370    0.0070    0.0198    0.0350    0.0166
 000259   S  0.000727  0.063541  0.087536    0.0059    0.0059    0.0370    0.0080    0.0189    0.0358    0.0167
 000260   V  0.000643  0.060010  0.090061    0.0097    0.0065    0.0400    0.0090    0.0195    0.0357    0.0157
 000261   W  0.000556  0.065198  0.091935    0.0035    0.0060    0.0440    0.0100    0.0198    0.0380    0.0148
 000262   A  0.000506  0.065376  0.093194    0.0035    0.0066    0.0410    0.0110    0.0195    0.0383    0.0136
 000263   E  0.000471  0.070537  0.094781    0.0037    0.0048    0.0380    0.0100    0.0196    0.0396    0.0122
 000264   E  0.000357  0.076506  0.096365    0.0012    0.0049    0.0390    0.0110    0.0204    0.0414    0.0098
 000265   W  0.000226  0.069063  0.099228    0.0006    0.0035    0.0480    0.0150    0.0202    0.0417    0.0074
 000266   G  0.000173  0.062811  0.101562    0.0006    0.0025    0.0500    0.0160    0.0194    0.0420    0.0051
 000267   F  0.000033  0.058368  0.102709    0.0005    0.0037    0.0550    0.0170    0.0196    0.0422    0.0035
 000268   V  0.000093  0.049927  0.104080    0.0004    0.0036    0.0550    0.0160    0.0182    0.0421    0.0025
 000269   G  0.000396  0.043436  0.104809    0.0007    0.0039    0.0530    0.0140    0.0169    0.0417    0.0018
 000270   V  0.000411  0.044142  0.105088    0.0004    0.0030    0.0520    0.0130    0.0167    0.0419    0.0012
 000271   V  0.000416  0.046688  0.106642    0.0003    0.0034    0.0530    0.0120    0.0172    0.0426    0.0008
 000272   G  0.000449  0.043982  0.108230    0.0003    0.0046    0.0480    0.0100    0.0162    0.0426    0.0006
 000273   L  0.000469  0.046718  0.109555    0.0003    0.0039    0.0470    0.0100    0.0163    0.0432    0.0004
 000274   L  0.000515  0.050869  0.110927    0.0002    0.0025    0.0460    0.0100    0.0167    0.0441    0.0003
 000275   G  0.000555  0.051804  0.111311    0.0001    0.0021    0.0450    0.0090    0.0167    0.0443    0.0002
 000276   L  0.000591  0.048873  0.111126    0.0001    0.0022    0.0440    0.0110    0.0159    0.0440    0.0002
 000277   Y  0.000540  0.051076  0.110371    0.0001    0.0019    0.0440    0.0120    0.0163    0.0439    0.0002
 000278   G  0.000266  0.046736  0.109372    0.0001    0.0022    0.0440    0.0130    0.0156    0.0433    0.0002
 000279   L  0.000301  0.041930  0.108234    0.0001    0.0025    0.0450    0.0140    0.0149    0.0427    0.0001
 000280   L  0.000350  0.042107  0.106636    0.0001    0.0020    0.0440    0.0130    0.0148    0.0421    0.0001
 000281   L  0.000429  0.042078  0.105061    0.0001    0.0029    0.0420    0.0130    0.0146    0.0413    0.0001
 000282   A  0.000720  0.038004  0.102935    0.0001    0.0038    0.0400    0.0130    0.0138    0.0402    0.0001
 000283   R  0.003214  0.038974  0.102252    0.0001    0.0027    0.0420    0.0140    0.0145    0.0399    0.0001
 000284   L  0.004422  0.039844  0.102181    0.0002    0.0037    0.0500    0.0180    0.0164    0.0400    0.0002
 000285   F  0.005375  0.039395  0.101097    0.0001    0.0052    0.0600    0.0210    0.0184    0.0402    0.0002
 000286   A  0.006348  0.044976  0.100635    0.0001    0.0053    0.0570    0.0230    0.0189    0.0398    0.0002
 000287   L  0.008070  0.057559  0.099843    0.0003    0.0054    0.0620    0.0250    0.0222    0.0404    0.0003
 000288   A  0.010600  0.072299  0.098492    0.0005    0.0050    0.0620    0.0260    0.0251    0.0412    0.0005
 000289   L  0.012947  0.081866  0.097145    0.0002    0.0037    0.0740    0.0280    0.0287    0.0432    0.0006
 000290   A  0.013356  0.096216  0.094442    0.0002    0.0049    0.0820    0.0260    0.0328    0.0456    0.0009
 000291   C  0.013836  0.112771  0.092177    0.0002    0.0067    0.0900    0.0290    0.0372    0.0489    0.0013
 000292   P  0.012188  0.134897  0.089965    0.0005    0.0061    0.0890    0.0300    0.0405    0.0537    0.0017
 000293   R  0.011566  0.162355  0.088529    0.0006    0.0061    0.1070    0.0290    0.0479    0.0626    0.0017
 000294   L  0.011551  0.182044  0.086983    0.0003    0.0061    0.1170    0.0310    0.0528    0.0691    0.0016
 000295   S  0.011443  0.196386  0.085881    0.0005    0.0070    0.1140    0.0310    0.0550    0.0726    0.0018
 000296   D  0.010951  0.199279  0.084468    0.0008    0.0076    0.1150    0.0330    0.0556    0.0734    0.0018
 000297   R  0.009410  0.202124  0.082874    0.0008    0.0087    0.1140    0.0380    0.0558    0.0741    0.0015
 000298   L  0.008829  0.183477  0.081436    0.0009    0.0078    0.1190    0.0420    0.0533    0.0693    0.0012
 000299   F  0.009354  0.180873  0.078926    0.0013    0.0092    0.1180    0.0450    0.0531    0.0680    0.0009
 000300   L  0.008811  0.178172  0.076699    0.0013    0.0097    0.0900    0.0350    0.0480    0.0642    0.0007
 000301   S  0.008166  0.169003  0.075180    0.0029    0.0084    0.0590    0.0160    0.0413    0.0598    0.0006
 000302   G  0.007758  0.148561  0.073318    0.0028    0.0078    0.0490    0.0110    0.0359    0.0531    0.0004
 000303   F  0.006854  0.133488  0.071870    0.0008    0.0072    0.0460    0.0110    0.0324    0.0487    0.0003
 000304   A  0.006021  0.114004  0.070276    0.0006    0.0052    0.0390    0.0100    0.0274    0.0431    0.0003
 000305   G  0.004802  0.098442  0.068538    0.0012    0.0070    0.0330    0.0100    0.0241    0.0382    0.0002
 000306   M  0.003881  0.091273  0.066887    0.0006    0.0054    0.0340    0.0100    0.0225    0.0364    0.0002
 000307   L  0.002199  0.084788  0.065176    0.0006    0.0046    0.0380    0.0110    0.0217    0.0348    0.0002
 000308   G  0.001270  0.080159  0.063982    0.0004    0.0034    0.0390    0.0100    0.0206    0.0337    0.0002
 000309   F  0.001186  0.078855  0.062969    0.0006    0.0045    0.0420    0.0080    0.0212    0.0332    0.0001
 000310   Q  0.004207  0.072249  0.062927    0.0006    0.0050    0.0430    0.0070    0.0209    0.0312    0.0001
 000311   V  0.007187  0.065494  0.063314    0.0013    0.0059    0.0440    0.0070    0.0207    0.0293    0.0001
 000312   V  0.010316  0.063534  0.063249    0.0007    0.0066    0.0490    0.0100    0.0216    0.0289    0.0001
 000313   V  0.011703  0.065825  0.063543    0.0006    0.0051    0.0550    0.0130    0.0230    0.0301    0.0002
 000314   N  0.014606  0.066899  0.062542    0.0026    0.0080    0.0600    0.0130    0.0253    0.0295    0.0002
 000315   L  0.015661  0.072787  0.061881    0.0012    0.0092    0.0590    0.0140    0.0264    0.0304    0.0003
 000316   G  0.110324  0.077724  0.062423    0.0013    0.0065    0.0620    0.0130    0.0429    0.0399    0.0003
 000317   V  0.189176  0.085948  0.063303    0.0027    0.0080    0.0690    0.0120    0.0591    0.0626    0.0004
 000318   A  0.190960  0.093331  0.063194    0.0026    0.0079    0.0710    0.0090    0.0610    0.0636    0.0006
 000319   L  0.192718  0.103737  0.062764    0.0026    0.0090    0.0670    0.0120    0.0625    0.0647    0.0008
 000320   G  0.193088  0.109965  0.062047    0.0029    0.0097    0.0620    0.0150    0.0630    0.0653    0.0013
 000321   V  0.194447  0.128018  0.062098    0.0035    0.0061    0.0650    0.0150    0.0661    0.0681    0.0019
 000322   M  0.205806  0.133282  0.061051    0.0028    0.0078    0.0770    0.0140    0.0711    0.0717    0.0029
 000323   P  0.220378  0.134897  0.059585    0.0018    0.0071    0.0790    0.0140    0.0738    0.0765    0.0041
 000324   V  0.260581  0.141162  0.058299    0.0042    0.0095    0.0790    0.0140    0.0824    0.0887    0.0050
 000325   T  0.186997  0.144739  0.056853    0.0013    0.0090    0.0800    0.0180    0.0703    0.0682    0.0063
 000326   G  0.130504  0.134640  0.054882    0.0044    0.0138    0.0910    0.0210    0.0624    0.0524    0.0075
 000327   L  0.147293  0.142884  0.052709    0.0044    0.0136    0.1010    0.0200    0.0682    0.0580    0.0087
 000328   T  0.170876  0.165994  0.051268    0.0086    0.0123    0.1080    0.0220    0.0776    0.0673    0.0108
 000329   L  0.180002  0.182141  0.050143    0.0128    0.0091    0.1210    0.0230    0.0841    0.0730    0.0116
 000330   P  0.180039  0.210235  0.050132    0.0137    0.0115    0.1170    0.0250    0.0888    0.0785    0.0119
 000331   L  0.176636  0.230558  0.050119    0.0069    0.0123    0.1370    0.0360    0.0940    0.0852    0.0104
 000332   F  0.163280  0.241949  0.049734    0.0087    0.0108    0.1720    0.0500    0.0995    0.0897    0.0098
 000333   S  0.126065  0.259315  0.048948    0.0141    0.0113    0.2030    0.0610    0.1023    0.0951    0.0089
 000334   Y  0.109011  0.263981  0.047338    0.0055    0.0096    0.2590    0.0750    0.1078    0.1088    0.0076
 000335   G  0.089094  0.269551  0.045599    0.0078    0.0089    0.2520    0.0680    0.1046    0.1089    0.0070
 000336   G  0.072913  0.281786  0.043979    0.0078    0.0085    0.2280    0.0520    0.0998    0.1081    0.0060
 000337   S  0.044735  0.284485  0.042618    0.0035    0.0060    0.2080    0.0490    0.0911    0.1083    0.0053
 000338   S  0.032624  0.281644  0.043882    0.0086    0.0064    0.1750    0.0460    0.0841    0.1027    0.0044
 000339   L  0.062778  0.265939  0.043898    0.0040    0.0044    0.1440    0.0390    0.0802    0.0929    0.0033
 000340   I  0.059072  0.236778  0.045621    0.0066    0.0044    0.1250    0.0380    0.0720    0.0813    0.0027
 000341   A  0.056797  0.206448  0.046722    0.0021    0.0032    0.1010    0.0300    0.0617    0.0704    0.0025
 000342   T  0.067597  0.181215  0.046998    0.0026    0.0041    0.0720    0.0180    0.0546    0.0603    0.0025
 000343   L  0.079051  0.135873  0.046596    0.0035    0.0061    0.0580    0.0130    0.0472    0.0458    0.0023
 000344   A  0.090212  0.110350  0.045733    0.0029    0.0065    0.0670    0.0190    0.0462    0.0407    0.0023
 000345   G  0.102997  0.089807  0.045247    0.0070    0.0093    0.0920    0.0390    0.0502    0.0401    0.0026
 000346   L  0.131733  0.081068  0.043818    0.0078    0.0064    0.1100    0.0300    0.0562    0.0487    0.0030
 000347   G  0.164162  0.075096  0.041519    0.0079    0.0065    0.1600    0.0480    0.0690    0.0656    0.0035
 000348   L  0.146922  0.072624  0.039049    0.0037    0.0068    0.5840    0.2220    0.1357    0.2036    0.0042
 000349   V  0.159839  0.076334  0.037251    0.0038    0.0069    0.8100    0.1990    0.1761    0.2855    0.0055
 000350   L  0.176341  0.084994  0.035659    0.0084    0.0084    0.0990    0.0240    0.0628    0.0596    0.0077
 000351   L  0.191384  0.107446  0.034301    0.0274    0.0111    0.3160    0.1800    0.1090    0.1093    0.0110
 000352   V  0.209185  0.175485  0.032829    0.0490    0.0109    0.3100    0.1150    0.1258    0.1089    0.0150
 000353   H  0.246903  0.287093  0.032599    0.0643    0.0086    0.3630    0.0980    0.1616    0.1372    0.0217
 000354   R  0.339366  0.433753  0.032886    0.1602    0.0117    0.5020    0.1510    0.2412    0.1904    0.0316
 000355   D  0.421289  0.583306  0.033444    0.2385    0.0117    0.5870    0.1380    0.3069    0.2361    0.0380
 000356   R  0.300794  0.734162  0.034090    0.2820    0.0092    0.5970    0.0980    0.3206    0.2673    0.0439
 000357   Y  0.462938  0.845806  0.034944    0.4333    0.0143    0.7240    0.1120    0.4134    0.3133    0.0503
 000358   Q  0.970262  0.897691  0.035685    0.4825    0.0102    0.8320    0.0690    0.5320    0.3951    0.0586
 000359   D  0.999834  0.932995  0.036413    0.6293    0.0184    0.9390    0.0200    0.5866    0.4168    0.0715
