#RESNUM RES     VL-XT     VSL2B       VL3  IUPred-S  IUPred-L  PONDRFIT  FITERROR       MDP  MDPERROR   ANCHOR2
 000001   M  0.617124  0.706934  0.478320    0.7540    0.0380    0.9060    0.0280    0.5038    0.2876    0.3288
 000002   K  0.574860  0.704026  0.482898    0.7192    0.0568    0.8430    0.0620    0.4830    0.2659    0.3009
 000003   V  0.397384  0.672900  0.487340    0.5992    0.0799    0.8220    0.0500    0.4286    0.2483    0.2796
 000004   T  0.465044  0.577603  0.495270    0.5583    0.0581    0.7080    0.1240    0.3946    0.2187    0.2653
 000005   L  0.432379  0.488511  0.498894    0.5229    0.0780    0.6870    0.1320    0.3681    0.2022    0.2473
 000006   S  0.394759  0.405736  0.499059    0.4116    0.1007    0.6080    0.0750    0.3201    0.1753    0.2307
 000007   V  0.365296  0.351565  0.499410    0.3717    0.1323    0.6490    0.1000    0.3116    0.1775    0.2014
 000008   L  0.359556  0.333296  0.495578    0.3311    0.1671    0.5760    0.1170    0.2946    0.1544    0.1809
 000009   K  0.343518  0.344070  0.491481    0.3005    0.1206    0.5700    0.1000    0.2798    0.1649    0.1646
 000010   A  0.335139  0.348599  0.482869    0.2558    0.1731    0.5100    0.1750    0.2705    0.1430    0.1496
 000011   D  0.309191  0.373351  0.475575    0.1380    0.1969    0.5530    0.0820    0.2617    0.1657    0.1393
 000012   I  0.302493  0.378547  0.462850    0.1805    0.2258    0.5930    0.0800    0.2800    0.1603    0.1299
 000013   G  0.292756  0.393662  0.451445    0.1766    0.2258    0.4980    0.0950    0.2645    0.1392    0.1317
 000014   S  0.313479  0.404253  0.439944    0.2385    0.2292    0.5070    0.1170    0.2820    0.1265    0.1345
 000015   V  0.349310  0.428203  0.428508    0.2385    0.1528    0.5330    0.1330    0.2837    0.1458    0.1339
 000016   G  0.341002  0.433467  0.418135    0.2483    0.2034    0.5400    0.1380    0.2943    0.1339    0.1404
 000017   G  0.376253  0.448200  0.411659    0.1635    0.2002    0.5270    0.1390    0.2859    0.1477    0.1498
 000018   H  0.369425  0.463389  0.400722    0.1844    0.1969    0.5050    0.1330    0.2866    0.1399    0.1635
 000019   T  0.359831  0.479287  0.387692    0.2483    0.2988    0.5070    0.1270    0.3156    0.1122    0.1705
 000020   L  0.400917  0.464485  0.369027    0.1766    0.3149    0.5180    0.1210    0.3125    0.1257    0.1750
 000021   P  0.464007  0.470691  0.352641    0.2209    0.2817    0.4560    0.1250    0.3156    0.1136    0.1834
 000022   S  0.538804  0.490941  0.338853    0.2292    0.2094    0.4460    0.0990    0.3191    0.1381    0.1847
 000023   R  0.570958  0.475231  0.327888    0.2385    0.3019    0.4660    0.0870    0.3421    0.1278    0.1830
 000024   K  0.596819  0.427523  0.312977    0.1667    0.3215    0.4750    0.0760    0.3312    0.1460    0.1778
 000025   V  0.669174  0.411739  0.299885    0.1566    0.3392    0.4620    0.0900    0.3398    0.1652    0.1717
 000026   L  0.693613  0.411625  0.288099    0.2255    0.3426    0.4320    0.0910    0.3509    0.1568    0.1690
 000027   A  0.762910  0.406236  0.274998    0.2292    0.3426    0.4330    0.0880    0.3623    0.1794    0.1595
 000028   K  0.828222  0.407442  0.262688    0.1602    0.3426    0.4410    0.0810    0.3632    0.2145    0.1499
 000029   V  0.856189  0.428963  0.251833    0.1532    0.2575    0.4140    0.0970    0.3516    0.2319    0.1386
 000030   E  0.855183  0.438000  0.237889    0.1456    0.1791    0.3820    0.1290    0.3333    0.2428    0.1334
 000031   E  0.839183  0.407178  0.222246    0.1416    0.1823    0.3780    0.1520    0.3247    0.2376    0.1302
 000032   V  0.823850  0.385796  0.205620    0.0723    0.1611    0.3760    0.1530    0.3032    0.2471    0.1264
 000033   V  0.800949  0.380720  0.190728    0.0395    0.1373    0.3040    0.1540    0.2771    0.2481    0.1260
 000034   R  0.765686  0.362573  0.175797    0.0425    0.0851    0.2480    0.1190    0.2507    0.2429    0.1288
 000035   E  0.721014  0.351627  0.158026    0.0363    0.0581    0.2050    0.0880    0.2287    0.2342    0.1332
 000036   E  0.682924  0.323734  0.141342    0.0350    0.0424    0.1530    0.0590    0.2062    0.2252    0.1384
 000037   V  0.608224  0.274212  0.126468    0.0414    0.0734    0.1230    0.0390    0.1866    0.1945    0.1468
 000038   G  0.518661  0.218465  0.110790    0.0252    0.0483    0.0990    0.0270    0.1516    0.1685    0.1639
 000039   R  0.435469  0.170572  0.098478    0.0279    0.0494    0.0850    0.0190    0.1281    0.1386    0.1800
 000040   L  0.363980  0.119101  0.086396    0.0200    0.0817    0.0750    0.0160    0.1100    0.1120    0.1988
 000041   L  0.290566  0.090015  0.078568    0.0194    0.0780    0.0670    0.0130    0.0908    0.0875    0.2145
 000042   L  0.221990  0.074569  0.070778    0.0179    0.0389    0.0620    0.0120    0.0692    0.0671    0.2286
 000043   D  0.159072  0.070364  0.067925    0.0327    0.0398    0.0580    0.0130    0.0599    0.0431    0.2403
 000044   A  0.106167  0.057765  0.064701    0.0274    0.0364    0.0550    0.0140    0.0471    0.0273    0.2529
 000045   Y  0.046417  0.051047  0.061929    0.0167    0.0227    0.0530    0.0160    0.0316    0.0195    0.2649
 000046   V  0.024216  0.046604  0.059792    0.0079    0.0134    0.0530    0.0170    0.0243    0.0223    0.2731
 000047   F  0.018231  0.045714  0.057193    0.0035    0.0123    0.0570    0.0170    0.0229    0.0238    0.2820
 000048   H  0.013216  0.046235  0.054709    0.0029    0.0174    0.0620    0.0230    0.0237    0.0243    0.2850
 000049   I  0.008364  0.054671  0.052663    0.0029    0.0184    0.0690    0.0230    0.0255    0.0268    0.2794
 000050   G  0.006198  0.070459  0.051236    0.0029    0.0184    0.0720    0.0230    0.0284    0.0302    0.2811
 000051   D  0.006725  0.082959  0.051518    0.0067    0.0281    0.0730    0.0230    0.0329    0.0312    0.2809
 000052   D  0.008169  0.096461  0.052185    0.0102    0.0300    0.0670    0.0180    0.0354    0.0328    0.2808
 000053   I  0.015286  0.113301  0.053072    0.0218    0.0483    0.0530    0.0170    0.0420    0.0329    0.2794
 000054   V  0.025968  0.114052  0.052420    0.0116    0.0494    0.0490    0.0210    0.0416    0.0332    0.2799
 000055   L  0.036877  0.120576  0.051876    0.0131    0.0646    0.0610    0.0280    0.0494    0.0340    0.2769
 000056   L  0.051039  0.133928  0.051146    0.0245    0.1229    0.0950    0.0360    0.0712    0.0411    0.2689
 000057   L  0.060084  0.145035  0.050221    0.0395    0.1206    0.1390    0.0450    0.0840    0.0443    0.2620
 000058   S  0.067193  0.158538  0.050082    0.0884    0.2164    0.1620    0.0710    0.1154    0.0599    0.2498
 000059   H  0.065634  0.204367  0.051011    0.0526    0.1823    0.2010    0.0940    0.1177    0.0708    0.2409
 000060   T  0.064324  0.261033  0.051994    0.1117    0.1914    0.2270    0.1170    0.1426    0.0805    0.2305
 000061   R  0.063090  0.326405  0.053566    0.0909    0.1643    0.2520    0.1350    0.1495    0.1018    0.2163
 000062   G  0.055617  0.398456  0.057265    0.0490    0.0870    0.2750    0.1230    0.1442    0.1351    0.2074
 000063   V  0.045891  0.471768  0.060557    0.0395    0.0799    0.2850    0.1030    0.1537    0.1619    0.2043
 000064   R  0.044134  0.484337  0.063379    0.0455    0.1162    0.2890    0.0850    0.1633    0.1629    0.2043
 000065   N  0.037764  0.462450  0.063923    0.0660    0.0870    0.2700    0.0670    0.1538    0.1540    0.2078
 000066   Q  0.038936  0.417786  0.064884    0.1018    0.1349    0.2260    0.0700    0.1532    0.1285    0.2141
 000067   E  0.066895  0.335819  0.066286    0.1018    0.2193    0.1720    0.0660    0.1492    0.0967    0.2244
 000068   V  0.101777  0.236854  0.067574    0.1667    0.3019    0.1140    0.0410    0.1536    0.0824    0.2367
 000069   H  0.134551  0.188716  0.069600    0.1766    0.3117    0.0740    0.0290    0.1476    0.0828    0.2543
 000070   A  0.175689  0.157439  0.070656    0.1766    0.3249    0.0600    0.0180    0.1490    0.0881    0.2667
 000071   L  0.186395  0.138130  0.072322    0.1766    0.2470    0.0580    0.0150    0.1343    0.0670    0.2840
 000072   A  0.236614  0.157373  0.072948    0.1998    0.2193    0.0610    0.0230    0.1457    0.0698    0.3011
 000073   W  0.279602  0.168202  0.072675    0.1532    0.2164    0.0810    0.0410    0.1498    0.0733    0.3151
 000074   K  0.278960  0.185972  0.073527    0.1921    0.2541    0.0950    0.0530    0.1677    0.0763    0.3170
 000075   A  0.269326  0.213423  0.074732    0.1998    0.2752    0.1040    0.0490    0.1769    0.0773    0.3194
 000076   F  0.236051  0.243899  0.075258    0.1732    0.2609    0.1050    0.0390    0.1699    0.0722    0.3206
 000077   R  0.203761  0.279307  0.076316    0.1766    0.1759    0.1150    0.0460    0.1584    0.0657    0.3180
 000078   E  0.175537  0.326599  0.078765    0.1667    0.0967    0.1220    0.0390    0.1479    0.0828    0.3191
 000079   G  0.139174  0.382489  0.085410    0.1667    0.1449    0.1610    0.0490    0.1657    0.0954    0.3177
 000080   T  0.182015  0.397589  0.092858    0.1088    0.1206    0.1960    0.0810    0.1675    0.1042    0.3166
 000081   E  0.205116  0.432075  0.098522    0.1292    0.1424    0.1690    0.0460    0.1797    0.1118    0.3206
 000082   V  0.222597  0.465760  0.106141    0.1766    0.2224    0.1610    0.0370    0.2081    0.1158    0.3215
 000083   A  0.282100  0.484768  0.118757    0.1998    0.2680    0.1660    0.0490    0.2335    0.1194    0.3226
 000084   K  0.305413  0.467197  0.126241    0.3005    0.2918    0.1580    0.0520    0.2538    0.1135    0.3231
 000085   A  0.326496  0.456476  0.135482    0.3184    0.2129    0.1630    0.0630    0.2463    0.1126    0.3353
 000086   E  0.331082  0.444303  0.143869    0.2748    0.2364    0.1630    0.0770    0.2416    0.1049    0.3491
 000087   G  0.333495  0.385266  0.152444    0.3096    0.3599    0.1620    0.0770    0.2584    0.0958    0.3584
 000088   L  0.330016  0.346110  0.165651    0.3053    0.3321    0.1470    0.0610    0.2434    0.0867    0.3711
 000089   Y  0.278795  0.324230  0.175482    0.3053    0.2034    0.1250    0.0440    0.2061    0.0781    0.3812
 000090   G  0.205617  0.310574  0.184280    0.2820    0.2094    0.1210    0.0430    0.1881    0.0696    0.3985
 000091   A  0.141384  0.310120  0.191558    0.2122    0.2034    0.1160    0.0460    0.1639    0.0693    0.4158
 000092   G  0.080585  0.321898  0.194734    0.2080    0.2002    0.1190    0.0560    0.1549    0.0828    0.4307
 000093   Q  0.056016  0.311942  0.195037    0.2657    0.1852    0.1280    0.0570    0.1579    0.0901    0.4217
 000094   D  0.032304  0.307264  0.194867    0.2963    0.2164    0.1360    0.0550    0.1648    0.0996    0.4054
 000095   L  0.025663  0.310934  0.199276    0.2255    0.2193    0.1540    0.0650    0.1560    0.0928    0.3892
 000096   L  0.020145  0.324523  0.205835    0.2602    0.1731    0.1500    0.0530    0.1547    0.1009    0.3830
 000097   K  0.019451  0.337535  0.213134    0.2432    0.1583    0.1410    0.0300    0.1500    0.1041    0.3820
 000098   D  0.018042  0.340369  0.224921    0.1766    0.1852    0.1550    0.0300    0.1459    0.1025    0.3771
 000099   A  0.038228  0.335057  0.239100    0.2483    0.2752    0.1730    0.0440    0.1783    0.1018    0.3731
 000100   F  0.053746  0.326360  0.251851    0.3630    0.2951    0.1970    0.0630    0.2059    0.1099    0.3702
 000101   T  0.096581  0.321330  0.266297    0.3806    0.2680    0.2070    0.0760    0.2122    0.0998    0.3758
 000102   G  0.135241  0.313594  0.279938    0.3491    0.3117    0.2080    0.0770    0.2196    0.0866    0.3838
 000103   N  0.183330  0.320484  0.294102    0.3184    0.2752    0.2030    0.0740    0.2167    0.0728    0.3884
 000104   L  0.267390  0.341662  0.305658    0.3359    0.2783    0.1930    0.0630    0.2361    0.0714    0.3919
 000105   H  0.341899  0.350332  0.320651    0.2820    0.1643    0.1860    0.0590    0.2207    0.0909    0.3972
 000106   G  0.421576  0.369586  0.335970    0.3806    0.2470    0.2010    0.0580    0.2700    0.0955    0.4055
 000107   L  0.510229  0.384923  0.347499    0.3668    0.3460    0.2070    0.0590    0.3025    0.1057    0.4090
 000108   G  0.582089  0.395058  0.357115    0.3806    0.3460    0.2030    0.0580    0.3177    0.1261    0.4106
 000109   P  0.655545  0.403013  0.364803    0.3885    0.3667    0.2010    0.0600    0.3358    0.1469    0.4139
 000110   Q  0.698825  0.420197  0.367927    0.4116    0.3667    0.2150    0.0590    0.3520    0.1569    0.4164
 000111   V  0.753842  0.423285  0.371392    0.5126    0.5017    0.2360    0.0610    0.4045    0.1699    0.4200
 000112   A  0.800037  0.431181  0.377704    0.4749    0.5254    0.2230    0.0720    0.4091    0.1856    0.4154
 000113   E  0.808120  0.457290  0.386087    0.5008    0.4051    0.2220    0.0640    0.3990    0.1882    0.4071
 000114   M  0.825904  0.486104  0.389744    0.5253    0.3529    0.2680    0.0720    0.4096    0.1898    0.4020
 000115   E  0.838958  0.502527  0.392595    0.5126    0.3740    0.2950    0.0930    0.4205    0.1867    0.3955
 000116   F  0.843060  0.516365  0.394357    0.4703    0.2884    0.3410    0.1180    0.4099    0.1925    0.3932
 000117   T  0.841906  0.543255  0.399595    0.3992    0.2609    0.2930    0.1090    0.3897    0.2059    0.3880
 000118   E  0.840835  0.523163  0.405074    0.3992    0.3149    0.3010    0.1080    0.3964    0.1956    0.3854
 000119   R  0.845325  0.495736  0.400556    0.3668    0.3215    0.2900    0.1140    0.3866    0.1985    0.3892
 000120   P  0.846939  0.481150  0.397352    0.3005    0.2884    0.2670    0.1110    0.3641    0.2110    0.3893
 000121   A  0.848213  0.447466  0.392223    0.3096    0.2849    0.2510    0.1090    0.3568    0.2119    0.3943
 000122   E  0.845551  0.409494  0.390780    0.3630    0.3704    0.2180    0.0990    0.3678    0.2053    0.3952
 000123   P  0.841617  0.375039  0.396841    0.3992    0.4292    0.1630    0.0650    0.3680    0.2129    0.4002
 000124   F  0.837941  0.336478  0.403591    0.3992    0.4119    0.1300    0.0420    0.3526    0.2212    0.4079
 000125   M  0.812337  0.304528  0.411444    0.4651    0.4220    0.1070    0.0230    0.3519    0.2219    0.4163
 000126   V  0.799607  0.302801  0.409895    0.4420    0.2951    0.1050    0.0170    0.3240    0.2224    0.4284
 000127   L  0.771447  0.331060  0.411664    0.4879    0.4220    0.1040    0.0190    0.3528    0.2097    0.4329
 000128   A  0.698183  0.364143  0.409921    0.3885    0.3286    0.0980    0.0180    0.3130    0.1881    0.4220
 000129   A  0.604592  0.394651  0.400593    0.3630    0.3426    0.1040    0.0250    0.3014    0.1607    0.4156
 000130   D  0.509729  0.414723  0.390151    0.2820    0.2645    0.1120    0.0240    0.2638    0.1429    0.4175
 000131   K  0.420370  0.436104  0.379553    0.2786    0.1554    0.1130    0.0180    0.2340    0.1411    0.4144
 000132   T  0.330969  0.442133  0.370558    0.2385    0.1184    0.1140    0.0220    0.2073    0.1383    0.4165
 000133   E  0.244106  0.437599  0.358928    0.1380    0.0888    0.1250    0.0300    0.1722    0.1419    0.4181
 000134   P  0.186165  0.419002  0.348015    0.0723    0.0372    0.1330    0.0310    0.1412    0.1514    0.4176
 000135   G  0.117318  0.395364  0.341532    0.0991    0.0646    0.1430    0.0380    0.1366    0.1390    0.4166
 000136   A  0.052902  0.359687  0.329531    0.0660    0.0851    0.1410    0.0440    0.1174    0.1367    0.4181
 000137   F  0.029919  0.319007  0.316820    0.0813    0.1476    0.1160    0.0290    0.1156    0.1234    0.4244
 000138   N  0.032771  0.280039  0.309573    0.1322    0.1852    0.0970    0.0220    0.1212    0.1105    0.4276
 000139   L  0.037310  0.264887  0.301435    0.1805    0.1399    0.0870    0.0200    0.1183    0.1056    0.4299
 000140   P  0.036812  0.230790  0.293581    0.1667    0.1611    0.0760    0.0210    0.1119    0.0996    0.4244
 000141   L  0.036095  0.214458  0.285804    0.0884    0.1501    0.0670    0.0200    0.0927    0.0994    0.4226
 000142   Y  0.032843  0.233672  0.277544    0.0909    0.1554    0.0630    0.0140    0.0960    0.1004    0.4212
 000143   L  0.022589  0.233304  0.270731    0.0884    0.0967    0.0670    0.0220    0.0846    0.1009    0.4196
 000144   A  0.015625  0.234252  0.258726    0.0771    0.0543    0.0720    0.0310    0.0756    0.1023    0.4217
 000145   F  0.030653  0.256057  0.244857    0.0405    0.0269    0.0760    0.0320    0.0717    0.1070    0.4190
 000146   A  0.045782  0.271821  0.237168    0.0252    0.0269    0.0720    0.0300    0.0736    0.1091    0.4161
 000147   D  0.055478  0.294531  0.229574    0.0160    0.0389    0.0930    0.0450    0.0830    0.1107    0.4146
 000148   P  0.081635  0.309762  0.222341    0.0316    0.0870    0.1090    0.0460    0.1032    0.1023    0.4183
 000149   M  0.134847  0.313827  0.214785    0.0395    0.0483    0.1230    0.0370    0.1098    0.1018    0.4198
 000150   Y  0.157102  0.321920  0.214869    0.0744    0.0799    0.1390    0.0460    0.1287    0.0922    0.4273
 000151   S  0.174523  0.347330  0.222201    0.0327    0.0799    0.1300    0.0380    0.1275    0.1086    0.4330
 000152   S  0.191927  0.379201  0.234738    0.0502    0.1298    0.1600    0.0410    0.1519    0.1088    0.4276
 000153   G  0.204950  0.404784  0.241928    0.1088    0.1162    0.2030    0.0370    0.1730    0.1063    0.4235
 000154   L  0.203420  0.416708  0.239903    0.1698    0.1759    0.2540    0.0220    0.2032    0.0925    0.4147
 000155   L  0.200417  0.419437  0.240027    0.1205    0.1162    0.2800    0.0260    0.1895    0.1110    0.4029
 000156   L  0.201044  0.443211  0.238293    0.1958    0.1969    0.2880    0.0440    0.2209    0.0965    0.3835
 000157   S  0.184198  0.435901  0.238604    0.1456    0.1476    0.2880    0.0650    0.2001    0.1085    0.3591
 000158   P  0.144751  0.427775  0.234089    0.1266    0.1137    0.2590    0.0550    0.1787    0.1153    0.3317
 000159   E  0.136059  0.414135  0.231983    0.0607    0.1007    0.2240    0.0530    0.1560    0.1222    0.3072
 000160   L  0.131981  0.398590  0.233710    0.0643    0.0780    0.1550    0.0400    0.1379    0.1200    0.2800
 000161   R  0.132370  0.362781  0.235772    0.1240    0.1115    0.1020    0.0240    0.1387    0.1016    0.2571
 000162   P  0.134156  0.334162  0.241601    0.0701    0.1229    0.0770    0.0220    0.1230    0.1031    0.2390
 000163   G  0.138785  0.301326  0.244818    0.0567    0.1298    0.0780    0.0180    0.1175    0.0965    0.2227
 000164   F  0.144888  0.257267  0.247910    0.0643    0.1424    0.0830    0.0150    0.1154    0.0846    0.2088
 000165   R  0.146870  0.224221  0.250351    0.1060    0.2064    0.0860    0.0190    0.1282    0.0741    0.2015
 000166   F  0.150528  0.214406  0.250394    0.1698    0.2951    0.1000    0.0200    0.1550    0.0770    0.1968
 000167   R  0.153471  0.216481  0.250095    0.2432    0.3740    0.1170    0.0270    0.1841    0.0916    0.1986
 000168   I  0.154638  0.246112  0.248893    0.2531    0.2849    0.1400    0.0440    0.1798    0.0681    0.2060
 000169   M  0.153487  0.264962  0.248024    0.2209    0.1731    0.1580    0.0490    0.1618    0.0603    0.2191
 000170   D  0.147552  0.312142  0.251374    0.1349    0.1759    0.1660    0.0570    0.1561    0.0758    0.2299
 000171   L  0.145920  0.311244  0.254396    0.1495    0.1791    0.1610    0.0650    0.1577    0.0748    0.2425
 000172   A  0.179394  0.353713  0.256965    0.1667    0.1942    0.1690    0.0730    0.1772    0.0796    0.2546
 000173   Q  0.218216  0.378637  0.259695    0.0813    0.1424    0.2190    0.0990    0.1732    0.1026    0.2655
 000174   T  0.273129  0.407637  0.259175    0.0832    0.1671    0.2220    0.0800    0.1922    0.1087    0.2738
 000175   E  0.315982  0.424908  0.259424    0.1240    0.2884    0.1810    0.0600    0.2224    0.1056    0.2824
 000176   R  0.351491  0.436732  0.259962    0.1602    0.2918    0.1400    0.0500    0.2300    0.1120    0.2857
 000177   D  0.388655  0.441994  0.260496    0.2602    0.3215    0.1260    0.0360    0.2564    0.1105    0.2882
 000178   S  0.437623  0.452755  0.262671    0.2602    0.2364    0.1650    0.0400    0.2587    0.1147    0.2872
 000179   Y  0.486653  0.445633  0.261754    0.2558    0.3321    0.2260    0.0680    0.2911    0.1081    0.2860
 000180   I  0.520026  0.433553  0.260666    0.2167    0.2884    0.2380    0.0660    0.2829    0.1196    0.2815
 000181   E  0.508242  0.432507  0.255231    0.2080    0.2470    0.1840    0.0520    0.2633    0.1280    0.2827
 000182   L  0.463915  0.414571  0.242242    0.2167    0.3356    0.1910    0.0690    0.2704    0.1099    0.2840
 000183   D  0.402902  0.389086  0.226448    0.2255    0.2849    0.1720    0.0640    0.2457    0.0940    0.2886
 000184   A  0.364536  0.360937  0.213781    0.2080    0.1942    0.1440    0.0450    0.2120    0.0916    0.2953
 000185   P  0.324288  0.334400  0.207556    0.1349    0.1852    0.1210    0.0330    0.1832    0.0909    0.3048
 000186   E  0.288094  0.301101  0.199172    0.0771    0.1791    0.1050    0.0250    0.1585    0.0901    0.3103
 000187   R  0.239036  0.265945  0.191534    0.0771    0.1791    0.0920    0.0200    0.1421    0.0767    0.3165
 000188   L  0.188799  0.231727  0.186760    0.0771    0.1643    0.0840    0.0130    0.1244    0.0646    0.3258
 000189   Y  0.149346  0.215130  0.186047    0.0744    0.1643    0.0770    0.0110    0.1134    0.0610    0.3341
 000190   D  0.123607  0.208599  0.185211    0.1178    0.1476    0.0720    0.0090    0.1116    0.0546    0.3349
 000191   I  0.126311  0.218406  0.184252    0.1698    0.1969    0.0740    0.0080    0.1308    0.0573    0.3411
 000192   A  0.127451  0.218900  0.182714    0.0991    0.1137    0.0760    0.0160    0.1058    0.0580    0.3476
 000193   T  0.113048  0.207685  0.177415    0.1416    0.1881    0.0750    0.0210    0.1209    0.0546    0.3549
 000194   L  0.104158  0.211551  0.174531    0.0813    0.1759    0.0750    0.0240    0.1079    0.0601    0.3584
 000195   L  0.099690  0.217842  0.174821    0.1060    0.1323    0.0730    0.0240    0.1048    0.0570    0.3593
 000196   R  0.123016  0.221574  0.175542    0.0832    0.0581    0.0820    0.0270    0.0946    0.0647    0.3571
 000197   D  0.118663  0.232040  0.177661    0.0455    0.0506    0.0850    0.0250    0.0886    0.0739    0.3622
 000198   S  0.116770  0.229378  0.182529    0.0252    0.0494    0.0710    0.0170    0.0820    0.0790    0.3683
 000199   H  0.126279  0.228869  0.188061    0.0455    0.0780    0.0660    0.0180    0.0908    0.0737    0.3704
 000200   R  0.135089  0.226768  0.192634    0.0723    0.1323    0.0680    0.0230    0.1057    0.0662    0.3687
 000201   F  0.151068  0.230471  0.195925    0.0677    0.1275    0.0780    0.0300    0.1091    0.0672    0.3761
 000202   A  0.173731  0.255143  0.196408    0.1117    0.2129    0.0830    0.0330    0.1393    0.0674    0.3750
 000203   I  0.184413  0.296480  0.198433    0.1292    0.2575    0.0900    0.0310    0.1597    0.0776    0.3692
 000204   E  0.175801  0.324189  0.198265    0.1292    0.2164    0.1140    0.0430    0.1600    0.0762    0.3610
 000205   S  0.143033  0.330330  0.197350    0.2080    0.2680    0.1600    0.0730    0.1848    0.0721    0.3566
 000206   I  0.140922  0.332439  0.196423    0.2558    0.2817    0.2220    0.0840    0.2055    0.0695    0.3538
 000207   W  0.134403  0.354645  0.197700    0.2432    0.2164    0.2490    0.0900    0.1996    0.0741    0.3511
 000208   S  0.129022  0.363650  0.199260    0.1766    0.2002    0.2580    0.0900    0.1879    0.0813    0.3415
 000209   R  0.116114  0.396361  0.202200    0.1292    0.2094    0.2940    0.0940    0.1908    0.1022    0.3309
 000210   K  0.125168  0.441036  0.204298    0.1349    0.2224    0.2970    0.0840    0.2033    0.1128    0.3248
 000211   H  0.106413  0.445831  0.204960    0.1416    0.2193    0.3020    0.0880    0.2025    0.1171    0.3261
 000212   G  0.098380  0.459991  0.207068    0.2167    0.2470    0.2700    0.0660    0.2154    0.1137    0.3206
 000213   E  0.104792  0.480008  0.214416    0.2385    0.2752    0.2280    0.0620    0.2210    0.1183    0.3183
 000214   Q  0.152871  0.474156  0.221477    0.2483    0.3704    0.2320    0.0800    0.2464    0.1132    0.3176
 000215   A  0.223099  0.455902  0.225745    0.2432    0.2680    0.2170    0.0890    0.2345    0.0919    0.3180
 000216   A  0.262544  0.453171  0.227779    0.2432    0.2399    0.2100    0.0950    0.2348    0.0906    0.3157
 000217   V  0.275707  0.399041  0.228562    0.2558    0.3249    0.1740    0.0770    0.2383    0.0808    0.3113
 000218   V  0.312841  0.330990  0.229015    0.3359    0.4292    0.1570    0.0770    0.2611    0.0942    0.3074
 000219   S  0.324849  0.294238  0.229566    0.3399    0.3392    0.1420    0.0710    0.2399    0.0814    0.3065
 000220   T  0.358709  0.268587  0.226552    0.3456    0.2752    0.1600    0.0730    0.2348    0.0775    0.3077
 000221   T  0.402261  0.242215  0.223176    0.2700    0.2849    0.1570    0.0700    0.2261    0.0830    0.3070
 000222   R  0.453700  0.234819  0.219922    0.2122    0.2849    0.1340    0.0590    0.2199    0.1054    0.3024
 000223   L  0.457911  0.236395  0.215823    0.2167    0.2918    0.1220    0.0520    0.2208    0.1091    0.3032
 000224   R  0.443991  0.238648  0.213678    0.2122    0.2849    0.1240    0.0450    0.2172    0.1043    0.3035
 000225   N  0.459841  0.228821  0.209553    0.2080    0.2951    0.1370    0.0480    0.2215    0.1078    0.3056
 000226   I  0.474442  0.231383  0.204413    0.2483    0.2575    0.1330    0.0460    0.2240    0.1105    0.3098
 000227   A  0.524562  0.246502  0.198591    0.3053    0.2575    0.1150    0.0410    0.2414    0.1307    0.3164
 000228   G  0.574726  0.242763  0.191862    0.2913    0.2364    0.1030    0.0340    0.2414    0.1502    0.3246
 000229   R  0.576735  0.253056  0.184203    0.3184    0.2364    0.1020    0.0280    0.2478    0.1520    0.3361
 000230   Y  0.631827  0.262708  0.176801    0.2292    0.2399    0.1080    0.0270    0.2452    0.1701    0.3492
 000231   V  0.611821  0.281423  0.170092    0.1667    0.2399    0.1200    0.0310    0.2366    0.1662    0.3597
 000232   G  0.564859  0.311812  0.163601    0.1667    0.2436    0.1220    0.0330    0.2348    0.1514    0.3696
 000233   K  0.522125  0.350593  0.161094    0.1667    0.2436    0.1090    0.0280    0.2319    0.1431    0.3799
 000234   D  0.482237  0.344299  0.157367    0.2531    0.2436    0.1190    0.0390    0.2403    0.1233    0.3881
 000235   D  0.451729  0.334248  0.153454    0.2483    0.1501    0.1240    0.0560    0.2181    0.1201    0.3995
 000236   P  0.376101  0.311582  0.151916    0.1732    0.1611    0.0970    0.0360    0.1865    0.1014    0.4149
 000237   V  0.359212  0.249240  0.150607    0.1667    0.2129    0.0850    0.0270    0.1789    0.0898    0.4293
 000238   A  0.372626  0.197397  0.149143    0.2122    0.2503    0.0740    0.0220    0.1845    0.0949    0.4255
 000239   I  0.329536  0.169481  0.146194    0.1766    0.2645    0.0680    0.0190    0.1679    0.0876    0.4162
 000240   V  0.354474  0.158902  0.140040    0.1766    0.2817    0.0660    0.0180    0.1729    0.0979    0.4125
 000241   R  0.408690  0.166030  0.135453    0.2657    0.2680    0.0620    0.0160    0.1950    0.1141    0.4121
 000242   T  0.410297  0.183097  0.131599    0.3399    0.3321    0.0630    0.0140    0.2214    0.1270    0.4095
 000243   Q  0.405657  0.186984  0.128582    0.2483    0.3566    0.0660    0.0150    0.2106    0.1217    0.4083
 000244   K  0.400964  0.193280  0.121694    0.2531    0.2951    0.0730    0.0190    0.2026    0.1109    0.4089
 000245   I  0.388878  0.219916  0.115905    0.2657    0.1852    0.0850    0.0240    0.1907    0.1022    0.4081
 000246   F  0.329163  0.237841  0.113813    0.1921    0.1528    0.0800    0.0190    0.1653    0.0846    0.4105
 000247   P  0.279326  0.250556  0.113668    0.1088    0.0851    0.0710    0.0080    0.1324    0.0841    0.4210
 000248   A  0.220669  0.268692  0.114197    0.1416    0.1070    0.0860    0.0180    0.1373    0.0687    0.4295
 000249   T  0.158196  0.274643  0.115618    0.1240    0.1449    0.0960    0.0330    0.1330    0.0613    0.4288
 000250   E  0.099117  0.254785  0.117328    0.1667    0.1399    0.0930    0.0250    0.1256    0.0583    0.4204
 000251   E  0.096977  0.247983  0.122109    0.2558    0.1424    0.0920    0.0260    0.1392    0.0704    0.4123
 000252   F  0.106946  0.239655  0.127738    0.1732    0.1229    0.0860    0.0220    0.1214    0.0551    0.4053
 000253   G  0.146656  0.210443  0.129988    0.1266    0.1206    0.0760    0.0180    0.1134    0.0455    0.3929
 000254   P  0.179608  0.189618  0.132200    0.0965    0.1162    0.0710    0.0220    0.1089    0.0477    0.3813
 000255   V  0.205869  0.178710  0.135489    0.1018    0.1251    0.0680    0.0210    0.1132    0.0511    0.3721
 000256   F  0.235570  0.149141  0.137250    0.1635    0.1881    0.0700    0.0240    0.1344    0.0553    0.3622
 000257   A  0.244183  0.132060  0.139146    0.2432    0.2918    0.0730    0.0250    0.1640    0.0807    0.3517
 000258   L  0.242637  0.133845  0.142529    0.2167    0.2645    0.0790    0.0310    0.1561    0.0703    0.3461
 000259   A  0.257612  0.142003  0.146307    0.2531    0.2951    0.0940    0.0330    0.1737    0.0777    0.3373
 000260   P  0.248164  0.158547  0.148355    0.2531    0.2884    0.1250    0.0450    0.1789    0.0664    0.3307
 000261   Y  0.228642  0.202318  0.150694    0.2209    0.2364    0.1780    0.0860    0.1777    0.0393    0.3244
 000262   V  0.189923  0.270173  0.152345    0.1921    0.2470    0.2160    0.1000    0.1858    0.0464    0.3237
 000263   A  0.247735  0.333428  0.153331    0.2333    0.2783    0.2590    0.1250    0.2252    0.0597    0.3218
 000264   G  0.291785  0.413397  0.153861    0.2483    0.2364    0.3090    0.1450    0.2498    0.0831    0.3263
 000265   D  0.353400  0.495391  0.155658    0.1566    0.2364    0.4290    0.1660    0.2784    0.1335    0.3334
 000266   T  0.444588  0.532942  0.157250    0.1635    0.2328    0.4580    0.1510    0.3053    0.1537    0.3386
 000267   R  0.531437  0.574048  0.161499    0.2558    0.3356    0.3960    0.1250    0.3489    0.1473    0.3414
 000268   G  0.617192  0.558480  0.168686    0.2080    0.3321    0.3470    0.1180    0.3438    0.1684    0.3444
 000269   S  0.716303  0.550061  0.174254    0.2786    0.4220    0.2720    0.0820    0.3731    0.1872    0.3462
 000270   H  0.821443  0.512341  0.181669    0.2657    0.4619    0.2450    0.0850    0.3845    0.2190    0.3479
 000271   H  0.917044  0.492630  0.191533    0.2432    0.4619    0.2570    0.0860    0.3953    0.2483    0.3497
 000272   M  0.840046  0.479601  0.203431    0.3311    0.5296    0.2610    0.0650    0.4069    0.2146    0.3510
 000273   P  0.748387  0.474292  0.212574    0.4149    0.6089    0.2190    0.0640    0.4109    0.1972    0.3444
 000274   L  0.645602  0.479299  0.219685    0.4149    0.6620    0.2310    0.0970    0.4054    0.1799    0.3377
 000275   M  0.543077  0.479998  0.224520    0.4149    0.5211    0.2340    0.0940    0.3655    0.1345    0.3271
 000276   P  0.455053  0.457839  0.228055    0.4078    0.3983    0.2380    0.0800    0.3262    0.1027    0.3138
 000277   V  0.351607  0.432574  0.231197    0.3096    0.3249    0.2420    0.0830    0.2767    0.0781    0.3048
 000278   R  0.245211  0.437797  0.234146    0.2080    0.2645    0.2180    0.0610    0.2289    0.0873    0.2994
 000279   A  0.136666  0.404558  0.237680    0.1322    0.2884    0.1810    0.0540    0.1905    0.1033    0.2957
 000280   N  0.028712  0.374563  0.240368    0.0909    0.2541    0.1420    0.0420    0.1484    0.1214    0.2932
 000281   T  0.003583  0.341184  0.240111    0.1150    0.1914    0.1430    0.0400    0.1324    0.1123    0.2967
 000282   P  0.002456  0.306794  0.237935    0.0991    0.1373    0.1340    0.0380    0.1132    0.1053    0.2975
 000283   A  0.002223  0.273545  0.235704    0.0858    0.1702    0.1400    0.0300    0.1119    0.0986    0.2986
 000284   S  0.002087  0.254657  0.237678    0.0425    0.0967    0.1270    0.0350    0.0872    0.1013    0.3040
 000285   T  0.001862  0.205097  0.239142    0.0723    0.1298    0.1190    0.0320    0.0881    0.0884    0.3130
 000286   F  0.001504  0.148521  0.240291    0.0587    0.0888    0.1210    0.0390    0.0698    0.0847    0.3213
 000287   F  0.001458  0.132098  0.241687    0.0425    0.0749    0.1130    0.0490    0.0606    0.0863    0.3315
 000288   C  0.001789  0.113239  0.243014    0.0350    0.0690    0.0940    0.0480    0.0521    0.0866    0.3375
 000289   V  0.003002  0.105927  0.243197    0.0336    0.0704    0.0800    0.0350    0.0489    0.0864    0.3481
 000290   P  0.003839  0.109522  0.244607    0.0259    0.0909    0.0760    0.0310    0.0511    0.0875    0.3593
 000291   M  0.004680  0.092640  0.247566    0.0245    0.0851    0.0790    0.0330    0.0477    0.0883    0.3718
 000292   V  0.012353  0.117027  0.250052    0.0268    0.0799    0.0760    0.0340    0.0520    0.0885    0.3764
 000293   C  0.026039  0.120765  0.252419    0.0226    0.0414    0.0740    0.0360    0.0475    0.0905    0.3819
 000294   G  0.052873  0.122245  0.256621    0.0268    0.0494    0.0780    0.0350    0.0549    0.0881    0.3925
 000295   L  0.092812  0.142478  0.261262    0.0137    0.0543    0.0840    0.0350    0.0645    0.0900    0.4018
 000296   A  0.130084  0.166100  0.263576    0.0128    0.0605    0.0830    0.0320    0.0755    0.0920    0.4073
 000297   F  0.145429  0.197278  0.268612    0.0297    0.0780    0.1000    0.0310    0.0918    0.0907    0.4133
 000298   S  0.159778  0.237650  0.271782    0.0607    0.1554    0.1100    0.0370    0.1206    0.0846    0.4167
 000299   L  0.174043  0.290254  0.274878    0.0677    0.1476    0.1450    0.0700    0.1374    0.0900    0.4232
 000300   R  0.197075  0.337581  0.275145    0.1117    0.1206    0.1730    0.0780    0.1567    0.0931    0.4259
 000301   E  0.211029  0.366396  0.272486    0.0587    0.0870    0.2020    0.0670    0.1541    0.1142    0.4298
 000302   G  0.211789  0.367189  0.268432    0.0405    0.1162    0.2440    0.0650    0.1632    0.1146    0.4318
 000303   R  0.204999  0.379916  0.267050    0.0502    0.1852    0.2410    0.0510    0.1769    0.1083    0.4267
 000304   L  0.201973  0.391984  0.267058    0.0991    0.1852    0.2100    0.0280    0.1815    0.0998    0.4180
 000305   S  0.194650  0.390820  0.270147    0.1088    0.1070    0.1790    0.0330    0.1634    0.1084    0.4214
 000306   E  0.201418  0.396333  0.271285    0.1178    0.1759    0.1540    0.0400    0.1742    0.1026    0.4202
 000307   P  0.221314  0.373726  0.273024    0.0858    0.1731    0.1210    0.0330    0.1624    0.1065    0.4177
 000308   V  0.234326  0.317304  0.274389    0.1635    0.2094    0.1060    0.0240    0.1717    0.0832    0.4139
 000309   D  0.235092  0.276592  0.277668    0.1380    0.2094    0.1090    0.0330    0.1613    0.0794    0.4091
 000310   L  0.236941  0.230653  0.286892    0.1495    0.2575    0.1350    0.0490    0.1683    0.0731    0.4121
 000311   F  0.289986  0.204245  0.293681    0.1456    0.2541    0.1530    0.0560    0.1745    0.0775    0.4204
 000312   A  0.327773  0.210849  0.303027    0.1178    0.1791    0.1530    0.0560    0.1648    0.0916    0.4295
 000313   D  0.314319  0.199900  0.307185    0.1150    0.1275    0.1630    0.0530    0.1533    0.0949    0.4116
 000314   P  0.299024  0.204428  0.310727    0.0813    0.1399    0.1800    0.0530    0.1508    0.0968    0.3873
 000315   V  0.330235  0.201023  0.312609    0.0935    0.2002    0.2000    0.0690    0.1709    0.0950    0.3656
 000316   W  0.340261  0.199691  0.313457    0.1041    0.1759    0.2150    0.0750    0.1725    0.0960    0.3487
 000317   E  0.389053  0.229987  0.314013    0.0935    0.1759    0.1990    0.0610    0.1813    0.1090    0.3222
 000318   A  0.471657  0.235281  0.318827    0.0660    0.1671    0.2020    0.0570    0.1904    0.1377    0.2960
 000319   V  0.555577  0.250013  0.326095    0.1150    0.1881    0.1920    0.0580    0.2167    0.1526    0.2713
 000320   R  0.594422  0.284726  0.329692    0.1178    0.1759    0.1950    0.0630    0.2279    0.1653    0.2521
 000321   A  0.622511  0.291868  0.334791    0.1416    0.2399    0.2170    0.0750    0.2521    0.1629    0.2367
 000322   K  0.673469  0.345108  0.346517    0.2122    0.3566    0.2220    0.0730    0.3016    0.1630    0.2237
 000323   V  0.748411  0.405872  0.354357    0.2292    0.3872    0.2410    0.0910    0.3354    0.1820    0.2162
 000324   V  0.778875  0.455152  0.365196    0.2292    0.2680    0.2410    0.0990    0.3287    0.2005    0.2115
 000325   E  0.817567  0.508408  0.377405    0.2041    0.1554    0.2380    0.0880    0.3206    0.2356    0.2125
 000326   K  0.827655  0.529644  0.389522    0.1958    0.2129    0.2530    0.0930    0.3365    0.2322    0.2121
 000327   A  0.786885  0.533418  0.400793    0.1998    0.3356    0.2760    0.1080    0.3552    0.2046    0.2161
 000328   Q  0.753987  0.517293  0.409474    0.1958    0.2918    0.2660    0.1030    0.3375    0.1993    0.2245
 000329   E  0.721620  0.500552  0.418596    0.2531    0.2817    0.2590    0.0990    0.3360    0.1818    0.2372
 000330   M  0.723945  0.487883  0.427250    0.2963    0.2715    0.2690    0.0960    0.3415    0.1767    0.2541
 000331   R  0.741115  0.484974  0.437229    0.2748    0.2988    0.2300    0.1010    0.3384    0.1874    0.2698
 000332   R  0.738693  0.473649  0.448642    0.2333    0.2849    0.1960    0.0810    0.3211    0.1994    0.2919
 000333   Q  0.745595  0.470785  0.460296    0.2657    0.3087    0.1860    0.0630    0.3295    0.1981    0.3233
 000334   G  0.745301  0.452569  0.466156    0.2963    0.3872    0.1940    0.0620    0.3458    0.1883    0.3538
 000335   F  0.741782  0.440328  0.471233    0.3668    0.3774    0.2070    0.0640    0.3556    0.1790    0.3846
 000336   Y  0.752117  0.426799  0.474312    0.3578    0.3774    0.2160    0.0660    0.3550    0.1812    0.4103
 000337   G  0.750497  0.406983  0.481019    0.2963    0.2849    0.2160    0.0620    0.3258    0.1939    0.4323
 000338   P  0.744561  0.388650  0.488385    0.3359    0.3249    0.2240    0.0590    0.3363    0.1850    0.4131
 000339   A  0.689286  0.395881  0.495922    0.2385    0.3149    0.2330    0.0590    0.3120    0.1802    0.3944
 000340   M  0.664791  0.393890  0.501330    0.2333    0.2164    0.2320    0.0550    0.2901    0.1861    0.3803
 000341   L  0.637481  0.420770  0.504757    0.2820    0.2258    0.2430    0.0580    0.3015    0.1722    0.3757
 000342   P  0.595166  0.458751  0.514196    0.2255    0.2470    0.2350    0.0620    0.2936    0.1718    0.3745
 000343   M  0.599137  0.476891  0.523930    0.2167    0.2470    0.2410    0.0630    0.2969    0.1767    0.3785
 000344   E  0.601008  0.501537  0.536237    0.2209    0.1643    0.2480    0.0620    0.2894    0.1937    0.3948
 000345   E  0.605892  0.508197  0.550967    0.2122    0.1583    0.2920    0.0810    0.2961    0.1966    0.4080
 000346   L  0.613101  0.506843  0.566661    0.2255    0.2292    0.3310    0.1100    0.3176    0.1833    0.4233
 000347   E  0.613888  0.538821  0.585776    0.2963    0.2541    0.3530    0.1240    0.3427    0.1738    0.4290
 000348   Y  0.654673  0.520041  0.602025    0.2558    0.2715    0.4080    0.1240    0.3516    0.1833    0.4189
 000349   T  0.649388  0.511568  0.610064    0.1635    0.2436    0.4420    0.1220    0.3350    0.2061    0.4128
 000350   G  0.648166  0.531311  0.617050    0.2080    0.2918    0.4840    0.1320    0.3605    0.1919    0.4030
 000351   I  0.692196  0.520332  0.628615    0.2333    0.2224    0.5340    0.1280    0.3671    0.2099    0.3941
 000352   A  0.704590  0.534832  0.637903    0.3263    0.2988    0.5640    0.1330    0.4047    0.1843    0.3938
 000353   E  0.720532  0.521433  0.639911    0.2122    0.2680    0.6050    0.1450    0.3879    0.2177    0.3958
 000354   R  0.744873  0.566977  0.647141    0.2558    0.2884    0.7870    0.1030    0.4405    0.2340    0.3991
 000355   L  0.766606  0.616648  0.651254    0.2963    0.2436    0.7970    0.0740    0.4534    0.2418    0.4131
 000356   K  0.775830  0.620469  0.651170    0.3311    0.1969    0.7960    0.0600    0.4534    0.2480    0.4218
 000357   A  0.802197  0.636453  0.650587    0.4458    0.2541    0.7610    0.0500    0.4833    0.2177    0.4300
 000358   L  0.844036  0.668397  0.653213    0.4825    0.2034    0.8370    0.0990    0.5058    0.2463    0.4131
 000359   E  0.893194  0.696773  0.657953    0.6079    0.3019    0.8670    0.0590    0.5611    0.2239    0.4078
 000360   R  0.703224  0.728316  0.659733    0.6374    0.2541    0.9040    0.0370    0.5378    0.2247    0.4031
 000361   E  0.901574  0.754566  0.657188    0.6715    0.2129    0.9150    0.0410    0.5759    0.2583    0.3939
 000362   F  0.933486  0.788893  0.658230    0.7724    0.3117    0.9130    0.0350    0.6200    0.2354    0.3810
 000363   S  0.974638  0.819017  0.660800    0.8391    0.3249    0.9430    0.0180    0.6502    0.2454    0.3729
