#RESNUM RES     VL-XT     VSL2B       VL3  IUPred-S  IUPred-L  PONDRFIT  FITERROR       MDP  MDPERROR   ANCHOR2
 000001   M  0.909560  0.861092  0.149381    0.7869    0.2849    0.9860    0.0080    0.6629    0.3231    0.4300
 000002   A  0.907501  0.805226  0.150818    0.7501    0.2193    0.9780    0.0140    0.6351    0.3269    0.4221
 000003   E  0.913227  0.800392  0.153190    0.6756    0.2752    0.9600    0.0260    0.6297    0.3092    0.4109
 000004   P  0.783424  0.719008  0.154185    0.5623    0.3117    0.9530    0.0180    0.5807    0.2750    0.4010
 000005   G  0.708793  0.660930  0.153904    0.5229    0.3321    0.9280    0.0280    0.5512    0.2536    0.3944
 000006   I  0.657953  0.532024  0.152879    0.4825    0.2541    0.9170    0.0330    0.4995    0.2521    0.3907
 000007   D  0.595064  0.432616  0.151773    0.4420    0.2752    0.8040    0.0770    0.4501    0.2106    0.3786
 000008   K  0.528473  0.331354  0.150893    0.3096    0.2193    0.7650    0.0860    0.3841    0.2064    0.3675
 000009   L  0.469782  0.276234  0.151099    0.2700    0.2575    0.6790    0.1230    0.3505    0.1743    0.3538
 000010   F  0.419939  0.228458  0.152247    0.1532    0.2193    0.6040    0.0870    0.2962    0.1642    0.3512
 000011   G  0.353683  0.198641  0.156925    0.1205    0.1914    0.5530    0.1310    0.2623    0.1489    0.3575
 000012   M  0.301386  0.198464  0.164114    0.1060    0.1643    0.5400    0.1430    0.2457    0.1441    0.3617
 000013   V  0.263714  0.201953  0.172832    0.0935    0.1643    0.5490    0.1350    0.2409    0.1468    0.3703
 000014   D  0.211075  0.192226  0.180763    0.0607    0.1501    0.5150    0.1420    0.2184    0.1414    0.3766
 000015   S  0.162173  0.188311  0.188652    0.0425    0.1229    0.3950    0.1230    0.1833    0.1072    0.3846
 000016   K  0.125549  0.191359  0.198703    0.0441    0.1048    0.2070    0.0600    0.1452    0.0592    0.3946
 000017   Y  0.101188  0.175799  0.210980    0.0813    0.1702    0.1640    0.0460    0.1505    0.0449    0.4018
 000018   R  0.138224  0.164778  0.224934    0.0621    0.1702    0.1190    0.0330    0.1465    0.0500    0.4100
 000019   L  0.171162  0.164730  0.238675    0.0660    0.1229    0.0980    0.0260    0.1435    0.0560    0.4172
 000020   T  0.231649  0.170549  0.250838    0.1178    0.1229    0.0820    0.0180    0.1626    0.0615    0.4266
 000021   V  0.223164  0.162858  0.259489    0.1349    0.1914    0.0810    0.0190    0.1754    0.0583    0.4294
 000022   V  0.264532  0.165136  0.267766    0.0858    0.1914    0.0800    0.0180    0.1757    0.0753    0.4305
 000023   V  0.260982  0.186924  0.276165    0.1088    0.2193    0.0990    0.0290    0.1918    0.0686    0.4325
 000024   A  0.266070  0.211207  0.286382    0.1635    0.1852    0.1160    0.0400    0.2047    0.0584    0.4331
 000025   K  0.265447  0.238844  0.296083    0.1698    0.1731    0.1350    0.0570    0.2130    0.0576    0.4337
 000026   R  0.255625  0.259199  0.306479    0.1060    0.1823    0.1510    0.0700    0.2101    0.0693    0.4334
 000027   A  0.191438  0.281685  0.314561    0.1018    0.1969    0.1610    0.0770    0.2079    0.0715    0.4329
 000028   Q  0.144917  0.284904  0.320249    0.1732    0.2164    0.1840    0.0800    0.2206    0.0625    0.4335
 000029   Q  0.124273  0.290064  0.323037    0.1698    0.1643    0.2100    0.0830    0.2136    0.0709    0.4331
 000030   L  0.204330  0.283713  0.326727    0.1878    0.2364    0.2290    0.0950    0.2446    0.0473    0.4306
 000031   L  0.233316  0.281265  0.331358    0.1292    0.2575    0.2120    0.0930    0.2408    0.0625    0.4307
 000032   R  0.304484  0.279985  0.336856    0.1878    0.3286    0.1970    0.0890    0.2724    0.0595    0.4329
 000033   H  0.386428  0.281163  0.341834    0.2786    0.3983    0.1950    0.0890    0.3135    0.0704    0.4303
 000034   G  0.474228  0.287078  0.346172    0.3491    0.4507    0.2130    0.0870    0.3534    0.0896    0.4260
 000035   F  0.562027  0.306006  0.350503    0.3847    0.5098    0.2270    0.0880    0.3900    0.1149    0.4219
 000036   K  0.648990  0.348278  0.356577    0.3806    0.5098    0.2220    0.0770    0.4110    0.1355    0.4174
 000037   N  0.734816  0.398483  0.363613    0.4116    0.4831    0.2420    0.0800    0.4390    0.1506    0.4130
 000038   T  0.787626  0.451297  0.370975    0.4379    0.5176    0.2710    0.0770    0.4728    0.1601    0.4110
 000039   V  0.790645  0.502022  0.376907    0.3992    0.5211    0.3600    0.1020    0.4916    0.1469    0.4080
 000040   L  0.788227  0.541247  0.382249    0.4037    0.4369    0.3830    0.1020    0.4892    0.1443    0.4053
 000041   E  0.793348  0.581789  0.387734    0.4825    0.5176    0.3580    0.1160    0.5201    0.1436    0.4009
 000042   P  0.794675  0.598126  0.391812    0.4781    0.6089    0.4000    0.1420    0.5452    0.1404    0.3992
 000043   E  0.802031  0.628547  0.393792    0.4918    0.5342    0.4110    0.1480    0.5435    0.1396    0.3981
 000044   E  0.811834  0.644863  0.393509    0.4967    0.4256    0.3920    0.1410    0.5275    0.1539    0.4005
 000045   R  0.821931  0.674807  0.394307    0.4203    0.4369    0.3790    0.1380    0.5213    0.1671    0.4078
 000046   P  0.833108  0.646358  0.396035    0.4203    0.5533    0.2820    0.0970    0.5218    0.1813    0.4165
 000047   K  0.840264  0.616895  0.397065    0.4282    0.5992    0.2470    0.0750    0.5214    0.1899    0.4235
 000048   M  0.847217  0.553747  0.395036    0.4282    0.5992    0.2470    0.0700    0.5117    0.1883    0.4316
 000049   Q  0.833476  0.523742  0.389348    0.4556    0.5577    0.2220    0.0540    0.4970    0.1855    0.4329
 000050   T  0.792943  0.481834  0.381867    0.5229    0.5577    0.2120    0.0520    0.4916    0.1762    0.4269
 000051   L  0.708864  0.448270  0.374151    0.5711    0.6661    0.1880    0.0710    0.4927    0.1789    0.4216
 000052   E  0.613811  0.412413  0.369398    0.5043    0.5139    0.1590    0.0630    0.4288    0.1436    0.4172
 000053   G  0.522220  0.394476  0.364298    0.4825    0.4582    0.1590    0.0590    0.3967    0.1188    0.4110
 000054   L  0.443120  0.380202  0.360104    0.3847    0.4149    0.1770    0.0700    0.3600    0.0860    0.4028
 000055   F  0.355099  0.361344  0.354952    0.3578    0.3983    0.1560    0.0640    0.3306    0.0794    0.3971
 000056   D  0.265406  0.345082  0.351584    0.3311    0.4186    0.1480    0.0670    0.3100    0.0851    0.3980
 000057   D  0.181628  0.338668  0.346072    0.2913    0.3182    0.1610    0.0690    0.2728    0.0741    0.4000
 000058   P  0.130288  0.332977  0.341254    0.3096    0.2575    0.1540    0.0650    0.2543    0.0839    0.3990
 000059   N  0.090915  0.312526  0.336452    0.2700    0.2988    0.1550    0.0570    0.2440    0.0896    0.3974
 000060   A  0.086150  0.298285  0.335797    0.1878    0.2951    0.1310    0.0380    0.2224    0.0931    0.3960
 000061   V  0.086025  0.297581  0.336378    0.1878    0.2783    0.1280    0.0300    0.2190    0.0916    0.3974
 000062   T  0.080850  0.287282  0.338690    0.2700    0.2783    0.1350    0.0300    0.2316    0.0916    0.3997
 000063   W  0.070095  0.249841  0.341371    0.2432    0.2129    0.1590    0.0360    0.2128    0.0837    0.3994
 000064   A  0.060548  0.281423  0.345418    0.1698    0.1298    0.1680    0.0410    0.1925    0.0947    0.3982
 000065   M  0.050901  0.279551  0.351631    0.1766    0.1852    0.1810    0.0580    0.2041    0.0936    0.3958
 000066   K  0.039499  0.302693  0.359669    0.1805    0.2884    0.1940    0.0800    0.2275    0.1045    0.3956
 000067   E  0.016564  0.305628  0.368124    0.1805    0.2918    0.2010    0.0900    0.2273    0.1136    0.3931
 000068   L  0.042077  0.313290  0.378120    0.1844    0.2164    0.2050    0.0890    0.2232    0.1055    0.3909
 000069   L  0.088892  0.329142  0.389871    0.1667    0.1399    0.2020    0.0830    0.2193    0.1061    0.3879
 000070   T  0.167354  0.347575  0.404628    0.1150    0.1528    0.2030    0.0800    0.2318    0.1065    0.3855
 000071   G  0.241187  0.364214  0.419738    0.0909    0.1791    0.2180    0.0840    0.2522    0.1105    0.3852
 000072   R  0.308424  0.361552  0.433555    0.1532    0.2436    0.2270    0.0810    0.2878    0.0921    0.3830
 000073   L  0.382293  0.356566  0.445653    0.1532    0.2258    0.2370    0.0900    0.3002    0.1018    0.3760
 000074   V  0.457278  0.352138  0.457390    0.2432    0.2645    0.2170    0.0840    0.3319    0.0979    0.3749
 000075   F  0.536389  0.357449  0.470353    0.2432    0.2918    0.1860    0.0660    0.3475    0.1232    0.3761
 000076   G  0.625680  0.370114  0.482575    0.1958    0.3149    0.1610    0.0500    0.3583    0.1604    0.3805
 000077   E  0.684267  0.377485  0.493942    0.2122    0.3321    0.1610    0.0550    0.3768    0.1751    0.3825
 000078   N  0.718999  0.392093  0.504939    0.1921    0.2918    0.1720    0.0620    0.3787    0.1901    0.3845
 000079   L  0.719208  0.416297  0.518462    0.2700    0.3704    0.1970    0.0740    0.4152    0.1702    0.3857
 000080   V  0.729354  0.439005  0.535377    0.3096    0.4292    0.2120    0.0890    0.4424    0.1643    0.3908
 000081   P  0.739220  0.484473  0.554668    0.3146    0.3529    0.2320    0.1090    0.4463    0.1688    0.3981
 000082   E  0.763780  0.538896  0.575163    0.2820    0.2680    0.3130    0.1340    0.4568    0.1834    0.4045
 000083   D  0.782354  0.574265  0.595335    0.2333    0.3087    0.4140    0.1730    0.4846    0.1862    0.4110
 000084   R  0.784359  0.599006  0.612722    0.2483    0.3149    0.4670    0.2010    0.5044    0.1835    0.4210
 000085   L  0.775627  0.624864  0.626539    0.3359    0.3840    0.5140    0.2060    0.5435    0.1510    0.4235
 000086   Q  0.729432  0.631926  0.636955    0.3578    0.4766    0.5390    0.2050    0.5620    0.1211    0.4301
 000087   K  0.700342  0.628389  0.647085    0.3578    0.4864    0.5890    0.1650    0.5681    0.1145    0.4329
 000088   E  0.698151  0.631638  0.660437    0.3225    0.4864    0.6070    0.1790    0.5677    0.1278    0.4315
 000089   M  0.698268  0.627449  0.676579    0.3311    0.4652    0.6560    0.1630    0.5758    0.1332    0.4294
 000090   E  0.698385  0.611073  0.695854    0.4037    0.5254    0.7250    0.1530    0.6099    0.1141    0.4233
 000091   R  0.707906  0.623847  0.713405    0.5043    0.5901    0.7300    0.1040    0.6450    0.0808    0.4204
 000092   L  0.721613  0.666034  0.730061    0.5229    0.5296    0.7560    0.0710    0.6545    0.0946    0.4242
 000093   Y  0.732740  0.708838  0.744363    0.5549    0.5017    0.7560    0.0870    0.6664    0.0998    0.4237
 000094   P  0.758894  0.767706  0.758321    0.5846    0.4685    0.7750    0.0950    0.6856    0.1175    0.4191
 000095   V  0.830795  0.802631  0.771849    0.6474    0.4582    0.7990    0.0640    0.7183    0.1303    0.4192
 000096   E  0.971349  0.829080  0.785110    0.7540    0.5456    0.8360    0.0840    0.7869    0.1275    0.4167
 000097   R  0.834833  0.852738  0.797863    0.7817    0.5098    0.8490    0.0820    0.7710    0.1197    0.4156
 000098   E  0.968394  0.874766  0.809589    0.8311    0.4979    0.8380    0.0800    0.8033    0.1459    0.4160
 000099   E  0.999695  0.881860  0.815299    0.8595    0.4507    0.8740    0.0720    0.8135    0.1717    0.4158
